0 4.49700021744
1 4.45100021362
2 4.44299983978
3 4.47499990463
4 4.52299976349
5 4.65000009537
6 4.6859998703
7 4.71899986267
8 4.74399995804
9 4.75400018692
10 4.79199981689
11 4.82899999619
12 4.84899997711
13 4.89200019836
14 4.9359998703
15 4.94199991226
16 4.84200000763
17 4.84299993515
18 4.88700008392
19 4.96700000763
20 5.14300012589
21 5.18499994278
22 5.22100019455
23 5.25899982452
24 5.31699991226
25 5.36199998856
26 5.40700006485
27 5.46099996567
28 5.50099992752
29 5.54899978638
30 5.60099983215
31 5.65700006485
32 5.65500020981
33 0.0
34 17.158000946
35 17.1509990692
36 17.1399993896
37 0.0
38 0.0
39 0.0
40 17.2450008392
41 17.1660003662
42 17.0680007935
43 17.0100002289
44 16.533000946
45 16.5340003967
46 16.5270004272
47 13.1689996719
48 13.0970001221
49 12.3319997787
50 11.9519996643
51 11.6000003815
52 11.6009998322
53 11.640999794
54 11.6260004044
55 11.3529996872
56 11.0050001144
57 10.468000412
58 10.1120004654
59 8.34500026703
60 8.34000015259
61 8.20199966431
62 7.92199993134
63 7.64300012589
64 7.45200014114
65 7.24700021744
66 7.06599998474
67 6.90600013733
68 6.78299999237
69 6.78100013733
70 6.8109998703
71 6.83900022507
72 6.84899997711
73 6.87099981308
74 6.78299999237
75 6.64900016785
76 6.51700019836
77 6.38700008392
78 6.257999897
79 6.16200017929
80 5.23199987411
81 4.96600008011
82 4.85200023651
83 4.77099990845
84 4.67899990082
85 4.59800004959
86 4.53200006485
87 4.48199987411
88 4.38399982452
89 4.33300018311
90 4.28000020981
91 4.19899988174
92 4.14300012589
93 4.117000103
94 4.02699995041
95 3.98900008202
96 3.94000005722
97 3.87700009346
98 3.85700011253
99 3.78800010681
100 3.78200006485
101 3.77999997139
102 3.80999994278
103 3.84200000763
104 3.8789999485
105 3.91400003433
106 3.95799994469
107 3.95000004768
108 3.93000006676
109 3.88800001144
110 3.83100008965
111 3.79299998283
112 3.77900004387
113 3.73200011253
114 3.69600009918
115 3.66000008583
116 3.625
117 3.58400011063
118 3.5759999752
119 3.52900004387
120 3.51300001144
121 3.48000001907
122 3.4509999752
123 3.42000007629
124 3.39899992943
125 3.39199995995
126 3.42499995232
127 3.45499992371
128 3.48600006104
129 3.52500009537
130 3.57699990273
131 3.60299992561
132 3.67300009727
133 4.03499984741
134 4.07299995422
135 4.10300016403
136 4.10599994659
137 4.14499998093
138 4.1810002327
139 4.22200012207
140 4.24499988556
141 4.29699993134
142 4.3029999733
143 4.36600017548
144 4.37200021744
145 4.43400001526
146 4.46099996567
147 4.48999977112
148 4.507999897
149 4.53900003433
150 4.55800008774
151 4.21400022507
152 4.29500007629
153 4.50099992752
154 3.28299999237
155 3.41400003433
156 4.70499992371
157 4.59100008011
158 4.57000017166
159 4.80800008774
160 4.83599996567
161 4.86499977112
162 4.89599990845
163 4.93300008774
164 4.95200014114
165 4.99599981308
166 5.02400016785
167 5.04699993134
168 3.13700008392
169 3.22699999809
170 3.375
171 4.11299991608
172 4.91900014877
173 4.88800001144
174 4.85300016403
175 4.84200000763
176 4.82000017166
177 4.82600021362
178 4.83300018311
179 4.84899997711
180 4.867000103
181 4.90299987793
182 4.82700014114
183 5.32399988174
184 5.45599985123
185 5.48400020599
186 5.49800014496
187 5.52299976349
188 4.59399986267
189 4.57499980927
190 5.5640001297
191 5.57499980927
192 3.632999897
193 3.52399992943
194 4.07499980927
195 4.03900003433
196 5.70699977875
197 5.70200014114
198 5.73699998856
199 2.07899999619
200 2.05800008774
201 2.03099989891
202 2.03299999237
203 2.03600001335
204 2.03399991989
205 2.03200006485
206 2.03600001335
207 2.01600003242
208 2.01300001144
209 2.00900006294
210 2.02699995041
211 2.02800011635
212 2.02699995041
213 2.01399993896
214 2.00200009346
215 2.00999999046
216 2.01200008392
217 2.007999897
218 2.03699994087
219 2.15700006485
220 1.24199998379
221 0.927999973297
222 0.89200001955
223 0.879999995232
224 1.01600003242
225 2.25999999046
226 2.27600002289
227 2.25099992752
228 2.25
229 2.27300000191
230 2.31500005722
231 2.31900000572
232 2.28900003433
233 2.27900004387
234 2.29099988937
235 2.30999994278
236 2.36599993706
237 2.46499991417
238 2.53099989891
239 2.52900004387
240 6.25400018692
241 6.24499988556
242 6.23400020599
243 6.22800016403
244 6.23799991608
245 6.23000001907
246 6.24599981308
247 6.25899982452
248 6.24300003052
249 6.24100017548
250 6.26200008392
251 6.25299978256
252 6.25899982452
253 6.27600002289
254 6.27799987793
255 6.28399991989
256 6.27899980545
257 6.27400016785
258 6.24499988556
259 6.24100017548
260 6.24100017548
261 6.25299978256
262 6.23699998856
263 6.21999979019
264 6.21799993515
265 6.21700000763
266 6.23000001907
267 6.21199989319
268 6.21600008011
269 6.22700023651
270 6.21700000763
271 6.23199987411
272 6.22200012207
273 6.14499998093
274 5.86000013351
275 5.78200006485
276 5.76499986649
277 5.73099994659
278 5.71600008011
279 5.71199989319
280 5.742000103
281 5.78200006485
282 5.81599998474
283 5.95900011063
284 6.07899999619
285 6.06799983978
286 6.07000017166
287 6.05499982834
288 6.0609998703
289 6.0560002327
290 6.03499984741
291 6.00400018692
292 6.00099992752
293 5.98299980164
294 5.96400022507
295 5.92700004578
296 5.92700004578
297 5.91099977493
298 5.88899993896
299 5.88700008392
300 5.87900018692
301 5.84399986267
302 5.84000015259
303 5.81699991226
304 5.79400014877
305 5.79799985886
306 5.79699993134
307 5.78200006485
308 5.75199985504
309 5.72300004959
310 5.69600009918
311 5.67399978638
312 5.64499998093
313 5.6360001564
314 5.60500001907
315 5.57399988174
316 5.57100009918
317 5.54799985886
318 5.5110001564
319 5.30900001526
320 5.10500001907
321 5.46400022507
322 5.45399999619
323 5.42199993134
324 5.40799999237
325 5.40299987793
326 5.3639998436
327 5.33099985123
328 5.30700016022
329 4.36899995804
330 4.04500007629
331 4.12200021744
332 5.02699995041
333 5.15899991989
334 5.14699983597
335 5.10799980164
336 5.09399986267
337 5.0720000267
338 5.05200004578
339 5.03100013733
340 4.96199989319
341 4.82600021362
342 4.96600008011
343 4.95200014114
344 4.90000009537
345 4.87900018692
346 4.83400011063
347 4.70499992371
348 4.56300020218
349 4.742000103
350 4.72300004959
351 4.68699979782
352 4.65399980545
353 4.61800003052
354 4.58799982071
355 4.56300020218
356 4.32499980927
357 4.36800003052
358 4.49800014496
359 4.47700023651
360 4.44999980927
361 4.41099977493
362 4.40000009537
363 4.34600019455
364 4.31500005722
365 4.28800010681
366 4.25299978256
367 4.19299983978
368 4.1810002327
369 4.15500020981
370 4.10900020599
371 4.05800008774
372 4.0640001297
373 4.02199983597
374 3.99300003052
375 3.96600008011
376 3.93000006676
377 3.88599991798
378 3.89100003242
379 3.83500003815
380 3.8180000782
381 3.72699999809
382 3.62400007248
383 3.59200000763
384 3.56500005722
385 3.53299999237
386 3.49699997902
387 3.46099996567
388 3.42899990082
389 3.40700006485
390 3.3710000515
391 3.34699988365
392 3.29699993134
393 3.28900003433
394 3.27099990845
395 3.27300000191
396 3.29600000381
397 3.33500003815
398 3.375
399 3.40100002289
400 3.43000006676
401 3.47799992561
402 3.53500008583
403 3.55999994278
404 3.60100007057
405 3.65100002289
406 3.6970000267
407 3.73000001907
408 3.73799991608
409 3.79399991035
410 3.83800005913
411 3.89199995995
412 3.94400000572
413 3.99699997902
414 4.06699991226
415 4.10300016403
416 4.19099998474
417 4.23999977112
418 4.30999994278
419 4.39300012589
420 4.45100021362
421 4.51800012589
422 4.57299995422
423 4.65600013733
424 4.72800016403
425 4.8109998703
426 4.90199995041
427 5.02400016785
428 5.11600017548
429 5.21700000763
430 5.30999994278
431 5.42299985886
432 5.51499986649
433 5.64799976349
434 5.78100013733
435 5.88100004196
436 6.01900005341
437 6.17899990082
438 6.31799983978
439 6.47399997711
440 6.5
441 6.60699987411
442 6.48999977112
443 3.08200001717
444 3.05900001526
445 3.04999995232
446 3.02999997139
447 3.03299999237
448 3.01900005341
449 3.00699996948
450 3.0150001049
451 3.00099992752
452 3.0
453 2.98300004005
454 2.99499988556
455 2.96900010109
456 2.98200011253
457 2.96000003815
458 2.95499992371
459 2.96900010109
460 2.96900010109
461 2.9430000782
462 2.93899989128
463 2.95399999619
464 2.94400000572
465 2.92600011826
466 2.92199993134
467 2.93499994278
468 2.9319999218
469 2.91300010681
470 2.67199993134
471 2.66499996185
472 2.64599990845
473 2.64899992943
474 0.954999983311
475 0.70300000906
476 0.714999973774
477 0.927999973297
478 2.67300009727
479 2.64800000191
480 2.64599990845
481 2.625
482 1.31799995899
483 1.19599997997
484 1.12199997902
485 1.1289999485
486 1.12300002575
487 1.11699998379
488 1.1289999485
489 1.11600005627
490 1.13300001621
491 1.19099998474
492 1.20200002193
493 1.20000004768
494 1.20299994946
495 1.18799996376
496 1.20399999619
497 1.21300005913
498 1.22899997234
499 1.24399995804
500 1.24899995327
501 1.25
502 1.26800000668
503 0.860000014305
504 0.726999998093
505 0.722000002861
506 0.717999994755
507 0.762000024319
508 0.75
509 0.73400002718
510 0.759999990463
511 0.772000014782
512 0.788999974728
513 3.07800006866
514 3.09100008011
515 3.10299992561
516 3.10899996758
517 1.50800001621
518 1.36800003052
519 1.26699995995
520 1.25699996948
521 1.25899994373
522 1.25
523 1.24000000954
524 0.998000025749
525 0.92199999094
526 0.931999981403
527 1.19000005722
528 1.22599995136
529 1.22200000286
530 1.19900000095
531 1.2159999609
532 1.23199999332
533 1.23699998856
534 1.24899995327
535 1.46300005913
536 2.99099993706
537 2.92000007629
538 0.0
539 0.0
540 0.0
