0 4.50899982452
1 4.4390001297
2 4.45100021362
3 4.47300004959
4 4.52699995041
5 4.66599988937
6 4.67000007629
7 4.68499994278
8 4.73799991608
9 4.78200006485
10 4.79400014877
11 4.82399988174
12 4.84800004959
13 4.89300012589
14 4.93699979782
15 4.93800020218
16 4.84000015259
17 4.85699987411
18 4.89099979401
19 4.96899986267
20 5.15399980545
21 5.1939997673
22 5.23799991608
23 5.27199983597
24 5.31500005722
25 5.36800003052
26 5.40500020981
27 5.44600009918
28 5.50899982452
29 5.55800008774
30 5.60900020599
31 5.64300012589
32 5.67000007629
33 0.0
34 17.1669998169
35 17.1499996185
36 17.1499996185
37 0.0
38 0.0
39 0.0
40 17.2460002899
41 17.1819992065
42 17.0680007935
43 17.0149993896
44 16.531999588
45 16.5389995575
46 16.5340003967
47 13.1560001373
48 13.0850000381
49 12.3310003281
50 11.9289999008
51 11.5970001221
52 11.609000206
53 11.6219997406
54 11.6339998245
55 11.3479995728
56 11.0050001144
57 10.4759998322
58 10.1149997711
59 8.33899974823
60 8.33699989319
61 8.19400024414
62 7.92399978638
63 7.63899993896
64 7.44899988174
65 7.23299980164
66 7.0689997673
67 6.90999984741
68 6.79099988937
69 6.78399991989
70 6.81599998474
71 6.82600021362
72 6.84399986267
73 6.88000011444
74 6.80200004578
75 6.64499998093
76 6.51599979401
77 6.39499998093
78 6.26999998093
79 6.14699983597
80 5.23099994659
81 4.96299982071
82 4.85300016403
83 4.78499984741
84 4.66499996185
85 4.61999988556
86 4.54699993134
87 4.48299980164
88 4.39699983597
89 4.32800006866
90 4.28200006485
91 4.20800018311
92 4.16599988937
93 4.11899995804
94 4.02799987793
95 3.98699998856
96 3.93499994278
97 3.89700007439
98 3.85299992561
99 3.7990000248
100 3.78399991989
101 3.80800008774
102 3.81500005722
103 3.84299993515
104 3.8789999485
105 3.91400003433
106 3.92700004578
107 3.9509999752
108 3.91599988937
109 3.89299988747
110 3.83800005913
111 3.80599999428
112 3.77699995041
113 3.74399995804
114 3.70499992371
115 3.67300009727
116 3.63000011444
117 3.59999990463
118 3.56100010872
119 3.53600001335
120 3.5150001049
121 3.48799991608
122 3.43099999428
123 3.4279999733
124 3.41899991035
125 3.38599991798
126 3.42899990082
127 3.4430000782
128 3.48300004005
129 3.54099988937
130 3.5720000267
131 3.6210000515
132 3.6740000248
133 4.02600002289
134 4.06300020218
135 4.09299993515
136 4.13000011444
137 4.15399980545
138 4.19799995422
139 4.22800016403
140 4.25600004196
141 4.27500009537
142 4.31199979782
143 4.36600017548
144 4.39099979401
145 4.43800020218
146 4.47700023651
147 4.47900009155
148 4.51399993896
149 4.53499984741
150 4.5560002327
151 4.1970000267
152 4.3140001297
153 4.59100008011
154 3.25300002098
155 3.41499996185
156 4.72700023651
157 4.61199998856
158 4.55200004578
159 4.79600000381
160 4.83400011063
161 4.87400007248
162 4.90399980545
163 4.9310002327
164 4.96700000763
165 4.992000103
166 5.03200006485
167 5.03599977493
168 3.11899995804
169 3.23600006104
170 3.38899993896
171 4.12099981308
172 4.9310002327
173 4.88800001144
174 4.84800004959
175 4.84600019455
176 4.82600021362
177 4.82899999619
178 4.82499980927
179 4.86199998856
180 4.882999897
181 4.91300010681
182 4.82499980927
183 5.33300018311
184 5.46000003815
185 5.48299980164
186 5.50500011444
187 5.51700019836
188 4.59200000763
189 4.58699989319
190 5.57000017166
191 5.59700012207
192 3.64499998093
193 3.53699994087
194 4.07299995422
195 4.04300022125
196 5.69199991226
197 5.73199987411
198 5.73600006104
199 2.06999993324
200 2.07999992371
201 2.0569999218
202 2.03200006485
203 2.02600002289
204 2.02200007439
205 2.02600002289
206 2.02800011635
207 2.03699994087
208 2.04500007629
209 2.0150001049
210 2.01900005341
211 2.01699995995
212 2.01900005341
213 2.02099990845
214 2.02200007439
215 2.03699994087
216 2.02699995041
217 2.04099988937
218 2.0529999733
219 2.13199996948
220 1.23699998856
221 0.939999997616
222 0.888999998569
223 0.876999974251
224 1.01900005341
225 2.28500008583
226 2.29399991035
227 2.27500009537
228 2.24300003052
229 2.25
230 2.28600001335
231 2.32299995422
232 2.3029999733
233 2.29999995232
234 2.3180000782
235 2.29500007629
236 2.35500001907
237 2.46600008011
238 2.52999997139
239 2.52999997139
240 6.23600006104
241 6.23299980164
242 6.25600004196
243 6.25199985504
244 6.23600006104
245 6.23500013351
246 6.23500013351
247 6.24100017548
248 6.24700021744
249 6.24300003052
250 6.26000022888
251 6.25099992752
252 6.28599977493
253 6.28599977493
254 6.26399993896
255 6.26999998093
256 6.27500009537
257 6.26399993896
258 6.26000022888
259 6.26200008392
260 6.26499986649
261 6.24800014496
262 6.21999979019
263 6.22399997711
264 6.21799993515
265 6.22599983215
266 6.22599983215
267 6.21500015259
268 6.24300003052
269 6.21799993515
270 6.21600008011
271 6.20399999619
272 6.20399999619
273 6.12200021744
274 5.83500003815
275 5.79199981689
276 5.75600004196
277 5.75199985504
278 5.72700023651
279 5.73299980164
280 5.73999977112
281 5.77299976349
282 5.81799983978
283 5.96199989319
284 6.09100008011
285 6.08400011063
286 6.07600021362
287 6.05999994278
288 6.05399990082
289 6.03999996185
290 6.01999998093
291 6.01000022888
292 5.99700021744
293 5.98699998856
294 5.96600008011
295 5.92999982834
296 5.92500019073
297 5.91300010681
298 5.89400005341
299 5.89400005341
300 5.85300016403
301 5.86000013351
302 5.84800004959
303 5.83400011063
304 5.80399990082
305 5.80000019073
306 5.78499984741
307 5.77799987793
308 5.73099994659
309 5.72300004959
310 5.68699979782
311 5.67600011826
312 5.65899991989
313 5.64499998093
314 5.60699987411
315 5.57600021362
316 5.57100009918
317 5.54199981689
318 5.53100013733
319 5.33599996567
320 5.11199998856
321 5.45499992371
322 5.44799995422
323 5.42500019073
324 5.41200017929
325 5.39799976349
326 5.36600017548
327 5.32999992371
328 5.30399990082
329 4.36000013351
330 4.0609998703
331 4.10500001907
332 5.01200008392
333 5.17199993134
334 5.15000009537
335 5.12400007248
336 5.08900022507
337 5.0720000267
338 5.04699993134
339 5.02699995041
340 4.95499992371
341 4.82000017166
342 4.94899988174
343 4.94799995422
344 4.91699981689
345 4.88500022888
346 4.84600019455
347 4.69899988174
348 4.5560002327
349 4.73600006104
350 4.71299982071
351 4.68300008774
352 4.65600013733
353 4.6360001564
354 4.58099985123
355 4.57600021362
356 4.33099985123
357 4.37900018692
358 4.49100017548
359 4.46799993515
360 4.44500017166
361 4.40299987793
362 4.40600013733
363 4.35200023651
364 4.32999992371
365 4.30000019073
366 4.23400020599
367 4.21000003815
368 4.16200017929
369 4.15000009537
370 4.11499977112
371 4.08500003815
372 4.06199979782
373 4.02600002289
374 3.98799991608
375 3.93700003624
376 3.9319999218
377 3.90700006485
378 3.88899993896
379 3.85700011253
380 3.83100008965
381 3.72300004959
382 3.64700007439
383 3.60800004005
384 3.56500005722
385 3.53699994087
386 3.50200009346
387 3.47600007057
388 3.4319999218
389 3.41000008583
390 3.35500001907
391 3.34599995613
392 3.32299995422
393 3.28600001335
394 3.25200009346
395 3.27399992943
396 3.29299998283
397 3.34100008011
398 3.3789999485
399 3.39700007439
400 3.45300006866
401 3.48699998856
402 3.53600001335
403 3.57299995422
404 3.60599994659
405 3.64899992943
406 3.68600010872
407 3.71300005913
408 3.74900007248
409 3.78999996185
410 3.82399988174
411 3.88199996948
412 3.93799996376
413 4.00299978256
414 4.07600021362
415 4.13000011444
416 4.18499994278
417 4.2389998436
418 4.3109998703
419 4.36299991608
420 4.4470000267
421 4.53000020981
422 4.58699989319
423 4.6779999733
424 4.73999977112
425 4.81799983978
426 4.91099977493
427 5.03299999237
428 5.10500001907
429 5.21099996567
430 5.31199979782
431 5.41099977493
432 5.52699995041
433 5.65399980545
434 5.77099990845
435 5.89099979401
436 6.01000022888
437 6.17100000381
438 6.33199977875
439 6.47399997711
440 6.50600004196
441 6.60500001907
442 6.45900011063
443 3.08599996567
444 3.05399990082
445 3.04200005531
446 3.02900004387
447 3.01900005341
448 3.02699995041
449 3.00500011444
450 3.01399993896
451 3.0
452 3.00099992752
453 2.99099993706
454 2.99499988556
455 2.97000002861
456 2.97699999809
457 2.96900010109
458 2.96799993515
459 2.95499992371
460 2.95199990273
461 2.94499993324
462 2.94499993324
463 2.93700003624
464 2.93899989128
465 2.92899990082
466 2.93000006676
467 2.94199991226
468 2.92100000381
469 2.92100000381
470 2.65700006485
471 2.65000009537
472 2.65799999237
473 2.64800000191
474 0.949999988079
475 0.712999999523
476 0.713999986649
477 0.943000018597
478 2.66199994087
479 2.65899991989
480 2.66300010681
481 2.65700006485
482 2.63199996948
483 1.28600001335
484 1.17999994755
485 1.08500003815
486 1.08000004292
487 1.08399999142
488 1.05499994755
489 1.07500004768
490 1.06700003147
491 1.08599996567
492 1.10699999332
493 1.14199995995
494 1.16400003433
495 1.19000005722
496 1.18400001526
497 1.16700005531
498 1.19900000095
499 1.20399999619
500 1.19500005245
501 1.20899999142
502 1.22399997711
503 1.25699996948
504 1.34800004959
505 1.48899996281
506 3.02099990845
507 3.02099990845
508 3.02999997139
509 3.04999995232
510 3.04600000381
511 3.05399990082
512 3.05900001526
513 3.07299995422
514 3.09200000763
515 3.07100009918
516 3.08599996567
517 3.10599994659
518 1.50499999523
519 1.35800004005
520 1.27999997139
521 1.25199997425
522 1.24500000477
523 1.2009999752
524 1.01100003719
525 0.911000013351
526 0.930000007153
527 1.16900002956
528 1.18599998951
529 1.19500005245
530 1.19099998474
531 1.18799996376
532 1.12699997425
533 1.09899997711
534 1.10800004005
535 1.10000002384
536 1.12199997902
537 1.12000000477
538 1.1289999485
539 1.11399996281
540 1.16799998283
