0 4.4889998436
1 4.42999982834
2 4.45800018311
3 4.47800016403
4 4.53399991989
5 4.65799999237
6 4.67100000381
7 4.69999980927
8 4.73400020599
9 4.77199983597
10 4.79300022125
11 4.82999992371
12 4.86800003052
13 4.88700008392
14 4.9359998703
15 4.92500019073
16 4.83400011063
17 4.84800004959
18 4.88899993896
19 4.96000003815
20 5.15399980545
21 5.1779999733
22 5.22900009155
23 5.28000020981
24 5.3220000267
25 5.35799980164
26 5.40100002289
27 5.46000003815
28 5.507999897
29 5.53900003433
30 5.58699989319
31 5.64599990845
32 5.65199995041
33 0.0
34 17.1319999695
35 17.1560001373
36 17.1520004272
37 0.0
38 0.0
39 0.0
40 17.2479991913
41 17.1800003052
42 17.0699996948
43 17.0039997101
44 16.5349998474
45 16.5450000763
46 16.5410003662
47 13.1649999619
48 13.095000267
49 12.3439998627
50 11.9370002747
51 11.5920000076
52 11.6040000916
53 11.626999855
54 11.6210002899
55 11.3369998932
56 11.0100002289
57 10.4359998703
58 10.125
59 8.32900047302
60 8.33100032806
61 8.20300006866
62 7.89699983597
63 7.63500022888
64 7.4390001297
65 7.24300003052
66 7.05900001526
67 6.90600013733
68 6.79300022125
69 6.77099990845
70 6.80200004578
71 6.83099985123
72 6.85400009155
73 6.86999988556
74 6.79300022125
75 6.63800001144
76 6.51200008392
77 6.39300012589
78 6.26800012589
79 6.16599988937
80 5.23799991608
81 4.96999979019
82 4.85099983215
83 4.76800012589
84 4.68699979782
85 4.60300016403
86 4.52799987793
87 4.48299980164
88 4.40600013733
89 4.33799982071
90 4.27199983597
91 4.22399997711
92 4.16699981689
93 4.09800004959
94 4.04199981689
95 3.9960000515
96 3.93799996376
97 3.89199995995
98 3.84899997711
99 3.78600001335
100 3.77099990845
101 3.79399991035
102 3.82899999619
103 3.85700011253
104 3.8789999485
105 3.89800000191
106 3.93300008774
107 3.95300006866
108 3.9319999218
109 3.87599992752
110 3.83500003815
111 3.80800008774
112 3.77200007439
113 3.73000001907
114 3.70700001717
115 3.6740000248
116 3.63000011444
117 3.60400009155
118 3.56100010872
119 3.53200006485
120 3.50500011444
121 3.47600007057
122 3.45300006866
123 3.41799998283
124 3.38899993896
125 3.38800001144
126 3.41799998283
127 3.44199991226
128 3.49499988556
129 3.53299999237
130 3.5720000267
131 3.62400007248
132 3.65899991989
133 4.02299976349
134 4.04899978638
135 4.08500003815
136 4.125
137 4.16200017929
138 4.18400001526
139 4.20100021362
140 4.24900007248
141 4.27799987793
142 4.30999994278
143 4.34499979019
144 4.38700008392
145 4.42600011826
146 4.46099996567
147 4.49599981308
148 4.52099990845
149 4.53700017929
150 4.52600002289
151 4.19500017166
152 4.29899978638
153 4.58099985123
154 3.27600002289
155 3.41100001335
156 4.70399999619
157 4.61199998856
158 4.54600000381
159 4.78700017929
160 4.83199977875
161 4.87099981308
162 4.90600013733
163 4.92999982834
164 4.97399997711
165 4.99800014496
166 5.01599979401
167 5.04500007629
168 3.1400001049
169 3.21600008011
170 3.37299990654
171 4.10699987411
172 4.91599988937
173 4.87200021744
174 4.85599994659
175 4.83199977875
176 4.84000015259
177 4.84000015259
178 4.82700014114
179 4.84600019455
180 4.87200021744
181 4.90700006485
182 4.83199977875
183 5.3060002327
184 5.47599983215
185 5.49599981308
186 5.50199985504
187 5.51900005341
188 4.617000103
189 4.58400011063
190 5.56599998474
191 5.60099983215
192 3.65400004387
193 3.51999998093
194 4.07399988174
195 4.04300022125
196 5.67399978638
197 5.71000003815
198 5.72900009155
199 2.07699990273
200 2.05599999428
201 2.05399990082
202 2.04600000381
203 2.02600002289
204 2.01999998093
205 2.01900005341
206 2.01200008392
207 2.02300000191
208 2.01300001144
209 2.02200007439
210 2.02600002289
211 2.02300000191
212 2.01999998093
213 2.01900005341
214 2.0150001049
215 2.007999897
216 2.01600003242
217 2.03600001335
218 2.04099988937
219 2.14800000191
220 1.23199999332
221 0.915000021458
222 0.875999987125
223 0.894999980927
224 1.00600004196
225 2.26900005341
226 2.257999897
227 2.27200007439
228 2.26099991798
229 2.24000000954
230 2.27500009537
231 2.33400011063
232 2.30200004578
233 2.2990000248
234 2.28800010681
235 2.31399989128
236 2.3710000515
237 2.46900010109
238 2.51999998093
239 2.51600003242
240 6.22900009155
241 6.22900009155
242 6.23500013351
243 6.22900009155
244 6.23199987411
245 6.25099992752
246 6.23500013351
247 6.23199987411
248 6.2610001564
249 6.23400020599
250 6.26499986649
251 6.27500009537
252 6.27099990845
253 6.28599977493
254 6.28399991989
255 6.28100013733
256 6.25600004196
257 6.25099992752
258 6.26300001144
259 6.23400020599
260 6.23000001907
261 6.24900007248
262 6.25500011444
263 6.2389998436
264 6.21400022507
265 6.21500015259
266 6.22700023651
267 6.23600006104
268 6.23000001907
269 6.20900011063
270 6.23799991608
271 6.23699998856
272 6.20200014114
273 6.1139998436
274 5.84399986267
275 5.78999996185
276 5.75400018692
277 5.72800016403
278 5.71899986267
279 5.71199989319
280 5.74599981308
281 5.75199985504
282 5.79600000381
283 5.95300006866
284 6.06799983978
285 6.0720000267
286 6.07600021362
287 6.06799983978
288 6.06300020218
289 6.0689997673
290 6.04199981689
291 6.00899982452
292 6.00400018692
293 5.98299980164
294 5.9439997673
295 5.94099998474
296 5.92700004578
297 5.91499996185
298 5.89900016785
299 5.87699985504
300 5.8639998436
301 5.83799982071
302 5.84700012207
303 5.82100009918
304 5.82000017166
305 5.80800008774
306 5.78999996185
307 5.78399991989
308 5.742000103
309 5.72499990463
310 5.69500017166
311 5.68300008774
312 5.64400005341
313 5.62699985504
314 5.60799980164
315 5.58699989319
316 5.56799983978
317 5.54600000381
318 5.52699995041
319 5.33500003815
320 5.10300016403
321 5.44500017166
322 5.4470000267
323 5.44299983978
324 5.41699981689
325 5.39300012589
326 5.3639998436
327 5.33799982071
328 5.3140001297
329 4.36199998856
330 4.04600000381
331 4.13199996948
332 5.01900005341
333 5.16300010681
334 5.13899993896
335 5.117000103
336 5.10099983215
337 5.0689997673
338 5.0529999733
339 5.03000020981
340 4.94999980927
341 4.81199979782
342 4.96000003815
343 4.92899990082
344 4.90299987793
345 4.88100004196
346 4.84600019455
347 4.71500015259
348 4.57700014114
349 4.73500013351
350 4.72200012207
351 4.66599988937
352 4.65999984741
353 4.617000103
354 4.59000015259
355 4.55900001526
356 4.30000019073
357 4.35699987411
358 4.49700021744
359 4.46400022507
360 4.42999982834
361 4.40600013733
362 4.38500022888
363 4.35699987411
364 4.3220000267
365 4.29699993134
366 4.23699998856
367 4.21000003815
368 4.17299985886
369 4.14699983597
370 4.09100008011
371 4.06300020218
372 4.05000019073
373 4.01399993896
374 3.97900009155
375 3.94600009918
376 3.9319999218
377 3.90700006485
378 3.87700009346
379 3.86199998856
380 3.82299995422
381 3.71099996567
382 3.63499999046
383 3.60599994659
384 3.56500005722
385 3.53800010681
386 3.50300002098
387 3.46600008011
388 3.4279999733
389 3.40499997139
390 3.36599993706
391 3.34999990463
392 3.31900000572
393 3.28600001335
394 3.25099992752
395 3.26799988747
396 3.30200004578
397 3.32999992371
398 3.36500000954
399 3.41199994087
400 3.44899988174
401 3.47000002861
402 3.51399993896
403 3.56200003624
404 3.6099998951
405 3.62800002098
406 3.67000007629
407 3.72900009155
408 3.75200009346
409 3.78200006485
410 3.84100008011
411 3.882999897
412 3.94099998474
413 4.00299978256
414 4.07399988174
415 4.12699985504
416 4.18499994278
417 4.25500011444
418 4.31799983978
419 4.38999986649
420 4.42199993134
421 4.51900005341
422 4.60300016403
423 4.65600013733
424 4.73400020599
425 4.81699991226
426 4.91900014877
427 5.02400016785
428 5.11100006104
429 5.20800018311
430 5.30800008774
431 5.42399978638
432 5.53700017929
433 5.62699985504
434 5.757999897
435 5.89200019836
436 6.01999998093
437 6.17299985886
438 6.32700014114
439 6.45300006866
440 6.49900007248
441 6.61299991608
442 6.45100021362
443 3.0490000248
444 3.05399990082
445 3.03500008583
446 3.03600001335
447 3.02800011635
448 3.01300001144
449 3.02600002289
450 2.99799990654
451 2.99300003052
452 2.99099993706
453 2.97900009155
454 2.99300003052
455 2.9849998951
456 2.96499991417
457 2.96499991417
458 2.97300004959
459 2.94799995422
460 2.95000004768
461 2.95000004768
462 2.95700001717
463 2.94899988174
464 2.93700003624
465 2.94899988174
466 2.93700003624
467 2.92700004578
468 2.92499995232
469 2.91499996185
470 2.6779999733
471 2.64700007439
472 2.64100003242
473 2.65100002289
474 0.952000021935
475 0.712999999523
476 0.708000004292
477 0.925000011921
478 2.65799999237
479 2.64899992943
480 2.65499997139
481 2.65300011635
482 2.65899991989
483 1.97099995613
484 1.31200003624
485 1.19099998474
486 1.1210000515
487 1.11300003529
488 1.10699999332
489 1.10800004005
490 1.09599995613
491 1.12300002575
492 1.12800002098
493 1.15400004387
494 1.20299994946
495 1.1970000267
496 1.20799994469
497 1.20500004292
498 1.21800005436
499 1.20700001717
500 1.20799994469
501 1.22599995136
502 1.22200000286
503 1.22899997234
504 1.26600003242
505 1.375
506 1.52699995041
507 3.02800011635
508 3.02099990845
509 3.03699994087
510 3.04999995232
511 3.06299996376
512 3.05200004578
513 3.0680000782
514 3.09200000763
515 3.08899998665
516 3.11299991608
517 3.09599995613
518 1.34000003338
519 1.43499994278
520 1.36000001431
521 1.26699995995
522 1.26100003719
523 1.23599994183
524 1.00800001621
525 0.899999976158
526 0.913999974728
527 1.18299996853
528 1.22699999809
529 1.20500004292
530 1.2159999609
531 1.1970000267
532 1.17200005054
533 1.15400004387
534 1.13800001144
535 1.14800000191
536 1.14199995995
537 1.13600003719
538 1.13900005817
539 1.16600000858
540 3.55599999428
