0 4.49499988556
1 4.44999980927
2 4.44600009918
3 4.45900011063
4 4.53999996185
5 4.65500020981
6 4.69500017166
7 4.71600008011
8 4.75199985504
9 4.76900005341
10 4.79199981689
11 4.82100009918
12 4.85300016403
13 4.89900016785
14 4.92299985886
15 4.92999982834
16 4.83699989319
17 4.86299991608
18 4.87200021744
19 4.96799993515
20 5.14300012589
21 5.18699979782
22 5.22900009155
23 5.28200006485
24 5.32100009918
25 5.36299991608
26 5.40700006485
27 5.44799995422
28 5.50500011444
29 5.55399990082
30 5.59899997711
31 5.63700008392
32 5.67000007629
33 0.0
34 17.1560001373
35 17.1529998779
36 17.1639995575
37 0.0
38 0.0
39 0.0
40 17.232000351
41 17.1690006256
42 17.0879993439
43 17.0020008087
44 16.5209999084
45 16.5510005951
46 16.5279998779
47 13.1590003967
48 13.0909996033
49 12.3339996338
50 11.9399995804
51 11.5869998932
52 11.611000061
53 11.6450004578
54 11.6219997406
55 11.3459997177
56 10.9910001755
57 10.4600000381
58 10.1099996567
59 8.33899974823
60 8.32999992371
61 8.22000026703
62 7.91699981689
63 7.65199995041
64 7.45599985123
65 7.25099992752
66 7.08500003815
67 6.90100002289
68 6.79699993134
69 6.78000020981
70 6.8060002327
71 6.82700014114
72 6.86100006104
73 6.882999897
74 6.80399990082
75 6.62699985504
76 6.51300001144
77 6.38800001144
78 6.26300001144
79 6.14799976349
80 5.23000001907
81 4.97200012207
82 4.86600017548
83 4.76900005341
84 4.66200017929
85 4.60500001907
86 4.53900003433
87 4.46899986267
88 4.41300010681
89 4.34499979019
90 4.28399991989
91 4.22900009155
92 4.15899991989
93 4.11600017548
94 4.04400014877
95 3.99000000954
96 3.92600011826
97 3.88100004196
98 3.82999992371
99 3.81100010872
100 3.77500009537
101 3.79299998283
102 3.81299996376
103 3.84699988365
104 3.89400005341
105 3.89700007439
106 3.94099998474
107 3.95799994469
108 3.9319999218
109 3.89899992943
110 3.84899997711
111 3.81900000572
112 3.76300001144
113 3.73799991608
114 3.70300006866
115 3.65199995041
116 3.61800003052
117 3.59899997711
118 3.5759999752
119 3.53399991989
120 3.50600004196
121 3.48099994659
122 3.45900011063
123 3.42300009727
124 3.40499997139
125 3.39599990845
126 3.42499995232
127 3.44600009918
128 3.49699997902
129 3.53900003433
130 3.57399988174
131 3.61599993706
132 3.66400003433
133 4.01900005341
134 4.05999994278
135 4.09000015259
136 4.132999897
137 4.13800001144
138 4.19500017166
139 4.21500015259
140 4.22900009155
141 4.27199983597
142 4.32299995422
143 4.35400009155
144 4.39699983597
145 4.43699979782
146 4.47499990463
147 4.49800014496
148 4.51700019836
149 4.53299999237
150 4.54699993134
151 4.19899988174
152 4.31199979782
153 4.57100009918
154 3.27900004387
155 3.4319999218
156 4.71199989319
157 4.59100008011
158 4.54500007629
159 4.79899978638
160 4.82899999619
161 4.87599992752
162 4.90500020981
163 4.93499994278
164 4.96000003815
165 5.00500011444
166 5.02899980545
167 5.03800010681
168 3.11800003052
169 3.23200011253
170 3.382999897
171 4.10900020599
172 4.92700004578
173 4.87400007248
174 4.86800003052
175 4.82999992371
176 4.81699991226
177 4.8220000267
178 4.83400011063
179 4.85300016403
180 4.87900018692
181 4.91499996185
182 4.8109998703
183 5.31599998474
184 5.45399999619
185 5.49100017548
186 5.51000022888
187 5.51399993896
188 4.61100006104
189 4.56500005722
190 5.57100009918
191 5.60200023651
192 3.64499998093
193 3.53600001335
194 4.08599996567
195 4.04300022125
196 5.69500017166
197 5.71400022507
198 5.74399995804
199 2.08899998665
200 2.05900001526
201 2.05599999428
202 2.04600000381
203 2.02200007439
204 2.02200007439
205 2.03099989891
206 2.03200006485
207 2.04099988937
208 2.04299998283
209 2.00999999046
210 2.02500009537
211 2.01200008392
212 2.02600002289
213 2.03200006485
214 2.01600003242
215 2.01900005341
216 2.03299999237
217 2.0150001049
218 2.05599999428
219 2.16300010681
220 1.23599994183
221 0.933000028133
222 0.884000003338
223 0.874000012875
224 1.00899994373
225 2.28999996185
226 2.2650001049
227 2.27200007439
228 2.2349998951
229 2.24099993706
230 2.31200003624
231 2.31599998474
232 2.30399990082
233 2.28299999237
234 2.31699991226
235 2.3069999218
236 2.3599998951
237 2.46399998665
238 2.53500008583
239 2.52900004387
240 6.257999897
241 6.23500013351
242 6.23699998856
243 6.25500011444
244 6.23000001907
245 6.23500013351
246 6.22399997711
247 6.22700023651
248 6.24599981308
249 6.25400018692
250 6.26700019836
251 6.26800012589
252 6.26399993896
253 6.28299999237
254 6.27799987793
255 6.27699995041
256 6.25400018692
257 6.25400018692
258 6.25699996948
259 6.25099992752
260 6.25199985504
261 6.25600004196
262 6.24499988556
263 6.22399997711
264 6.22300004959
265 6.22599983215
266 6.23999977112
267 6.22700023651
268 6.21799993515
269 6.21700000763
270 6.242000103
271 6.20100021362
272 6.22100019455
273 6.13899993896
274 5.84999990463
275 5.79099988937
276 5.76900005341
277 5.71600008011
278 5.72599983215
279 5.73699998856
280 5.75600004196
281 5.77600002289
282 5.80000019073
283 5.95100021362
284 6.0720000267
285 6.07100009918
286 6.07899999619
287 6.07000017166
288 6.07100009918
289 6.04199981689
290 6.03599977493
291 5.99800014496
292 5.98400020599
293 5.96700000763
294 5.96799993515
295 5.95800018311
296 5.9310002327
297 5.91699981689
298 5.90500020981
299 5.87400007248
300 5.86299991608
301 5.85500001907
302 5.83199977875
303 5.82399988174
304 5.8220000267
305 5.8029999733
306 5.79400014877
307 5.77600002289
308 5.74399995804
309 5.71999979019
310 5.6970000267
311 5.6859998703
312 5.66400003433
313 5.62599992752
314 5.617000103
315 5.59299993515
316 5.5640001297
317 5.54099988937
318 5.52899980545
319 5.33099985123
320 5.10300016403
321 5.44000005722
322 5.44999980927
323 5.44799995422
324 5.41900014877
325 5.39499998093
326 5.35500001907
327 5.33099985123
328 5.30399990082
329 4.36600017548
330 4.0689997673
331 4.10599994659
332 5.00899982452
333 5.17500019073
334 5.14300012589
335 5.11299991608
336 5.08799982071
337 5.07700014114
338 5.05100011826
339 5.02400016785
340 4.95300006866
341 4.81500005722
342 4.95499992371
343 4.9390001297
344 4.90600013733
345 4.875
346 4.84299993515
347 4.69000005722
348 4.57800006866
349 4.72700023651
350 4.71199989319
351 4.66900014877
352 4.66099977493
353 4.61800003052
354 4.59200000763
355 4.5689997673
356 4.29600000381
357 4.37799978256
358 4.48600006104
359 4.4470000267
360 4.42199993134
361 4.41599988937
362 4.38700008392
363 4.35799980164
364 4.32000017166
365 4.27199983597
366 4.2610001564
367 4.20100021362
368 4.16300010681
369 4.14300012589
370 4.09200000763
371 4.07700014114
372 4.05700016022
373 4.02500009537
374 3.99699997902
375 3.96499991417
376 3.94400000572
377 3.90899991989
378 3.882999897
379 3.85700011253
380 3.80599999428
381 3.71399998665
382 3.64199995995
383 3.60500001907
384 3.57399988174
385 3.53900003433
386 3.5039999485
387 3.47000002861
388 3.44099998474
389 3.3900001049
390 3.3789999485
391 3.34800004959
392 3.31500005722
393 3.29200005531
394 3.26600003242
395 3.24900007248
396 3.30599999428
397 3.33999991417
398 3.3599998951
399 3.40199995041
400 3.44499993324
401 3.47799992561
402 3.51699995995
403 3.56500005722
404 3.6099998951
405 3.64100003242
406 3.68499994278
407 3.72300004959
408 3.75699996948
409 3.79399991035
410 3.83699989319
411 3.8710000515
412 3.93799996376
413 3.99499988556
414 4.06699991226
415 4.12599992752
416 4.18400001526
417 4.25
418 4.31699991226
419 4.3860001564
420 4.45399999619
421 4.53200006485
422 4.60099983215
423 4.66200017929
424 4.73000001907
425 4.81199979782
426 4.92000007629
427 5.01999998093
428 5.11800003052
429 5.21199989319
430 5.3109998703
431 5.41599988937
432 5.53000020981
433 5.65000009537
434 5.76000022888
435 5.88999986649
436 6.02400016785
437 6.16800022125
438 6.31500005722
439 6.46999979019
440 6.49499988556
441 6.60400009155
442 6.45699977875
443 3.0759999752
444 3.0490000248
445 3.05900001526
446 3.04699993134
447 3.02200007439
448 3.00999999046
449 3.00300002098
450 3.0150001049
451 3.01399993896
452 2.98000001907
453 2.98900008202
454 2.97699999809
455 2.99099993706
456 2.96700000763
457 2.96099996567
458 2.95799994469
459 2.97199988365
460 2.95799994469
461 2.94600009918
462 2.93899989128
463 2.93899989128
464 2.95700001717
465 2.9279999733
466 2.93799996376
467 2.92600011826
468 2.9279999733
469 2.91700005531
470 2.69199991226
471 2.65400004387
472 2.65799999237
473 2.65000009537
474 0.943000018597
475 0.705999970436
476 0.708000004292
477 0.930000007153
478 2.67100000381
479 2.63499999046
480 2.67000007629
481 2.64700007439
482 1.47399997711
483 1.26499998569
484 1.14900004864
485 1.10699999332
486 1.11099994183
487 1.09000003338
488 1.10899996758
489 1.08200001717
490 1.10500001907
491 1.09700000286
492 1.16799998283
493 1.19500005245
494 1.17999994755
495 1.18099999428
496 1.2009999752
497 1.20500004292
498 1.20500004292
499 1.22300004959
500 1.22899997234
501 1.23899996281
502 1.26499998569
503 1.36500000954
504 1.50999999046
505 3.00300002098
506 3.02800011635
507 3.03099989891
508 3.02999997139
509 3.02800011635
510 3.0529999733
511 3.04800009727
512 3.0720000267
513 3.07399988174
514 3.06500005722
515 3.07500004768
516 3.08400011063
517 1.32099997997
518 1.41999995708
519 1.32899999619
520 1.26499998569
521 1.23300004005
522 1.23300004005
523 1.23699998856
524 0.992999970913
525 0.907000005245
526 0.93599998951
527 1.19500005245
528 1.22099995613
529 1.22000002861
530 1.20000004768
531 1.1779999733
532 1.13999998569
533 1.15799999237
534 1.16700005531
535 1.17499995232
536 1.17299997807
537 1.18700003624
538 0.0
539 0.0
540 0.0
