0 4.51800012589
1 4.42399978638
2 4.43499994278
3 4.47599983215
4 4.53800010681
5 4.64499998093
6 4.66900014877
7 4.70300006866
8 4.74900007248
9 4.76399993896
10 4.80900001526
11 4.82100009918
12 4.84999990463
13 4.88700008392
14 4.92999982834
15 4.92000007629
16 4.83599996567
17 4.85500001907
18 4.87900018692
19 4.97300004959
20 5.15399980545
21 5.18699979782
22 5.22800016403
23 5.26900005341
24 5.32299995422
25 5.35699987411
26 5.39900016785
27 5.45599985123
28 5.49399995804
29 5.55200004578
30 5.60099983215
31 5.65899991989
32 5.66900014877
33 0.0
34 17.142999649
35 17.1340007782
36 17.1399993896
37 0.0
38 0.0
39 0.0
40 17.2509994507
41 17.1660003662
42 17.0540008545
43 17.0049991608
44 16.5249996185
45 16.5489997864
46 16.531999588
47 13.1739997864
48 13.0979995728
49 12.3330001831
50 11.9530000687
51 11.5979995728
52 11.5979995728
53 11.6309995651
54 11.6079998016
55 11.3439998627
56 10.9890003204
57 10.468000412
58 10.1049995422
59 8.3360004425
60 8.32699966431
61 8.1890001297
62 7.90399980545
63 7.64300012589
64 7.45200014114
65 7.24599981308
66 7.06300020218
67 6.88700008392
68 6.78900003433
69 6.78999996185
70 6.79500007629
71 6.82999992371
72 6.84899997711
73 6.87900018692
74 6.77699995041
75 6.63899993896
76 6.50899982452
77 6.39099979401
78 6.26499986649
79 6.14400005341
80 5.23099994659
81 4.97200012207
82 4.85200023651
83 4.77799987793
84 4.68699979782
85 4.60400009155
86 4.52099990845
87 4.45200014114
88 4.39200019836
89 4.33300018311
90 4.26999998093
91 4.23400020599
92 4.16800022125
93 4.11499977112
94 4.04899978638
95 3.992000103
96 3.9319999218
97 3.89400005341
98 3.82500004768
99 3.78600001335
100 3.77800011635
101 3.79299998283
102 3.81399989128
103 3.83699989319
104 3.86299991608
105 3.91700005531
106 3.93099999428
107 3.94600009918
108 3.92499995232
109 3.89299988747
110 3.84899997711
111 3.80599999428
112 3.77099990845
113 3.73099994659
114 3.6930000782
115 3.66199994087
116 3.63100004196
117 3.59400010109
118 3.5569999218
119 3.52600002289
120 3.5
121 3.47600007057
122 3.44199991226
123 3.40700006485
124 3.40100002289
125 3.38400006294
126 3.4279999733
127 3.44600009918
128 3.49900007248
129 3.53699994087
130 3.55999994278
131 3.61299991608
132 3.67199993134
133 4.02099990845
134 4.05800008774
135 4.08400011063
136 4.12599992752
137 4.13500022888
138 4.1810002327
139 4.22800016403
140 4.25899982452
141 4.28700017929
142 4.30499982834
143 4.34600019455
144 4.38700008392
145 4.42299985886
146 4.46500015259
147 4.49599981308
148 4.49900007248
149 4.51200008392
150 4.54699993134
151 4.19799995422
152 4.28499984741
153 4.61499977112
154 3.27200007439
155 3.41199994087
156 4.71000003815
157 4.60300016403
158 4.54300022125
159 4.79500007629
160 4.83099985123
161 4.86299991608
162 4.89499998093
163 4.9310002327
164 4.96000003815
165 4.99700021744
166 5.02500009537
167 5.04300022125
168 3.13700008392
169 3.23000001907
170 3.35800004005
171 4.10599994659
172 4.91300010681
173 4.89200019836
174 4.85099983215
175 4.82299995422
176 4.83599996567
177 4.81799983978
178 4.82999992371
179 4.85400009155
180 4.867000103
181 4.89799976349
182 4.81699991226
183 5.3220000267
184 5.47300004959
185 5.48500013351
186 5.50099992752
187 5.49700021744
188 4.60099983215
189 4.60200023651
190 5.5560002327
191 5.58799982071
192 3.64400005341
193 3.52399992943
194 4.07100009918
195 4.04400014877
196 5.6810002327
197 5.72499990463
198 5.73600006104
199 2.08999991417
200 2.07399988174
201 2.04800009727
202 2.03399991989
203 2.02399992943
204 2.02600002289
205 2.01300001144
206 2.02399992943
207 2.03500008583
208 2.00600004196
209 2.01300001144
210 2.02300000191
211 2.01999998093
212 2.00500011444
213 2.01799988747
214 2.01200008392
215 2.01999998093
216 2.03099989891
217 2.03399991989
218 2.05100011826
219 2.14700007439
220 1.23800003529
221 0.936999976635
222 0.884999990463
223 0.870000004768
224 1.02499997616
225 2.26900005341
226 2.29600000381
227 2.2650001049
228 2.2460000515
229 2.24399995804
230 2.27699995041
231 2.31500005722
232 2.3029999733
233 2.27999997139
234 2.27500009537
235 2.30399990082
236 2.36400008202
237 2.46000003815
238 2.51699995995
239 2.52500009537
240 6.22900009155
241 6.23400020599
242 6.23500013351
243 6.24800014496
244 6.22900009155
245 6.22399997711
246 6.2389998436
247 6.22100019455
248 6.2389998436
249 6.25
250 6.257999897
251 6.26200008392
252 6.27799987793
253 6.27799987793
254 6.27699995041
255 6.26999998093
256 6.24399995804
257 6.2610001564
258 6.26700019836
259 6.26300001144
260 6.24599981308
261 6.25199985504
262 6.24100017548
263 6.23299980164
264 6.20900011063
265 6.20499992371
266 6.22300004959
267 6.22100019455
268 6.20699977875
269 6.21600008011
270 6.22800016403
271 6.20800018311
272 6.22599983215
273 6.117000103
274 5.86100006104
275 5.77299976349
276 5.75
277 5.73799991608
278 5.73000001907
279 5.72300004959
280 5.73699998856
281 5.75899982452
282 5.80900001526
283 5.92399978638
284 6.07600021362
285 6.08300018311
286 6.06599998474
287 6.05200004578
288 6.06599998474
289 6.04400014877
290 6.03200006485
291 6.0
292 5.98500013351
293 5.98199987411
294 5.96500015259
295 5.9470000267
296 5.92500019073
297 5.89200019836
298 5.89200019836
299 5.87900018692
300 5.85300016403
301 5.84000015259
302 5.82499980927
303 5.82999992371
304 5.80700016022
305 5.8060002327
306 5.76900005341
307 5.76700019836
308 5.742000103
309 5.70200014114
310 5.69099998474
311 5.67899990082
312 5.64499998093
313 5.62599992752
314 5.60400009155
315 5.58599996567
316 5.56300020218
317 5.54500007629
318 5.52199983597
319 5.3109998703
320 5.09499979019
321 5.45900011063
322 5.45200014114
323 5.43699979782
324 5.41200017929
325 5.38999986649
326 5.36299991608
327 5.33199977875
328 5.29899978638
329 4.37400007248
330 4.03000020981
331 4.14200019836
332 5.02199983597
333 5.15399980545
334 5.13899993896
335 5.11999988556
336 5.09499979019
337 5.06699991226
338 5.03200006485
339 5.01599979401
340 4.95699977875
341 4.8060002327
342 4.94899988174
343 4.94799995422
344 4.90399980545
345 4.86600017548
346 4.82499980927
347 4.6970000267
348 4.55499982834
349 4.73400020599
350 4.70100021362
351 4.68200016022
352 4.64400005341
353 4.61899995804
354 4.59299993515
355 4.57499980927
356 4.32899999619
357 4.35500001907
358 4.48999977112
359 4.44500017166
360 4.45399999619
361 4.41499996185
362 4.38100004196
363 4.36800003052
364 4.32700014114
365 4.28499984741
366 4.24800014496
367 4.1859998703
368 4.15500020981
369 4.13399982452
370 4.10500001907
371 4.08400011063
372 4.04899978638
373 4.00400018692
374 4.0
375 3.95600008965
376 3.92000007629
377 3.89700007439
378 3.87700009346
379 3.84800004959
380 3.82899999619
381 3.72600007057
382 3.64100003242
383 3.59100008011
384 3.5680000782
385 3.52699995041
386 3.492000103
387 3.46700000763
388 3.43400001526
389 3.38599991798
390 3.36899995804
391 3.33299994469
392 3.29399991035
393 3.28699994087
394 3.26900005341
395 3.27099990845
396 3.29600000381
397 3.33899998665
398 3.35400009155
399 3.40700006485
400 3.4430000782
401 3.46600008011
402 3.50500011444
403 3.56200003624
404 3.60500001907
405 3.62700009346
406 3.6819999218
407 3.73099994659
408 3.73799991608
409 3.78800010681
410 3.83200001717
411 3.89299988747
412 3.9470000267
413 3.98799991608
414 4.06300020218
415 4.11800003052
416 4.18800020218
417 4.24399995804
418 4.29899978638
419 4.35799980164
420 4.44999980927
421 4.52299976349
422 4.59499979019
423 4.66499996185
424 4.73500013351
425 4.80499982834
426 4.89599990845
427 5.00600004196
428 5.10400009155
429 5.21099996567
430 5.31799983978
431 5.41699981689
432 5.51900005341
433 5.64799976349
434 5.76800012589
435 5.89200019836
436 6.02699995041
437 6.15700006485
438 6.30200004578
439 6.46000003815
440 6.50600004196
441 6.59499979019
442 6.45399999619
443 3.06299996376
444 3.04399991035
445 3.03800010681
446 3.01699995995
447 3.03800010681
448 3.01999998093
449 3.01900005341
450 3.00300002098
451 3.01099991798
452 2.98799991608
453 2.9960000515
454 2.97199988365
455 2.97199988365
456 2.97900009155
457 2.95700001717
458 2.96199989319
459 2.96300005913
460 2.95300006866
461 2.95799994469
462 2.93400001526
463 2.93400001526
464 2.9240000248
465 2.93899989128
466 2.92199993134
467 2.92700004578
468 2.9240000248
469 2.91400003433
470 2.66199994087
471 2.64800000191
472 2.64100003242
473 2.64199995995
474 0.950999975204
475 0.709999978542
476 0.708000004292
477 0.919000029564
478 2.66100001335
479 2.6400001049
480 2.6289999485
481 2.64899992943
482 2.66000008583
483 1.47599995136
484 1.24300003052
485 1.14400005341
486 1.09599995613
487 1.08599996567
488 1.08899998665
489 1.08000004292
490 1.07799994946
491 1.07000005245
492 1.07799994946
493 1.12999999523
494 1.17200005054
495 1.19400000572
496 1.20299994946
497 1.19000005722
498 1.20700001717
499 1.20399999619
500 1.2159999609
501 1.20299994946
502 1.22399997711
503 1.23800003529
504 1.29200005531
505 1.40400004387
506 1.61399996281
507 3.00500011444
508 3.02999997139
509 3.03600001335
510 3.04800009727
511 3.03800010681
512 3.06100010872
513 3.05599999428
514 3.07899999619
515 3.07699990273
516 3.08400011063
517 1.3370000124
518 1.41600000858
519 1.33000004292
520 1.27400004864
521 1.25100004673
522 1.25
523 1.23399996758
524 0.98400002718
525 0.910000026226
526 0.926999986172
527 1.1629999876
528 1.21300005913
529 1.22200000286
530 1.20799994469
531 1.20599997044
532 1.14199995995
533 1.12600004673
534 1.13100004196
535 1.125
536 1.11699998379
537 1.12000000477
538 1.14199995995
539 1.16199994087
540 3.53999996185
