0 4.51399993896
1 4.43699979782
2 4.44299983978
3 4.47900009155
4 4.54099988937
5 4.64400005341
6 4.68499994278
7 4.70699977875
8 4.73799991608
9 4.75899982452
10 4.79199981689
11 4.84499979019
12 4.85799980164
13 4.90700006485
14 4.92299985886
15 4.94899988174
16 4.84700012207
17 4.85400009155
18 4.87900018692
19 4.96000003815
20 5.14499998093
21 5.18499994278
22 5.23400020599
23 5.2610001564
24 5.3189997673
25 5.367000103
26 5.40199995041
27 5.45800018311
28 5.49900007248
29 5.54400014877
30 5.60300016403
31 5.64499998093
32 5.66300010681
33 0.0
34 17.1630001068
35 17.1299991608
36 17.1450004578
37 0.0
38 0.0
39 0.0
40 17.2369995117
41 17.172000885
42 17.0559997559
43 17.0100002289
44 16.5249996185
45 16.5389995575
46 16.5189990997
47 13.1660003662
48 13.1040000916
49 12.3330001831
50 11.9560003281
51 11.5959997177
52 11.6059999466
53 11.6470003128
54 11.640999794
55 11.3420000076
56 11.0089998245
57 10.4689998627
58 10.1180000305
59 8.3109998703
60 8.33699989319
61 8.21000003815
62 7.89400005341
63 7.64300012589
64 7.44600009918
65 7.24499988556
66 7.05900001526
67 6.90700006485
68 6.78900003433
69 6.78900003433
70 6.80100011826
71 6.83199977875
72 6.85699987411
73 6.882999897
74 6.79400014877
75 6.632999897
76 6.5110001564
77 6.40000009537
78 6.26599979401
79 6.15399980545
80 5.21700000763
81 4.96600008011
82 4.85200023651
83 4.76399993896
84 4.67500019073
85 4.60200023651
86 4.54600000381
87 4.48500013351
88 4.40600013733
89 4.34700012207
90 4.27299976349
91 4.21299982071
92 4.15399980545
93 4.10200023651
94 4.03700017929
95 3.98799991608
96 3.92899990082
97 3.89400005341
98 3.83999991417
99 3.8029999733
100 3.77999997139
101 3.79299998283
102 3.80599999428
103 3.83999991417
104 3.88199996948
105 3.90799999237
106 3.94799995422
107 3.96099996567
108 3.93400001526
109 3.88599991798
110 3.84200000763
111 3.79999995232
112 3.757999897
113 3.72900009155
114 3.70399999619
115 3.67100000381
116 3.63400006294
117 3.59599995613
118 3.5680000782
119 3.54399991035
120 3.49399995804
121 3.47900009155
122 3.44000005722
123 3.40899991989
124 3.40799999237
125 3.39400005341
126 3.42700004578
127 3.45300006866
128 3.49900007248
129 3.53699994087
130 3.57100009918
131 3.59800004959
132 3.66599988937
133 4.03599977493
134 4.07299995422
135 4.09600019455
136 4.11800003052
137 4.16499996185
138 4.16499996185
139 4.21099996567
140 4.25400018692
141 4.28000020981
142 4.31300020218
143 4.36199998856
144 4.3860001564
145 4.43300008774
146 4.46299982071
147 4.49700021744
148 4.51399993896
149 4.53700017929
150 4.55100011826
151 4.20599985123
152 4.3189997673
153 4.60699987411
154 3.26300001144
155 3.42600011826
156 4.72200012207
157 4.60200023651
158 4.55100011826
159 4.8060002327
160 4.84399986267
161 4.86299991608
162 4.90100002289
163 4.93200016022
164 4.96299982071
165 5.0110001564
166 5.02299976349
167 5.04099988937
168 3.13499999046
169 3.22699999809
170 3.37299990654
171 4.13899993896
172 4.91300010681
173 4.88000011444
174 4.85500001907
175 4.83599996567
176 4.84100008011
177 4.82499980927
178 4.84399986267
179 4.85500001907
180 4.87699985504
181 4.89400005341
182 4.81199979782
183 5.32299995422
184 5.47100019455
185 5.46999979019
186 5.492000103
187 5.50500011444
188 4.60900020599
189 4.58099985123
190 5.56500005722
191 5.59100008011
192 3.64599990845
193 3.53399991989
194 4.07399988174
195 4.03800010681
196 5.6939997673
197 5.71000003815
198 5.73500013351
199 2.06900000572
200 2.05999994278
201 2.05500006676
202 2.03099989891
203 2.04600000381
204 2.04299998283
205 2.03900003433
206 2.02500009537
207 2.00999999046
208 2.03900003433
209 2.01699995995
210 2.00699996948
211 2.01300001144
212 2.02200007439
213 2.03399991989
214 2.02300000191
215 2.02500009537
216 2.01699995995
217 2.02800011635
218 2.04399991035
219 2.15700006485
220 1.23599994183
221 0.930999994278
222 0.901000022888
223 0.887000024319
224 1.02799999714
225 2.26699995995
226 2.28099989891
227 2.26600003242
228 2.25200009346
229 2.24399995804
230 2.31100010872
231 2.34100008011
232 2.31699991226
233 2.29600000381
234 2.28399991989
235 2.28900003433
236 2.33800005913
237 2.46300005913
238 2.52999997139
239 2.54099988937
240 6.25899982452
241 6.23500013351
242 6.23500013351
243 6.23000001907
244 6.242000103
245 6.22499990463
246 6.242000103
247 6.23299980164
248 6.24399995804
249 6.26499986649
250 6.26499986649
251 6.27199983597
252 6.27199983597
253 6.26200008392
254 6.27600002289
255 6.27400016785
256 6.27500009537
257 6.26800012589
258 6.25299978256
259 6.25899982452
260 6.25400018692
261 6.24399995804
262 6.22599983215
263 6.23000001907
264 6.23099994659
265 6.21600008011
266 6.22300004959
267 6.242000103
268 6.23099994659
269 6.21500015259
270 6.21600008011
271 6.23999977112
272 6.21000003815
273 6.14599990845
274 5.84600019455
275 5.79099988937
276 5.75899982452
277 5.75099992752
278 5.72900009155
279 5.72200012207
280 5.74399995804
281 5.7610001564
282 5.79799985886
283 5.95800018311
284 6.09600019455
285 6.0689997673
286 6.07000017166
287 6.07499980927
288 6.04600000381
289 6.03299999237
290 6.03800010681
291 6.02500009537
292 6.00400018692
293 5.98199987411
294 5.97599983215
295 5.93300008774
296 5.9310002327
297 5.90399980545
298 5.87799978256
299 5.88199996948
300 5.85300016403
301 5.84700012207
302 5.84399986267
303 5.83799982071
304 5.82100009918
305 5.79799985886
306 5.78700017929
307 5.76399993896
308 5.75600004196
309 5.72499990463
310 5.70100021362
311 5.68200016022
312 5.65899991989
313 5.625
314 5.61100006104
315 5.58699989319
316 5.56799983978
317 5.53499984741
318 5.52199983597
319 5.34200000763
320 5.09399986267
321 5.46600008011
322 5.45499992371
323 5.43800020218
324 5.42100000381
325 5.40199995041
326 5.35699987411
327 5.33799982071
328 5.29300022125
329 4.38100004196
330 4.07100009918
331 4.11100006104
332 5.02699995041
333 5.16599988937
334 5.14799976349
335 5.12099981308
336 5.09899997711
337 5.07000017166
338 5.05100011826
339 5.02600002289
340 4.95300006866
341 4.81300020218
342 4.96299982071
343 4.94099998474
344 4.90600013733
345 4.87900018692
346 4.83500003815
347 4.70800018311
348 4.55800008774
349 4.74100017548
350 4.70499992371
351 4.67700004578
352 4.65500020981
353 4.6360001564
354 4.59600019455
355 4.57299995422
356 4.32399988174
357 4.35099983215
358 4.50400018692
359 4.45800018311
360 4.42700004578
361 4.42700004578
362 4.40299987793
363 4.36499977112
364 4.32899999619
365 4.29099988937
366 4.23600006104
367 4.19600009918
368 4.18499994278
369 4.14499998093
370 4.11299991608
371 4.08300018311
372 4.03900003433
373 4.01599979401
374 3.9960000515
375 3.96000003815
376 3.91100001335
377 3.91300010681
378 3.88000011444
379 3.84100008011
380 3.82999992371
381 3.71000003815
382 3.63100004196
383 3.60299992561
384 3.5680000782
385 3.52699995041
386 3.4849998951
387 3.45000004768
388 3.42899990082
389 3.41100001335
390 3.38000011444
391 3.34599995613
392 3.3180000782
393 3.29299998283
394 3.27699995041
395 3.27699995041
396 3.29299998283
397 3.33899998665
398 3.3710000515
399 3.41300010681
400 3.44400000572
401 3.46600008011
402 3.51600003242
403 3.57399988174
404 3.58999991417
405 3.64100003242
406 3.69799995422
407 3.73200011253
408 3.74699997902
409 3.78699994087
410 3.83800005913
411 3.88100004196
412 3.91899991035
413 4.00899982452
414 4.07600021362
415 4.12900018692
416 4.19500017166
417 4.24399995804
418 4.30900001526
419 4.35699987411
420 4.45599985123
421 4.52500009537
422 4.59700012207
423 4.66200017929
424 4.74300003052
425 4.8109998703
426 4.92299985886
427 5.01700019836
428 5.11299991608
429 5.20599985123
430 5.32800006866
431 5.42000007629
432 5.53000020981
433 5.65399980545
434 5.77500009537
435 5.89300012589
436 6.01999998093
437 6.17100000381
438 6.31599998474
439 6.48600006104
440 6.50299978256
441 6.60599994659
442 6.45599985123
443 3.07699990273
444 3.05100011826
445 3.03699994087
446 3.02399992943
447 3.03699994087
448 3.02600002289
449 3.02999997139
450 3.00600004196
451 3.01300001144
452 2.99900007248
453 2.99499988556
454 2.99000000954
455 2.98799991608
456 2.97099995613
457 2.97300004959
458 2.95000004768
459 2.95799994469
460 2.97000002861
461 2.96300005913
462 2.96199989319
463 2.93499994278
464 2.92700004578
465 2.93400001526
466 2.92899990082
467 2.92199993134
468 2.93400001526
469 2.93499994278
470 2.67499995232
471 2.66000008583
472 2.63400006294
473 2.64899992943
474 0.944999992847
475 0.714999973774
476 0.708000004292
477 0.936999976635
478 2.64899992943
479 2.65000009537
480 2.63199996948
481 2.04999995232
482 1.28600001335
483 1.19599997997
484 1.11099994183
485 1.12300002575
486 1.10300004482
487 1.11800003052
488 1.11300003529
489 1.11699998379
490 1.14400005341
491 1.19400000572
492 1.19799995422
493 1.19299995899
494 1.21500003338
495 1.21000003815
496 1.20399999619
497 1.22300004959
498 1.23000001907
499 1.23500001431
500 1.23399996758
501 1.25699996948
502 1.28100001812
503 1.3789999485
504 1.55499994755
505 2.9960000515
506 3.02200007439
507 3.01999998093
508 3.01699995995
509 3.02500009537
510 3.0529999733
511 3.05500006676
512 3.0569999218
513 3.07100009918
514 3.08299994469
515 3.08500003815
516 3.09899997711
517 1.49500000477
518 1.38900005817
519 1.2990000248
520 1.24000000954
521 1.24300003052
522 1.25100004673
523 1.23899996281
524 1.00100004673
525 0.907999992371
526 0.924000024796
527 1.18799996376
528 1.22699999809
529 1.23300004005
530 1.19500005245
531 1.16100001335
532 1.16900002956
533 1.15400004387
534 1.15799999237
535 1.17900002003
536 1.16799998283
537 1.20500004292
538 0.0
539 0.0
540 0.0
