0 4.51800012589
1 4.42600011826
2 4.44799995422
3 4.47200012207
4 4.51399993896
5 4.65399980545
6 4.66800022125
7 4.70300006866
8 4.74300003052
9 4.7610001564
10 4.81199979782
11 4.82600021362
12 4.86899995804
13 4.88899993896
14 4.92600011826
15 4.92399978638
16 4.84999990463
17 4.85699987411
18 4.88500022888
19 4.96500015259
20 5.14799976349
21 5.18300008774
22 5.22300004959
23 5.26499986649
24 5.31199979782
25 5.34899997711
26 5.40399980545
27 5.4390001297
28 5.49499988556
29 5.54300022125
30 5.60500001907
31 5.65199995041
32 5.65000009537
33 17.3740005493
34 17.1359996796
35 17.1350002289
36 17.1359996796
37 0.0
38 0.0
39 0.0
40 17.236000061
41 17.156999588
42 17.0720005035
43 17.0069999695
44 16.5310001373
45 16.5370006561
46 16.5090007782
47 13.1739997864
48 13.0869998932
49 12.3319997787
50 11.9270000458
51 11.5860004425
52 11.5880002975
53 11.6280002594
54 11.6260004044
55 11.3439998627
56 11.013999939
57 10.4630002975
58 10.1160001755
59 8.30900001526
60 8.3360004425
61 8.20100021362
62 7.92000007629
63 7.63399982452
64 7.4470000267
65 7.23299980164
66 7.05900001526
67 6.89799976349
68 6.78399991989
69 6.76999998093
70 6.79799985886
71 6.82600021362
72 6.85699987411
73 6.87400007248
74 6.78999996185
75 6.63700008392
76 6.51700019836
77 6.38500022888
78 6.26399993896
79 6.14300012589
80 5.23199987411
81 4.96799993515
82 4.83699989319
83 4.76300001144
84 4.68699979782
85 4.60699987411
86 4.54199981689
87 4.46899986267
88 4.39400005341
89 4.32899999619
90 4.27500009537
91 4.22499990463
92 4.14799976349
93 4.11600017548
94 4.01800012589
95 3.98399996758
96 3.92899990082
97 3.8789999485
98 3.82800006866
99 3.80100011826
100 3.76399993896
101 3.78900003433
102 3.83800005913
103 3.84200000763
104 3.86299991608
105 3.90700006485
106 3.92899990082
107 3.95600008965
108 3.93099999428
109 3.87400007248
110 3.85599994659
111 3.81399989128
112 3.76200008392
113 3.71399998665
114 3.6930000782
115 3.65199995041
116 3.62400007248
117 3.57800006866
118 3.57100009918
119 3.52399992943
120 3.50500011444
121 3.47499990463
122 3.4430000782
123 3.41100001335
124 3.39899992943
125 3.38700008392
126 3.4319999218
127 3.46099996567
128 3.48300004005
129 3.52800011635
130 3.5529999733
131 3.61800003052
132 3.67000007629
133 4.01200008392
134 4.06500005722
135 4.08900022507
136 4.125
137 4.15000009537
138 4.1890001297
139 4.22800016403
140 4.25400018692
141 4.26200008392
142 4.29799985886
143 4.35799980164
144 4.39599990845
145 4.42299985886
146 4.46500015259
147 4.49599981308
148 4.50400018692
149 4.52699995041
150 4.52400016785
151 4.19099998474
152 4.28800010681
153 4.52099990845
154 3.28500008583
155 3.42199993134
156 4.72200012207
157 4.60300016403
158 4.55100011826
159 4.79400014877
160 4.82299995422
161 4.867000103
162 4.89599990845
163 4.92299985886
164 4.96500015259
165 5.0
166 5.01200008392
167 5.04099988937
168 3.14800000191
169 3.23200011253
170 3.36100006104
171 4.10500001907
172 4.90799999237
173 4.882999897
174 4.85799980164
175 4.82600021362
176 4.82899999619
177 4.81699991226
178 4.83599996567
179 4.84700012207
180 4.87400007248
181 4.89799976349
182 4.82800006866
183 5.33500003815
184 5.46899986267
185 5.48600006104
186 5.492000103
187 5.507999897
188 4.58199977875
189 4.57800006866
190 5.54500007629
191 5.57899999619
192 3.64299988747
193 3.51799988747
194 4.07399988174
195 4.03999996185
196 5.69500017166
197 5.70900011063
198 5.71700000763
199 2.07500004768
200 2.03200006485
201 2.03200006485
202 2.04500007629
203 2.01200008392
204 2.02200007439
205 2.01399993896
206 2.00999999046
207 2.01200008392
208 2.02200007439
209 2.02399992943
210 2.02399992943
211 2.01799988747
212 2.0039999485
213 2.00600004196
214 2.00200009346
215 1.9960000515
216 2.0150001049
217 2.02600002289
218 2.01300001144
219 2.15700006485
220 1.23000001907
221 0.944999992847
222 0.902000010014
223 0.880999982357
224 1.0039999485
225 2.26699995995
226 2.27900004387
227 2.26300001144
228 2.24000000954
229 2.26799988747
230 2.27800011635
231 2.30200004578
232 2.30900001526
233 2.28600001335
234 2.29299998283
235 2.31100010872
236 2.36599993706
237 2.45700001717
238 2.5150001049
239 2.51200008392
240 6.22900009155
241 6.22200012207
242 6.21999979019
243 6.22599983215
244 6.22900009155
245 6.22700023651
246 6.23600006104
247 6.23699998856
248 6.23500013351
249 6.23500013351
250 6.23999977112
251 6.26000022888
252 6.27600002289
253 6.257999897
254 6.27400016785
255 6.28000020981
256 6.26000022888
257 6.23799991608
258 6.24599981308
259 6.23299980164
260 6.23799991608
261 6.23400020599
262 6.24100017548
263 6.2389998436
264 6.20699977875
265 6.20499992371
266 6.21199989319
267 6.19899988174
268 6.22399997711
269 6.21899986267
270 6.20699977875
271 6.22800016403
272 6.19500017166
273 6.11199998856
274 5.83500003815
275 5.78800010681
276 5.74700021744
277 5.72100019455
278 5.72800016403
279 5.71500015259
280 5.742000103
281 5.77699995041
282 5.80700016022
283 5.9439997673
284 6.07999992371
285 6.0689997673
286 6.06300020218
287 6.06500005722
288 6.0640001297
289 6.06199979782
290 6.03399991989
291 6.00899982452
292 5.97800016403
293 5.96600008011
294 5.94500017166
295 5.94999980927
296 5.92600011826
297 5.90700006485
298 5.89400005341
299 5.85699987411
300 5.85500001907
301 5.84999990463
302 5.82399988174
303 5.82700014114
304 5.80200004578
305 5.79699993134
306 5.77699995041
307 5.76599979401
308 5.74900007248
309 5.70699977875
310 5.68800020218
311 5.67299985886
312 5.63500022888
313 5.63000011444
314 5.59899997711
315 5.59100008011
316 5.55499982834
317 5.52699995041
318 5.51999998093
319 5.30999994278
320 5.09200000763
321 5.44299983978
322 5.43699979782
323 5.4310002327
324 5.42399978638
325 5.38999986649
326 5.36100006104
327 5.32600021362
328 5.29799985886
329 4.3639998436
330 4.04400014877
331 4.10699987411
332 5.01700019836
333 5.16300010681
334 5.13899993896
335 5.11999988556
336 5.09100008011
337 5.07399988174
338 5.03700017929
339 5.03499984741
340 4.95699977875
341 4.80999994278
342 4.95900011063
343 4.94899988174
344 4.90799999237
345 4.867000103
346 4.84299993515
347 4.70499992371
348 4.5689997673
349 4.74700021744
350 4.69899988174
351 4.67000007629
352 4.6360001564
353 4.60599994659
354 4.59499979019
355 4.5609998703
356 4.32899999619
357 4.35699987411
358 4.47100019455
359 4.46099996567
360 4.43800020218
361 4.41499996185
362 4.375
363 4.35900020599
364 4.32399988174
365 4.26700019836
366 4.23699998856
367 4.20499992371
368 4.18200016022
369 4.13999986649
370 4.08699989319
371 4.05499982834
372 4.02699995041
373 4.01999998093
374 3.97300004959
375 3.96799993515
376 3.93700003624
377 3.89199995995
378 3.86999988556
379 3.84999990463
380 3.82100009918
381 3.70199990273
382 3.62800002098
383 3.59699988365
384 3.56100010872
385 3.52900004387
386 3.49499988556
387 3.46000003815
388 3.42700004578
389 3.39800000191
390 3.37299990654
391 3.33500003815
392 3.30399990082
393 3.27800011635
394 3.26200008392
395 3.24799990654
396 3.28999996185
397 3.32399988174
398 3.36400008202
399 3.40599989891
400 3.43499994278
401 3.46199989319
402 3.5150001049
403 3.55900001526
404 3.60500001907
405 3.64899992943
406 3.6819999218
407 3.70900011063
408 3.73000001907
409 3.78399991989
410 3.82699990273
411 3.88100004196
412 3.93099999428
413 4.00299978256
414 4.03999996185
415 4.10599994659
416 4.19099998474
417 4.24100017548
418 4.30700016022
419 4.38199996948
420 4.45100021362
421 4.51999998093
422 4.57100009918
423 4.66499996185
424 4.72599983215
425 4.81500005722
426 4.91099977493
427 5.01200008392
428 5.09999990463
429 5.21000003815
430 5.30499982834
431 5.42299985886
432 5.51999998093
433 5.64300012589
434 5.78299999237
435 5.89099979401
436 6.0110001564
437 6.16400003433
438 6.30900001526
439 6.48000001907
440 6.48299980164
441 6.59999990463
442 6.46199989319
443 3.07800006866
444 3.05200004578
445 3.03999996185
446 3.01799988747
447 3.02200007439
448 3.00099992752
449 3.01900005341
450 2.99699997902
451 3.00600004196
452 2.98399996758
453 2.97300004959
454 2.97000002861
455 2.97900009155
456 2.97600007057
457 2.95499992371
458 2.96000003815
459 2.94400000572
460 2.94899988174
461 2.94499993324
462 2.94099998474
463 2.95300006866
464 2.92499995232
465 2.93499994278
466 2.91599988937
467 2.92600011826
468 2.92700004578
469 2.90799999237
470 2.67700004578
471 2.62599992752
472 2.62299990654
473 2.65199995041
474 0.941999971867
475 0.711000025272
476 0.703999996185
477 0.922999978065
478 2.66300010681
479 2.64100003242
480 2.65000009537
481 2.64199995995
482 2.64499998093
483 1.55700004101
484 1.25899994373
485 1.12600004673
486 1.10800004005
487 1.07899999619
488 1.0909999609
489 1.0759999752
490 1.07899999619
491 1.08099997044
492 1.08899998665
493 1.13800001144
494 1.17200005054
495 1.19299995899
496 1.19099998474
497 1.19900000095
498 1.19000005722
499 1.21300005913
500 1.19299995899
501 1.21300005913
502 1.23599994183
503 1.23199999332
504 1.29299998283
505 1.41499996185
506 1.62000000477
507 3.0150001049
508 3.02300000191
509 3.03699994087
510 3.04099988937
511 3.06200003624
512 3.05500006676
513 3.06999993324
514 3.06100010872
515 3.06699991226
516 3.10299992561
517 1.31900000572
518 1.41999995708
519 1.34300005436
520 1.27199995518
521 1.26400005817
522 1.25100004673
523 1.23300004005
524 0.995000004768
525 0.913999974728
526 0.924000024796
527 1.18400001526
528 1.21899998188
529 1.22000002861
530 1.19400000572
531 1.20399999619
532 1.12800002098
533 1.1210000515
534 1.13100004196
535 1.13600003719
536 1.13699996471
537 1.13100004196
538 1.14600002766
539 1.13999998569
540 3.53800010681
