0 4.52299976349
1 4.42999982834
2 4.43400001526
3 4.47499990463
4 4.52400016785
5 4.66800022125
6 4.6859998703
7 4.70499992371
8 4.72900009155
9 4.76300001144
10 4.80499982834
11 4.82399988174
12 4.85400009155
13 4.90100002289
14 4.93300008774
15 4.93200016022
16 4.84899997711
17 4.85799980164
18 4.882999897
19 4.96500015259
20 5.14900016785
21 5.19000005722
22 5.21700000763
23 5.26999998093
24 5.30900001526
25 5.34999990463
26 5.40399980545
27 5.45599985123
28 5.50699996948
29 5.55200004578
30 5.59000015259
31 5.63999986649
32 5.64499998093
33 0.0
34 17.1480007172
35 17.1450004578
36 17.1539993286
37 0.0
38 0.0
39 0.0
40 17.2420005798
41 17.1760005951
42 17.0720005035
43 17.0030002594
44 16.5270004272
45 16.5400009155
46 16.531999588
47 13.154999733
48 13.0880002975
49 12.3330001831
50 11.9329996109
51 11.5959997177
52 11.6009998322
53 11.6219997406
54 11.626999855
55 11.343000412
56 11.0050001144
57 10.4600000381
58 10.1000003815
59 8.34000015259
60 8.34200000763
61 8.20699977875
62 7.92399978638
63 7.65299987793
64 7.45399999619
65 7.25
66 7.05399990082
67 6.89400005341
68 6.79699993134
69 6.77799987793
70 6.79199981689
71 6.82299995422
72 6.86100006104
73 6.87400007248
74 6.80100011826
75 6.63100004196
76 6.50299978256
77 6.38899993896
78 6.27199983597
79 6.14400005341
80 5.23299980164
81 4.96400022507
82 4.84999990463
83 4.78100013733
84 4.67500019073
85 4.60099983215
86 4.53700017929
87 4.46899986267
88 4.40500020981
89 4.32700014114
90 4.27699995041
91 4.22700023651
92 4.16599988937
93 4.1139998436
94 4.03800010681
95 3.97900009155
96 3.93899989128
97 3.87800002098
98 3.83999991417
99 3.80599999428
100 3.78200006485
101 3.79999995232
102 3.83299994469
103 3.83999991417
104 3.88700008392
105 3.8900001049
106 3.94400000572
107 3.97600007057
108 3.91799998283
109 3.89299988747
110 3.84299993515
111 3.80900001526
112 3.76399993896
113 3.71600008011
114 3.68499994278
115 3.65199995041
116 3.62800002098
117 3.58100008965
118 3.56200003624
119 3.53699994087
120 3.51600003242
121 3.47300004959
122 3.45499992371
123 3.42199993134
124 3.40700006485
125 3.39100003242
126 3.41700005531
127 3.4430000782
128 3.49699997902
129 3.53900003433
130 3.55800008774
131 3.60599994659
132 3.66599988937
133 4.01399993896
134 4.06300020218
135 4.09700012207
136 4.11100006104
137 4.15500020981
138 4.1890001297
139 4.22399997711
140 4.23199987411
141 4.26300001144
142 4.32100009918
143 4.34899997711
144 4.38100004196
145 4.4359998703
146 4.47599983215
147 4.48299980164
148 4.50699996948
149 4.52400016785
150 4.53599977493
151 4.20399999619
152 4.29799985886
153 4.59299993515
154 3.26699995995
155 3.41700005531
156 4.71099996567
157 4.59299993515
158 4.55900001526
159 4.8109998703
160 4.84100008011
161 4.87099981308
162 4.89799976349
163 4.93400001526
164 4.96899986267
165 4.99300003052
166 5.02299976349
167 5.03700017929
168 3.17300009727
169 3.22799992561
170 3.36500000954
171 4.13000011444
172 4.91599988937
173 4.88899993896
174 4.85699987411
175 4.84200000763
176 4.83099985123
177 4.81799983978
178 4.82999992371
179 4.85500001907
180 4.87799978256
181 4.91300010681
182 4.82499980927
183 5.32399988174
184 5.48099994659
185 5.48299980164
186 5.50699996948
187 5.51599979401
188 4.60500001907
189 4.5689997673
190 5.55399990082
191 5.59299993515
192 3.65599989891
193 3.52800011635
194 4.07899999619
195 4.04300022125
196 5.69199991226
197 5.71999979019
198 5.73199987411
199 2.07699990273
200 2.0569999218
201 2.05599999428
202 2.03200006485
203 2.04399991035
204 2.02399992943
205 2.03500008583
206 2.03699994087
207 2.03699994087
208 2.03600001335
209 2.01799988747
210 2.02399992943
211 2.02600002289
212 2.01200008392
213 2.01099991798
214 2.01300001144
215 2.00999999046
216 2.00999999046
217 2.03299999237
218 2.0490000248
219 2.1289999485
220 1.23599994183
221 0.934000015259
222 0.883000016212
223 0.887000024319
224 1.00699996948
225 2.27500009537
226 2.28900003433
227 2.25999999046
228 2.24699997902
229 2.2539999485
230 2.27900004387
231 2.31200003624
232 2.29999995232
233 2.28500008583
234 2.29099988937
235 2.28600001335
236 2.36999988556
237 2.47199988365
238 2.53200006485
239 2.52399992943
240 6.22900009155
241 6.23299980164
242 6.24399995804
243 6.23600006104
244 6.23600006104
245 6.2610001564
246 6.24300003052
247 6.23600006104
248 6.25099992752
249 6.25
250 6.25600004196
251 6.26200008392
252 6.27400016785
253 6.26000022888
254 6.28800010681
255 6.28100013733
256 6.28000020981
257 6.26800012589
258 6.24800014496
259 6.242000103
260 6.24800014496
261 6.23600006104
262 6.23500013351
263 6.25
264 6.23000001907
265 6.21299982071
266 6.21299982071
267 6.20399999619
268 6.21199989319
269 6.22399997711
270 6.20399999619
271 6.21400022507
272 6.22200012207
273 6.14499998093
274 5.84700012207
275 5.78499984741
276 5.75400018692
277 5.742000103
278 5.71000003815
279 5.72200012207
280 5.75500011444
281 5.77400016785
282 5.8189997673
283 5.94600009918
284 6.0689997673
285 6.0720000267
286 6.07600021362
287 6.0720000267
288 6.05900001526
289 6.05499982834
290 6.03499984741
291 6.01999998093
292 5.99900007248
293 5.97900009155
294 5.94899988174
295 5.94600009918
296 5.92500019073
297 5.91599988937
298 5.89599990845
299 5.87699985504
300 5.85799980164
301 5.84999990463
302 5.84499979019
303 5.82600021362
304 5.81300020218
305 5.78100013733
306 5.78800010681
307 5.78100013733
308 5.75899982452
309 5.72200012207
310 5.70100021362
311 5.67500019073
312 5.64699983597
313 5.62900018692
314 5.60900020599
315 5.59100008011
316 5.56799983978
317 5.55100011826
318 5.53000020981
319 5.33500003815
320 5.10799980164
321 5.46199989319
322 5.4470000267
323 5.42700004578
324 5.42000007629
325 5.39699983597
326 5.35900020599
327 5.32299995422
328 5.30200004578
329 4.36800003052
330 4.05200004578
331 4.12099981308
332 5.03399991989
333 5.17399978638
334 5.13899993896
335 5.11499977112
336 5.09200000763
337 5.07299995422
338 5.0529999733
339 5.02899980545
340 4.94799995422
341 4.80000019073
342 4.96199989319
343 4.93300008774
344 4.90700006485
345 4.88000011444
346 4.84000015259
347 4.70399999619
348 4.55499982834
349 4.73099994659
350 4.71199989319
351 4.6890001297
352 4.65299987793
353 4.617000103
354 4.59100008011
355 4.5640001297
356 4.32299995422
357 4.3639998436
358 4.49100017548
359 4.44999980927
360 4.44999980927
361 4.42500019073
362 4.37799978256
363 4.33699989319
364 4.32700014114
365 4.27899980545
366 4.26000022888
367 4.19600009918
368 4.18800020218
369 4.13399982452
370 4.12200021744
371 4.07499980927
372 4.02799987793
373 4.02699995041
374 3.97799992561
375 3.94600009918
376 3.93300008774
377 3.90499997139
378 3.88700008392
379 3.85500001907
380 3.82500004768
381 3.71099996567
382 3.63800001144
383 3.59299993515
384 3.55399990082
385 3.53600001335
386 3.5039999485
387 3.46700000763
388 3.43700003624
389 3.38899993896
390 3.37700009346
391 3.32899999619
392 3.31599998474
393 3.27200007439
394 3.26900005341
395 3.27099990845
396 3.29600000381
397 3.3259999752
398 3.36999988556
399 3.41599988937
400 3.43499994278
401 3.46799993515
402 3.51999998093
403 3.56999993324
404 3.6099998951
405 3.64800000191
406 3.6930000782
407 3.73699998856
408 3.7349998951
409 3.77699995041
410 3.8220000267
411 3.88700008392
412 3.94000005722
413 4.007999897
414 4.0720000267
415 4.11800003052
416 4.16400003433
417 4.24900007248
418 4.3140001297
419 4.37300014496
420 4.44299983978
421 4.52699995041
422 4.59800004959
423 4.65100002289
424 4.72900009155
425 4.80999994278
426 4.91400003433
427 5.02400016785
428 5.11899995804
429 5.21799993515
430 5.31199979782
431 5.41800022125
432 5.53399991989
433 5.63999986649
434 5.78000020981
435 5.88800001144
436 6.01900005341
437 6.15799999237
438 6.32800006866
439 6.48400020599
440 6.51700019836
441 6.60599994659
442 6.4279999733
443 3.08599996567
444 3.04500007629
445 3.04600000381
446 3.01799988747
447 3.01300001144
448 3.02900004387
449 3.0039999485
450 3.01900005341
451 3.01099991798
452 2.98399996758
453 2.98000001907
454 2.99000000954
455 2.96600008011
456 2.97399997711
457 2.96099996567
458 2.97399997711
459 2.9470000267
460 2.94899988174
461 2.94499993324
462 2.94499993324
463 2.93099999428
464 2.9279999733
465 2.94600009918
466 2.93300008774
467 2.92300009727
468 2.91100001335
469 2.92199993134
470 2.65400004387
471 2.66000008583
472 2.63000011444
473 2.64899992943
474 0.953999996185
475 0.716000020504
476 0.711000025272
477 0.926999986172
478 2.67199993134
479 2.64700007439
480 2.65300011635
481 2.66199994087
482 1.71000003815
483 1.25999999046
484 1.13900005817
485 1.11199998856
486 1.09800004959
487 1.11000001431
488 1.11000001431
489 1.11000001431
490 1.10099995136
491 1.15400004387
492 1.18499994278
493 1.17999994755
494 1.19000005722
495 1.18499994278
496 1.19799995422
497 1.19099998474
498 1.20899999142
499 1.20899999142
500 1.24300003052
501 1.24300003052
502 1.27100002766
503 1.31200003624
504 1.42100000381
505 1.36300003529
506 3.01699995995
507 3.03500008583
508 3.02699995041
509 3.01900005341
510 3.03800010681
511 3.04600000381
512 3.06100010872
513 3.08100008965
514 3.0759999752
515 3.07800006866
516 3.10599994659
517 3.10299992561
518 1.47599995136
519 1.35500001907
520 1.24899995327
521 1.24800002575
522 1.23699998856
523 1.21800005436
524 1.00600004196
525 0.919000029564
526 0.907999992371
527 1.17900002003
528 1.22000002861
529 1.21500003338
530 1.21399998665
531 1.2009999752
532 1.22599995136
533 1.22899997234
534 1.22300004959
535 1.23800003529
536 1.29400002956
537 2.93499994278
538 0.0
539 0.0
540 0.0
