0 4.52500009537
1 4.41300010681
2 4.4439997673
3 4.46600008011
4 4.50899982452
5 4.66200017929
6 4.6810002327
7 4.71299982071
8 4.74499988556
9 4.76900005341
10 4.80399990082
11 4.82700014114
12 4.85200023651
13 4.90500020981
14 4.92199993134
15 4.9359998703
16 4.82499980927
17 4.85699987411
18 4.88899993896
19 4.96999979019
20 5.14400005341
21 5.1890001297
22 5.23000001907
23 5.27099990845
24 5.3109998703
25 5.35099983215
26 5.40799999237
27 5.44299983978
28 5.49800014496
29 5.55900001526
30 5.59899997711
31 5.65700006485
32 5.67000007629
33 0.0
34 17.1509990692
35 17.1340007782
36 17.1420001984
37 0.0
38 0.0
39 0.0
40 17.2420005798
41 17.1630001068
42 17.063999176
43 17.017999649
44 16.5189990997
45 16.5550003052
46 16.5370006561
47 13.1730003357
48 13.0819997787
49 12.3299999237
50 11.9379997253
51 11.5989999771
52 11.6140003204
53 11.6289997101
54 11.6160001755
55 11.3459997177
56 10.9949998856
57 10.4370002747
58 10.1319999695
59 8.31000041962
60 8.35400009155
61 8.19400024414
62 7.91400003433
63 7.62599992752
64 7.4470000267
65 7.23600006104
66 7.05000019073
67 6.90799999237
68 6.79099988937
69 6.77699995041
70 6.79899978638
71 6.83300018311
72 6.86100006104
73 6.87400007248
74 6.80100011826
75 6.64499998093
76 6.52400016785
77 6.40199995041
78 6.26499986649
79 6.14400005341
80 5.22900009155
81 4.97300004959
82 4.84999990463
83 4.76700019836
84 4.69799995422
85 4.60799980164
86 4.52699995041
87 4.46400022507
88 4.40100002289
89 4.32800006866
90 4.27299976349
91 4.22100019455
92 4.17199993134
93 4.10900020599
94 4.04699993134
95 3.97699999809
96 3.92000007629
97 3.88599991798
98 3.84599995613
99 3.78699994087
100 3.77600002289
101 3.77900004387
102 3.82299995422
103 3.86100006104
104 3.88599991798
105 3.90000009537
106 3.93400001526
107 3.94499993324
108 3.93300008774
109 3.88800001144
110 3.85500001907
111 3.80900001526
112 3.7539999485
113 3.73099994659
114 3.69799995422
115 3.65899991989
116 3.61599993706
117 3.58599996567
118 3.57500004768
119 3.52900004387
120 3.50900006294
121 3.47900009155
122 3.44000005722
123 3.41799998283
124 3.40100002289
125 3.38400006294
126 3.43400001526
127 3.46000003815
128 3.49399995804
129 3.53299999237
130 3.55599999428
131 3.60500001907
132 3.66499996185
133 4.02600002289
134 4.0529999733
135 4.09499979019
136 4.13199996948
137 4.14300012589
138 4.19799995422
139 4.22700023651
140 4.23699998856
141 4.28800010681
142 4.29600000381
143 4.33500003815
144 4.39599990845
145 4.43300008774
146 4.46299982071
147 4.46500015259
148 4.50400018692
149 4.51499986649
150 4.53900003433
151 4.1890001297
152 4.30399990082
153 4.53999996185
154 3.24900007248
155 3.41599988937
156 4.72100019455
157 4.59499979019
158 4.55100011826
159 4.8140001297
160 4.83300018311
161 4.86999988556
162 4.90000009537
163 4.93300008774
164 4.96899986267
165 4.99100017548
166 5.02299976349
167 5.03800010681
168 3.15100002289
169 3.23200011253
170 3.36599993706
171 4.09899997711
172 4.92899990082
173 4.86499977112
174 4.84299993515
175 4.82399988174
176 4.82299995422
177 4.81500005722
178 4.82999992371
179 4.84600019455
180 4.87400007248
181 4.90000009537
182 4.81199979782
183 5.32100009918
184 5.46899986267
185 5.48199987411
186 5.49499988556
187 5.52099990845
188 4.61199998856
189 4.58300018311
190 5.5640001297
191 5.59999990463
192 3.64299988747
193 3.52300000191
194 4.05999994278
195 4.04199981689
196 5.69099998474
197 5.71299982071
198 5.71899986267
199 2.09100008011
200 2.0569999218
201 2.04800009727
202 2.03900003433
203 2.02099990845
204 2.02500009537
205 2.02099990845
206 2.02600002289
207 2.0150001049
208 2.03399991989
209 2.02099990845
210 2.03299999237
211 2.02200007439
212 2.01200008392
213 2.00600004196
214 2.02900004387
215 2.01999998093
216 2.02900004387
217 2.04699993134
218 2.03099989891
219 2.15000009537
220 1.23899996281
221 0.93599998951
222 0.884000003338
223 0.902999997139
224 1.00899994373
225 2.29200005531
226 2.27300000191
227 2.27500009537
228 2.26399993896
229 2.2460000515
230 2.28099989891
231 2.32100009918
232 2.30200004578
233 2.29699993134
234 2.31900000572
235 2.2990000248
236 2.34299993515
237 2.47300004959
238 2.51399993896
239 2.52399992943
240 6.23500013351
241 6.23299980164
242 6.22499990463
243 6.25699996948
244 6.24599981308
245 6.22499990463
246 6.22200012207
247 6.24900007248
248 6.23799991608
249 6.2610001564
250 6.25
251 6.27199983597
252 6.26300001144
253 6.28399991989
254 6.28599977493
255 6.257999897
256 6.25899982452
257 6.25199985504
258 6.25299978256
259 6.26000022888
260 6.25299978256
261 6.23500013351
262 6.23699998856
263 6.23999977112
264 6.22100019455
265 6.23999977112
266 6.22100019455
267 6.21999979019
268 6.21400022507
269 6.22599983215
270 6.21600008011
271 6.20800018311
272 6.21000003815
273 6.12599992752
274 5.84999990463
275 5.78000020981
276 5.757999897
277 5.73699998856
278 5.71199989319
279 5.72900009155
280 5.73999977112
281 5.77799987793
282 5.80700016022
283 5.93499994278
284 6.10099983215
285 6.08699989319
286 6.06599998474
287 6.0689997673
288 6.04500007629
289 6.03499984741
290 6.03200006485
291 6.00199985504
292 5.9889998436
293 5.97200012207
294 5.96000003815
295 5.92100000381
296 5.92299985886
297 5.92500019073
298 5.88999986649
299 5.87699985504
300 5.85599994659
301 5.83799982071
302 5.83099985123
303 5.83300018311
304 5.81300020218
305 5.80399990082
306 5.79600000381
307 5.76700019836
308 5.72599983215
309 5.71899986267
310 5.68699979782
311 5.6859998703
312 5.65500020981
313 5.62799978256
314 5.60799980164
315 5.59999990463
316 5.5689997673
317 5.54199981689
318 5.52099990845
319 5.34100008011
320 5.09700012207
321 5.46199989319
322 5.4470000267
323 5.44500017166
324 5.40999984741
325 5.39300012589
326 5.36899995804
327 5.33500003815
328 5.29799985886
329 4.38899993896
330 4.04799985886
331 4.11199998856
332 5.007999897
333 5.17000007629
334 5.13100004196
335 5.10900020599
336 5.10099983215
337 5.07700014114
338 5.04400014877
339 5.01599979401
340 4.95100021362
341 4.80900001526
342 4.95699977875
343 4.94099998474
344 4.91400003433
345 4.87599992752
346 4.83900022507
347 4.71999979019
348 4.5609998703
349 4.72700023651
350 4.69999980927
351 4.67500019073
352 4.64300012589
353 4.61299991608
354 4.59600019455
355 4.57499980927
356 4.29199981689
357 4.37900018692
358 4.46999979019
359 4.44500017166
360 4.4390001297
361 4.42199993134
362 4.39599990845
363 4.36899995804
364 4.30100011826
365 4.29500007629
366 4.22200012207
367 4.19899988174
368 4.15999984741
369 4.15500020981
370 4.09000015259
371 4.0689997673
372 4.0529999733
373 4.01300001144
374 3.99799990654
375 3.97600007057
376 3.9319999218
377 3.89700007439
378 3.88400006294
379 3.86100006104
380 3.84200000763
381 3.71900010109
382 3.65300011635
383 3.60800004005
384 3.56299996376
385 3.52200007439
386 3.50699996948
387 3.46099996567
388 3.41899991035
389 3.39400005341
390 3.37299990654
391 3.34800004959
392 3.31399989128
393 3.27500009537
394 3.26799988747
395 3.27900004387
396 3.31100010872
397 3.32399988174
398 3.36899995804
399 3.39599990845
400 3.4509999752
401 3.47900009155
402 3.5150001049
403 3.56399989128
404 3.58899998665
405 3.63100004196
406 3.69000005722
407 3.72699999809
408 3.73399996758
409 3.79500007629
410 3.82899999619
411 3.88199996948
412 3.92899990082
413 3.98799991608
414 4.0640001297
415 4.1139998436
416 4.18499994278
417 4.25199985504
418 4.3220000267
419 4.35400009155
420 4.4470000267
421 4.51800012589
422 4.59299993515
423 4.65700006485
424 4.73999977112
425 4.80999994278
426 4.90299987793
427 5.00899982452
428 5.10699987411
429 5.20800018311
430 5.31599998474
431 5.4279999733
432 5.51499986649
433 5.64900016785
434 5.76399993896
435 5.87900018692
436 6.01399993896
437 6.16900014877
438 6.30999994278
439 6.47399997711
440 6.50099992752
441 6.60799980164
442 6.43800020218
443 3.08800005913
444 3.04399991035
445 3.03999996185
446 3.02699995041
447 3.02099990845
448 3.01399993896
449 3.01699995995
450 2.99300003052
451 3.0
452 3.00200009346
453 2.99000000954
454 2.98900008202
455 2.98200011253
456 2.98000001907
457 2.97799992561
458 2.95799994469
459 2.95799994469
460 2.96799993515
461 2.9430000782
462 2.95900011063
463 2.93499994278
464 2.93600010872
465 2.9509999752
466 2.91899991035
467 2.93300008774
468 2.93600010872
469 2.91700005531
470 2.65599989891
471 2.64400005341
472 2.63499999046
473 2.64800000191
474 0.954999983311
475 0.721000015736
476 0.702000021935
477 0.924000024796
478 2.66000008583
479 2.65499997139
480 2.632999897
481 2.64100003242
482 2.63700008392
483 1.56599998474
484 1.25499999523
485 1.13900005817
486 1.10300004482
487 1.09000003338
488 1.08599996567
489 1.06799995899
490 1.07700002193
491 1.06799995899
492 1.09200000763
493 1.12600004673
494 1.16100001335
495 1.19400000572
496 1.2009999752
497 1.20399999619
498 1.18400001526
499 1.21700000763
500 1.21700000763
501 1.21500003338
502 1.23500001431
503 1.23500001431
504 1.32299995422
505 1.40100002289
506 1.6740000248
507 3.01099991798
508 3.01799988747
509 3.04600000381
510 3.04999995232
511 3.04200005531
512 3.05900001526
513 3.05999994278
514 3.05999994278
515 3.07899999619
516 3.09899997711
517 1.31500005722
518 1.44099998474
519 1.36300003529
520 1.26800000668
521 1.26199996471
522 1.24899995327
523 1.24300003052
524 1.00899994373
525 0.912999987602
526 0.93900001049
527 1.16600000858
528 1.19400000572
529 1.21800005436
530 1.20700001717
531 1.21399998665
532 1.13600003719
533 1.14600002766
534 1.13300001621
535 1.13999998569
536 1.14100003242
537 1.12800002098
538 1.13999998569
539 1.16700005531
540 3.54600000381
