0 4.52299976349
1 4.43499994278
2 4.43699979782
3 4.47399997711
4 4.52600002289
5 4.64499998093
6 4.67199993134
7 4.70499992371
8 4.75199985504
9 4.7610001564
10 4.79300022125
11 4.82899999619
12 4.85900020599
13 4.90299987793
14 4.92000007629
15 4.93400001526
16 4.84800004959
17 4.85500001907
18 4.88500022888
19 4.96999979019
20 5.1360001564
21 5.17700004578
22 5.22200012207
23 5.27600002289
24 5.31300020218
25 5.3639998436
26 5.40999984741
27 5.45200014114
28 5.50500011444
29 5.54600000381
30 5.59600019455
31 5.62200021744
32 5.67299985886
33 0.0
34 17.1490001678
35 17.1469993591
36 17.1620006561
37 0.0
38 0.0
39 0.0
40 17.2369995117
41 17.1679992676
42 17.0569992065
43 16.9960002899
44 16.5160007477
45 16.5380001068
46 16.517999649
47 13.1610002518
48 13.0729999542
49 12.3319997787
50 11.9280004501
51 11.5839996338
52 11.6049995422
53 11.6370000839
54 11.623000145
55 11.3470001221
56 10.9899997711
57 10.4650001526
58 10.107000351
59 8.31999969482
60 8.34300041199
61 8.20400047302
62 7.91400003433
63 7.64400005341
64 7.4470000267
65 7.23400020599
66 7.0720000267
67 6.89300012589
68 6.79699993134
69 6.77400016785
70 6.8060002327
71 6.83599996567
72 6.85900020599
73 6.86499977112
74 6.78800010681
75 6.64200019836
76 6.51300001144
77 6.38999986649
78 6.26800012589
79 6.15299987793
80 5.24499988556
81 4.97399997711
82 4.84499979019
83 4.75899982452
84 4.66900014877
85 4.60099983215
86 4.53499984741
87 4.47599983215
88 4.41699981689
89 4.30900001526
90 4.28100013733
91 4.23000001907
92 4.15399980545
93 4.09899997711
94 4.03900003433
95 3.96600008011
96 3.9279999733
97 3.89599990845
98 3.83699989319
99 3.80399990082
100 3.76600003242
101 3.81200003624
102 3.83899998665
103 3.84800004959
104 3.86100006104
105 3.91199994087
106 3.94899988174
107 3.96000003815
108 3.93000006676
109 3.89400005341
110 3.83800005913
111 3.80500006676
112 3.76799988747
113 3.73200011253
114 3.70199990273
115 3.66300010681
116 3.6289999485
117 3.60199999809
118 3.56599998474
119 3.53699994087
120 3.50699996948
121 3.48600006104
122 3.44600009918
123 3.41199994087
124 3.39599990845
125 3.39800000191
126 3.41700005531
127 3.46099996567
128 3.49699997902
129 3.52300000191
130 3.57100009918
131 3.62299990654
132 3.64800000191
133 4.00500011444
134 4.06599998474
135 4.08099985123
136 4.11100006104
137 4.15500020981
138 4.17899990082
139 4.20300006866
140 4.25899982452
141 4.27600002289
142 4.32700014114
143 4.32999992371
144 4.39499998093
145 4.40700006485
146 4.45399999619
147 4.492000103
148 4.5110001564
149 4.53499984741
150 4.54699993134
151 4.19899988174
152 4.29699993134
153 4.59100008011
154 3.27500009537
155 3.39899992943
156 4.71099996567
157 4.60200023651
158 4.5560002327
159 4.81699991226
160 4.83400011063
161 4.87599992752
162 4.90000009537
163 4.92899990082
164 4.95800018311
165 4.99100017548
166 5.0110001564
167 5.04199981689
168 3.15799999237
169 3.23099994659
170 3.36800003052
171 4.11000013351
172 4.92500019073
173 4.86999988556
174 4.85400009155
175 4.84299993515
176 4.81699991226
177 4.83500003815
178 4.83699989319
179 4.85799980164
180 4.867000103
181 4.90500020981
182 4.8109998703
183 5.32800006866
184 5.46799993515
185 5.47900009155
186 5.49599981308
187 5.52199983597
188 4.60699987411
189 4.59600019455
190 5.56699991226
191 5.59100008011
192 3.632999897
193 3.51999998093
194 4.0720000267
195 4.04799985886
196 5.68200016022
197 5.70499992371
198 5.74300003052
199 2.07800006866
200 2.06500005722
201 2.03800010681
202 2.02300000191
203 2.0150001049
204 2.01999998093
205 2.03399991989
206 2.02399992943
207 2.02600002289
208 2.01799988747
209 2.01900005341
210 2.01099991798
211 2.00600004196
212 2.01099991798
213 2.01200008392
214 2.02900004387
215 2.00999999046
216 2.01900005341
217 2.03200006485
218 2.02300000191
219 2.15400004387
220 1.2539999485
221 0.930999994278
222 0.89200001955
223 0.894999980927
224 1.00899994373
225 2.26699995995
226 2.257999897
227 2.25500011444
228 2.25200009346
229 2.24799990654
230 2.28900003433
231 2.31399989128
232 2.31999993324
233 2.28500008583
234 2.28500008583
235 2.29699993134
236 2.34899997711
237 2.47000002861
238 2.53800010681
239 2.53299999237
240 6.23999977112
241 6.23299980164
242 6.22700023651
243 6.23099994659
244 6.22499990463
245 6.23099994659
246 6.22700023651
247 6.24300003052
248 6.24499988556
249 6.24900007248
250 6.26999998093
251 6.26700019836
252 6.27500009537
253 6.25699996948
254 6.29500007629
255 6.26599979401
256 6.28000020981
257 6.25600004196
258 6.25
259 6.26499986649
260 6.25500011444
261 6.22900009155
262 6.21899986267
263 6.22800016403
264 6.2389998436
265 6.22499990463
266 6.21899986267
267 6.20300006866
268 6.23000001907
269 6.20800018311
270 6.20699977875
271 6.21299982071
272 6.20100021362
273 6.12699985504
274 5.85300016403
275 5.79899978638
276 5.76200008392
277 5.73500013351
278 5.73299980164
279 5.72200012207
280 5.74100017548
281 5.76399993896
282 5.80399990082
283 5.94799995422
284 6.09200000763
285 6.09100008011
286 6.07999992371
287 6.05999994278
288 6.05800008774
289 6.05200004578
290 6.01499986649
291 5.99900007248
292 6.007999897
293 5.97800016403
294 5.96000003815
295 5.94299983978
296 5.92500019073
297 5.91099977493
298 5.89499998093
299 5.86299991608
300 5.87200021744
301 5.85200023651
302 5.83400011063
303 5.82299995422
304 5.82700014114
305 5.78999996185
306 5.79400014877
307 5.76200008392
308 5.73000001907
309 5.72599983215
310 5.69999980927
311 5.67700004578
312 5.65500020981
313 5.61299991608
314 5.61199998856
315 5.58699989319
316 5.57000017166
317 5.53100013733
318 5.51999998093
319 5.31599998474
320 5.09899997711
321 5.46299982071
322 5.4359998703
323 5.43300008774
324 5.42399978638
325 5.38500022888
326 5.36199998856
327 5.3140001297
328 5.30000019073
329 4.36299991608
330 4.0529999733
331 4.12400007248
332 5.00699996948
333 5.17000007629
334 5.14499998093
335 5.12099981308
336 5.09399986267
337 5.06599998474
338 5.04899978638
339 5.02600002289
340 4.9470000267
341 4.80700016022
342 4.95599985123
343 4.94600009918
344 4.90799999237
345 4.88000011444
346 4.83799982071
347 4.69000005722
348 4.53999996185
349 4.74399995804
350 4.70599985123
351 4.66699981689
352 4.65100002289
353 4.62400007248
354 4.59700012207
355 4.5689997673
356 4.3109998703
357 4.34999990463
358 4.47900009155
359 4.46600008011
360 4.4439997673
361 4.42100000381
362 4.37099981308
363 4.36100006104
364 4.31599998474
365 4.29699993134
366 4.26000022888
367 4.1970000267
368 4.16699981689
369 4.14799976349
370 4.11899995804
371 4.08300018311
372 4.0529999733
373 4.01900005341
374 3.97499990463
375 3.95499992371
376 3.91700005531
377 3.8900001049
378 3.88800001144
379 3.85599994659
380 3.82800006866
381 3.72199988365
382 3.63100004196
383 3.58599996567
384 3.56999993324
385 3.52999997139
386 3.50999999046
387 3.45199990273
388 3.43499994278
389 3.39299988747
390 3.37400007248
391 3.34400010109
392 3.29699993134
393 3.29099988937
394 3.26699995995
395 3.25500011444
396 3.30599999428
397 3.33699989319
398 3.37400007248
399 3.39899992943
400 3.44899988174
401 3.48699998856
402 3.53399991989
403 3.56200003624
404 3.59400010109
405 3.64499998093
406 3.69400000572
407 3.71700000763
408 3.74900007248
409 3.78399991989
410 3.84599995613
411 3.8789999485
412 3.94600009918
413 4.00099992752
414 4.06500005722
415 4.13399982452
416 4.18800020218
417 4.25600004196
418 4.3060002327
419 4.35900020599
420 4.45699977875
421 4.52799987793
422 4.60300016403
423 4.66400003433
424 4.7389998436
425 4.81199979782
426 4.90299987793
427 5.01300001144
428 5.1139998436
429 5.21700000763
430 5.30900001526
431 5.41400003433
432 5.53399991989
433 5.64499998093
434 5.77600002289
435 5.90000009537
436 6.00899982452
437 6.14400005341
438 6.31599998474
439 6.47499990463
440 6.51399993896
441 6.60099983215
442 6.43800020218
443 3.0720000267
444 3.05399990082
445 3.04999995232
446 3.04399991035
447 3.03099989891
448 3.00699996948
449 3.00300002098
450 3.0039999485
451 2.98699998856
452 2.99699997902
453 2.99000000954
454 2.96600008011
455 2.96499991417
456 2.97499990463
457 2.95499992371
458 2.97600007057
459 2.97300004959
460 2.97099995613
461 2.94400000572
462 2.94499993324
463 2.93600010872
464 2.9279999733
465 2.94099998474
466 2.92899990082
467 2.93400001526
468 2.92199993134
469 2.91499996185
470 2.68000006676
471 2.62599992752
472 2.65700006485
473 2.65499997139
474 0.943000018597
475 0.698000013828
476 0.702000021935
477 0.92199999094
478 2.66000008583
479 2.64800000191
480 2.64800000191
481 2.65499997139
482 2.617000103
483 1.29600000381
484 1.16499996185
485 1.09200000763
486 1.10300004482
487 1.09399998188
488 1.08399999142
489 1.08299994469
490 1.08399999142
491 1.10099995136
492 1.16199994087
493 1.18099999428
494 1.16600000858
495 1.17900002003
496 1.17700004578
497 1.1970000267
498 1.19900000095
499 1.19799995422
500 1.1970000267
501 1.22399997711
502 1.25300002098
503 1.26300001144
504 1.3789999485
505 1.5759999752
506 3.01999998093
507 3.01099991798
508 3.03099989891
509 3.04200005531
510 3.02999997139
511 3.03500008583
512 3.05500006676
513 3.07500004768
514 3.07100009918
515 3.07500004768
516 3.10199999809
517 3.10700011253
518 1.45500004292
519 1.35199999809
520 1.25899994373
521 1.23899996281
522 1.23099994659
523 1.22500002384
524 0.998000025749
525 0.916000008583
526 0.925000011921
527 1.18599998951
528 1.22300004959
529 1.20799994469
530 1.16600000858
531 1.15799999237
532 1.13600003719
533 1.15600001812
534 1.15400004387
535 1.14600002766
536 1.18200004101
537 1.19400000572
538 0.0
539 0.0
540 0.0
