0 4.53299999237
1 4.43699979782
2 4.43200016022
3 4.48099994659
4 4.54500007629
5 4.64900016785
6 4.68300008774
7 4.71199989319
8 4.73099994659
9 4.76499986649
10 4.80700016022
11 4.83300018311
12 4.86800003052
13 4.89400005341
14 4.92899990082
15 4.93800020218
16 4.82899999619
17 4.84899997711
18 4.88399982452
19 4.97800016403
20 5.15299987793
21 5.19299983978
22 5.21799993515
23 5.26800012589
24 5.31699991226
25 5.36299991608
26 5.40799999237
27 5.45699977875
28 5.49700021744
29 5.54500007629
30 5.60300016403
31 5.64699983597
32 5.69600009918
33 0.0
34 17.1560001373
35 17.1450004578
36 17.156999588
37 0.0
38 0.0
39 0.0
40 17.2350006104
41 17.1690006256
42 17.0690002441
43 17.013999939
44 16.5170001984
45 16.5389995575
46 16.5270004272
47 13.1639995575
48 13.1009998322
49 12.3479995728
50 11.9169998169
51 11.5889997482
52 11.6169996262
53 11.6450004578
54 11.609000206
55 11.343000412
56 11.0129995346
57 10.4849996567
58 10.1140003204
59 8.31999969482
60 8.34099960327
61 8.21500015259
62 7.92299985886
63 7.63899993896
64 7.45100021362
65 7.22800016403
66 7.0640001297
67 6.88800001144
68 6.79099988937
69 6.79199981689
70 6.82100009918
71 6.82899999619
72 6.86100006104
73 6.882999897
74 6.80100011826
75 6.63999986649
76 6.5110001564
77 6.40399980545
78 6.26200008392
79 6.15399980545
80 5.22599983215
81 4.96400022507
82 4.86000013351
83 4.76300001144
84 4.68300008774
85 4.60900020599
86 4.54699993134
87 4.48600006104
88 4.40700006485
89 4.34600019455
90 4.27099990845
91 4.20100021362
92 4.15700006485
93 4.11600017548
94 4.02400016785
95 3.99000000954
96 3.9430000782
97 3.89599990845
98 3.82899999619
99 3.80200004578
100 3.76799988747
101 3.77500009537
102 3.8029999733
103 3.84599995613
104 3.88800001144
105 3.91000008583
106 3.93000006676
107 3.97600007057
108 3.92499995232
109 3.89700007439
110 3.84100008011
111 3.80399990082
112 3.76300001144
113 3.72099995613
114 3.70499992371
115 3.66799998283
116 3.63100004196
117 3.59400010109
118 3.56500005722
119 3.53699994087
120 3.50200009346
121 3.47499990463
122 3.44499993324
123 3.40799999237
124 3.40700006485
125 3.40000009537
126 3.43700003624
127 3.46199989319
128 3.49900007248
129 3.53600001335
130 3.56200003624
131 3.60800004005
132 3.66700005531
133 4.04199981689
134 4.07499980927
135 4.10500001907
136 4.117000103
137 4.132999897
138 4.19099998474
139 4.23099994659
140 4.24300003052
141 4.29500007629
142 4.29899978638
143 4.3639998436
144 4.38500022888
145 4.42600011826
146 4.45399999619
147 4.49100017548
148 4.507999897
149 4.53900003433
150 4.5609998703
151 4.21400022507
152 4.29199981689
153 4.60200023651
154 3.27800011635
155 3.43000006676
156 4.71500015259
157 4.60400009155
158 4.54899978638
159 4.80100011826
160 4.82999992371
161 4.87099981308
162 4.90100002289
163 4.93400001526
164 4.96299982071
165 4.99100017548
166 5.02500009537
167 5.04899978638
168 3.13199996948
169 3.25099992752
170 3.3710000515
171 4.1139998436
172 4.92199993134
173 4.88100004196
174 4.84800004959
175 4.84200000763
176 4.84399986267
177 4.82800006866
178 4.83699989319
179 4.85799980164
180 4.87699985504
181 4.91200017929
182 4.81599998474
183 5.32399988174
184 5.47300004959
185 5.47800016403
186 5.50400018692
187 5.51300001144
188 4.60699987411
189 4.57800006866
190 5.55499982834
191 5.59399986267
192 3.6400001049
193 3.53500008583
194 4.07899999619
195 4.04500007629
196 5.70100021362
197 5.72100019455
198 5.72300004959
199 2.0759999752
200 2.06699991226
201 2.04699993134
202 2.03900003433
203 2.03900003433
204 2.04099988937
205 2.03999996185
206 2.03200006485
207 2.02600002289
208 2.00900006294
209 2.0150001049
210 2.01099991798
211 2.00600004196
212 2.01099991798
213 2.03399991989
214 2.03200006485
215 2.02699995041
216 2.02800011635
217 2.03399991989
218 2.02999997139
219 2.14400005341
220 1.24399995804
221 0.927999973297
222 0.876999974251
223 0.885999977589
224 1.01199996471
225 2.27800011635
226 2.26999998093
227 2.25699996948
228 2.25600004196
229 2.26699995995
230 2.28999996185
231 2.33699989319
232 2.3220000267
233 2.2990000248
234 2.28200006485
235 2.3029999733
236 2.35599994659
237 2.46399998665
238 2.53800010681
239 2.54099988937
240 6.24900007248
241 6.24300003052
242 6.22300004959
243 6.22900009155
244 6.23199987411
245 6.23799991608
246 6.22800016403
247 6.25600004196
248 6.24399995804
249 6.25600004196
250 6.26800012589
251 6.26900005341
252 6.25500011444
253 6.26499986649
254 6.27899980545
255 6.26800012589
256 6.27699995041
257 6.26300001144
258 6.26900005341
259 6.26599979401
260 6.24700021744
261 6.21600008011
262 6.242000103
263 6.23199987411
264 6.23000001907
265 6.21700000763
266 6.21500015259
267 6.23699998856
268 6.22900009155
269 6.23799991608
270 6.21400022507
271 6.23199987411
272 6.21199989319
273 6.11899995804
274 5.83599996567
275 5.79199981689
276 5.76499986649
277 5.73799991608
278 5.72900009155
279 5.73099994659
280 5.75600004196
281 5.77600002289
282 5.81500005722
283 5.96299982071
284 6.08500003815
285 6.09200000763
286 6.0720000267
287 6.08099985123
288 6.04799985886
289 6.03800010681
290 6.02199983597
291 6.02199983597
292 6.00099992752
293 5.99100017548
294 5.97200012207
295 5.93300008774
296 5.92999982834
297 5.91699981689
298 5.89699983597
299 5.867000103
300 5.8639998436
301 5.84899997711
302 5.84600019455
303 5.82899999619
304 5.81199979782
305 5.80000019073
306 5.79899978638
307 5.76999998093
308 5.74300003052
309 5.72200012207
310 5.70900011063
311 5.6810002327
312 5.65700006485
313 5.63999986649
314 5.60699987411
315 5.59200000763
316 5.56500005722
317 5.53700017929
318 5.507999897
319 5.32700014114
320 5.09600019455
321 5.44799995422
322 5.4470000267
323 5.4390001297
324 5.41300010681
325 5.39799976349
326 5.36600017548
327 5.33199977875
328 5.3109998703
329 4.37200021744
330 4.06500005722
331 4.12300014496
332 5.02199983597
333 5.17199993134
334 5.14799976349
335 5.12400007248
336 5.09399986267
337 5.07100009918
338 5.04199981689
339 5.02600002289
340 4.95699977875
341 4.8140001297
342 4.94999980927
343 4.94299983978
344 4.90600013733
345 4.88000011444
346 4.83900022507
347 4.69899988174
348 4.55900001526
349 4.72599983215
350 4.70699977875
351 4.69099998474
352 4.65799999237
353 4.61600017548
354 4.60500001907
355 4.5609998703
356 4.31799983978
357 4.36800003052
358 4.48400020599
359 4.45900011063
360 4.44000005722
361 4.41499996185
362 4.38500022888
363 4.36999988556
364 4.33599996567
365 4.28499984741
366 4.25600004196
367 4.19600009918
368 4.16400003433
369 4.13899993896
370 4.12599992752
371 4.08400011063
372 4.05399990082
373 4.02400016785
374 4.0
375 3.96900010109
376 3.94199991226
377 3.91599988937
378 3.88199996948
379 3.85199999809
380 3.81299996376
381 3.73099994659
382 3.61999988556
383 3.59299993515
384 3.5680000782
385 3.53999996185
386 3.49699997902
387 3.47300004959
388 3.42199993134
389 3.40700006485
390 3.36199998856
391 3.35299992561
392 3.32299995422
393 3.27800011635
394 3.26600003242
395 3.26900005341
396 3.2990000248
397 3.33200001717
398 3.36199998856
399 3.40400004387
400 3.44400000572
401 3.47399997711
402 3.52999997139
403 3.56599998474
404 3.60500001907
405 3.64899992943
406 3.67499995232
407 3.74000000954
408 3.75099992752
409 3.78600001335
410 3.83200001717
411 3.88499999046
412 3.94600009918
413 4.007999897
414 4.0609998703
415 4.13000011444
416 4.16400003433
417 4.25899982452
418 4.30999994278
419 4.382999897
420 4.42299985886
421 4.51700019836
422 4.59899997711
423 4.65700006485
424 4.7389998436
425 4.82499980927
426 4.90799999237
427 5.02099990845
428 5.11999988556
429 5.21199989319
430 5.32299995422
431 5.42700004578
432 5.52299976349
433 5.64799976349
434 5.76900005341
435 5.88899993896
436 6.02899980545
437 6.16499996185
438 6.30499982834
439 6.46899986267
440 6.49100017548
441 6.60400009155
442 6.492000103
443 3.08500003815
444 3.04500007629
445 3.06100010872
446 3.04399991035
447 3.01799988747
448 3.02699995041
449 3.02200007439
450 3.01900005341
451 2.99799990654
452 3.00600004196
453 2.97900009155
454 2.98600006104
455 2.96799993515
456 2.95600008965
457 2.98399996758
458 2.97099995613
459 2.9509999752
460 2.95799994469
461 2.95300006866
462 2.9509999752
463 2.94099998474
464 2.95199990273
465 2.93400001526
466 2.9470000267
467 2.9279999733
468 2.9319999218
469 2.91799998283
470 2.67100000381
471 2.64899992943
472 2.65000009537
473 2.64299988747
474 0.931999981403
475 0.727999985218
476 0.717000007629
477 0.934000015259
478 2.66100001335
479 2.66300010681
480 2.65000009537
481 2.47399997711
482 1.28499996662
483 1.18499994278
484 1.11199998856
485 1.11699998379
486 1.08899998665
487 1.09200000763
488 1.10500001907
489 1.10800004005
490 1.1289999485
491 1.15100002289
492 1.19200003147
493 1.17599999905
494 1.19400000572
495 1.20700001717
496 1.20700001717
497 1.21399998665
498 1.22200000286
499 1.22000002861
500 1.2460000515
501 1.25300002098
502 1.25699996948
503 1.39499998093
504 1.62300002575
505 3.0150001049
506 3.02500009537
507 3.01999998093
508 3.02800011635
509 3.03399991989
510 3.06100010872
511 3.06200003624
512 3.0720000267
513 3.05200004578
514 3.07800006866
515 3.08599996567
516 1.36800003052
517 1.45700001717
518 1.36500000954
519 1.27900004387
520 1.24000000954
521 1.26699995995
522 1.22399997711
523 1.24800002575
524 0.999000012875
525 0.911000013351
526 0.931999981403
527 1.19599997997
528 1.23300004005
529 1.23199999332
530 1.17999994755
531 1.17700004578
532 1.17599999905
533 1.15400004387
534 1.1740000248
535 1.18099999428
536 1.19200003147
537 1.2159999609
538 0.0
539 0.0
540 0.0
