0 4.51200008392
1 4.44299983978
2 4.44799995422
3 4.47900009155
4 4.54099988937
5 4.65000009537
6 4.68800020218
7 4.71400022507
8 4.7389998436
9 4.77799987793
10 4.78900003433
11 4.82299995422
12 4.86100006104
13 4.89400005341
14 4.93499994278
15 4.9310002327
16 4.84700012207
17 4.84700012207
18 4.87900018692
19 4.97300004959
20 5.15299987793
21 5.1890001297
22 5.22900009155
23 5.28200006485
24 5.31699991226
25 5.35799980164
26 5.40999984741
27 5.45300006866
28 5.50099992752
29 5.55200004578
30 5.59499979019
31 5.64099979401
32 5.66599988937
33 0.0
34 17.1520004272
35 17.1420001984
36 17.138999939
37 0.0
38 0.0
39 0.0
40 17.2479991913
41 17.1749992371
42 17.0720005035
43 17.0
44 16.513999939
45 16.5359992981
46 16.5340003967
47 13.1780004501
48 13.0909996033
49 12.3459997177
50 11.9409999847
51 11.595000267
52 11.607000351
53 11.6319999695
54 11.6099996567
55 11.3369998932
56 11.0010004044
57 10.4689998627
58 10.111000061
59 8.30500030518
60 8.33100032806
61 8.19999980927
62 7.92500019073
63 7.63500022888
64 7.4390001297
65 7.23600006104
66 7.06300020218
67 6.90199995041
68 6.79500007629
69 6.77500009537
70 6.79099988937
71 6.83500003815
72 6.86100006104
73 6.87200021744
74 6.79699993134
75 6.65199995041
76 6.50699996948
77 6.40000009537
78 6.27500009537
79 6.15199995041
80 5.24900007248
81 4.97599983215
82 4.84999990463
83 4.77899980545
84 4.6779999733
85 4.58699989319
86 4.53499984741
87 4.47900009155
88 4.41699981689
89 4.33900022507
90 4.28000020981
91 4.19799995422
92 4.15899991989
93 4.11999988556
94 4.04199981689
95 3.992000103
96 3.93400001526
97 3.90100002289
98 3.85500001907
99 3.7990000248
100 3.76300001144
101 3.80599999428
102 3.82299995422
103 3.83800005913
104 3.87700009346
105 3.90400004387
106 3.93799996376
107 3.97000002861
108 3.91000008583
109 3.88000011444
110 3.82699990273
111 3.79299998283
112 3.76999998093
113 3.73600006104
114 3.6930000782
115 3.64599990845
116 3.62700009346
117 3.58999991417
118 3.5680000782
119 3.52999997139
120 3.50500011444
121 3.48000001907
122 3.43899989128
123 3.42899990082
124 3.40799999237
125 3.38800001144
126 3.42300009727
127 3.46199989319
128 3.49399995804
129 3.52600002289
130 3.56699991226
131 3.62299990654
132 3.67199993134
133 4.03800010681
134 4.06300020218
135 4.10300016403
136 4.10200023651
137 4.16800022125
138 4.17700004578
139 4.20499992371
140 4.23799991608
141 4.28599977493
142 4.32399988174
143 4.35799980164
144 4.36999988556
145 4.41400003433
146 4.46199989319
147 4.48699998856
148 4.50299978256
149 4.52699995041
150 4.53700017929
151 4.21600008011
152 4.30900001526
153 4.61600017548
154 3.27600002289
155 3.42100000381
156 4.72100019455
157 4.60500001907
158 4.56599998474
159 4.80200004578
160 4.82499980927
161 4.85599994659
162 4.89499998093
163 4.93200016022
164 4.96899986267
165 4.99800014496
166 5.02600002289
167 5.03200006485
168 3.15899991989
169 3.22900009155
170 3.36400008202
171 4.10799980164
172 4.92999982834
173 4.87300014496
174 4.85300016403
175 4.84399986267
176 4.8220000267
177 4.83300018311
178 4.82700014114
179 4.85500001907
180 4.86899995804
181 4.90700006485
182 4.8140001297
183 5.31599998474
184 5.47100019455
185 5.4889998436
186 5.507999897
187 5.52299976349
188 4.61800003052
189 4.57999992371
190 5.55999994278
191 5.59100008011
192 3.63400006294
193 3.53399991989
194 4.07899999619
195 4.06699991226
196 5.70599985123
197 5.70599985123
198 5.73199987411
199 2.07399988174
200 2.05500006676
201 2.04500007629
202 2.04200005531
203 2.03999996185
204 2.02800011635
205 2.01600003242
206 2.01600003242
207 2.01799988747
208 2.01900005341
209 2.0150001049
210 2.02500009537
211 2.02699995041
212 2.03200006485
213 2.02999997139
214 2.00900006294
215 2.00999999046
216 2.01300001144
217 2.01300001144
218 2.04299998283
219 2.15899991989
220 1.23300004005
221 0.930000007153
222 0.888999998569
223 0.884999990463
224 0.996999979019
225 2.26399993896
226 2.28699994087
227 2.27900004387
228 2.2539999485
229 2.26699995995
230 2.28299999237
231 2.3069999218
232 2.31900000572
233 2.28299999237
234 2.30900001526
235 2.30100011826
236 2.35700011253
237 2.47699999809
238 2.53299999237
239 2.52699995041
240 6.23799991608
241 6.23299980164
242 6.22399997711
243 6.22900009155
244 6.24599981308
245 6.22599983215
246 6.2389998436
247 6.25699996948
248 6.24300003052
249 6.23699998856
250 6.24300003052
251 6.25400018692
252 6.26599979401
253 6.28399991989
254 6.26399993896
255 6.25500011444
256 6.26300001144
257 6.26800012589
258 6.24300003052
259 6.23199987411
260 6.25
261 6.24499988556
262 6.24100017548
263 6.22900009155
264 6.23699998856
265 6.22399997711
266 6.22399997711
267 6.21400022507
268 6.22200012207
269 6.21299982071
270 6.21500015259
271 6.19999980927
272 6.21600008011
273 6.15299987793
274 5.85599994659
275 5.79799985886
276 5.75199985504
277 5.75099992752
278 5.72900009155
279 5.71799993515
280 5.74800014496
281 5.77199983597
282 5.80900001526
283 5.93699979782
284 6.08599996567
285 6.07499980927
286 6.05700016022
287 6.05200004578
288 6.05499982834
289 6.04600000381
290 6.03499984741
291 5.99399995804
292 6.00699996948
293 5.96999979019
294 5.95399999619
295 5.94500017166
296 5.92399978638
297 5.90899991989
298 5.89799976349
299 5.882999897
300 5.87099981308
301 5.85300016403
302 5.83500003815
303 5.82700014114
304 5.8109998703
305 5.78599977493
306 5.79799985886
307 5.78200006485
308 5.75
309 5.72599983215
310 5.70399999619
311 5.66699981689
312 5.65000009537
313 5.62400007248
314 5.61100006104
315 5.59100008011
316 5.55700016022
317 5.55000019073
318 5.52600002289
319 5.32399988174
320 5.10200023651
321 5.46400022507
322 5.45200014114
323 5.42299985886
324 5.40999984741
325 5.38899993896
326 5.36600017548
327 5.32600021362
328 5.29099988937
329 4.37799978256
330 4.05000019073
331 4.11999988556
332 5.02400016785
333 5.15500020981
334 5.13800001144
335 5.11600017548
336 5.09800004959
337 5.06599998474
338 5.04699993134
339 5.01599979401
340 4.94899988174
341 4.83599996567
342 4.96000003815
343 4.94099998474
344 4.90799999237
345 4.86800003052
346 4.83400011063
347 4.69500017166
348 4.5560002327
349 4.73400020599
350 4.72200012207
351 4.68400001526
352 4.64799976349
353 4.61299991608
354 4.59499979019
355 4.56799983978
356 4.32100009918
357 4.35799980164
358 4.49900007248
359 4.46500015259
360 4.44999980927
361 4.41900014877
362 4.38100004196
363 4.36600017548
364 4.31199979782
365 4.28900003433
366 4.24300003052
367 4.20499992371
368 4.18800020218
369 4.15299987793
370 4.11499977112
371 4.07000017166
372 4.03299999237
373 4.00600004196
374 3.97499990463
375 3.97300004959
376 3.94000005722
377 3.91400003433
378 3.88499999046
379 3.84899997711
380 3.82399988174
381 3.71099996567
382 3.65199995041
383 3.59999990463
384 3.5569999218
385 3.53699994087
386 3.50099992752
387 3.46600008011
388 3.4279999733
389 3.40899991989
390 3.36100006104
391 3.33500003815
392 3.29399991035
393 3.28099989891
394 3.26399993896
395 3.27699995041
396 3.30100011826
397 3.32399988174
398 3.36400008202
399 3.40100002289
400 3.4509999752
401 3.46799993515
402 3.52900004387
403 3.57100009918
404 3.60700011253
405 3.64400005341
406 3.68499994278
407 3.71600008011
408 3.72900009155
409 3.77699995041
410 3.83899998665
411 3.88800001144
412 3.91700005531
413 3.97699999809
414 4.06300020218
415 4.10300016403
416 4.16599988937
417 4.25699996948
418 4.31699991226
419 4.38800001144
420 4.45399999619
421 4.53100013733
422 4.59100008011
423 4.65500020981
424 4.74499988556
425 4.8109998703
426 4.91200017929
427 5.01900005341
428 5.11299991608
429 5.20499992371
430 5.31799983978
431 5.41699981689
432 5.53499984741
433 5.63800001144
434 5.75699996948
435 5.88999986649
436 6.02899980545
437 6.16400003433
438 6.32000017166
439 6.47800016403
440 6.49300003052
441 6.60200023651
442 6.47100019455
443 3.0759999752
444 3.05800008774
445 3.02699995041
446 3.02500009537
447 3.02500009537
448 3.02999997139
449 3.00500011444
450 3.007999897
451 2.99699997902
452 2.98000001907
453 2.97699999809
454 2.97199988365
455 2.99000000954
456 2.96700000763
457 2.97399997711
458 2.95700001717
459 2.95499992371
460 2.97199988365
461 2.94899988174
462 2.93899989128
463 2.94499993324
464 2.94099998474
465 2.92600011826
466 2.92100000381
467 2.91700005531
468 2.92899990082
469 2.91199994087
470 2.67499995232
471 2.65700006485
472 2.64100003242
473 2.65499997139
474 0.941999971867
475 0.70300000906
476 0.697000026703
477 0.931999981403
478 2.65199995041
479 2.65599989891
480 2.65100002289
481 2.66199994087
482 2.65599989891
483 1.54799997807
484 1.24699997902
485 1.14800000191
486 1.11199998856
487 1.09300005436
488 1.0870000124
489 1.07500004768
490 1.07700002193
491 1.08399999142
492 1.10599994659
493 1.12600004673
494 1.18200004101
495 1.18299996853
496 1.20200002193
497 1.21399998665
498 1.20500004292
499 1.20799994469
500 1.22000002861
501 1.20200002193
502 1.22200000286
503 1.2539999485
504 1.29700005054
505 1.38699996471
506 1.62399995327
507 3.01799988747
508 3.01799988747
509 3.01999998093
510 3.05200004578
511 3.06299996376
512 3.04800009727
513 3.0759999752
514 3.07399988174
515 3.07699990273
516 3.09299993515
517 1.32400000095
518 1.4279999733
519 1.34000003338
520 1.27600002289
521 1.26300001144
522 1.25300002098
523 1.23199999332
524 0.991999983788
525 0.908999979496
526 0.919000029564
527 1.18799996376
528 1.21000003815
529 1.2159999609
530 1.21000003815
531 1.18499994278
532 1.13399994373
533 1.14600002766
534 1.12600004673
535 1.13800001144
536 1.14600002766
537 1.1289999485
538 1.13900005817
539 1.15400004387
540 3.54600000381
