0 4.52299976349
1 4.42000007629
2 4.45800018311
3 4.4470000267
4 4.53000020981
5 4.64799976349
6 4.66499996185
7 4.71400022507
8 4.74599981308
9 4.77500009537
10 4.79699993134
11 4.82499980927
12 4.86000013351
13 4.90100002289
14 4.92700004578
15 4.9279999733
16 4.82800006866
17 4.84200000763
18 4.89599990845
19 4.96600008011
20 5.14099979401
21 5.19299983978
22 5.22900009155
23 5.27299976349
24 5.30999994278
25 5.34700012207
26 5.41400003433
27 5.45300006866
28 5.49100017548
29 5.55499982834
30 5.59499979019
31 5.64799976349
32 5.67000007629
33 0.0
34 17.1509990692
35 17.1469993591
36 17.1599998474
37 0.0
38 0.0
39 0.0
40 17.2329998016
41 17.1560001373
42 17.0569992065
43 17.0160007477
44 16.5230007172
45 16.5410003662
46 16.5149993896
47 13.1730003357
48 13.0860004425
49 12.3529996872
50 11.9469995499
51 11.5989999771
52 11.5909996033
53 11.6300001144
54 11.6309995651
55 11.3459997177
56 10.9940004349
57 10.4630002975
58 10.1160001755
59 8.36600017548
60 8.34500026703
61 8.21000003815
62 7.90500020981
63 7.64599990845
64 7.44999980927
65 7.23500013351
66 7.06799983978
67 6.90799999237
68 6.78900003433
69 6.78200006485
70 6.8060002327
71 6.82299995422
72 6.85900020599
73 6.87900018692
74 6.78800010681
75 6.64099979401
76 6.52299976349
77 6.38399982452
78 6.26800012589
79 6.14900016785
80 5.22800016403
81 4.96500015259
82 4.86000013351
83 4.76800012589
84 4.68200016022
85 4.60900020599
86 4.53999996185
87 4.48500013351
88 4.41800022125
89 4.34399986267
90 4.27400016785
91 4.21999979019
92 4.16099977493
93 4.09399986267
94 4.02600002289
95 3.98600006104
96 3.94400000572
97 3.89299988747
98 3.84899997711
99 3.79699993134
100 3.76200008392
101 3.7990000248
102 3.8029999733
103 3.84500002861
104 3.88199996948
105 3.92300009727
106 3.9430000782
107 3.96499991417
108 3.90599989891
109 3.87599992752
110 3.84299993515
111 3.80500006676
112 3.75699996948
113 3.71900010109
114 3.70000004768
115 3.66199994087
116 3.64100003242
117 3.59999990463
118 3.55999994278
119 3.52800011635
120 3.51099991798
121 3.47799992561
122 3.45300006866
123 3.41400003433
124 3.40799999237
125 3.39599990845
126 3.43600010872
127 3.46300005913
128 3.49399995804
129 3.53500008583
130 3.56599998474
131 3.60299992561
132 3.67899990082
133 4.03000020981
134 4.07499980927
135 4.09299993515
136 4.10900020599
137 4.13899993896
138 4.16499996185
139 4.20800018311
140 4.24900007248
141 4.28999996185
142 4.31599998474
143 4.36299991608
144 4.36600017548
145 4.41200017929
146 4.45200014114
147 4.49499988556
148 4.51399993896
149 4.55000019073
150 4.55200004578
151 4.21299982071
152 4.30499982834
153 4.50500011444
154 3.26699995995
155 3.43000006676
156 4.71400022507
157 4.59499979019
158 4.56699991226
159 4.8029999733
160 4.83699989319
161 4.85699987411
162 4.90000009537
163 4.92999982834
164 4.96700000763
165 4.99300003052
166 5.02500009537
167 5.04300022125
168 3.14899992943
169 3.2460000515
170 3.36800003052
171 4.11100006104
172 4.92100000381
173 4.86899995804
174 4.84700012207
175 4.83599996567
176 4.83400011063
177 4.8140001297
178 4.83799982071
179 4.85699987411
180 4.88000011444
181 4.90000009537
182 4.83300018311
183 5.3109998703
184 5.46400022507
185 5.47700023651
186 5.50099992752
187 5.52299976349
188 4.60400009155
189 4.58699989319
190 5.5689997673
191 5.59399986267
192 3.64800000191
193 3.53399991989
194 4.08099985123
195 4.04199981689
196 5.69899988174
197 5.71899986267
198 5.73099994659
199 2.07299995422
200 2.07699990273
201 2.04600000381
202 2.04800009727
203 2.02699995041
204 2.04099988937
205 2.03299999237
206 2.03399991989
207 2.03800010681
208 2.02399992943
209 2.01300001144
210 2.00900006294
211 2.01900005341
212 2.01099991798
213 2.02699995041
214 2.02399992943
215 2.02600002289
216 2.01200008392
217 2.0150001049
218 2.05200004578
219 2.17600011826
220 1.2460000515
221 0.93599998951
222 0.878000020981
223 0.888000011444
224 1.00699996948
225 2.28299999237
226 2.29500007629
227 2.27900004387
228 2.2539999485
229 2.25099992752
230 2.27399992943
231 2.30599999428
232 2.3029999733
233 2.27500009537
234 2.28500008583
235 2.29699993134
236 2.36800003052
237 2.46600008011
238 2.53299999237
239 2.53500008583
240 6.23699998856
241 6.23600006104
242 6.23600006104
243 6.22300004959
244 6.23099994659
245 6.23799991608
246 6.24499988556
247 6.23799991608
248 6.23400020599
249 6.25400018692
250 6.26999998093
251 6.24800014496
252 6.26800012589
253 6.25600004196
254 6.29500007629
255 6.27500009537
256 6.28000020981
257 6.26999998093
258 6.26900005341
259 6.24399995804
260 6.23699998856
261 6.23400020599
262 6.23000001907
263 6.22800016403
264 6.24100017548
265 6.22900009155
266 6.23400020599
267 6.21799993515
268 6.21600008011
269 6.21600008011
270 6.20699977875
271 6.20900011063
272 6.21400022507
273 6.12799978256
274 5.84800004959
275 5.78900003433
276 5.77400016785
277 5.73600006104
278 5.71899986267
279 5.71400022507
280 5.73000001907
281 5.77199983597
282 5.80000019073
283 5.96500015259
284 6.09700012207
285 6.07899999619
286 6.05200004578
287 6.06199979782
288 6.04600000381
289 6.0529999733
290 6.04799985886
291 6.01300001144
292 5.99399995804
293 5.98699998856
294 5.95699977875
295 5.9439997673
296 5.91099977493
297 5.90199995041
298 5.90399980545
299 5.88399982452
300 5.85900020599
301 5.86100006104
302 5.84100008011
303 5.82399988174
304 5.8189997673
305 5.79199981689
306 5.77899980545
307 5.77299976349
308 5.75699996948
309 5.72300004959
310 5.71099996567
311 5.67000007629
312 5.64900016785
313 5.63000011444
314 5.61100006104
315 5.59200000763
316 5.5640001297
317 5.55000019073
318 5.53900003433
319 5.34299993515
320 5.09399986267
321 5.44999980927
322 5.45200014114
323 5.43300008774
324 5.41699981689
325 5.39200019836
326 5.36499977112
327 5.33799982071
328 5.30200004578
329 4.35900020599
330 4.04699993134
331 4.117000103
332 5.02500009537
333 5.15999984741
334 5.15500020981
335 5.1139998436
336 5.09399986267
337 5.0640001297
338 5.04500007629
339 5.02699995041
340 4.95100021362
341 4.8220000267
342 4.96999979019
343 4.93499994278
344 4.90600013733
345 4.87699985504
346 4.83699989319
347 4.70499992371
348 4.5640001297
349 4.73400020599
350 4.70499992371
351 4.68400001526
352 4.65600013733
353 4.6139998436
354 4.57899999619
355 4.56500005722
356 4.30200004578
357 4.35200023651
358 4.5
359 4.46500015259
360 4.45300006866
361 4.42700004578
362 4.39300012589
363 4.33699989319
364 4.31199979782
365 4.28900003433
366 4.25099992752
367 4.21899986267
368 4.1890001297
369 4.15600013733
370 4.09499979019
371 4.08599996567
372 4.03200006485
373 4.00600004196
374 3.9960000515
375 3.96099996567
376 3.93000006676
377 3.91199994087
378 3.875
379 3.86500000954
380 3.83400011063
381 3.72600007057
382 3.62400007248
383 3.58899998665
384 3.54800009727
385 3.53999996185
386 3.50200009346
387 3.46700000763
388 3.43000006676
389 3.40400004387
390 3.375
391 3.33699989319
392 3.30100011826
393 3.28600001335
394 3.27200007439
395 3.25300002098
396 3.29999995232
397 3.33699989319
398 3.37800002098
399 3.42000007629
400 3.45300006866
401 3.48900008202
402 3.51999998093
403 3.54999995232
404 3.60500001907
405 3.64100003242
406 3.68400001526
407 3.72699999809
408 3.75
409 3.77399992943
410 3.82500004768
411 3.88899993896
412 3.93799996376
413 4.007999897
414 4.07800006866
415 4.12799978256
416 4.19600009918
417 4.257999897
418 4.3189997673
419 4.38999986649
420 4.45200014114
421 4.52600002289
422 4.60099983215
423 4.65700006485
424 4.73600006104
425 4.80900001526
426 4.91800022125
427 5.01700019836
428 5.10599994659
429 5.22200012207
430 5.31799983978
431 5.42399978638
432 5.53800010681
433 5.64099979401
434 5.76499986649
435 5.89200019836
436 6.03200006485
437 6.16800022125
438 6.32299995422
439 6.48600006104
440 6.50099992752
441 6.61600017548
442 6.47599983215
443 3.06599998474
444 3.06100010872
445 3.03399991989
446 3.03500008583
447 3.01799988747
448 3.03099989891
449 3.00500011444
450 2.99799990654
451 3.007999897
452 2.98200011253
453 3.00200009346
454 2.97300004959
455 2.97600007057
456 2.96700000763
457 2.96799993515
458 2.96799993515
459 2.95399999619
460 2.95799994469
461 2.95499992371
462 2.93499994278
463 2.9470000267
464 2.94000005722
465 2.93600010872
466 2.9279999733
467 2.9279999733
468 2.92100000381
469 2.91400003433
470 2.66799998283
471 2.66599988937
472 2.65499997139
473 2.67199993134
474 0.949999988079
475 0.707000017166
476 0.709999978542
477 0.919000029564
478 2.66300010681
479 2.63700008392
480 2.65400004387
481 2.64899992943
482 1.30999994278
483 1.22500002384
484 1.11600005627
485 1.12600004673
486 1.10800004005
487 1.09500002861
488 1.10000002384
489 1.12000000477
490 1.13499999046
491 1.18299996853
492 1.20599997044
493 1.1970000267
494 1.21300005913
495 1.2120000124
496 1.19900000095
497 1.19299995899
498 1.22899997234
499 1.22399997711
500 1.24500000477
501 1.25800001621
502 1.26699995995
503 1.39499998093
504 1.52600002289
505 2.99499988556
506 3.01300001144
507 3.02200007439
508 3.03600001335
509 3.04399991035
510 3.04600000381
511 3.04299998283
512 3.06100010872
513 3.07100009918
514 3.07800006866
515 3.0759999752
516 3.08999991417
517 1.33299994469
518 1.42100000381
519 1.34700000286
520 1.27400004864
521 1.24800002575
522 1.22300004959
523 1.24500000477
524 0.989000022411
525 0.913999974728
526 0.929000020027
527 1.17299997807
528 1.23399996758
529 1.23500001431
530 1.21300005913
531 1.15400004387
532 1.14600002766
533 1.16600000858
534 1.15299999714
535 1.16700005531
536 1.16799998283
537 1.16499996185
538 1.24300003052
539 0.0
540 0.0
