0 4.52099990845
1 4.45200014114
2 4.4439997673
3 4.46799993515
4 4.51599979401
5 4.64200019836
6 4.67999982834
7 4.71099996567
8 4.73999977112
9 4.76900005341
10 4.79300022125
11 4.8220000267
12 4.86299991608
13 4.90000009537
14 4.9310002327
15 4.93300008774
16 4.84200000763
17 4.85599994659
18 4.89499998093
19 4.96500015259
20 5.15000009537
21 5.19299983978
22 5.23299980164
23 5.25400018692
24 5.31199979782
25 5.36499977112
26 5.39799976349
27 5.44500017166
28 5.48600006104
29 5.54099988937
30 5.62300014496
31 5.64200019836
32 5.67199993134
33 0.0
34 17.1459999084
35 17.138999939
36 17.1490001678
37 0.0
38 0.0
39 0.0
40 17.2430000305
41 17.1690006256
42 17.0690002441
43 17.0170001984
44 16.5230007172
45 16.5419998169
46 16.5249996185
47 13.1669998169
48 13.1000003815
49 12.3439998627
50 11.9309997559
51 11.5780000687
52 11.611000061
53 11.6330003738
54 11.6219997406
55 11.3529996872
56 10.9899997711
57 10.4589996338
58 10.1120004654
59 8.34099960327
60 8.34300041199
61 8.2110004425
62 7.91599988937
63 7.64200019836
64 7.4470000267
65 7.25500011444
66 7.05900001526
67 6.89799976349
68 6.79899978638
69 6.77799987793
70 6.81300020218
71 6.83799982071
72 6.85900020599
73 6.88399982452
74 6.79300022125
75 6.64599990845
76 6.52299976349
77 6.3860001564
78 6.26800012589
79 6.15199995041
80 5.22200012207
81 4.97900009155
82 4.86100006104
83 4.77099990845
84 4.6939997673
85 4.58599996567
86 4.53299999237
87 4.46899986267
88 4.41699981689
89 4.33699989319
90 4.28000020981
91 4.22100019455
92 4.14400005341
93 4.08900022507
94 4.04799985886
95 3.98200011253
96 3.9279999733
97 3.87400007248
98 3.82500004768
99 3.80999994278
100 3.78399991989
101 3.79399991035
102 3.81699991226
103 3.85899996758
104 3.87400007248
105 3.90100002289
106 3.95600008965
107 3.96300005913
108 3.93099999428
109 3.89400005341
110 3.85800004005
111 3.79500007629
112 3.76900005341
113 3.73799991608
114 3.70799994469
115 3.65700006485
116 3.61100006104
117 3.58599996567
118 3.55800008774
119 3.53999996185
120 3.50600004196
121 3.45799994469
122 3.45300006866
123 3.41799998283
124 3.39599990845
125 3.39599990845
126 3.42000007629
127 3.45399999619
128 3.49699997902
129 3.53399991989
130 3.57399988174
131 3.61500000954
132 3.67300009727
133 4.01599979401
134 4.05000019073
135 4.10200023651
136 4.10900020599
137 4.15799999237
138 4.20100021362
139 4.20800018311
140 4.23000001907
141 4.28999996185
142 4.31799983978
143 4.36199998856
144 4.3639998436
145 4.43800020218
146 4.44199991226
147 4.48099994659
148 4.50899982452
149 4.54199981689
150 4.5529999733
151 4.19999980927
152 4.30900001526
153 4.58699989319
154 3.26300001144
155 3.42499995232
156 4.72399997711
157 4.59499979019
158 4.54699993134
159 4.80100011826
160 4.84100008011
161 4.867000103
162 4.91499996185
163 4.92299985886
164 4.96999979019
165 4.99599981308
166 5.02799987793
167 5.05000019073
168 3.14199995995
169 3.22399997711
170 3.36899995804
171 4.10900020599
172 4.91699981689
173 4.875
174 4.84800004959
175 4.83400011063
176 4.82700014114
177 4.82899999619
178 4.83300018311
179 4.85500001907
180 4.86999988556
181 4.90999984741
182 4.8189997673
183 5.32399988174
184 5.46899986267
185 5.46500015259
186 5.5
187 5.50199985504
188 4.60699987411
189 4.58300018311
190 5.56799983978
191 5.59299993515
192 3.64700007439
193 3.51699995995
194 4.06599998474
195 4.04699993134
196 5.70300006866
197 5.71400022507
198 5.742000103
199 2.07500004768
200 2.03800010681
201 2.03800010681
202 2.03500008583
203 2.04299998283
204 2.02099990845
205 2.03699994087
206 2.04099988937
207 2.03099989891
208 2.02500009537
209 2.02900004387
210 2.01300001144
211 2.01200008392
212 2.00999999046
213 2.01399993896
214 2.03399991989
215 2.02800011635
216 2.01399993896
217 2.03099989891
218 2.01699995995
219 2.13400006294
220 1.23399996758
221 0.922999978065
222 0.876999974251
223 0.888000011444
224 1.01300001144
225 2.27600002289
226 2.26799988747
227 2.2460000515
228 2.24099993706
229 2.26699995995
230 2.28099989891
231 2.32500004768
232 2.28800010681
233 2.3069999218
234 2.29399991035
235 2.28600001335
236 2.34100008011
237 2.47199988365
238 2.53200006485
239 2.52900004387
240 6.2389998436
241 6.25199985504
242 6.23699998856
243 6.25899982452
244 6.23299980164
245 6.24499988556
246 6.22900009155
247 6.25
248 6.257999897
249 6.23199987411
250 6.26800012589
251 6.27500009537
252 6.26999998093
253 6.27299976349
254 6.2610001564
255 6.26599979401
256 6.26499986649
257 6.27299976349
258 6.25299978256
259 6.2610001564
260 6.25600004196
261 6.22599983215
262 6.23299980164
263 6.23600006104
264 6.22100019455
265 6.23999977112
266 6.21099996567
267 6.21899986267
268 6.22900009155
269 6.20599985123
270 6.20800018311
271 6.21999979019
272 6.22599983215
273 6.12200021744
274 5.84899997711
275 5.78900003433
276 5.76700019836
277 5.72100019455
278 5.72399997711
279 5.72499990463
280 5.74800014496
281 5.77199983597
282 5.78999996185
283 5.94999980927
284 6.09200000763
285 6.08799982071
286 6.08099985123
287 6.05000019073
288 6.04899978638
289 6.04099988937
290 6.05200004578
291 6.02500009537
292 6.00400018692
293 5.97900009155
294 5.96700000763
295 5.95300006866
296 5.9279999733
297 5.92600011826
298 5.90299987793
299 5.86100006104
300 5.86199998856
301 5.8639998436
302 5.84100008011
303 5.83699989319
304 5.82499980927
305 5.79099988937
306 5.78900003433
307 5.76000022888
308 5.72800016403
309 5.72599983215
310 5.71000003815
311 5.68699979782
312 5.65000009537
313 5.6360001564
314 5.59999990463
315 5.58799982071
316 5.56599998474
317 5.53499984741
318 5.52899980545
319 5.33099985123
320 5.10900020599
321 5.45300006866
322 5.4470000267
323 5.43699979782
324 5.42299985886
325 5.40100002289
326 5.35200023651
327 5.34000015259
328 5.30399990082
329 4.375
330 4.04899978638
331 4.13700008392
332 5.00600004196
333 5.17299985886
334 5.15299987793
335 5.12300014496
336 5.08900022507
337 5.0720000267
338 5.04099988937
339 5.03000020981
340 4.94999980927
341 4.82000017166
342 4.96299982071
343 4.94799995422
344 4.91400003433
345 4.87099981308
346 4.84100008011
347 4.70699977875
348 4.54699993134
349 4.73400020599
350 4.70699977875
351 4.69299983978
352 4.65600013733
353 4.632999897
354 4.59399986267
355 4.56199979782
356 4.31599998474
357 4.35599994659
358 4.48999977112
359 4.46899986267
360 4.4439997673
361 4.41499996185
362 4.39799976349
363 4.36899995804
364 4.32899999619
365 4.26599979401
366 4.24100017548
367 4.20699977875
368 4.16099977493
369 4.15500020981
370 4.10599994659
371 4.08900022507
372 4.03399991989
373 4.02899980545
374 3.99099993706
375 3.95799994469
376 3.92899990082
377 3.90300011635
378 3.88700008392
379 3.84899997711
380 3.83500003815
381 3.71700000763
382 3.64400005341
383 3.6099998951
384 3.56200003624
385 3.53399991989
386 3.49000000954
387 3.46900010109
388 3.44099998474
389 3.40700006485
390 3.35700011253
391 3.34699988365
392 3.29999995232
393 3.28399991989
394 3.25
395 3.25900006294
396 3.29299998283
397 3.32999992371
398 3.37400007248
399 3.39400005341
400 3.45300006866
401 3.48399996758
402 3.51399993896
403 3.56699991226
404 3.58800005913
405 3.65499997139
406 3.68700003624
407 3.7349998951
408 3.73600006104
409 3.78999996185
410 3.83599996567
411 3.88499999046
412 3.94099998474
413 4.00299978256
414 4.07399988174
415 4.11899995804
416 4.18499994278
417 4.24800014496
418 4.3060002327
419 4.35699987411
420 4.45699977875
421 4.52400016785
422 4.60900020599
423 4.66300010681
424 4.72700023651
425 4.81300020218
426 4.90199995041
427 5.02500009537
428 5.11499977112
429 5.21000003815
430 5.30499982834
431 5.4279999733
432 5.52899980545
433 5.65000009537
434 5.76900005341
435 5.882999897
436 6.01300001144
437 6.17199993134
438 6.31799983978
439 6.48000001907
440 6.50899982452
441 6.59000015259
442 6.42999982834
443 3.09800004959
444 3.04999995232
445 3.04200005531
446 3.03500008583
447 3.01399993896
448 3.02200007439
449 3.01099991798
450 3.01900005341
451 2.99000000954
452 2.99499988556
453 2.99799990654
454 2.99000000954
455 2.96900010109
456 2.96900010109
457 2.9849998951
458 2.97499990463
459 2.97099995613
460 2.95000004768
461 2.94600009918
462 2.95799994469
463 2.94600009918
464 2.92600011826
465 2.93099999428
466 2.92499995232
467 2.91899991035
468 2.93099999428
469 2.91899991035
470 2.6970000267
471 2.65199995041
472 2.64599990845
473 2.64899992943
474 0.931999981403
475 0.704999983311
476 0.697000026703
477 0.926999986172
478 2.64899992943
479 2.63199996948
480 2.65100002289
481 2.65300011635
482 1.31900000572
483 1.21399998665
484 1.12399995327
485 1.10899996758
486 1.08200001717
487 1.10199999809
488 1.10099995136
489 1.08800005913
490 1.09899997711
491 1.12999999523
492 1.16700005531
493 1.17499995232
494 1.19900000095
495 1.18599998951
496 1.21099996567
497 1.21399998665
498 1.19500005245
499 1.22000002861
500 1.23599994183
501 1.2539999485
502 1.27699995041
503 1.40100002289
504 1.6210000515
505 3.01099991798
506 3.02300000191
507 3.02300000191
508 3.00999999046
509 3.03399991989
510 3.03800010681
511 3.0529999733
512 3.04500007629
513 3.0759999752
514 3.08200001717
515 3.09599995613
516 3.08599996567
517 1.49100005627
518 1.37300002575
519 1.27300000191
520 1.27400004864
521 1.25800001621
522 1.2460000515
523 1.25300002098
524 1.0039999485
525 0.907999992371
526 0.912000000477
527 1.1779999733
528 1.23500001431
529 1.20799994469
530 1.17900002003
531 1.17599999905
532 1.15499997139
533 1.13900005817
534 1.1740000248
535 1.17900002003
536 1.19000005722
537 1.23399996758
538 0.0
539 0.0
540 0.0
