0 4.50500011444
1 4.42500019073
2 4.44899988174
3 4.44500017166
4 4.53200006485
5 4.65799999237
6 4.67299985886
7 4.69500017166
8 4.73000001907
9 4.77600002289
10 4.79300022125
11 4.82700014114
12 4.87099981308
13 4.90100002289
14 4.93400001526
15 4.9310002327
16 4.83099985123
17 4.84700012207
18 4.88899993896
19 4.96899986267
20 5.15700006485
21 5.1779999733
22 5.22300004959
23 5.27799987793
24 5.32100009918
25 5.36100006104
26 5.40100002289
27 5.46199989319
28 5.50299978256
29 5.54699993134
30 5.59999990463
31 5.64599990845
32 5.68200016022
33 0.0
34 17.158000946
35 17.1410007477
36 17.1450004578
37 0.0
38 0.0
39 0.0
40 17.236000061
41 17.1739997864
42 17.0590000153
43 17.0009994507
44 16.5279998779
45 16.5349998474
46 16.5160007477
47 13.1540002823
48 13.0699996948
49 12.3350000381
50 11.9280004501
51 11.593000412
52 11.6040000916
53 11.6350002289
54 11.623000145
55 11.3549995422
56 10.9739999771
57 10.4560003281
58 10.1169996262
59 8.34099960327
60 8.33399963379
61 8.20899963379
62 7.90500020981
63 7.63999986649
64 7.44799995422
65 7.23600006104
66 7.06500005722
67 6.90299987793
68 6.78999996185
69 6.77299976349
70 6.81300020218
71 6.83699989319
72 6.83900022507
73 6.86499977112
74 6.78700017929
75 6.63000011444
76 6.50199985504
77 6.38500022888
78 6.27299976349
79 6.15199995041
80 5.24100017548
81 4.96199989319
82 4.86000013351
83 4.77099990845
84 4.68699979782
85 4.60900020599
86 4.54899978638
87 4.45200014114
88 4.38700008392
89 4.34200000763
90 4.27099990845
91 4.21899986267
92 4.16099977493
93 4.08799982071
94 4.03000020981
95 3.96700000763
96 3.93899989128
97 3.89800000191
98 3.84599995613
99 3.78800010681
100 3.757999897
101 3.78999996185
102 3.82800006866
103 3.84999990463
104 3.88000011444
105 3.90199995041
106 3.92000007629
107 3.95799994469
108 3.90700006485
109 3.87700009346
110 3.85299992561
111 3.8069999218
112 3.77800011635
113 3.73300004005
114 3.70499992371
115 3.66499996185
116 3.63499999046
117 3.58899998665
118 3.57500004768
119 3.52600002289
120 3.5039999485
121 3.47199988365
122 3.43700003624
123 3.40300011635
124 3.41199994087
125 3.39199995995
126 3.43300008774
127 3.4509999752
128 3.49099993706
129 3.52900004387
130 3.57500004768
131 3.617000103
132 3.67100000381
133 4.02799987793
134 4.07399988174
135 4.07700014114
136 4.12300014496
137 4.15000009537
138 4.1810002327
139 4.22300004959
140 4.25199985504
141 4.27400016785
142 4.29500007629
143 4.33900022507
144 4.38500022888
145 4.43499994278
146 4.46600008011
147 4.46600008011
148 4.50899982452
149 4.52899980545
150 4.53100013733
151 4.18200016022
152 4.29699993134
153 4.52600002289
154 3.27800011635
155 3.40599989891
156 4.71700000763
157 4.59700012207
158 4.55100011826
159 4.79500007629
160 4.82999992371
161 4.86199998856
162 4.8860001564
163 4.92999982834
164 4.96500015259
165 5.00299978256
166 5.02500009537
167 5.03999996185
168 3.17300009727
169 3.21799993515
170 3.36899995804
171 4.11199998856
172 4.90999984741
173 4.87300014496
174 4.85900020599
175 4.82399988174
176 4.81799983978
177 4.82000017166
178 4.83199977875
179 4.84899997711
180 4.88100004196
181 4.90100002289
182 4.82899999619
183 5.31199979782
184 5.47399997711
185 5.48199987411
186 5.49800014496
187 5.51300001144
188 4.61600017548
189 4.58900022507
190 5.5689997673
191 5.59299993515
192 3.64499998093
193 3.52200007439
194 4.07499980927
195 4.05900001526
196 5.6939997673
197 5.71899986267
198 5.72200012207
199 2.0759999752
200 2.05500006676
201 2.04299998283
202 2.02500009537
203 2.04500007629
204 2.04500007629
205 2.02999997139
206 2.01399993896
207 2.01300001144
208 2.02900004387
209 2.02699995041
210 2.01099991798
211 2.02800011635
212 2.00300002098
213 2.03200006485
214 2.01099991798
215 2.02699995041
216 2.01099991798
217 2.01600003242
218 2.04800009727
219 2.14800000191
220 1.25899994373
221 0.929000020027
222 0.888000011444
223 0.885999977589
224 1.01499998569
225 2.26999998093
226 2.257999897
227 2.28200006485
228 2.24499988556
229 2.25900006294
230 2.27500009537
231 2.30500006676
232 2.29999995232
233 2.29800009727
234 2.28900003433
235 2.31999993324
236 2.34800004959
237 2.47600007057
238 2.53299999237
239 2.53399991989
240 6.23000001907
241 6.23099994659
242 6.23000001907
243 6.22700023651
244 6.24900007248
245 6.24700021744
246 6.23299980164
247 6.22300004959
248 6.242000103
249 6.25899982452
250 6.24100017548
251 6.26700019836
252 6.25899982452
253 6.26900005341
254 6.28900003433
255 6.28100013733
256 6.2610001564
257 6.24499988556
258 6.23600006104
259 6.23699998856
260 6.22800016403
261 6.242000103
262 6.24399995804
263 6.23299980164
264 6.21099996567
265 6.21999979019
266 6.22800016403
267 6.21099996567
268 6.21299982071
269 6.21199989319
270 6.21199989319
271 6.23199987411
272 6.22399997711
273 6.1360001564
274 5.84399986267
275 5.78000020981
276 5.74499988556
277 5.72399997711
278 5.71999979019
279 5.73799991608
280 5.74900007248
281 5.78100013733
282 5.81500005722
283 5.95699977875
284 6.07499980927
285 6.07999992371
286 6.06799983978
287 6.06799983978
288 6.03800010681
289 6.05999994278
290 6.04400014877
291 6.01200008392
292 5.98199987411
293 5.96299982071
294 5.94899988174
295 5.94199991226
296 5.92299985886
297 5.91800022125
298 5.90399980545
299 5.87599992752
300 5.867000103
301 5.84100008011
302 5.82299995422
303 5.82800006866
304 5.81199979782
305 5.8060002327
306 5.79500007629
307 5.7610001564
308 5.73500013351
309 5.71700000763
310 5.69299983978
311 5.67899990082
312 5.65600013733
313 5.62599992752
314 5.61100006104
315 5.58500003815
316 5.55800008774
317 5.54300022125
318 5.51700019836
319 5.33799982071
320 5.1139998436
321 5.44899988174
322 5.45100021362
323 5.43800020218
324 5.41599988937
325 5.3860001564
326 5.35799980164
327 5.33199977875
328 5.30000019073
329 4.37599992752
330 4.05800008774
331 4.12300014496
332 5.01700019836
333 5.15700006485
334 5.14200019836
335 5.11800003052
336 5.09700012207
337 5.07700014114
338 5.05200004578
339 5.01999998093
340 4.95399999619
341 4.80800008774
342 4.97100019455
343 4.94899988174
344 4.89900016785
345 4.86100006104
346 4.84399986267
347 4.71600008011
348 4.57700014114
349 4.7389998436
350 4.69799995422
351 4.67100000381
352 4.64300012589
353 4.6139998436
354 4.59399986267
355 4.55100011826
356 4.30700016022
357 4.37699985504
358 4.48799991608
359 4.45800018311
360 4.41699981689
361 4.40600013733
362 4.38199996948
363 4.36000013351
364 4.29899978638
365 4.26800012589
366 4.25600004196
367 4.21000003815
368 4.17899990082
369 4.125
370 4.09800004959
371 4.07499980927
372 4.04500007629
373 4.02500009537
374 3.98900008202
375 3.96700000763
376 3.9319999218
377 3.90700006485
378 3.882999897
379 3.85299992561
380 3.81599998474
381 3.70300006866
382 3.64499998093
383 3.59899997711
384 3.56200003624
385 3.53200006485
386 3.48600006104
387 3.46399998665
388 3.42700004578
389 3.38700008392
390 3.36100006104
391 3.33999991417
392 3.31999993324
393 3.29099988937
394 3.25099992752
395 3.25999999046
396 3.29699993134
397 3.33200001717
398 3.36400008202
399 3.40400004387
400 3.45000004768
401 3.48799991608
402 3.52099990845
403 3.54600000381
404 3.59400010109
405 3.6400001049
406 3.6740000248
407 3.72499990463
408 3.74499988556
409 3.78900003433
410 3.84599995613
411 3.88400006294
412 3.93799996376
413 4.00199985504
414 4.06199979782
415 4.132999897
416 4.1779999733
417 4.25899982452
418 4.31599998474
419 4.37699985504
420 4.42299985886
421 4.51900005341
422 4.58799982071
423 4.65700006485
424 4.72900009155
425 4.82800006866
426 4.90199995041
427 5.01800012589
428 5.12099981308
429 5.20300006866
430 5.30999994278
431 5.42500019073
432 5.53200006485
433 5.62900018692
434 5.76900005341
435 5.89300012589
436 6.02500009537
437 6.16699981689
438 6.32100009918
439 6.48400020599
440 6.49900007248
441 6.60300016403
442 6.44999980927
443 3.08200001717
444 3.06200003624
445 3.05100011826
446 3.02600002289
447 3.01699995995
448 3.01699995995
449 3.0
450 2.99900007248
451 3.01300001144
452 3.007999897
453 2.99900007248
454 2.98699998856
455 2.97199988365
456 2.95900011063
457 2.96600008011
458 2.97300004959
459 2.93600010872
460 2.95399999619
461 2.96099996567
462 2.9470000267
463 2.93300008774
464 2.93600010872
465 2.93499994278
466 2.93300008774
467 2.92499995232
468 2.92300009727
469 2.91400003433
470 2.66700005531
471 2.64499998093
472 2.6289999485
473 2.63899993896
474 0.950999975204
475 0.721000015736
476 0.721000015736
477 0.929000020027
478 2.64400005341
479 2.63400006294
480 2.65700006485
481 2.63599991798
482 2.64100003242
483 1.51999998093
484 1.24899995327
485 1.14900004864
486 1.0909999609
487 1.08299994469
488 1.09300005436
489 1.08599996567
490 1.08200001717
491 1.08399999142
492 1.09000003338
493 1.09800004959
494 1.17700004578
495 1.18700003624
496 1.20000004768
497 1.17900002003
498 1.21300005913
499 1.20200002193
500 1.22000002861
501 1.22399997711
502 1.23300004005
503 1.23699998856
504 1.30799996853
505 1.40100002289
506 1.69200003147
507 3.01799988747
508 3.01600003242
509 3.02200007439
510 3.05399990082
511 3.06399989128
512 3.04299998283
513 3.05200004578
514 3.08100008965
515 3.09100008011
516 3.09599995613
517 1.31200003624
518 1.42499995232
519 1.34500002861
520 1.27400004864
521 1.26499998569
522 1.25600004196
523 1.24500000477
524 1.01800000668
525 0.902000010014
526 0.925999999046
527 1.17999994755
528 1.19500005245
529 1.20599997044
530 1.19400000572
531 1.18499994278
532 1.15199995041
533 1.13600003719
534 1.13600003719
535 1.13800001144
536 1.13699996471
537 1.13499999046
538 1.14199995995
539 1.15699994564
540 3.53099989891
