0 4.51200008392
1 4.42899990082
2 4.45499992371
3 4.46000003815
4 4.54099988937
5 4.65399980545
6 4.67199993134
7 4.6970000267
8 4.72800016403
9 4.78000020981
10 4.79699993134
11 4.82800006866
12 4.87200021744
13 4.88199996948
14 4.92700004578
15 4.92199993134
16 4.83799982071
17 4.84800004959
18 4.88899993896
19 4.96299982071
20 5.14900016785
21 5.19600009918
22 5.22800016403
23 5.27500009537
24 5.31199979782
25 5.36299991608
26 5.39200019836
27 5.45100021362
28 5.5
29 5.54300022125
30 5.59899997711
31 5.64499998093
32 5.67500019073
33 0.0
34 17.1529998779
35 17.1550006866
36 17.1450004578
37 0.0
38 0.0
39 0.0
40 17.2259998322
41 17.1809997559
42 17.0559997559
43 17.0
44 16.5200004578
45 16.5259990692
46 16.5249996185
47 13.1479997635
48 13.0900001526
49 12.3269996643
50 11.9549999237
51 11.5810003281
52 11.6120004654
53 11.6319999695
54 11.6160001755
55 11.3409996033
56 10.9849996567
57 10.4600000381
58 10.1140003204
59 8.33500003815
60 8.32800006866
61 8.1920003891
62 7.91300010681
63 7.62699985504
64 7.44999980927
65 7.242000103
66 7.06799983978
67 6.90299987793
68 6.78999996185
69 6.77699995041
70 6.79899978638
71 6.82299995422
72 6.85599994659
73 6.87300014496
74 6.78800010681
75 6.6360001564
76 6.50600004196
77 6.38500022888
78 6.26200008392
79 6.15700006485
80 5.24300003052
81 4.96799993515
82 4.867000103
83 4.76499986649
84 4.6890001297
85 4.6139998436
86 4.51300001144
87 4.46799993515
88 4.41599988937
89 4.33799982071
90 4.27500009537
91 4.21600008011
92 4.15299987793
93 4.08400011063
94 4.04799985886
95 3.98799991608
96 3.9279999733
97 3.89700007439
98 3.82500004768
99 3.79399991035
100 3.76699995995
101 3.79699993134
102 3.82299995422
103 3.84899997711
104 3.8599998951
105 3.90899991989
106 3.93000006676
107 3.95199990273
108 3.93499994278
109 3.86800003052
110 3.82699990273
111 3.7990000248
112 3.77300000191
113 3.73300004005
114 3.69600009918
115 3.66000008583
116 3.62800002098
117 3.60500001907
118 3.55500006676
119 3.52300000191
120 3.50200009346
121 3.47900009155
122 3.43400001526
123 3.41899991035
124 3.40199995041
125 3.39499998093
126 3.4279999733
127 3.4430000782
128 3.49300003052
129 3.53600001335
130 3.56999993324
131 3.61299991608
132 3.66700005531
133 4.01000022888
134 4.06500005722
135 4.09499979019
136 4.12400007248
137 4.14699983597
138 4.17700004578
139 4.20100021362
140 4.25699996948
141 4.26300001144
142 4.29500007629
143 4.34899997711
144 4.38500022888
145 4.41499996185
146 4.46700000763
147 4.48000001907
148 4.50600004196
149 4.52500009537
150 4.53700017929
151 4.19299983978
152 4.30999994278
153 4.55900001526
154 3.26699995995
155 3.41700005531
156 4.71600008011
157 4.59100008011
158 4.57000017166
159 4.80499982834
160 4.82299995422
161 4.86100006104
162 4.89599990845
163 4.92899990082
164 4.96400022507
165 4.98799991608
166 5.01700019836
167 5.03399991989
168 3.11899995804
169 3.23399996758
170 3.367000103
171 4.1139998436
172 4.92700004578
173 4.87900018692
174 4.85200023651
175 4.82499980927
176 4.81500005722
177 4.81599998474
178 4.82299995422
179 4.85300016403
180 4.8639998436
181 4.90199995041
182 4.82700014114
183 5.3140001297
184 5.46600008011
185 5.49100017548
186 5.50400018692
187 5.51000022888
188 4.60599994659
189 4.56599998474
190 5.56300020218
191 5.59700012207
192 3.63599991798
193 3.53399991989
194 4.0689997673
195 4.03900003433
196 5.6939997673
197 5.69500017166
198 5.72900009155
199 2.06699991226
200 2.0759999752
201 2.04099988937
202 2.02500009537
203 2.03299999237
204 2.03399991989
205 2.00999999046
206 2.01300001144
207 2.03099989891
208 2.01200008392
209 2.02099990845
210 2.02699995041
211 2.02399992943
212 2.01099991798
213 2.00900006294
214 2.0039999485
215 2.02999997139
216 2.01399993896
217 2.02099990845
218 2.03999996185
219 2.16799998283
220 1.23599994183
221 0.935000002384
222 0.888000011444
223 0.879000008106
224 1.0039999485
225 2.27999997139
226 2.28900003433
227 2.26300001144
228 2.22900009155
229 2.24000000954
230 2.28299999237
231 2.30999994278
232 2.30399990082
233 2.28299999237
234 2.28399991989
235 2.30200004578
236 2.36500000954
237 2.46000003815
238 2.51900005341
239 2.53299999237
240 6.22800016403
241 6.25199985504
242 6.22599983215
243 6.24800014496
244 6.24900007248
245 6.22700023651
246 6.22300004959
247 6.23000001907
248 6.25600004196
249 6.24800014496
250 6.2610001564
251 6.2610001564
252 6.27099990845
253 6.257999897
254 6.28499984741
255 6.26700019836
256 6.26300001144
257 6.25899982452
258 6.25699996948
259 6.25
260 6.24599981308
261 6.24499988556
262 6.23799991608
263 6.20599985123
264 6.22700023651
265 6.22100019455
266 6.21600008011
267 6.21500015259
268 6.21099996567
269 6.22900009155
270 6.20499992371
271 6.21199989319
272 6.21000003815
273 6.11800003052
274 5.85099983215
275 5.80200004578
276 5.74499988556
277 5.73500013351
278 5.72900009155
279 5.71799993515
280 5.72800016403
281 5.75099992752
282 5.80800008774
283 5.95599985123
284 6.07100009918
285 6.08199977875
286 6.06599998474
287 6.07600021362
288 6.04500007629
289 6.0529999733
290 6.03299999237
291 6.02400016785
292 5.98600006104
293 5.98400020599
294 5.95200014114
295 5.94299983978
296 5.93400001526
297 5.92399978638
298 5.88899993896
299 5.88700008392
300 5.87699985504
301 5.85300016403
302 5.83099985123
303 5.83099985123
304 5.80999994278
305 5.79799985886
306 5.78900003433
307 5.77899980545
308 5.74399995804
309 5.71099996567
310 5.68400001526
311 5.66800022125
312 5.65100002289
313 5.62799978256
314 5.59899997711
315 5.58900022507
316 5.5560002327
317 5.55000019073
318 5.51900005341
319 5.3109998703
320 5.09499979019
321 5.45699977875
322 5.46400022507
323 5.42000007629
324 5.40899991989
325 5.38899993896
326 5.3639998436
327 5.33099985123
328 5.29500007629
329 4.34700012207
330 4.06799983978
331 4.12400007248
332 5.00400018692
333 5.15799999237
334 5.14699983597
335 5.11899995804
336 5.08799982071
337 5.07299995422
338 5.03800010681
339 5.01900005341
340 4.94099998474
341 4.8109998703
342 4.95599985123
343 4.94099998474
344 4.90799999237
345 4.87900018692
346 4.84399986267
347 4.69999980927
348 4.54899978638
349 4.73299980164
350 4.69500017166
351 4.67700004578
352 4.64699983597
353 4.62799978256
354 4.59899997711
355 4.57700014114
356 4.32100009918
357 4.35900020599
358 4.46700000763
359 4.47700023651
360 4.44500017166
361 4.41599988937
362 4.3860001564
363 4.36600017548
364 4.32299995422
365 4.28599977493
366 4.25
367 4.19899988174
368 4.17899990082
369 4.132999897
370 4.09000015259
371 4.06699991226
372 4.04500007629
373 4.02899980545
374 3.99699997902
375 3.96000003815
376 3.93799996376
377 3.88899993896
378 3.86299991608
379 3.83800005913
380 3.83299994469
381 3.72399997711
382 3.6400001049
383 3.59800004959
384 3.55900001526
385 3.52900004387
386 3.492000103
387 3.44799995422
388 3.4240000248
389 3.40400004387
390 3.37700009346
391 3.33999991417
392 3.2990000248
393 3.28200006485
394 3.25699996948
395 3.2650001049
396 3.28099989891
397 3.33400011063
398 3.38499999046
399 3.39700007439
400 3.43899989128
401 3.48000001907
402 3.507999897
403 3.55800008774
404 3.58400011063
405 3.6400001049
406 3.6740000248
407 3.72499990463
408 3.73399996758
409 3.77999997139
410 3.82800006866
411 3.87199997902
412 3.92300009727
413 4.00699996948
414 4.06500005722
415 4.12099981308
416 4.19000005722
417 4.242000103
418 4.31199979782
419 4.35799980164
420 4.4359998703
421 4.51999998093
422 4.57299995422
423 4.67000007629
424 4.73999977112
425 4.80900001526
426 4.91800022125
427 5.0110001564
428 5.11100006104
429 5.20399999619
430 5.31599998474
431 5.42600011826
432 5.52899980545
433 5.64699983597
434 5.77400016785
435 5.87300014496
436 6.01499986649
437 6.15999984741
438 6.30999994278
439 6.46500015259
440 6.51300001144
441 6.59899997711
442 6.43699979782
443 3.08200001717
444 3.05100011826
445 3.03699994087
446 3.04200005531
447 3.04200005531
448 3.01699995995
449 3.00500011444
450 3.01900005341
451 2.98699998856
452 2.992000103
453 2.97499990463
454 2.98099994659
455 2.98699998856
456 2.97699999809
457 2.95399999619
458 2.95700001717
459 2.94799995422
460 2.95499992371
461 2.93300008774
462 2.93300008774
463 2.92899990082
464 2.94899988174
465 2.93499994278
466 2.94600009918
467 2.92600011826
468 2.92499995232
469 2.91499996185
470 2.67000007629
471 2.64700007439
472 2.64100003242
473 2.64899992943
474 0.949999988079
475 0.716000020504
476 0.70300000906
477 0.92199999094
478 2.66100001335
479 2.64499998093
480 2.62599992752
481 2.62700009346
482 2.64800000191
483 1.48099994659
484 1.24500000477
485 1.14499998093
486 1.11199998856
487 1.09599995613
488 1.08800005913
489 1.07700002193
490 1.06599998474
491 1.08299994469
492 1.11199998856
493 1.12699997425
494 1.16600000858
495 1.19299995899
496 1.19900000095
497 1.21000003815
498 1.21099996567
499 1.19500005245
500 1.19500005245
501 1.2159999609
502 1.22599995136
503 1.25
504 1.32299995422
505 1.39900004864
506 1.64699995518
507 3.03299999237
508 3.03299999237
509 3.03200006485
510 3.02399992943
511 3.04800009727
512 3.05800008774
513 3.06200003624
514 3.08500003815
515 3.08500003815
516 3.07999992371
517 1.31400001049
518 1.41499996185
519 1.32899999619
520 1.26900005341
521 1.25999999046
522 1.23099994659
523 1.24699997902
524 0.996999979019
525 0.907000005245
526 0.919000029564
527 1.17900002003
528 1.21300005913
529 1.21300005913
530 1.21399998665
531 1.19599997997
532 1.15999996662
533 1.13499999046
534 1.13100004196
535 1.11800003052
536 1.13600003719
537 1.14400005341
538 1.14900004864
539 1.1629999876
540 3.53200006485
