0 4.52099990845
1 4.4310002327
2 4.44600009918
3 4.46099996567
4 4.52600002289
5 4.64099979401
6 4.68800020218
7 4.69899988174
8 4.73299980164
9 4.76200008392
10 4.80100011826
11 4.83699989319
12 4.86000013351
13 4.89499998093
14 4.92999982834
15 4.93800020218
16 4.84800004959
17 4.84100008011
18 4.87799978256
19 4.96799993515
20 5.15000009537
21 5.19099998474
22 5.23000001907
23 5.27299976349
24 5.3140001297
25 5.35799980164
26 5.40600013733
27 5.45399999619
28 5.49100017548
29 5.55200004578
30 5.59899997711
31 5.64200019836
32 5.67299985886
33 0.0
34 17.158000946
35 17.1520004272
36 17.1469993591
37 0.0
38 0.0
39 0.0
40 17.2310009003
41 17.1679992676
42 17.0739994049
43 17.0039997101
44 16.5259990692
45 16.5359992981
46 16.5249996185
47 13.1630001068
48 13.0799999237
49 12.3229999542
50 11.9729995728
51 11.5970001221
52 11.6099996567
53 11.6440000534
54 11.6289997101
55 11.3620004654
56 11.0209999084
57 10.4340000153
58 10.1160001755
59 8.32199954987
60 8.35299968719
61 8.21199989319
62 7.92999982834
63 7.64099979401
64 7.44099998474
65 7.242000103
66 7.0720000267
67 6.89499998093
68 6.78700017929
69 6.78900003433
70 6.79400014877
71 6.82499980927
72 6.85500001907
73 6.867000103
74 6.79400014877
75 6.65199995041
76 6.51700019836
77 6.40100002289
78 6.27299976349
79 6.15399980545
80 5.25
81 4.96799993515
82 4.86199998856
83 4.76800012589
84 4.68499994278
85 4.59600019455
86 4.53800010681
87 4.46799993515
88 4.41800022125
89 4.34600019455
90 4.26700019836
91 4.19299983978
92 4.17399978638
93 4.10300016403
94 4.02400016785
95 3.98799991608
96 3.92100000381
97 3.89700007439
98 3.82899999619
99 3.80200004578
100 3.7650001049
101 3.77800011635
102 3.81100010872
103 3.85500001907
104 3.88100004196
105 3.91700005531
106 3.93300008774
107 3.95399999619
108 3.92700004578
109 3.87700009346
110 3.83500003815
111 3.81500005722
112 3.76999998093
113 3.72300004959
114 3.69899988174
115 3.66400003433
116 3.61500000954
117 3.60700011253
118 3.57100009918
119 3.53500008583
120 3.507999897
121 3.46399998665
122 3.44099998474
123 3.41899991035
124 3.40100002289
125 3.39199995995
126 3.4240000248
127 3.45300006866
128 3.49900007248
129 3.51900005341
130 3.5720000267
131 3.60400009155
132 3.66100001335
133 4.01999998093
134 4.07100009918
135 4.08599996567
136 4.10799980164
137 4.14699983597
138 4.17399978638
139 4.21500015259
140 4.25199985504
141 4.27199983597
142 4.29699993134
143 4.36100006104
144 4.36899995804
145 4.40999984741
146 4.47100019455
147 4.48699998856
148 4.51300001144
149 4.52400016785
150 4.55800008774
151 4.1810002327
152 4.27099990845
153 4.59100008011
154 3.27999997139
155 3.41899991035
156 4.71700000763
157 4.60599994659
158 4.5689997673
159 4.80499982834
160 4.82299995422
161 4.85699987411
162 4.89499998093
163 4.93200016022
164 4.97100019455
165 4.99300003052
166 5.01900005341
167 5.03800010681
168 3.15000009537
169 3.22099995613
170 3.36999988556
171 4.10200023651
172 4.92000007629
173 4.8860001564
174 4.86199998856
175 4.83099985123
176 4.84100008011
177 4.83099985123
178 4.83799982071
179 4.84700012207
180 4.86299991608
181 4.89599990845
182 4.82499980927
183 5.3029999733
184 5.45300006866
185 5.48500013351
186 5.507999897
187 5.51399993896
188 4.60699987411
189 4.59399986267
190 5.55800008774
191 5.59700012207
192 3.63599991798
193 3.53399991989
194 4.08599996567
195 4.06300020218
196 5.69600009918
197 5.71299982071
198 5.742000103
199 2.07399988174
200 2.07800006866
201 2.03299999237
202 2.02699995041
203 2.01799988747
204 2.03099989891
205 2.03299999237
206 2.0150001049
207 2.03500008583
208 2.01099991798
209 2.01399993896
210 2.02600002289
211 2.01399993896
212 2.01300001144
213 2.0150001049
214 2.00500011444
215 2.00699996948
216 2.00600004196
217 2.03099989891
218 2.04099988937
219 2.16799998283
220 1.24899995327
221 0.922999978065
222 0.870999991894
223 0.880999982357
224 1.0
225 2.28099989891
226 2.26099991798
227 2.25900006294
228 2.26300001144
229 2.26900005341
230 2.29500007629
231 2.3180000782
232 2.29500007629
233 2.29299998283
234 2.28600001335
235 2.30800008774
236 2.33599996567
237 2.47300004959
238 2.52999997139
239 2.53500008583
240 6.242000103
241 6.24100017548
242 6.21799993515
243 6.22800016403
244 6.23000001907
245 6.25299978256
246 6.25
247 6.24900007248
248 6.24700021744
249 6.25299978256
250 6.25400018692
251 6.24900007248
252 6.28399991989
253 6.27099990845
254 6.28599977493
255 6.26700019836
256 6.27400016785
257 6.26700019836
258 6.23799991608
259 6.2389998436
260 6.26000022888
261 6.24100017548
262 6.23600006104
263 6.23400020599
264 6.21400022507
265 6.22300004959
266 6.21299982071
267 6.21299982071
268 6.20900011063
269 6.21400022507
270 6.20800018311
271 6.20599985123
272 6.23299980164
273 6.12200021744
274 5.84700012207
275 5.77799987793
276 5.75600004196
277 5.74300003052
278 5.73199987411
279 5.71500015259
280 5.75699996948
281 5.76599979401
282 5.80900001526
283 5.94299983978
284 6.08300018311
285 6.08300018311
286 6.0640001297
287 6.0560002327
288 6.05999994278
289 6.04500007629
290 6.04699993134
291 6.02299976349
292 5.99300003052
293 5.97800016403
294 5.94199991226
295 5.94099998474
296 5.91300010681
297 5.90600013733
298 5.90600013733
299 5.88800001144
300 5.875
301 5.85099983215
302 5.82299995422
303 5.82800006866
304 5.79300022125
305 5.78700017929
306 5.78399991989
307 5.76999998093
308 5.73199987411
309 5.71999979019
310 5.68699979782
311 5.67899990082
312 5.65100002289
313 5.61999988556
314 5.59100008011
315 5.58699989319
316 5.56199979782
317 5.55200004578
318 5.51599979401
319 5.31199979782
320 5.09100008011
321 5.45599985123
322 5.45800018311
323 5.42199993134
324 5.42399978638
325 5.382999897
326 5.36499977112
327 5.32700014114
328 5.30100011826
329 4.35300016403
330 4.05399990082
331 4.11499977112
332 5.01599979401
333 5.17999982834
334 5.14599990845
335 5.11899995804
336 5.09899997711
337 5.06300020218
338 5.04500007629
339 5.02600002289
340 4.95900011063
341 4.8220000267
342 4.94799995422
343 4.9470000267
344 4.89799976349
345 4.86499977112
346 4.83199977875
347 4.69199991226
348 4.55800008774
349 4.73000001907
350 4.71400022507
351 4.67899990082
352 4.64699983597
353 4.625
354 4.59200000763
355 4.5609998703
356 4.31699991226
357 4.34899997711
358 4.492000103
359 4.44899988174
360 4.44799995422
361 4.39900016785
362 4.37799978256
363 4.36499977112
364 4.31500005722
365 4.28700017929
366 4.25199985504
367 4.22800016403
368 4.16800022125
369 4.15100002289
370 4.11100006104
371 4.07100009918
372 4.04699993134
373 4.01200008392
374 3.98399996758
375 3.9470000267
376 3.92899990082
377 3.91499996185
378 3.88400006294
379 3.85400009155
380 3.83400011063
381 3.70499992371
382 3.63199996948
383 3.59500002861
384 3.57500004768
385 3.53399991989
386 3.49900007248
387 3.46600008011
388 3.43499994278
389 3.40899991989
390 3.36100006104
391 3.32500004768
392 3.30800008774
393 3.27099990845
394 3.27800011635
395 3.27300000191
396 3.28500008583
397 3.34599995613
398 3.375
399 3.39599990845
400 3.4319999218
401 3.48000001907
402 3.52099990845
403 3.5680000782
404 3.60100007057
405 3.64199995995
406 3.68700003624
407 3.72699999809
408 3.72900009155
409 3.77600002289
410 3.83999991417
411 3.88800001144
412 3.94799995422
413 4.00199985504
414 4.0529999733
415 4.12400007248
416 4.17000007629
417 4.25699996948
418 4.32499980927
419 4.3860001564
420 4.45300006866
421 4.51700019836
422 4.59200000763
423 4.66400003433
424 4.72599983215
425 4.81300020218
426 4.91200017929
427 5.02899980545
428 5.10400009155
429 5.21799993515
430 5.31699991226
431 5.41099977493
432 5.53000020981
433 5.65000009537
434 5.75600004196
435 5.88199996948
436 6.02699995041
437 6.17100000381
438 6.32000017166
439 6.48199987411
440 6.49900007248
441 6.60200023651
442 6.43400001526
443 3.07699990273
444 3.04299998283
445 3.03399991989
446 3.02800011635
447 3.02600002289
448 3.01600003242
449 2.99900007248
450 3.01200008392
451 3.01099991798
452 2.9849998951
453 2.98200011253
454 2.98000001907
455 2.96799993515
456 2.96700000763
457 2.96199989319
458 2.95399999619
459 2.9430000782
460 2.95199990273
461 2.9430000782
462 2.94400000572
463 2.94000005722
464 2.94000005722
465 2.91799998283
466 2.93499994278
467 2.92100000381
468 2.92899990082
469 2.91100001335
470 2.67000007629
471 2.65199995041
472 2.63000011444
473 2.65799999237
474 0.944999992847
475 0.699999988079
476 0.714999973774
477 0.915000021458
478 2.66799998283
479 2.64800000191
480 2.66799998283
481 2.65499997139
482 2.65499997139
483 1.51600003242
484 1.25600004196
485 1.15199995041
486 1.08099997044
487 1.08200001717
488 1.08399999142
489 1.0870000124
490 1.06700003147
491 1.08200001717
492 1.08299994469
493 1.12600004673
494 1.17100000381
495 1.19500005245
496 1.20000004768
497 1.19599997997
498 1.20599997044
499 1.21399998665
500 1.20700001717
501 1.23500001431
502 1.23500001431
503 1.25100004673
504 1.32799994946
505 1.39499998093
506 1.66600000858
507 3.01799988747
508 3.03099989891
509 3.03200006485
510 3.02800011635
511 3.05399990082
512 3.06299996376
513 3.0529999733
514 3.0759999752
515 3.10199999809
516 3.09800004959
517 1.30200004578
518 1.43200004101
519 1.32799994946
520 1.25800001621
521 1.24199998379
522 1.25199997425
523 1.23599994183
524 1.00499999523
525 0.911000013351
526 0.930999994278
527 1.17900002003
528 1.22300004959
529 1.19799995422
530 1.20200002193
531 1.18799996376
532 1.13999998569
533 1.13499999046
534 1.14400005341
535 1.11800003052
536 1.14600002766
537 1.14400005341
538 1.15499997139
539 1.17299997807
540 3.5490000248
