0 4.50699996948
1 4.41300010681
2 4.45300006866
3 4.45200014114
4 4.53499984741
5 4.65999984741
6 4.65899991989
7 4.70200014114
8 4.73400020599
9 4.76000022888
10 4.80800008774
11 4.82999992371
12 4.84600019455
13 4.88700008392
14 4.93400001526
15 4.93400001526
16 4.84600019455
17 4.84700012207
18 4.88700008392
19 4.96999979019
20 5.13899993896
21 5.19099998474
22 5.22200012207
23 5.26999998093
24 5.31799983978
25 5.36000013351
26 5.40700006485
27 5.44199991226
28 5.50099992752
29 5.53100013733
30 5.57999992371
31 5.64200019836
32 5.67600011826
33 0.0
34 17.1529998779
35 17.1420001984
36 17.1439990997
37 0.0
38 0.0
39 0.0
40 17.25
41 17.1620006561
42 17.0760002136
43 16.9930000305
44 16.517999649
45 16.5270004272
46 16.5279998779
47 13.1630001068
48 13.0670003891
49 12.3489999771
50 11.954000473
51 11.5880002975
52 11.6059999466
53 11.6210002899
54 11.611000061
55 11.343000412
56 10.9969997406
57 10.4650001526
58 10.1129999161
59 8.32199954987
60 8.3360004425
61 8.18799972534
62 7.90299987793
63 7.62300014496
64 7.44299983978
65 7.24100017548
66 7.0560002327
67 6.89799976349
68 6.78999996185
69 6.78999996185
70 6.80100011826
71 6.82499980927
72 6.85799980164
73 6.87200021744
74 6.79699993134
75 6.63800001144
76 6.51499986649
77 6.39200019836
78 6.26300001144
79 6.13800001144
80 5.22900009155
81 4.96199989319
82 4.86000013351
83 4.77199983597
84 4.67000007629
85 4.59600019455
86 4.54400014877
87 4.48400020599
88 4.40999984741
89 4.33699989319
90 4.25400018692
91 4.21199989319
92 4.15700006485
93 4.10900020599
94 4.03800010681
95 3.97399997711
96 3.94199991226
97 3.89499998093
98 3.83800005913
99 3.78999996185
100 3.76099991798
101 3.79699993134
102 3.83500003815
103 3.83800005913
104 3.86599993706
105 3.90400004387
106 3.94899988174
107 3.94199991226
108 3.92000007629
109 3.867000103
110 3.83800005913
111 3.80500006676
112 3.76600003242
113 3.73099994659
114 3.69099998474
115 3.66799998283
116 3.63400006294
117 3.60299992561
118 3.55800008774
119 3.53800010681
120 3.4960000515
121 3.46199989319
122 3.45300006866
123 3.42300009727
124 3.40100002289
125 3.39599990845
126 3.43000006676
127 3.46099996567
128 3.49300003052
129 3.51999998093
130 3.5680000782
131 3.617000103
132 3.67199993134
133 4.02400016785
134 4.05499982834
135 4.07700014114
136 4.12099981308
137 4.15199995041
138 4.1939997673
139 4.21400022507
140 4.22300004959
141 4.28900003433
142 4.29699993134
143 4.33199977875
144 4.38000011444
145 4.42100000381
146 4.47100019455
147 4.48500013351
148 4.49700021744
149 4.53499984741
150 4.55399990082
151 4.19799995422
152 4.28900003433
153 4.53999996185
154 3.25999999046
155 3.40400004387
156 4.71500015259
157 4.61999988556
158 4.56699991226
159 4.78900003433
160 4.8189997673
161 4.85200023651
162 4.90100002289
163 4.93300008774
164 4.95399999619
165 4.98799991608
166 5.01900005341
167 5.03599977493
168 3.16100001335
169 3.20399999619
170 3.36599993706
171 4.10099983215
172 4.9310002327
173 4.88199996948
174 4.85400009155
175 4.84299993515
176 4.81699991226
177 4.83099985123
178 4.83900022507
179 4.84000015259
180 4.86899995804
181 4.90199995041
182 4.81699991226
183 5.3140001297
184 5.45699977875
185 5.47100019455
186 5.49300003052
187 5.51599979401
188 4.60699987411
189 4.56199979782
190 5.55999994278
191 5.57899999619
192 3.62800002098
193 3.53200006485
194 4.08300018311
195 4.07000017166
196 5.67999982834
197 5.6939997673
198 5.73799991608
199 2.07999992371
200 2.06200003624
201 2.02699995041
202 2.05100011826
203 2.03200006485
204 2.02999997139
205 2.01600003242
206 2.01999998093
207 2.00999999046
208 2.007999897
209 2.02099990845
210 2.03299999237
211 2.00900006294
212 2.00699996948
213 2.01900005341
214 2.0039999485
215 2.01200008392
216 2.0
217 2.02999997139
218 2.03699994087
219 2.13100004196
220 1.24300003052
221 0.926999986172
222 0.874000012875
223 0.876999974251
224 1.00800001621
225 2.27399992943
226 2.27600002289
227 2.25300002098
228 2.25900006294
229 2.24399995804
230 2.28099989891
231 2.31699991226
232 2.31500005722
233 2.27699995041
234 2.27699995041
235 2.30500006676
236 2.33299994469
237 2.46600008011
238 2.52999997139
239 2.53399991989
240 6.23999977112
241 6.23299980164
242 6.21999979019
243 6.21299982071
244 6.21899986267
245 6.23000001907
246 6.22900009155
247 6.23400020599
248 6.24599981308
249 6.23400020599
250 6.25
251 6.26900005341
252 6.27799987793
253 6.26399993896
254 6.28700017929
255 6.25899982452
256 6.26900005341
257 6.26599979401
258 6.242000103
259 6.23600006104
260 6.25500011444
261 6.23799991608
262 6.21799993515
263 6.21600008011
264 6.23299980164
265 6.22100019455
266 6.19899988174
267 6.21600008011
268 6.21700000763
269 6.20800018311
270 6.21799993515
271 6.21799993515
272 6.21500015259
273 6.13399982452
274 5.86199998856
275 5.78000020981
276 5.74499988556
277 5.73699998856
278 5.72300004959
279 5.72399997711
280 5.73400020599
281 5.76399993896
282 5.79300022125
283 5.94899988174
284 6.07600021362
285 6.06199979782
286 6.0529999733
287 6.07000017166
288 6.05800008774
289 6.03700017929
290 6.02699995041
291 6.01399993896
292 5.99399995804
293 5.97399997711
294 5.96199989319
295 5.92600011826
296 5.91499996185
297 5.90799999237
298 5.89400005341
299 5.88100004196
300 5.86899995804
301 5.85200023651
302 5.83799982071
303 5.82899999619
304 5.79199981689
305 5.78700017929
306 5.78700017929
307 5.76800012589
308 5.75199985504
309 5.73000001907
310 5.68699979782
311 5.6890001297
312 5.64599990845
313 5.61000013351
314 5.59999990463
315 5.56199979782
316 5.57100009918
317 5.54699993134
318 5.50899982452
319 5.32600021362
320 5.08900022507
321 5.45900011063
322 5.44299983978
323 5.42299985886
324 5.40999984741
325 5.38899993896
326 5.3639998436
327 5.32899999619
328 5.30200004578
329 4.35500001907
330 4.04400014877
331 4.10799980164
332 5.01700019836
333 5.15899991989
334 5.13800001144
335 5.12900018692
336 5.09200000763
337 5.05700016022
338 5.05000019073
339 5.02400016785
340 4.94999980927
341 4.82299995422
342 4.96000003815
343 4.94299983978
344 4.89699983597
345 4.86499977112
346 4.83699989319
347 4.70499992371
348 4.5529999733
349 4.72599983215
350 4.71600008011
351 4.68200016022
352 4.63800001144
353 4.60900020599
354 4.60200023651
355 4.55999994278
356 4.32700014114
357 4.34800004959
358 4.48299980164
359 4.4470000267
360 4.44099998474
361 4.40299987793
362 4.37200021744
363 4.3639998436
364 4.3109998703
365 4.27299976349
366 4.24100017548
367 4.18800020218
368 4.18499994278
369 4.15299987793
370 4.10599994659
371 4.08500003815
372 4.02600002289
373 4.00899982452
374 3.99099993706
375 3.95799994469
376 3.93400001526
377 3.91199994087
378 3.87199997902
379 3.84200000763
380 3.82500004768
381 3.71499991417
382 3.62400007248
383 3.59899997711
384 3.56999993324
385 3.53299999237
386 3.49699997902
387 3.46799993515
388 3.43099999428
389 3.39899992943
390 3.367000103
391 3.32299995422
392 3.32299995422
393 3.27800011635
394 3.26300001144
395 3.27200007439
396 3.28600001335
397 3.33899998665
398 3.37400007248
399 3.40100002289
400 3.44600009918
401 3.47399997711
402 3.52099990845
403 3.56500005722
404 3.59299993515
405 3.63800001144
406 3.68600010872
407 3.73000001907
408 3.73699998856
409 3.78299999237
410 3.83699989319
411 3.87800002098
412 3.93899989128
413 3.99699997902
414 4.05200004578
415 4.09999990463
416 4.17199993134
417 4.24100017548
418 4.31500005722
419 4.38899993896
420 4.4439997673
421 4.49599981308
422 4.57000017166
423 4.64599990845
424 4.73299980164
425 4.81500005722
426 4.90899991989
427 5.01800012589
428 5.12099981308
429 5.21199989319
430 5.3109998703
431 5.4279999733
432 5.52299976349
433 5.64799976349
434 5.76399993896
435 5.87799978256
436 6.01900005341
437 6.17299985886
438 6.3140001297
439 6.48099994659
440 6.48799991608
441 6.59700012207
442 6.44799995422
443 3.08200001717
444 3.05800008774
445 3.03699994087
446 3.04699993134
447 3.01399993896
448 3.02300000191
449 3.01099991798
450 3.0039999485
451 2.98699998856
452 3.0
453 2.98000001907
454 2.97399997711
455 2.97399997711
456 2.96499991417
457 2.97900009155
458 2.9509999752
459 2.94899988174
460 2.94000005722
461 2.94799995422
462 2.93499994278
463 2.94799995422
464 2.93700003624
465 2.93899989128
466 2.92100000381
467 2.91799998283
468 2.92000007629
469 2.91199994087
470 2.65599989891
471 2.63499999046
472 2.63800001144
473 2.63800001144
474 0.948000013828
475 0.704999983311
476 0.699999988079
477 0.926999986172
478 2.65899991989
479 2.64199995995
480 2.64599990845
481 2.64199995995
482 2.65300011635
483 1.5490000248
484 1.27199995518
485 1.14300000668
486 1.10099995136
487 1.06400001049
488 1.07799994946
489 1.07700002193
490 1.08099997044
491 1.08500003815
492 1.09000003338
493 1.12399995327
494 1.18599998951
495 1.19000005722
496 1.17999994755
497 1.19799995422
498 1.20000004768
499 1.20399999619
500 1.21800005436
501 1.22099995613
502 1.22699999809
503 1.23399996758
504 1.31299996376
505 1.38999998569
506 1.61699998379
507 3.00999999046
508 3.01600003242
509 3.02800011635
510 3.04399991035
511 3.04600000381
512 3.04299998283
513 3.07899999619
514 3.0680000782
515 3.07100009918
516 3.07999992371
517 1.30099999905
518 1.43099999428
519 1.35399997234
520 1.26300001144
521 1.25600004196
522 1.22099995613
523 1.22099995613
524 0.985000014305
525 0.911000013351
526 0.926999986172
527 1.17499995232
528 1.20899999142
529 1.21800005436
530 1.21500003338
531 1.1970000267
532 1.13600003719
533 1.13399994373
534 1.12800002098
535 1.13499999046
536 1.14400005341
537 1.13399994373
538 1.15600001812
539 1.14600002766
540 3.5490000248
