0 4.50899982452
1 4.4279999733
2 4.44999980927
3 4.46400022507
4 4.53900003433
5 4.64099979401
6 4.67999982834
7 4.70300006866
8 4.73199987411
9 4.7610001564
10 4.79199981689
11 4.82299995422
12 4.86499977112
13 4.88399982452
14 4.92199993134
15 4.9279999733
16 4.82899999619
17 4.85200023651
18 4.8860001564
19 4.97300004959
20 5.15600013733
21 5.1939997673
22 5.23199987411
23 5.26900005341
24 5.32499980927
25 5.34700012207
26 5.40399980545
27 5.46199989319
28 5.50899982452
29 5.54799985886
30 5.60699987411
31 5.64300012589
32 5.67600011826
33 0.0
34 17.1630001068
35 17.1509990692
36 17.1529998779
37 0.0
38 0.0
39 0.0
40 17.2350006104
41 17.1700000763
42 17.0599994659
43 17.0060005188
44 16.5249996185
45 16.5359992981
46 16.5170001984
47 13.156999588
48 13.0869998932
49 12.3319997787
50 11.9169998169
51 11.593000412
52 11.5959997177
53 11.6210002899
54 11.6210002899
55 11.3369998932
56 10.9849996567
57 10.4799995422
58 10.1059999466
59 8.34799957275
60 8.34200000763
61 8.20100021362
62 7.90999984741
63 7.62300014496
64 7.44600009918
65 7.24599981308
66 7.07000017166
67 6.90299987793
68 6.79899978638
69 6.76999998093
70 6.8029999733
71 6.82899999619
72 6.86000013351
73 6.86999988556
74 6.79199981689
75 6.64099979401
76 6.50699996948
77 6.38899993896
78 6.26300001144
79 6.15899991989
80 5.24700021744
81 4.96199989319
82 4.84899997711
83 4.75899982452
84 4.6939997673
85 4.59600019455
86 4.54500007629
87 4.47900009155
88 4.38899993896
89 4.32700014114
90 4.28200006485
91 4.22800016403
92 4.15899991989
93 4.1139998436
94 4.03100013733
95 3.99499988556
96 3.94099998474
97 3.89299988747
98 3.83999991417
99 3.78500008583
100 3.78099989891
101 3.78900003433
102 3.8180000782
103 3.85700011253
104 3.87299990654
105 3.92199993134
106 3.95499992371
107 3.96300005913
108 3.92199993134
109 3.87299990654
110 3.83699989319
111 3.79800009727
112 3.75200009346
113 3.73200011253
114 3.68600010872
115 3.66000008583
116 3.62400007248
117 3.60299992561
118 3.55999994278
119 3.54099988937
120 3.50200009346
121 3.46700000763
122 3.44000005722
123 3.41700005531
124 3.40199995041
125 3.382999897
126 3.42199993134
127 3.45000004768
128 3.47900009155
129 3.51300001144
130 3.57899999619
131 3.6210000515
132 3.66700005531
133 4.02899980545
134 4.05399990082
135 4.07700014114
136 4.13199996948
137 4.16200017929
138 4.17999982834
139 4.22399997711
140 4.25899982452
141 4.27400016785
142 4.29799985886
143 4.3639998436
144 4.38199996948
145 4.42700004578
146 4.45900011063
147 4.46799993515
148 4.49499988556
149 4.52400016785
150 4.53999996185
151 4.20100021362
152 4.28700017929
153 4.61600017548
154 3.27099990845
155 3.41700005531
156 4.71700000763
157 4.60799980164
158 4.55800008774
159 4.79799985886
160 4.82499980927
161 4.86199998856
162 4.89400005341
163 4.93699979782
164 4.96299982071
165 5.00400018692
166 5.01499986649
167 5.03700017929
168 3.16300010681
169 3.21300005913
170 3.36500000954
171 4.10799980164
172 4.92299985886
173 4.88899993896
174 4.85900020599
175 4.84200000763
176 4.81699991226
177 4.82899999619
178 4.83699989319
179 4.84600019455
180 4.87200021744
181 4.90600013733
182 4.82000017166
183 5.34000015259
184 5.46999979019
185 5.48999977112
186 5.50299978256
187 5.51499986649
188 4.58799982071
189 4.58400011063
190 5.5689997673
191 5.57800006866
192 3.64299988747
193 3.53200006485
194 4.05900001526
195 4.04500007629
196 5.6859998703
197 5.71000003815
198 5.73999977112
199 2.0759999752
200 2.05399990082
201 2.05200004578
202 2.05200004578
203 2.02999997139
204 2.02200007439
205 2.01999998093
206 2.01300001144
207 2.02800011635
208 2.02999997139
209 2.00900006294
210 2.00999999046
211 2.01300001144
212 2.02300000191
213 2.00900006294
214 2.01200008392
215 2.007999897
216 2.0150001049
217 2.01999998093
218 2.01699995995
219 2.15199995041
220 1.24000000954
221 0.930999994278
222 0.869000017643
223 0.893999993801
224 1.01300001144
225 2.3029999733
226 2.27300000191
227 2.26799988747
228 2.2650001049
229 2.25300002098
230 2.27800011635
231 2.3180000782
232 2.28600001335
233 2.28299999237
234 2.30200004578
235 2.2990000248
236 2.36899995804
237 2.47300004959
238 2.52600002289
239 2.53099989891
240 6.24499988556
241 6.23099994659
242 6.2389998436
243 6.23099994659
244 6.23000001907
245 6.21799993515
246 6.25699996948
247 6.23699998856
248 6.257999897
249 6.26200008392
250 6.25
251 6.25500011444
252 6.27099990845
253 6.26000022888
254 6.29300022125
255 6.28700017929
256 6.27699995041
257 6.26300001144
258 6.26499986649
259 6.25600004196
260 6.22800016403
261 6.24300003052
262 6.23199987411
263 6.23500013351
264 6.242000103
265 6.21600008011
266 6.20599985123
267 6.21799993515
268 6.20200014114
269 6.21999979019
270 6.21099996567
271 6.20699977875
272 6.22599983215
273 6.14599990845
274 5.86000013351
275 5.78599977493
276 5.75600004196
277 5.73500013351
278 5.71799993515
279 5.71899986267
280 5.7389998436
281 5.76800012589
282 5.80800008774
283 5.95900011063
284 6.08300018311
285 6.06599998474
286 6.0609998703
287 6.05499982834
288 6.0529999733
289 6.05100011826
290 6.03200006485
291 6.02299976349
292 6.0
293 5.97700023651
294 5.95699977875
295 5.95399999619
296 5.91599988937
297 5.91300010681
298 5.89499998093
299 5.88199996948
300 5.85699987411
301 5.85099983215
302 5.83900022507
303 5.82999992371
304 5.8140001297
305 5.78800010681
306 5.78700017929
307 5.76900005341
308 5.75299978256
309 5.73199987411
310 5.69899988174
311 5.68300008774
312 5.65199995041
313 5.63899993896
314 5.59800004959
315 5.58099985123
316 5.56199979782
317 5.54500007629
318 5.51800012589
319 5.32100009918
320 5.09600019455
321 5.45599985123
322 5.45399999619
323 5.4279999733
324 5.41599988937
325 5.3860001564
326 5.3639998436
327 5.33599996567
328 5.29300022125
329 4.37599992752
330 4.03900003433
331 4.11800003052
332 5.03100013733
333 5.16300010681
334 5.14400005341
335 5.117000103
336 5.08799982071
337 5.06599998474
338 5.04799985886
339 5.02600002289
340 4.95599985123
341 4.81799983978
342 4.95699977875
343 4.93800020218
344 4.90399980545
345 4.86800003052
346 4.83599996567
347 4.71000003815
348 4.55700016022
349 4.72800016403
350 4.71600008011
351 4.6859998703
352 4.64799976349
353 4.61600017548
354 4.58500003815
355 4.56500005722
356 4.3109998703
357 4.36199998856
358 4.48400020599
359 4.47399997711
360 4.44600009918
361 4.42600011826
362 4.39400005341
363 4.36999988556
364 4.29899978638
365 4.27799987793
366 4.25099992752
367 4.20800018311
368 4.1810002327
369 4.15399980545
370 4.11899995804
371 4.07800006866
372 4.06300020218
373 4.01800012589
374 3.98000001907
375 3.94499993324
376 3.94099998474
377 3.90599989891
378 3.89199995995
379 3.86599993706
380 3.81399989128
381 3.71700000763
382 3.64599990845
383 3.58599996567
384 3.56599998474
385 3.53600001335
386 3.50699996948
387 3.46199989319
388 3.43099999428
389 3.3900001049
390 3.37400007248
391 3.33699989319
392 3.29800009727
393 3.28200006485
394 3.27399992943
395 3.26699995995
396 3.30800008774
397 3.34299993515
398 3.36199998856
399 3.41199994087
400 3.43400001526
401 3.47000002861
402 3.52200007439
403 3.55399990082
404 3.60800004005
405 3.64400005341
406 3.68600010872
407 3.73399996758
408 3.73099994659
409 3.78699994087
410 3.82699990273
411 3.88400006294
412 3.93799996376
413 4.00099992752
414 4.07299995422
415 4.10900020599
416 4.17199993134
417 4.24300003052
418 4.3220000267
419 4.36600017548
420 4.43200016022
421 4.52899980545
422 4.59899997711
423 4.64099979401
424 4.74300003052
425 4.81199979782
426 4.92600011826
427 5.01999998093
428 5.11800003052
429 5.20900011063
430 5.31500005722
431 5.41099977493
432 5.53700017929
433 5.64200019836
434 5.76800012589
435 5.867000103
436 6.03200006485
437 6.16900014877
438 6.32399988174
439 6.48600006104
440 6.51300001144
441 6.60699987411
442 6.48099994659
443 3.06900000572
444 3.04999995232
445 3.03500008583
446 3.02600002289
447 3.01999998093
448 3.00999999046
449 3.01799988747
450 3.00200009346
451 2.98699998856
452 3.00699996948
453 2.99900007248
454 2.99300003052
455 2.98099994659
456 2.97099995613
457 2.98200011253
458 2.9509999752
459 2.95900011063
460 2.94899988174
461 2.96199989319
462 2.94799995422
463 2.93499994278
464 2.93700003624
465 2.93899989128
466 2.92000007629
467 2.93499994278
468 2.93300008774
469 2.92100000381
470 2.66000008583
471 2.62599992752
472 2.65300011635
473 2.65499997139
474 0.944999992847
475 0.707000017166
476 0.709999978542
477 0.908999979496
478 2.65899991989
479 2.64800000191
480 2.65000009537
481 2.63899993896
482 2.65100002289
483 1.54200005531
484 1.2539999485
485 1.14699995518
486 1.10399997234
487 1.09300005436
488 1.08299994469
489 1.08200001717
490 1.06400001049
491 1.07500004768
492 1.0909999609
493 1.10899996758
494 1.17299997807
495 1.19900000095
496 1.20500004292
497 1.18200004101
498 1.2009999752
499 1.22300004959
500 1.20500004292
501 1.22899997234
502 1.23099994659
503 1.24399995804
504 1.29799997807
505 1.39699995518
506 1.63999998569
507 3.00300002098
508 3.02399992943
509 3.03099989891
510 3.03600001335
511 3.05800008774
512 3.05200004578
513 3.06999993324
514 3.09299993515
515 3.08599996567
516 3.08400011063
517 1.30799996853
518 1.42299997807
519 1.35300004482
520 1.26400005817
521 1.25100004673
522 1.25800001621
523 1.22099995613
524 1.00199997425
525 0.912999987602
526 0.929000020027
527 1.17700004578
528 1.22099995613
529 1.19099998474
530 1.20899999142
531 1.20399999619
532 1.14699995518
533 1.13800001144
534 1.13300001621
535 1.15100002289
536 1.13199996948
537 1.14100003242
538 1.15400004387
539 1.15999996662
540 3.54500007629
