0 4.50899982452
1 4.4310002327
2 4.44600009918
3 4.46899986267
4 4.54699993134
5 4.65299987793
6 4.67500019073
7 4.70699977875
8 4.73199987411
9 4.76499986649
10 4.79199981689
11 4.84100008011
12 4.86199998856
13 4.90100002289
14 4.93800020218
15 4.92899990082
16 4.82999992371
17 4.85500001907
18 4.88500022888
19 4.97900009155
20 5.15199995041
21 5.20200014114
22 5.23600006104
23 5.27500009537
24 5.31599998474
25 5.36899995804
26 5.40899991989
27 5.45200014114
28 5.50699996948
29 5.55000019073
30 5.59200000763
31 5.65000009537
32 5.67399978638
33 0.0
34 17.1639995575
35 17.1490001678
36 17.1560001373
37 0.0
38 0.0
39 0.0
40 17.2450008392
41 17.1770000458
42 17.0709991455
43 17.0069999695
44 16.533000946
45 16.5380001068
46 16.5230007172
47 13.1820001602
48 13.0970001221
49 12.3380002975
50 11.9619998932
51 11.595000267
52 11.6040000916
53 11.6319999695
54 11.626999855
55 11.3459997177
56 11.0069999695
57 10.4659996033
58 10.1199998856
59 8.35599994659
60 8.35599994659
61 8.21800041199
62 7.9279999733
63 7.63100004196
64 7.44500017166
65 7.24800014496
66 7.0609998703
67 6.91200017929
68 6.79899978638
69 6.78800010681
70 6.80000019073
71 6.80999994278
72 6.84800004959
73 6.88000011444
74 6.78999996185
75 6.64400005341
76 6.52099990845
77 6.38899993896
78 6.29099988937
79 6.16499996185
80 5.24599981308
81 4.96299982071
82 4.85500001907
83 4.77199983597
84 4.68699979782
85 4.61199998856
86 4.5529999733
87 4.48000001907
88 4.40500020981
89 4.34299993515
90 4.28800010681
91 4.21999979019
92 4.14900016785
93 4.11100006104
94 4.02799987793
95 3.98900008202
96 3.9430000782
97 3.89400005341
98 3.84699988365
99 3.79099988937
100 3.76399993896
101 3.80100011826
102 3.81399989128
103 3.85100007057
104 3.89599990845
105 3.90799999237
106 3.93899989128
107 3.97099995613
108 3.93499994278
109 3.89199995995
110 3.85800004005
111 3.79800009727
112 3.757999897
113 3.73000001907
114 3.70900011063
115 3.67700004578
116 3.63199996948
117 3.59699988365
118 3.56299996376
119 3.53299999237
120 3.50699996948
121 3.47000002861
122 3.44099998474
123 3.42700004578
124 3.40400004387
125 3.39700007439
126 3.43799996376
127 3.46600008011
128 3.49099993706
129 3.53200006485
130 3.57999992371
131 3.59500002861
132 3.67000007629
133 4.03900003433
134 4.05900001526
135 4.10900020599
136 4.13500022888
137 4.15600013733
138 4.17999982834
139 4.22800016403
140 4.25099992752
141 4.28499984741
142 4.32899999619
143 4.36299991608
144 4.39499998093
145 4.42600011826
146 4.44999980927
147 4.47200012207
148 4.51499986649
149 4.54099988937
150 4.53000020981
151 4.21299982071
152 4.31699991226
153 4.54899978638
154 3.26900005341
155 3.41199994087
156 4.71999979019
157 4.60699987411
158 4.5529999733
159 4.79400014877
160 4.83900022507
161 4.87599992752
162 4.89699983597
163 4.92999982834
164 4.96400022507
165 4.99900007248
166 5.03200006485
167 5.04099988937
168 3.15400004387
169 3.242000103
170 3.367000103
171 4.11800003052
172 4.92700004578
173 4.89099979401
174 4.84600019455
175 4.83900022507
176 4.84000015259
177 4.82999992371
178 4.84899997711
179 4.84899997711
180 4.87799978256
181 4.90899991989
182 4.81500005722
183 5.32600021362
184 5.46899986267
185 5.49499988556
186 5.48999977112
187 5.51999998093
188 4.60799980164
189 4.59399986267
190 5.56699991226
191 5.59399986267
192 3.64700007439
193 3.51900005341
194 4.07000017166
195 4.04400014877
196 5.70399999619
197 5.72599983215
198 5.72499990463
199 2.06699991226
200 2.0529999733
201 2.05999994278
202 2.04299998283
203 2.02600002289
204 2.03999996185
205 2.03600001335
206 2.03500008583
207 2.03800010681
208 2.02900004387
209 2.01900005341
210 2.0150001049
211 2.01399993896
212 2.02999997139
213 2.03200006485
214 2.02999997139
215 2.02699995041
216 2.02999997139
217 2.02200007439
218 2.04500007629
219 2.16300010681
220 1.23899996281
221 0.930000007153
222 0.888999998569
223 0.873000025749
224 1.01300001144
225 2.26900005341
226 2.27399992943
227 2.25300002098
228 2.26900005341
229 2.24499988556
230 2.28900003433
231 2.31500005722
232 2.28900003433
233 2.30399990082
234 2.30599999428
235 2.30900001526
236 2.35100007057
237 2.47300004959
238 2.53699994087
239 2.54699993134
240 6.24100017548
241 6.21899986267
242 6.22300004959
243 6.25699996948
244 6.23000001907
245 6.22900009155
246 6.25299978256
247 6.24800014496
248 6.25
249 6.24499988556
250 6.26900005341
251 6.27400016785
252 6.26900005341
253 6.28000020981
254 6.27099990845
255 6.2610001564
256 6.26700019836
257 6.24599981308
258 6.26499986649
259 6.2610001564
260 6.25400018692
261 6.23000001907
262 6.24300003052
263 6.23000001907
264 6.21799993515
265 6.22800016403
266 6.22599983215
267 6.21199989319
268 6.23199987411
269 6.21500015259
270 6.20800018311
271 6.22900009155
272 6.20900011063
273 6.13100004196
274 5.85099983215
275 5.78499984741
276 5.76000022888
277 5.73500013351
278 5.71400022507
279 5.72700023651
280 5.76000022888
281 5.76900005341
282 5.79799985886
283 5.95599985123
284 6.08900022507
285 6.08900022507
286 6.06500005722
287 6.07499980927
288 6.0609998703
289 6.0689997673
290 6.01599979401
291 6.01300001144
292 5.99900007248
293 5.97800016403
294 5.97300004959
295 5.9359998703
296 5.91499996185
297 5.91699981689
298 5.89400005341
299 5.86199998856
300 5.86299991608
301 5.86899995804
302 5.83400011063
303 5.82100009918
304 5.82499980927
305 5.79099988937
306 5.78700017929
307 5.76999998093
308 5.74399995804
309 5.72300004959
310 5.71400022507
311 5.67399978638
312 5.65199995041
313 5.61999988556
314 5.60599994659
315 5.58699989319
316 5.56799983978
317 5.54300022125
318 5.52799987793
319 5.31799983978
320 5.09899997711
321 5.45699977875
322 5.45399999619
323 5.4310002327
324 5.42299985886
325 5.38999986649
326 5.367000103
327 5.33199977875
328 5.29400014877
329 4.36499977112
330 4.06699991226
331 4.11800003052
332 5.00899982452
333 5.16599988937
334 5.14300012589
335 5.12099981308
336 5.10400009155
337 5.07299995422
338 5.05900001526
339 5.02799987793
340 4.95399999619
341 4.8140001297
342 4.9470000267
343 4.9470000267
344 4.90999984741
345 4.882999897
346 4.85099983215
347 4.70800018311
348 4.57800006866
349 4.73999977112
350 4.71199989319
351 4.67100000381
352 4.65000009537
353 4.60599994659
354 4.60400009155
355 4.57600021362
356 4.33199977875
357 4.35799980164
358 4.47599983215
359 4.46600008011
360 4.4359998703
361 4.42000007629
362 4.38500022888
363 4.35799980164
364 4.32899999619
365 4.27799987793
366 4.24900007248
367 4.22700023651
368 4.16800022125
369 4.14200019836
370 4.12599992752
371 4.07999992371
372 4.05200004578
373 4.02699995041
374 4.00199985504
375 3.95499992371
376 3.93799996376
377 3.88700008392
378 3.88499999046
379 3.86100006104
380 3.83999991417
381 3.73200011253
382 3.64499998093
383 3.59800004959
384 3.55100011826
385 3.53900003433
386 3.50300002098
387 3.47499990463
388 3.4430000782
389 3.41300010681
390 3.375
391 3.34999990463
392 3.3180000782
393 3.27200007439
394 3.27200007439
395 3.27300000191
396 3.29399991035
397 3.34500002861
398 3.3789999485
399 3.40899991989
400 3.43000006676
401 3.49099993706
402 3.52099990845
403 3.56399989128
404 3.58500003815
405 3.63199996948
406 3.68300008774
407 3.73200011253
408 3.75
409 3.80399990082
410 3.83800005913
411 3.88899993896
412 3.94799995422
413 3.98699998856
414 4.0640001297
415 4.13000011444
416 4.18300008774
417 4.25500011444
418 4.32999992371
419 4.38399982452
420 4.4310002327
421 4.52899980545
422 4.59399986267
423 4.67299985886
424 4.73500013351
425 4.82000017166
426 4.92199993134
427 5.01999998093
428 5.11199998856
429 5.22499990463
430 5.32000017166
431 5.42999982834
432 5.52600002289
433 5.64099979401
434 5.77099990845
435 5.8860001564
436 6.03700017929
437 6.17000007629
438 6.32100009918
439 6.47399997711
440 6.51800012589
441 6.61499977112
442 6.47300004959
443 3.10100007057
444 3.04099988937
445 3.04500007629
446 3.02800011635
447 3.02900004387
448 3.02300000191
449 3.00699996948
450 3.00200009346
451 2.99900007248
452 2.99900007248
453 2.98600006104
454 2.992000103
455 2.96399998665
456 2.97199988365
457 2.97000002861
458 2.96700000763
459 2.9470000267
460 2.94400000572
461 2.95499992371
462 2.94400000572
463 2.95499992371
464 2.93700003624
465 2.94199991226
466 2.94499993324
467 2.94099998474
468 2.93099999428
469 2.92100000381
470 2.67499995232
471 2.66199994087
472 2.62199997902
473 2.65700006485
474 0.943000018597
475 0.71899998188
476 0.722999989986
477 0.924000024796
478 2.66899991035
479 2.65199995041
480 2.64800000191
481 2.64199995995
482 2.64100003242
483 1.30599999428
484 1.16900002956
485 1.07000005245
486 1.08299994469
487 1.06599998474
488 1.05499994755
489 1.05799996853
490 1.07099997997
491 1.0490000248
492 1.08399999142
493 1.10699999332
494 1.15600001812
495 1.16900002956
496 1.15999996662
497 1.17100000381
498 1.18799996376
499 1.17299997807
500 1.2009999752
501 1.19900000095
502 1.21399998665
503 1.26999998093
504 1.35000002384
505 1.54200005531
506 3.02900004387
507 3.02600002289
508 3.01600003242
509 3.03099989891
510 3.0490000248
511 3.05200004578
512 3.0490000248
513 3.06500005722
514 3.08100008965
515 3.07999992371
516 3.10400009155
517 3.10599994659
518 1.29700005054
519 1.41700005531
520 1.32899999619
521 1.23699998856
522 1.24800002575
523 1.22399997711
524 1.00800001621
525 0.910000026226
526 0.919000029564
527 1.17700004578
528 1.19599997997
529 1.20500004292
530 1.19200003147
531 1.19500005245
532 1.16900002956
533 1.11000001431
534 1.11899995804
535 1.10300004482
536 1.11300003529
537 1.125
538 1.12300002575
539 1.10199999809
540 1.12999999523
