0 4.5110001564
1 4.42600011826
2 4.46199989319
3 4.44799995422
4 4.53499984741
5 4.65000009537
6 4.67399978638
7 4.71799993515
8 4.74100017548
9 4.76800012589
10 4.80900001526
11 4.82399988174
12 4.86899995804
13 4.88800001144
14 4.93400001526
15 4.94299983978
16 4.83699989319
17 4.84800004959
18 4.89400005341
19 4.96099996567
20 5.15299987793
21 5.17899990082
22 5.22399997711
23 5.26599979401
24 5.31500005722
25 5.36499977112
26 5.40000009537
27 5.45100021362
28 5.50500011444
29 5.55399990082
30 5.617000103
31 5.63899993896
32 5.66499996185
33 17.1369991302
34 17.1480007172
35 17.1329994202
36 17.1509990692
37 0.0
38 0.0
39 0.0
40 17.25
41 17.156999588
42 17.0590000153
43 17.0259990692
44 16.517999649
45 16.5400009155
46 16.5219993591
47 13.1689996719
48 13.0579996109
49 12.3350000381
50 11.9289999008
51 11.5799999237
52 11.609000206
53 11.626999855
54 11.6490001678
55 11.3319997787
56 11.0
57 10.4720001221
58 10.0909996033
59 8.3170003891
60 8.34000015259
61 8.21399974823
62 7.90199995041
63 7.63500022888
64 7.4470000267
65 7.24399995804
66 7.0689997673
67 6.90500020981
68 6.79500007629
69 6.78000020981
70 6.80200004578
71 6.82499980927
72 6.85500001907
73 6.87599992752
74 6.79899978638
75 6.64900016785
76 6.50899982452
77 6.37799978256
78 6.26499986649
79 6.15600013733
80 5.22399997711
81 4.97100019455
82 4.85500001907
83 4.76999998093
84 4.68400001526
85 4.60200023651
86 4.51999998093
87 4.46400022507
88 4.40700006485
89 4.33300018311
90 4.27500009537
91 4.22599983215
92 4.17899990082
93 4.11800003052
94 4.03100013733
95 3.9849998951
96 3.93099999428
97 3.88000011444
98 3.83100008965
99 3.78399991989
100 3.77900004387
101 3.79500007629
102 3.81999993324
103 3.84500002861
104 3.88100004196
105 3.91700005531
106 3.93499994278
107 3.96199989319
108 3.91899991035
109 3.87700009346
110 3.84999990463
111 3.81200003624
112 3.77399992943
113 3.73000001907
114 3.69899988174
115 3.66000008583
116 3.61599993706
117 3.58899998665
118 3.5680000782
119 3.53399991989
120 3.50699996948
121 3.47300004959
122 3.45000004768
123 3.41899991035
124 3.40300011635
125 3.38400006294
126 3.42600011826
127 3.45600008965
128 3.49000000954
129 3.51799988747
130 3.58100008965
131 3.61299991608
132 3.65300011635
133 4.03200006485
134 4.05000019073
135 4.09600019455
136 4.12900018692
137 4.1360001564
138 4.19099998474
139 4.20399999619
140 4.257999897
141 4.27199983597
142 4.30900001526
143 4.35699987411
144 4.38999986649
145 4.42100000381
146 4.46500015259
147 4.49700021744
148 4.51900005341
149 4.54600000381
150 4.54300022125
151 4.20399999619
152 4.30499982834
153 4.54400014877
154 3.26099991798
155 3.40499997139
156 4.72399997711
157 4.60400009155
158 4.5529999733
159 4.80700016022
160 4.83699989319
161 4.85799980164
162 4.88700008392
163 4.92199993134
164 4.97300004959
165 4.99399995804
166 5.01999998093
167 5.04300022125
168 3.15599989891
169 3.22000002861
170 3.38000011444
171 4.10599994659
172 4.91499996185
173 4.88700008392
174 4.85699987411
175 4.82899999619
176 4.83099985123
177 4.82600021362
178 4.84100008011
179 4.85799980164
180 4.87799978256
181 4.89900016785
182 4.83300018311
183 5.32100009918
184 5.47399997711
185 5.4889998436
186 5.50199985504
187 5.51900005341
188 4.59999990463
189 4.57700014114
190 5.55399990082
191 5.59399986267
192 3.64100003242
193 3.51300001144
194 4.09100008011
195 4.04199981689
196 5.69199991226
197 5.70900011063
198 5.73500013351
199 2.07899999619
200 2.05200004578
201 2.05900001526
202 2.02999997139
203 2.04399991035
204 2.02800011635
205 2.01600003242
206 2.01600003242
207 2.02099990845
208 2.01300001144
209 2.00900006294
210 2.00900006294
211 2.02600002289
212 2.02999997139
213 2.01099991798
214 2.00600004196
215 2.00300002098
216 2.01200008392
217 2.02500009537
218 2.03500008583
219 2.14700007439
220 1.24300003052
221 0.930999994278
222 0.880999982357
223 0.894999980927
224 1.0340000391
225 2.26900005341
226 2.26900005341
227 2.24799990654
228 2.24099993706
229 2.27099990845
230 2.27500009537
231 2.31200003624
232 2.28800010681
233 2.29200005531
234 2.29399991035
235 2.30500006676
236 2.34200000763
237 2.45300006866
238 2.53399991989
239 2.51999998093
240 6.23299980164
241 6.25600004196
242 6.23799991608
243 6.25199985504
244 6.25400018692
245 6.23299980164
246 6.26000022888
247 6.25600004196
248 6.24300003052
249 6.23500013351
250 6.24499988556
251 6.25500011444
252 6.26900005341
253 6.27099990845
254 6.28800010681
255 6.26300001144
256 6.27199983597
257 6.26999998093
258 6.25400018692
259 6.23999977112
260 6.24100017548
261 6.24800014496
262 6.22900009155
263 6.24100017548
264 6.21299982071
265 6.21299982071
266 6.22399997711
267 6.22100019455
268 6.22200012207
269 6.22100019455
270 6.20800018311
271 6.21700000763
272 6.21600008011
273 6.14599990845
274 5.84200000763
275 5.78499984741
276 5.75299978256
277 5.73000001907
278 5.71799993515
279 5.71600008011
280 5.74100017548
281 5.76800012589
282 5.82299995422
283 5.95599985123
284 6.0689997673
285 6.08599996567
286 6.07800006866
287 6.05100011826
288 6.05800008774
289 6.05100011826
290 6.01700019836
291 6.03100013733
292 6.01399993896
293 5.97300004959
294 5.94600009918
295 5.93800020218
296 5.92700004578
297 5.91200017929
298 5.90100002289
299 5.8860001564
300 5.87300014496
301 5.84999990463
302 5.83099985123
303 5.8109998703
304 5.79300022125
305 5.80100011826
306 5.78800010681
307 5.78200006485
308 5.74700021744
309 5.71500015259
310 5.69000005722
311 5.67100000381
312 5.64400005341
313 5.62300014496
314 5.60699987411
315 5.59100008011
316 5.57000017166
317 5.54600000381
318 5.52600002289
319 5.31500005722
320 5.09299993515
321 5.46199989319
322 5.44500017166
323 5.41900014877
324 5.41400003433
325 5.39699983597
326 5.37300014496
327 5.33500003815
328 5.30499982834
329 4.35500001907
330 4.03800010681
331 4.12799978256
332 5.02799987793
333 5.15500020981
334 5.13500022888
335 5.12400007248
336 5.08699989319
337 5.06799983978
338 5.04400014877
339 5.02699995041
340 4.94299983978
341 4.82100009918
342 4.95499992371
343 4.93200016022
344 4.90299987793
345 4.87699985504
346 4.83500003815
347 4.69799995422
348 4.55800008774
349 4.72800016403
350 4.70599985123
351 4.69000005722
352 4.66400003433
353 4.60300016403
354 4.59899997711
355 4.55999994278
356 4.31599998474
357 4.36299991608
358 4.48699998856
359 4.45499992371
360 4.44600009918
361 4.41099977493
362 4.40199995041
363 4.35900020599
364 4.30700016022
365 4.26800012589
366 4.24800014496
367 4.19999980927
368 4.1810002327
369 4.15500020981
370 4.12400007248
371 4.0689997673
372 4.05000019073
373 4.00199985504
374 3.99000000954
375 3.97199988365
376 3.91499996185
377 3.89199995995
378 3.8789999485
379 3.85800004005
380 3.82500004768
381 3.71700000763
382 3.62599992752
383 3.59299993515
384 3.5569999218
385 3.52999997139
386 3.48399996758
387 3.46799993515
388 3.43099999428
389 3.41100001335
390 3.3710000515
391 3.34100008011
392 3.29600000381
393 3.27300000191
394 3.257999897
395 3.26999998093
396 3.30599999428
397 3.31699991226
398 3.36899995804
399 3.41100001335
400 3.44000005722
401 3.47900009155
402 3.50999999046
403 3.56399989128
404 3.60100007057
405 3.64100003242
406 3.70199990273
407 3.72699999809
408 3.74499988556
409 3.77200007439
410 3.82800006866
411 3.88599991798
412 3.9319999218
413 3.97900009155
414 4.0640001297
415 4.13399982452
416 4.16599988937
417 4.23400020599
418 4.31199979782
419 4.38100004196
420 4.43400001526
421 4.52699995041
422 4.59000015259
423 4.66400003433
424 4.72499990463
425 4.82000017166
426 4.90399980545
427 5.02400016785
428 5.11100006104
429 5.21999979019
430 5.31599998474
431 5.42000007629
432 5.54199981689
433 5.64099979401
434 5.76499986649
435 5.89499998093
436 6.02600002289
437 6.16499996185
438 6.32899999619
439 6.45300006866
440 6.49700021744
441 6.61100006104
442 6.4359998703
443 3.08899998665
444 3.04999995232
445 3.05599999428
446 3.02300000191
447 3.02099990845
448 3.03600001335
449 3.00200009346
450 2.99300003052
451 2.98900008202
452 2.9849998951
453 2.99399995804
454 2.98799991608
455 2.98900008202
456 2.97300004959
457 2.97600007057
458 2.95399999619
459 2.95399999619
460 2.9470000267
461 2.94000005722
462 2.95399999619
463 2.95000004768
464 2.93799996376
465 2.9509999752
466 2.93499994278
467 2.94000005722
468 2.90799999237
469 2.91100001335
470 2.65899991989
471 2.65000009537
472 2.63000011444
473 2.65100002289
474 0.952000021935
475 0.722999989986
476 0.708999991417
477 0.917999982834
478 2.64800000191
479 2.64800000191
480 2.65400004387
481 2.65199995041
482 2.65400004387
483 1.54200005531
484 1.26800000668
485 1.14800000191
486 1.11000001431
487 1.09700000286
488 1.0909999609
489 1.06700003147
490 1.0759999752
491 1.08299994469
492 1.09700000286
493 1.13300001621
494 1.18700003624
495 1.18099999428
496 1.20599997044
497 1.18200004101
498 1.18900001049
499 1.18900001049
500 1.20799994469
501 1.21300005913
502 1.24000000954
503 1.23699998856
504 1.30099999905
505 1.38900005817
506 1.63199996948
507 3.02200007439
508 3.04399991035
509 3.02099990845
510 3.03900003433
511 3.04099988937
512 3.06699991226
513 3.06599998474
514 3.07999992371
515 3.09599995613
516 3.08299994469
517 1.32299995422
518 1.42100000381
519 1.35000002384
520 1.26999998093
521 1.24199998379
522 1.24899995327
523 1.23500001431
524 1.0039999485
525 0.901000022888
526 0.939999997616
527 1.18299996853
528 1.2159999609
529 1.23099994659
530 1.21000003815
531 1.20000004768
532 1.14999997616
533 1.12999999523
534 1.12000000477
535 1.11399996281
536 1.13300001621
537 1.15299999714
538 1.16600000858
539 1.14999997616
540 3.53699994087
