0 4.53000020981
1 4.41800022125
2 4.45699977875
3 4.47599983215
4 4.53200006485
5 4.6360001564
6 4.68699979782
7 4.71199989319
8 4.73799991608
9 4.78000020981
10 4.78800010681
11 4.83799982071
12 4.87200021744
13 4.88399982452
14 4.93800020218
15 4.93300008774
16 4.83799982071
17 4.84899997711
18 4.89200019836
19 4.97399997711
20 5.13500022888
21 5.1779999733
22 5.22200012207
23 5.27699995041
24 5.32100009918
25 5.35200023651
26 5.40700006485
27 5.46299982071
28 5.48099994659
29 5.55200004578
30 5.60699987411
31 5.66599988937
32 5.65399980545
33 0.0
34 17.1520004272
35 17.1459999084
36 17.1499996185
37 0.0
38 0.0
39 0.0
40 17.2439994812
41 17.1919994354
42 17.0580005646
43 17.0109996796
44 16.5200004578
45 16.5440006256
46 16.531999588
47 13.1619997025
48 13.0799999237
49 12.3249998093
50 11.9549999237
51 11.5880002975
52 11.5920000076
53 11.6219997406
54 11.6319999695
55 11.3549995422
56 10.9940004349
57 10.4549999237
58 10.1099996567
59 8.31499958038
60 8.34099960327
61 8.19299983978
62 7.92299985886
63 7.64799976349
64 7.45599985123
65 7.24700021744
66 7.05999994278
67 6.89400005341
68 6.78800010681
69 6.78399991989
70 6.80399990082
71 6.83300018311
72 6.85300016403
73 6.87099981308
74 6.78599977493
75 6.64300012589
76 6.51700019836
77 6.39799976349
78 6.27199983597
79 6.16800022125
80 5.2389998436
81 4.96600008011
82 4.85300016403
83 4.77299976349
84 4.6939997673
85 4.60799980164
86 4.54300022125
87 4.47200012207
88 4.41900014877
89 4.3189997673
90 4.28299999237
91 4.21899986267
92 4.16900014877
93 4.117000103
94 4.02799987793
95 3.98399996758
96 3.93700003624
97 3.89299988747
98 3.82500004768
99 3.77999997139
100 3.78500008583
101 3.7990000248
102 3.80500006676
103 3.85400009155
104 3.89800000191
105 3.90400004387
106 3.93799996376
107 3.93700003624
108 3.92100000381
109 3.88899993896
110 3.85500001907
111 3.81699991226
112 3.77399992943
113 3.74799990654
114 3.68799996376
115 3.65100002289
116 3.62299990654
117 3.58599996567
118 3.56200003624
119 3.53500008583
120 3.51200008392
121 3.48099994659
122 3.4470000267
123 3.41199994087
124 3.41199994087
125 3.39499998093
126 3.42700004578
127 3.45399999619
128 3.4960000515
129 3.54099988937
130 3.57899999619
131 3.61400008202
132 3.67000007629
133 4.00699996948
134 4.04899978638
135 4.10500001907
136 4.12400007248
137 4.15600013733
138 4.18699979782
139 4.22499990463
140 4.24800014496
141 4.29400014877
142 4.30800008774
143 4.34999990463
144 4.38999986649
145 4.4310002327
146 4.47200012207
147 4.49800014496
148 4.50699996948
149 4.50899982452
150 4.55700016022
151 4.21999979019
152 4.29699993134
153 4.62599992752
154 3.27800011635
155 3.41499996185
156 4.71199989319
157 4.60599994659
158 4.57100009918
159 4.80000019073
160 4.83300018311
161 4.87200021744
162 4.89699983597
163 4.94600009918
164 4.96500015259
165 4.98799991608
166 5.02099990845
167 5.04400014877
168 3.1740000248
169 3.2349998951
170 3.38000011444
171 4.1139998436
172 4.90899991989
173 4.88199996948
174 4.84600019455
175 4.82899999619
176 4.83199977875
177 4.82399988174
178 4.83199977875
179 4.84899997711
180 4.875
181 4.91499996185
182 4.80999994278
183 5.33099985123
184 5.46000003815
185 5.48999977112
186 5.50099992752
187 5.51399993896
188 4.61199998856
189 4.58699989319
190 5.55499982834
191 5.59100008011
192 3.64100003242
193 3.53200006485
194 4.06799983978
195 4.03999996185
196 5.68699979782
197 5.71799993515
198 5.73500013351
199 2.07699990273
200 2.04999995232
201 2.0529999733
202 2.04500007629
203 2.01799988747
204 2.01900005341
205 2.01900005341
206 2.02600002289
207 2.03500008583
208 2.03600001335
209 2.03299999237
210 2.03200006485
211 2.03399991989
212 2.03399991989
213 2.00300002098
214 2.02600002289
215 2.01900005341
216 2.03399991989
217 2.03699994087
218 2.04500007629
219 2.1289999485
220 1.24300003052
221 0.935000002384
222 0.888999998569
223 0.871999979019
224 1.0340000391
225 2.27900004387
226 2.29200005531
227 2.27300000191
228 2.23300004005
229 2.24699997902
230 2.28999996185
231 2.32899999619
232 2.31100010872
233 2.30200004578
234 2.28900003433
235 2.2990000248
236 2.35800004005
237 2.47099995613
238 2.52399992943
239 2.52600002289
240 6.24499988556
241 6.23500013351
242 6.24100017548
243 6.25299978256
244 6.23299980164
245 6.24300003052
246 6.25500011444
247 6.24100017548
248 6.2610001564
249 6.25600004196
250 6.23999977112
251 6.27199983597
252 6.27899980545
253 6.28399991989
254 6.2610001564
255 6.27899980545
256 6.25699996948
257 6.26800012589
258 6.2389998436
259 6.24300003052
260 6.23500013351
261 6.24700021744
262 6.2389998436
263 6.20800018311
264 6.22800016403
265 6.24599981308
266 6.21799993515
267 6.24499988556
268 6.22200012207
269 6.24300003052
270 6.21299982071
271 6.24300003052
272 6.22200012207
273 6.12799978256
274 5.84800004959
275 5.76800012589
276 5.75299978256
277 5.7389998436
278 5.72800016403
279 5.73299980164
280 5.74399995804
281 5.76399993896
282 5.80800008774
283 5.96400022507
284 6.08599996567
285 6.09100008011
286 6.08699989319
287 6.07000017166
288 6.06699991226
289 6.06199979782
290 6.02600002289
291 6.03100013733
292 5.992000103
293 5.98199987411
294 5.97100019455
295 5.95300006866
296 5.9279999733
297 5.90199995041
298 5.90000009537
299 5.88399982452
300 5.84999990463
301 5.84700012207
302 5.84399986267
303 5.82399988174
304 5.81699991226
305 5.78900003433
306 5.79400014877
307 5.78000020981
308 5.75500011444
309 5.72200012207
310 5.68200016022
311 5.67100000381
312 5.64499998093
313 5.63199996948
314 5.62099981308
315 5.59200000763
316 5.57600021362
317 5.54699993134
318 5.52799987793
319 5.31199979782
320 5.10599994659
321 5.44600009918
322 5.45100021362
323 5.42999982834
324 5.42199993134
325 5.38500022888
326 5.37099981308
327 5.33799982071
328 5.29899978638
329 4.35699987411
330 4.07299995422
331 4.14400005341
332 5.03299999237
333 5.17000007629
334 5.14599990845
335 5.12200021744
336 5.09899997711
337 5.07000017166
338 5.04600000381
339 5.03100013733
340 4.94600009918
341 4.82000017166
342 4.95200014114
343 4.93800020218
344 4.90100002289
345 4.86499977112
346 4.84899997711
347 4.70200014114
348 4.56300020218
349 4.72800016403
350 4.71500015259
351 4.6779999733
352 4.65799999237
353 4.62900018692
354 4.60200023651
355 4.57499980927
356 4.30999994278
357 4.38000011444
358 4.5
359 4.47800016403
360 4.43499994278
361 4.42500019073
362 4.39400005341
363 4.37300014496
364 4.3140001297
365 4.29300022125
366 4.24800014496
367 4.19199991226
368 4.16900014877
369 4.14699983597
370 4.11499977112
371 4.08300018311
372 4.05200004578
373 4.01800012589
374 3.99900007248
375 3.95700001717
376 3.92700004578
377 3.91199994087
378 3.86599993706
379 3.85299992561
380 3.83500003815
381 3.73000001907
382 3.63499999046
383 3.60199999809
384 3.55100011826
385 3.53600001335
386 3.48900008202
387 3.45600008965
388 3.43400001526
389 3.40599989891
390 3.35700011253
391 3.34500002861
392 3.31200003624
393 3.28999996185
394 3.27600002289
395 3.25900006294
396 3.28900003433
397 3.33200001717
398 3.36800003052
399 3.40799999237
400 3.43899989128
401 3.4849998951
402 3.52999997139
403 3.56399989128
404 3.59100008011
405 3.63100004196
406 3.69000005722
407 3.72199988365
408 3.74799990654
409 3.78399991989
410 3.83500003815
411 3.87700009346
412 3.94799995422
413 4.00400018692
414 4.06599998474
415 4.10900020599
416 4.1859998703
417 4.25299978256
418 4.29300022125
419 4.3639998436
420 4.4439997673
421 4.52099990845
422 4.60099983215
423 4.66699981689
424 4.74399995804
425 4.80800008774
426 4.90700006485
427 5.01499986649
428 5.11999988556
429 5.21500015259
430 5.32399988174
431 5.4279999733
432 5.53399991989
433 5.65000009537
434 5.77400016785
435 5.87099981308
436 6.02299976349
437 6.16400003433
438 6.3060002327
439 6.48500013351
440 6.50899982452
441 6.617000103
442 6.47399997711
443 3.08200001717
444 3.05399990082
445 3.03399991989
446 3.04800009727
447 3.02500009537
448 3.007999897
449 3.02200007439
450 2.99399995804
451 2.99499988556
452 3.00300002098
453 2.98200011253
454 2.99900007248
455 2.98699998856
456 2.98000001907
457 2.95499992371
458 2.95799994469
459 2.96600008011
460 2.94600009918
461 2.94600009918
462 2.94499993324
463 2.96199989319
464 2.92700004578
465 2.92899990082
466 2.93400001526
467 2.92899990082
468 2.9279999733
469 2.91599988937
470 2.64800000191
471 2.65700006485
472 2.64499998093
473 2.67000007629
474 0.949000000954
475 0.726999998093
476 0.72000002861
477 0.916000008583
478 2.6740000248
479 2.63700008392
480 2.64899992943
481 2.65100002289
482 1.33500003815
483 1.22599995136
484 1.13900005817
485 1.10899996758
486 1.11600005627
487 1.09899997711
488 1.10899996758
489 1.11899995804
490 1.11000001431
491 1.16600000858
492 1.18400001526
493 1.20399999619
494 1.20700001717
495 1.20399999619
496 1.20700001717
497 1.20500004292
498 1.20200002193
499 1.19400000572
500 1.21700000763
501 1.24100005627
502 1.25699996948
503 1.32000005245
504 1.45399999619
505 3.00300002098
506 3.00699996948
507 3.03200006485
508 3.03900003433
509 3.04099988937
510 3.05100011826
511 3.05999994278
512 3.06900000572
513 3.05100011826
514 3.06399989128
515 3.07899999619
516 3.10800004005
517 1.32000005245
518 1.41600000858
519 1.35000002384
520 1.26499998569
521 1.26400005817
522 1.25
523 1.23199999332
524 0.990000009537
525 0.902000010014
526 0.935000002384
527 1.17900002003
528 1.22000002861
529 1.22500002384
530 1.21399998665
531 1.15299999714
532 1.15600001812
533 1.15999996662
534 1.14999997616
535 1.16700005531
536 1.16900002956
537 1.17499995232
538 1.21700000763
539 0.0
540 0.0
