0 4.48699998856
1 4.43499994278
2 4.42000007629
3 4.47900009155
4 4.53499984741
5 4.66099977493
6 4.6859998703
7 4.71199989319
8 4.74800014496
9 4.76999998093
10 4.78800010681
11 4.82600021362
12 4.87200021744
13 4.89599990845
14 4.9310002327
15 4.92999982834
16 4.84600019455
17 4.85099983215
18 4.87699985504
19 4.96700000763
20 5.15100002289
21 5.19500017166
22 5.22200012207
23 5.27099990845
24 5.30800008774
25 5.34600019455
26 5.40299987793
27 5.45599985123
28 5.50299978256
29 5.53800010681
30 5.59200000763
31 5.64499998093
32 5.65799999237
33 0.0
34 17.1359996796
35 17.1329994202
36 17.1550006866
37 0.0
38 0.0
39 0.0
40 17.2380008698
41 17.1749992371
42 17.0599994659
43 16.9950008392
44 16.5249996185
45 16.5389995575
46 16.5109996796
47 13.1529998779
48 13.0749998093
49 12.3330001831
50 11.9479999542
51 11.5909996033
52 11.5979995728
53 11.6330003738
54 11.626999855
55 11.3529996872
56 10.9930000305
57 10.4849996567
58 10.1190004349
59 8.35000038147
60 8.34099960327
61 8.21199989319
62 7.93499994278
63 7.64099979401
64 7.4439997673
65 7.23999977112
66 7.07000017166
67 6.90600013733
68 6.79799985886
69 6.77899980545
70 6.80200004578
71 6.83199977875
72 6.85500001907
73 6.87200021744
74 6.79500007629
75 6.64900016785
76 6.507999897
77 6.38999986649
78 6.25699996948
79 6.14900016785
80 5.22399997711
81 4.95900011063
82 4.84600019455
83 4.76399993896
84 4.67999982834
85 4.59899997711
86 4.54300022125
87 4.45699977875
88 4.42199993134
89 4.33900022507
90 4.28100013733
91 4.23000001907
92 4.15899991989
93 4.11499977112
94 4.03399991989
95 3.98099994659
96 3.93099999428
97 3.90000009537
98 3.84999990463
99 3.78800010681
100 3.76999998093
101 3.79800009727
102 3.81100010872
103 3.85100007057
104 3.86500000954
105 3.91100001335
106 3.94000005722
107 3.9430000782
108 3.93499994278
109 3.89299988747
110 3.84599995613
111 3.81299996376
112 3.75699996948
113 3.71399998665
114 3.69499993324
115 3.66199994087
116 3.63700008392
117 3.60299992561
118 3.56299996376
119 3.52999997139
120 3.50099992752
121 3.48000001907
122 3.44899988174
123 3.40700006485
124 3.40799999237
125 3.40599989891
126 3.41199994087
127 3.46000003815
128 3.49399995804
129 3.53200006485
130 3.57100009918
131 3.61199998856
132 3.66899991035
133 4.03700017929
134 4.07299995422
135 4.10300016403
136 4.13399982452
137 4.14400005341
138 4.19500017166
139 4.22399997711
140 4.25699996948
141 4.27699995041
142 4.32499980927
143 4.33799982071
144 4.40199995041
145 4.41900014877
146 4.45499992371
147 4.48799991608
148 4.51599979401
149 4.53700017929
150 4.55100011826
151 4.21600008011
152 4.3060002327
153 4.59100008011
154 3.25699996948
155 3.42899990082
156 4.72399997711
157 4.61199998856
158 4.56199979782
159 4.80399990082
160 4.84299993515
161 4.87400007248
162 4.90500020981
163 4.9439997673
164 4.96299982071
165 5.00500011444
166 5.02400016785
167 5.04600000381
168 3.15199995041
169 3.21799993515
170 3.36899995804
171 4.11499977112
172 4.91499996185
173 4.89099979401
174 4.85400009155
175 4.83099985123
176 4.8220000267
177 4.8140001297
178 4.84999990463
179 4.84100008011
180 4.87599992752
181 4.90700006485
182 4.8189997673
183 5.31599998474
184 5.46299982071
185 5.50099992752
186 5.49599981308
187 5.507999897
188 4.60200023651
189 4.57000017166
190 5.5609998703
191 5.59499979019
192 3.64199995995
193 3.52999997139
194 4.06599998474
195 4.04799985886
196 5.69199991226
197 5.70499992371
198 5.73600006104
199 2.07800006866
200 2.0720000267
201 2.03699994087
202 2.02800011635
203 2.04699993134
204 2.01799988747
205 2.01799988747
206 2.03900003433
207 2.02699995041
208 2.007999897
209 2.02699995041
210 2.01099991798
211 2.01600003242
212 2.02900004387
213 2.02900004387
214 2.01900005341
215 2.02699995041
216 2.01900005341
217 2.01600003242
218 2.03099989891
219 2.15300011635
220 1.23800003529
221 0.934000015259
222 0.902999997139
223 0.89200001955
224 1.00999999046
225 2.26399993896
226 2.28500008583
227 2.27300000191
228 2.24000000954
229 2.23900008202
230 2.30900001526
231 2.32699990273
232 2.30100011826
233 2.28999996185
234 2.29600000381
235 2.31299996376
236 2.36100006104
237 2.47399997711
238 2.52900004387
239 2.52699995041
240 6.23699998856
241 6.22599983215
242 6.23600006104
243 6.22399997711
244 6.23600006104
245 6.22399997711
246 6.23600006104
247 6.23099994659
248 6.26200008392
249 6.26399993896
250 6.25699996948
251 6.25299978256
252 6.27799987793
253 6.27600002289
254 6.28399991989
255 6.27400016785
256 6.27799987793
257 6.25299978256
258 6.26999998093
259 6.2389998436
260 6.25400018692
261 6.21199989319
262 6.21899986267
263 6.24700021744
264 6.22399997711
265 6.23999977112
266 6.23299980164
267 6.21400022507
268 6.21999979019
269 6.21700000763
270 6.22399997711
271 6.20699977875
272 6.21099996567
273 6.12400007248
274 5.84999990463
275 5.79899978638
276 5.76900005341
277 5.73500013351
278 5.70900011063
279 5.71400022507
280 5.76200008392
281 5.76200008392
282 5.80900001526
283 5.94000005722
284 6.08500003815
285 6.07499980927
286 6.0609998703
287 6.06599998474
288 6.04699993134
289 6.05700016022
290 6.02600002289
291 6.03499984741
292 6.00199985504
293 5.98400020599
294 5.96000003815
295 5.93300008774
296 5.91599988937
297 5.89400005341
298 5.89200019836
299 5.87699985504
300 5.85400009155
301 5.85900020599
302 5.83799982071
303 5.82100009918
304 5.80700016022
305 5.79300022125
306 5.77899980545
307 5.76800012589
308 5.75500011444
309 5.73199987411
310 5.70100021362
311 5.66800022125
312 5.65199995041
313 5.632999897
314 5.59600019455
315 5.58599996567
316 5.56300020218
317 5.5560002327
318 5.52400016785
319 5.31699991226
320 5.09600019455
321 5.44899988174
322 5.45200014114
323 5.42999982834
324 5.40500020981
325 5.39900016785
326 5.36499977112
327 5.34399986267
328 5.29300022125
329 4.36100006104
330 4.06599998474
331 4.11499977112
332 5.03100013733
333 5.1779999733
334 5.13999986649
335 5.12300014496
336 5.09999990463
337 5.06500005722
338 5.04099988937
339 5.03200006485
340 4.95800018311
341 4.82600021362
342 4.96700000763
343 4.94600009918
344 4.90399980545
345 4.882999897
346 4.84499979019
347 4.70300006866
348 4.55800008774
349 4.74100017548
350 4.71999979019
351 4.68300008774
352 4.65000009537
353 4.61800003052
354 4.59399986267
355 4.55800008774
356 4.3140001297
357 4.36999988556
358 4.49300003052
359 4.47200012207
360 4.43499994278
361 4.41699981689
362 4.40199995041
363 4.34000015259
364 4.30900001526
365 4.25899982452
366 4.24700021744
367 4.19500017166
368 4.18300008774
369 4.15500020981
370 4.11499977112
371 4.07800006866
372 4.03200006485
373 4.00299978256
374 3.9849998951
375 3.95900011063
376 3.93000006676
377 3.89599990845
378 3.8789999485
379 3.84899997711
380 3.83100008965
381 3.71700000763
382 3.62599992752
383 3.59100008011
384 3.56399989128
385 3.52099990845
386 3.50099992752
387 3.44799995422
388 3.44400000572
389 3.38599991798
390 3.37199997902
391 3.33699989319
392 3.3029999733
393 3.27999997139
394 3.26399993896
395 3.27999997139
396 3.3029999733
397 3.32699990273
398 3.375
399 3.41199994087
400 3.43000006676
401 3.48300004005
402 3.52200007439
403 3.56900000572
404 3.60299992561
405 3.65499997139
406 3.6819999218
407 3.72099995613
408 3.74099993706
409 3.77999997139
410 3.84500002861
411 3.88499999046
412 3.94499993324
413 3.98699998856
414 4.05800008774
415 4.10099983215
416 4.19899988174
417 4.23000001907
418 4.29099988937
419 4.38399982452
420 4.45800018311
421 4.52699995041
422 4.58099985123
423 4.65199995041
424 4.74300003052
425 4.8109998703
426 4.91300010681
427 5.01499986649
428 5.12200021744
429 5.21199989319
430 5.31699991226
431 5.41300010681
432 5.52899980545
433 5.64200019836
434 5.76300001144
435 5.88100004196
436 6.02099990845
437 6.17100000381
438 6.3189997673
439 6.48199987411
440 6.47800016403
441 6.61100006104
442 6.46899986267
443 3.08699989319
444 3.05999994278
445 3.03299999237
446 3.05100011826
447 3.03699994087
448 3.02900004387
449 3.00600004196
450 3.007999897
451 3.00999999046
452 3.0
453 2.97399997711
454 2.98399996758
455 2.97300004959
456 2.96300005913
457 2.96600008011
458 2.95799994469
459 2.95799994469
460 2.95199990273
461 2.9430000782
462 2.95300006866
463 2.95499992371
464 2.94400000572
465 2.93400001526
466 2.92899990082
467 2.92700004578
468 2.9240000248
469 2.90899991989
470 2.6819999218
471 2.66000008583
472 2.64299988747
473 2.65400004387
474 0.96899998188
475 0.703999996185
476 0.712000012398
477 0.931999981403
478 2.65499997139
479 2.64700007439
480 2.65100002289
481 2.66599988937
482 2.64299988747
483 1.28600001335
484 1.17900002003
485 1.11600005627
486 1.10399997234
487 1.06700003147
488 1.06599998474
489 1.0720000267
490 1.0870000124
491 1.05999994278
492 1.09700000286
493 1.1590000391
494 1.19000005722
495 1.17499995232
496 1.20200002193
497 1.19200003147
498 1.19900000095
499 1.19299995899
500 1.22099995613
501 1.21500003338
502 1.25100004673
503 1.28900003433
504 1.36600005627
505 1.53100001812
506 3.00600004196
507 3.02300000191
508 3.04399991035
509 3.03999996185
510 3.04999995232
511 3.05800008774
512 3.06200003624
513 3.07699990273
514 3.06500005722
515 3.07399988174
516 3.10400009155
517 1.31400001049
518 1.42100000381
519 1.3409999609
520 1.26900005341
521 1.24800002575
522 1.2539999485
523 1.23000001907
524 1.00199997425
525 0.910000026226
526 0.933000028133
527 1.17900002003
528 1.21500003338
529 1.21700000763
530 1.19299995899
531 1.19200003147
532 1.12199997902
533 1.13300001621
534 1.12600004673
535 1.14199995995
536 1.12699997425
537 1.13900005817
538 1.15400004387
539 1.1629999876
540 3.52399992943
