0 4.5110001564
1 4.4279999733
2 4.44299983978
3 4.47499990463
4 4.53800010681
5 4.65299987793
6 4.6779999733
7 4.70499992371
8 4.73500013351
9 4.77799987793
10 4.79799985886
11 4.84100008011
12 4.86499977112
13 4.89799976349
14 4.92500019073
15 4.92600011826
16 4.84600019455
17 4.84800004959
18 4.87799978256
19 4.96899986267
20 5.15399980545
21 5.19099998474
22 5.23000001907
23 5.26000022888
24 5.32000017166
25 5.36899995804
26 5.40299987793
27 5.45800018311
28 5.49700021744
29 5.55100011826
30 5.58699989319
31 5.64099979401
32 5.6779999733
33 0.0
34 17.1639995575
35 17.1420001984
36 17.1450004578
37 0.0
38 0.0
39 0.0
40 17.236000061
41 17.1660003662
42 17.0739994049
43 17.0079994202
44 16.5270004272
45 16.5440006256
46 16.5230007172
47 13.1579999924
48 13.0819997787
49 12.3219995499
50 11.9259996414
51 11.5900001526
52 11.6009998322
53 11.6350002289
54 11.6210002899
55 11.3559999466
56 11.0120000839
57 10.4569997787
58 10.111000061
59 8.33199977875
60 8.34300041199
61 8.19099998474
62 7.90100002289
63 7.63199996948
64 7.44799995422
65 7.24800014496
66 7.06699991226
67 6.90100002289
68 6.77799987793
69 6.77299976349
70 6.80900001526
71 6.81199979782
72 6.86000013351
73 6.87200021744
74 6.79500007629
75 6.6360001564
76 6.51000022888
77 6.40899991989
78 6.28700017929
79 6.15000009537
80 5.242000103
81 4.96899986267
82 4.84999990463
83 4.76200008392
84 4.68400001526
85 4.61800003052
86 4.54699993134
87 4.48000001907
88 4.41499996185
89 4.34000015259
90 4.27899980545
91 4.20800018311
92 4.17399978638
93 4.10200023651
94 4.03999996185
95 3.98000001907
96 3.93700003624
97 3.89299988747
98 3.84999990463
99 3.80599999428
100 3.77399992943
101 3.77999997139
102 3.81200003624
103 3.85199999809
104 3.8710000515
105 3.91300010681
106 3.94000005722
107 3.96499991417
108 3.92000007629
109 3.88400006294
110 3.84500002861
111 3.79200005531
112 3.75699996948
113 3.72600007057
114 3.70000004768
115 3.66000008583
116 3.6289999485
117 3.59500002861
118 3.56500005722
119 3.54099988937
120 3.50900006294
121 3.48799991608
122 3.4509999752
123 3.41499996185
124 3.40899991989
125 3.39100003242
126 3.43099999428
127 3.46000003815
128 3.50099992752
129 3.53500008583
130 3.5569999218
131 3.59999990463
132 3.66799998283
133 4.0110001564
134 4.07399988174
135 4.08500003815
136 4.12599992752
137 4.13199996948
138 4.18400001526
139 4.21500015259
140 4.25500011444
141 4.27899980545
142 4.32700014114
143 4.35400009155
144 4.39300012589
145 4.43300008774
146 4.4390001297
147 4.48099994659
148 4.52199983597
149 4.54600000381
150 4.55700016022
151 4.17899990082
152 4.3140001297
153 4.60300016403
154 3.27900004387
155 3.41400003433
156 4.71000003815
157 4.59999990463
158 4.56799983978
159 4.8029999733
160 4.84000015259
161 4.86499977112
162 4.89499998093
163 4.9390001297
164 4.95800018311
165 5.00400018692
166 5.02400016785
167 5.03900003433
168 3.14199995995
169 3.22199988365
170 3.38599991798
171 4.11199998856
172 4.91099977493
173 4.88500022888
174 4.84999990463
175 4.84399986267
176 4.81599998474
177 4.82000017166
178 4.83500003815
179 4.84700012207
180 4.87900018692
181 4.90500020981
182 4.83199977875
183 5.33099985123
184 5.47200012207
185 5.48699998856
186 5.50299978256
187 5.52199983597
188 4.60200023651
189 4.58400011063
190 5.57499980927
191 5.59999990463
192 3.64400005341
193 3.53299999237
194 4.07899999619
195 4.05900001526
196 5.69500017166
197 5.71000003815
198 5.72100019455
199 2.07100009918
200 2.06500005722
201 2.03299999237
202 2.03299999237
203 2.02699995041
204 2.04200005531
205 2.03999996185
206 2.01399993896
207 2.03099989891
208 2.01600003242
209 2.01699995995
210 2.00699996948
211 2.02900004387
212 2.02800011635
213 2.02900004387
214 2.01399993896
215 2.02300000191
216 2.01399993896
217 2.01999998093
218 2.05100011826
219 2.13400006294
220 1.23599994183
221 0.926999986172
222 0.887000024319
223 0.896000027657
224 1.02699995041
225 2.27200007439
226 2.29099988937
227 2.27500009537
228 2.2539999485
229 2.257999897
230 2.2990000248
231 2.31900000572
232 2.31599998474
233 2.31100010872
234 2.28200006485
235 2.2990000248
236 2.35299992561
237 2.46499991417
238 2.52900004387
239 2.52200007439
240 6.257999897
241 6.23199987411
242 6.23500013351
243 6.22700023651
244 6.24300003052
245 6.22300004959
246 6.242000103
247 6.24499988556
248 6.24599981308
249 6.25
250 6.26900005341
251 6.25400018692
252 6.25299978256
253 6.26300001144
254 6.26399993896
255 6.26999998093
256 6.27299976349
257 6.26900005341
258 6.2610001564
259 6.25699996948
260 6.24700021744
261 6.23299980164
262 6.23400020599
263 6.24499988556
264 6.20599985123
265 6.21700000763
266 6.22300004959
267 6.21199989319
268 6.22100019455
269 6.19899988174
270 6.21299982071
271 6.23600006104
272 6.20300006866
273 6.14300012589
274 5.84700012207
275 5.79699993134
276 5.76399993896
277 5.72399997711
278 5.72599983215
279 5.73400020599
280 5.73799991608
281 5.76399993896
282 5.8029999733
283 5.95399999619
284 6.08799982071
285 6.08699989319
286 6.0560002327
287 6.06799983978
288 6.0689997673
289 6.03599977493
290 6.03000020981
291 6.01999998093
292 6.00699996948
293 5.98999977112
294 5.96700000763
295 5.9470000267
296 5.92000007629
297 5.91099977493
298 5.875
299 5.87599992752
300 5.85900020599
301 5.84800004959
302 5.83199977875
303 5.83699989319
304 5.82100009918
305 5.79600000381
306 5.79300022125
307 5.75699996948
308 5.75400018692
309 5.72300004959
310 5.6939997673
311 5.66800022125
312 5.65199995041
313 5.62699985504
314 5.60799980164
315 5.58599996567
316 5.56300020218
317 5.53499984741
318 5.52199983597
319 5.32499980927
320 5.117000103
321 5.46400022507
322 5.45100021362
323 5.43200016022
324 5.40999984741
325 5.38199996948
326 5.367000103
327 5.32000017166
328 5.30399990082
329 4.37400007248
330 4.05900001526
331 4.1139998436
332 5.02500009537
333 5.15799999237
334 5.13700008392
335 5.11999988556
336 5.08500003815
337 5.0609998703
338 5.04799985886
339 5.03200006485
340 4.96199989319
341 4.80999994278
342 4.96600008011
343 4.92999982834
344 4.90600013733
345 4.87599992752
346 4.82999992371
347 4.69799995422
348 4.55700016022
349 4.73000001907
350 4.70300006866
351 4.67600011826
352 4.65799999237
353 4.63100004196
354 4.60300016403
355 4.56699991226
356 4.30999994278
357 4.36000013351
358 4.48799991608
359 4.46299982071
360 4.44099998474
361 4.41499996185
362 4.38000011444
363 4.34499979019
364 4.33199977875
365 4.29099988937
366 4.22599983215
367 4.22499990463
368 4.17500019073
369 4.15100002289
370 4.10900020599
371 4.08300018311
372 4.02899980545
373 4.00600004196
374 3.98300004005
375 3.95300006866
376 3.91599988937
377 3.90300011635
378 3.86999988556
379 3.8599998951
380 3.81900000572
381 3.71700000763
382 3.64400005341
383 3.59500002861
384 3.57299995422
385 3.52999997139
386 3.49900007248
387 3.45600008965
388 3.42499995232
389 3.40300011635
390 3.37599992752
391 3.34699988365
392 3.32299995422
393 3.29299998283
394 3.26600003242
395 3.2539999485
396 3.29500007629
397 3.32299995422
398 3.3710000515
399 3.41599988937
400 3.43899989128
401 3.48399996758
402 3.52600002289
403 3.55399990082
404 3.60500001907
405 3.65300011635
406 3.68700003624
407 3.71300005913
408 3.74900007248
409 3.78200006485
410 3.83800005913
411 3.87700009346
412 3.92300009727
413 3.99900007248
414 4.06300020218
415 4.10300016403
416 4.1859998703
417 4.25500011444
418 4.31199979782
419 4.38000011444
420 4.44899988174
421 4.51800012589
422 4.60599994659
423 4.67700004578
424 4.74900007248
425 4.80800008774
426 4.91400003433
427 5.02500009537
428 5.12099981308
429 5.20300006866
430 5.3109998703
431 5.42600011826
432 5.52799987793
433 5.63899993896
434 5.77899980545
435 5.8860001564
436 6.02199983597
437 6.15899991989
438 6.31799983978
439 6.48000001907
440 6.51300001144
441 6.59700012207
442 6.43800020218
443 3.06999993324
444 3.05900001526
445 3.03800010681
446 3.02500009537
447 3.04200005531
448 3.02800011635
449 3.00900006294
450 3.00500011444
451 3.00300002098
452 2.99900007248
453 2.99799990654
454 2.97900009155
455 2.97300004959
456 2.96799993515
457 2.98300004005
458 2.95199990273
459 2.96300005913
460 2.94799995422
461 2.94799995422
462 2.94400000572
463 2.94000005722
464 2.93899989128
465 2.94499993324
466 2.92499995232
467 2.91899991035
468 2.91899991035
469 2.90799999237
470 2.67300009727
471 2.63400006294
472 2.64299988747
473 2.65199995041
474 0.93900001049
475 0.717000007629
476 0.708999991417
477 0.925000011921
478 2.66899991035
479 2.65199995041
480 2.65199995041
481 2.63499999046
482 1.34800004959
483 1.22200000286
484 1.11500000954
485 1.12300002575
486 1.13399994373
487 1.11800003052
488 1.12800002098
489 1.14100003242
490 1.14999997616
491 1.17999994755
492 1.17900002003
493 1.18599998951
494 1.20599997044
495 1.20599997044
496 1.21099996567
497 1.22599995136
498 1.22099995613
499 1.22399997711
500 1.22300004959
501 1.23000001907
502 0.825999975204
503 0.834999978542
504 1.35899996758
505 1.77799999714
506 3.02200007439
507 3.00200009346
508 3.03099989891
509 3.02900004387
510 3.04699993134
511 3.05800008774
512 3.0490000248
513 3.07699990273
514 3.07100009918
515 3.09500002861
516 3.08500003815
517 1.30999994278
518 1.41900002956
519 1.30499994755
520 1.25600004196
521 1.24100005627
522 1.23500001431
523 1.20799994469
524 0.996999979019
525 0.901000022888
526 0.92199999094
527 1.17299997807
528 1.22800004482
529 1.20899999142
530 1.20299994946
531 1.21800005436
532 1.21800005436
533 1.21300005913
534 1.22899997234
535 1.27600002289
536 2.99399995804
537 2.92100000381
538 0.0
539 0.0
540 0.0
