0 4.50299978256
1 4.4359998703
2 4.4439997673
3 4.44099998474
4 4.53700017929
5 4.63700008392
6 4.6779999733
7 4.71700000763
8 4.73699998856
9 4.77600002289
10 4.79300022125
11 4.83099985123
12 4.85099983215
13 4.90000009537
14 4.93300008774
15 4.9390001297
16 4.84000015259
17 4.85500001907
18 4.88199996948
19 4.96899986267
20 5.132999897
21 5.18499994278
22 5.21700000763
23 5.26599979401
24 5.3140001297
25 5.35500001907
26 5.40199995041
27 5.45100021362
28 5.5
29 5.55000019073
30 5.61000013351
31 5.63500022888
32 5.66499996185
33 0.0
34 17.1679992676
35 17.1380004883
36 17.1560001373
37 0.0
38 0.0
39 0.0
40 17.2460002899
41 17.1770000458
42 17.0760002136
43 17.0060005188
44 16.5209999084
45 16.547000885
46 16.5270004272
47 13.1610002518
48 13.0970001221
49 12.3319997787
50 11.9149999619
51 11.5860004425
52 11.6049995422
53 11.6140003204
54 11.623000145
55 11.3409996033
56 11.013999939
57 10.4630002975
58 10.095000267
59 8.34300041199
60 8.32999992371
61 8.20100021362
62 7.90899991989
63 7.64099979401
64 7.45300006866
65 7.24800014496
66 7.06799983978
67 6.90399980545
68 6.79099988937
69 6.76900005341
70 6.80800008774
71 6.83199977875
72 6.85900020599
73 6.86000013351
74 6.79300022125
75 6.632999897
76 6.52099990845
77 6.40100002289
78 6.26499986649
79 6.14200019836
80 5.22599983215
81 4.97599983215
82 4.85900020599
83 4.76599979401
84 4.67500019073
85 4.6139998436
86 4.53200006485
87 4.48400020599
88 4.40799999237
89 4.33300018311
90 4.27500009537
91 4.23299980164
92 4.17199993134
93 4.10599994659
94 4.03700017929
95 3.97099995613
96 3.93400001526
97 3.86999988556
98 3.84500002861
99 3.80500006676
100 3.76600003242
101 3.7990000248
102 3.83999991417
103 3.84899997711
104 3.867000103
105 3.90400004387
106 3.93899989128
107 3.95499992371
108 3.92000007629
109 3.88400006294
110 3.84299993515
111 3.8180000782
112 3.76399993896
113 3.72900009155
114 3.68899989128
115 3.64800000191
116 3.62199997902
117 3.60500001907
118 3.56100010872
119 3.53299999237
120 3.50900006294
121 3.45799994469
122 3.44799995422
123 3.41700005531
124 3.40300011635
125 3.38700008392
126 3.42000007629
127 3.45700001717
128 3.49900007248
129 3.52200007439
130 3.56699991226
131 3.61599993706
132 3.66499996185
133 4.02099990845
134 4.04199981689
135 4.09000015259
136 4.13000011444
137 4.15799999237
138 4.19299983978
139 4.19600009918
140 4.23099994659
141 4.28999996185
142 4.32100009918
143 4.34700012207
144 4.38399982452
145 4.4359998703
146 4.47399997711
147 4.47300004959
148 4.48400020599
149 4.52099990845
150 4.53900003433
151 4.20499992371
152 4.28299999237
153 4.51700019836
154 3.26200008392
155 3.40700006485
156 4.71899986267
157 4.59399986267
158 4.57000017166
159 4.79799985886
160 4.83199977875
161 4.86999988556
162 4.91099977493
163 4.92500019073
164 4.96099996567
165 4.99300003052
166 5.01999998093
167 5.04799985886
168 3.15400004387
169 3.22300004959
170 3.35899996758
171 4.11199998856
172 4.90700006485
173 4.88399982452
174 4.83799982071
175 4.82600021362
176 4.81599998474
177 4.80900001526
178 4.82399988174
179 4.84800004959
180 4.88100004196
181 4.90299987793
182 4.82100009918
183 5.3140001297
184 5.46899986267
185 5.48000001907
186 5.50199985504
187 5.50600004196
188 4.58400011063
189 4.57800006866
190 5.56699991226
191 5.60300016403
192 3.63100004196
193 3.52600002289
194 4.07000017166
195 4.04300022125
196 5.67700004578
197 5.70499992371
198 5.74399995804
199 2.08599996567
200 2.05800008774
201 2.04699993134
202 2.04299998283
203 2.01399993896
204 2.01399993896
205 2.03399991989
206 2.03500008583
207 2.0150001049
208 2.00699996948
209 2.02800011635
210 2.01099991798
211 2.007999897
212 2.02300000191
213 2.01099991798
214 2.02500009537
215 2.02800011635
216 2.01999998093
217 2.03900003433
218 2.02600002289
219 2.1289999485
220 1.23500001431
221 0.917999982834
222 0.869000017643
223 0.880999982357
224 1.03199994564
225 2.26300001144
226 2.27099990845
227 2.242000103
228 2.24799990654
229 2.24399995804
230 2.28699994087
231 2.31100010872
232 2.28699994087
233 2.30500006676
234 2.29999995232
235 2.29399991035
236 2.33599996567
237 2.46799993515
238 2.52500009537
239 2.51799988747
240 6.2389998436
241 6.24800014496
242 6.24700021744
243 6.23199987411
244 6.22800016403
245 6.22200012207
246 6.22800016403
247 6.25199985504
248 6.2389998436
249 6.25199985504
250 6.26399993896
251 6.25299978256
252 6.26999998093
253 6.25600004196
254 6.26000022888
255 6.28299999237
256 6.25400018692
257 6.26399993896
258 6.24300003052
259 6.26000022888
260 6.23299980164
261 6.24499988556
262 6.24100017548
263 6.22599983215
264 6.23799991608
265 6.22399997711
266 6.21600008011
267 6.21700000763
268 6.242000103
269 6.22300004959
270 6.1970000267
271 6.21500015259
272 6.21600008011
273 6.13100004196
274 5.84200000763
275 5.78700017929
276 5.75099992752
277 5.74100017548
278 5.71000003815
279 5.71999979019
280 5.742000103
281 5.76800012589
282 5.8140001297
283 5.9390001297
284 6.06799983978
285 6.06199979782
286 6.05800008774
287 6.07399988174
288 6.05900001526
289 6.03599977493
290 6.01800012589
291 6.01300001144
292 5.99399995804
293 5.98299980164
294 5.97300004959
295 5.9439997673
296 5.91800022125
297 5.90700006485
298 5.88899993896
299 5.86100006104
300 5.85300016403
301 5.86000013351
302 5.84499979019
303 5.82800006866
304 5.8189997673
305 5.79600000381
306 5.77600002289
307 5.76300001144
308 5.75099992752
309 5.72599983215
310 5.68800020218
311 5.68499994278
312 5.65100002289
313 5.61499977112
314 5.59899997711
315 5.5720000267
316 5.57000017166
317 5.54500007629
318 5.51499986649
319 5.31799983978
320 5.10500001907
321 5.46500015259
322 5.45900011063
323 5.4390001297
324 5.41499996185
325 5.39200019836
326 5.35799980164
327 5.32299995422
328 5.29400014877
329 4.37200021744
330 4.05999994278
331 4.12200021744
332 5.01200008392
333 5.17000007629
334 5.13700008392
335 5.12200021744
336 5.08900022507
337 5.05999994278
338 5.05200004578
339 5.02199983597
340 4.94600009918
341 4.80700016022
342 4.96099996567
343 4.94000005722
344 4.90399980545
345 4.882999897
346 4.83199977875
347 4.69799995422
348 4.54300022125
349 4.73000001907
350 4.70599985123
351 4.67500019073
352 4.65199995041
353 4.625
354 4.59600019455
355 4.5560002327
356 4.31199979782
357 4.34999990463
358 4.47200012207
359 4.47100019455
360 4.43800020218
361 4.41099977493
362 4.40100002289
363 4.36000013351
364 4.32700014114
365 4.26800012589
366 4.22599983215
367 4.19600009918
368 4.1779999733
369 4.14799976349
370 4.10799980164
371 4.07499980927
372 4.0560002327
373 4.02699995041
374 3.98200011253
375 3.94799995422
376 3.93700003624
377 3.89199995995
378 3.87700009346
379 3.85599994659
380 3.8259999752
381 3.72499990463
382 3.62599992752
383 3.58599996567
384 3.5680000782
385 3.53600001335
386 3.48399996758
387 3.46399998665
388 3.43499994278
389 3.39899992943
390 3.3710000515
391 3.32899999619
392 3.31599998474
393 3.27800011635
394 3.257999897
395 3.27300000191
396 3.28900003433
397 3.34100008011
398 3.36899995804
399 3.40799999237
400 3.42899990082
401 3.48099994659
402 3.51399993896
403 3.54600000381
404 3.60199999809
405 3.64599990845
406 3.68099999428
407 3.73000001907
408 3.75300002098
409 3.78099989891
410 3.82500004768
411 3.86899995804
412 3.91899991035
413 3.98799991608
414 4.05000019073
415 4.117000103
416 4.16499996185
417 4.25500011444
418 4.29199981689
419 4.36800003052
420 4.45300006866
421 4.52199983597
422 4.57899999619
423 4.65399980545
424 4.74399995804
425 4.80900001526
426 4.91099977493
427 5.03200006485
428 5.11499977112
429 5.21000003815
430 5.3220000267
431 5.42199993134
432 5.53000020981
433 5.64400005341
434 5.77299976349
435 5.882999897
436 6.03000020981
437 6.16200017929
438 6.30900001526
439 6.48000001907
440 6.51200008392
441 6.59700012207
442 6.46700000763
443 3.07800006866
444 3.04399991035
445 3.05100011826
446 3.02699995041
447 3.01900005341
448 3.01099991798
449 3.00999999046
450 3.01600003242
451 3.00500011444
452 2.98799991608
453 2.97399997711
454 2.98300004005
455 2.98699998856
456 2.95799994469
457 2.95700001717
458 2.97900009155
459 2.94400000572
460 2.94799995422
461 2.94400000572
462 2.93899989128
463 2.93600010872
464 2.9509999752
465 2.94799995422
466 2.9319999218
467 2.92499995232
468 2.92199993134
469 2.91700005531
470 2.65700006485
471 2.63700008392
472 2.62400007248
473 2.65199995041
474 0.949999988079
475 0.714999973774
476 0.708999991417
477 0.929000020027
478 2.65599989891
479 2.62800002098
480 2.64599990845
481 2.65199995041
482 2.65199995041
483 1.46899998188
484 1.25600004196
485 1.14699995518
486 1.11600005627
487 1.0870000124
488 1.06900000572
489 1.07700002193
490 1.06400001049
491 1.06700003147
492 1.10699999332
493 1.12999999523
494 1.18799996376
495 1.19400000572
496 1.2009999752
497 1.19799995422
498 1.19799995422
499 1.21500003338
500 1.21500003338
501 1.22699999809
502 1.23500001431
503 1.24500000477
504 1.31500005722
505 1.39800000191
506 1.60000002384
507 3.02600002289
508 3.02300000191
509 3.02699995041
510 3.04299998283
511 3.03399991989
512 3.04500007629
513 3.05800008774
514 3.09100008011
515 3.0720000267
516 3.09200000763
517 1.31200003624
518 1.41199994087
519 1.33099997044
520 1.27900004387
521 1.24000000954
522 1.25
523 1.23899996281
524 1.00499999523
525 0.894999980927
526 0.917999982834
527 1.17100000381
528 1.21000003815
529 1.22000002861
530 1.2159999609
531 1.19599997997
532 1.15199995041
533 1.12399995327
534 1.11000001431
535 1.12699997425
536 1.13199996948
537 1.13499999046
538 1.14999997616
539 1.17100000381
540 3.53800010681
