0 4.52099990845
1 4.44500017166
2 4.46000003815
3 4.44500017166
4 4.53900003433
5 4.65700006485
6 4.67399978638
7 4.71500015259
8 4.73199987411
9 4.77199983597
10 4.79400014877
11 4.82499980927
12 4.86800003052
13 4.90999984741
14 4.94000005722
15 4.94000005722
16 4.84000015259
17 4.85300016403
18 4.89699983597
19 4.96299982071
20 5.15399980545
21 5.18699979782
22 5.23199987411
23 5.27400016785
24 5.32899999619
25 5.36899995804
26 5.41300010681
27 5.46099996567
28 5.50699996948
29 5.5640001297
30 5.61899995804
31 5.63800001144
32 5.64699983597
33 0.0
34 17.1529998779
35 17.156999588
36 17.138999939
37 0.0
38 0.0
39 0.0
40 17.2339992523
41 17.172000885
42 17.0659999847
43 17.013999939
44 16.5310001373
45 16.5480003357
46 16.5130004883
47 13.1719999313
48 13.0970001221
49 12.3350000381
50 11.9270000458
51 11.5819997787
52 11.6040000916
53 11.6370000839
54 11.6169996262
55 11.3500003815
56 11.0030002594
57 10.4940004349
58 10.1129999161
59 8.35999965668
60 8.34899997711
61 8.2110004425
62 7.93400001526
63 7.64499998093
64 7.44999980927
65 7.24900007248
66 7.0560002327
67 6.89799976349
68 6.79899978638
69 6.79600000381
70 6.80999994278
71 6.82499980927
72 6.86899995804
73 6.87400007248
74 6.80499982834
75 6.64499998093
76 6.51399993896
77 6.40199995041
78 6.27500009537
79 6.14900016785
80 5.23600006104
81 4.98000001907
82 4.87300014496
83 4.78399991989
84 4.68499994278
85 4.60300016403
86 4.53700017929
87 4.47499990463
88 4.41400003433
89 4.35599994659
90 4.28800010681
91 4.21099996567
92 4.17199993134
93 4.11000013351
94 4.02600002289
95 3.98300004005
96 3.92700004578
97 3.90799999237
98 3.85500001907
99 3.80999994278
100 3.77600002289
101 3.80399990082
102 3.82299995422
103 3.85899996758
104 3.87700009346
105 3.89800000191
106 3.93700003624
107 3.96300005913
108 3.92499995232
109 3.88599991798
110 3.8599998951
111 3.80599999428
112 3.78099989891
113 3.74399995804
114 3.70499992371
115 3.65199995041
116 3.62599992752
117 3.6099998951
118 3.57100009918
119 3.53900003433
120 3.51099991798
121 3.48200011253
122 3.45199990273
123 3.41700005531
124 3.41000008583
125 3.39299988747
126 3.43300008774
127 3.46199989319
128 3.49900007248
129 3.54099988937
130 3.57500004768
131 3.61100006104
132 3.66100001335
133 4.01499986649
134 4.0689997673
135 4.08599996567
136 4.13800001144
137 4.1360001564
138 4.19000005722
139 4.19799995422
140 4.23099994659
141 4.28299999237
142 4.32999992371
143 4.35799980164
144 4.39300012589
145 4.42299985886
146 4.47200012207
147 4.49800014496
148 4.50899982452
149 4.53800010681
150 4.55200004578
151 4.20599985123
152 4.30900001526
153 4.62599992752
154 3.28600001335
155 3.41700005531
156 4.72100019455
157 4.59600019455
158 4.55499982834
159 4.80800008774
160 4.82999992371
161 4.86800003052
162 4.89799976349
163 4.93400001526
164 4.96999979019
165 4.98999977112
166 5.02199983597
167 5.03999996185
168 3.13899993896
169 3.22399997711
170 3.3710000515
171 4.11299991608
172 4.91300010681
173 4.88100004196
174 4.85099983215
175 4.83300018311
176 4.81599998474
177 4.84200000763
178 4.83099985123
179 4.85300016403
180 4.88700008392
181 4.89499998093
182 4.83799982071
183 5.31799983978
184 5.46799993515
185 5.47900009155
186 5.49900007248
187 5.5110001564
188 4.61000013351
189 4.60500001907
190 5.56699991226
191 5.60099983215
192 3.63199996948
193 3.51699995995
194 4.07700014114
195 4.07800006866
196 5.6939997673
197 5.72499990463
198 5.74800014496
199 2.07699990273
200 2.04099988937
201 2.05999994278
202 2.02500009537
203 2.04200005531
204 2.03399991989
205 2.02699995041
206 2.04399991035
207 2.03500008583
208 2.02800011635
209 2.02699995041
210 2.01600003242
211 2.01399993896
212 2.02600002289
213 2.02200007439
214 2.03099989891
215 2.00900006294
216 2.02600002289
217 2.04099988937
218 2.04699993134
219 2.17300009727
220 1.24399995804
221 0.930000007153
222 0.888000011444
223 0.888999998569
224 1.00899994373
225 2.27600002289
226 2.29800009727
227 2.25500011444
228 2.26799988747
229 2.25999999046
230 2.29500007629
231 2.31599998474
232 2.3220000267
233 2.31599998474
234 2.29099988937
235 2.29999995232
236 2.35100007057
237 2.46399998665
238 2.53299999237
239 2.54099988937
240 6.25199985504
241 6.24100017548
242 6.23699998856
243 6.22700023651
244 6.23199987411
245 6.24700021744
246 6.23600006104
247 6.23500013351
248 6.25199985504
249 6.25500011444
250 6.25199985504
251 6.27299976349
252 6.27299976349
253 6.26499986649
254 6.27899980545
255 6.28299999237
256 6.25899982452
257 6.26300001144
258 6.27199983597
259 6.24399995804
260 6.26000022888
261 6.257999897
262 6.21999979019
263 6.23000001907
264 6.22499990463
265 6.22300004959
266 6.22399997711
267 6.24100017548
268 6.242000103
269 6.21600008011
270 6.21299982071
271 6.23600006104
272 6.20599985123
273 6.13000011444
274 5.85699987411
275 5.79300022125
276 5.75899982452
277 5.74300003052
278 5.72599983215
279 5.74100017548
280 5.74700021744
281 5.76900005341
282 5.79600000381
283 5.95800018311
284 6.08199977875
285 6.09000015259
286 6.07000017166
287 6.05700016022
288 6.05000019073
289 6.03999996185
290 6.04600000381
291 6.02400016785
292 6.00699996948
293 5.98500013351
294 5.97100019455
295 5.95699977875
296 5.92100000381
297 5.91599988937
298 5.90299987793
299 5.86499977112
300 5.86499977112
301 5.85200023651
302 5.84000015259
303 5.83199977875
304 5.8109998703
305 5.80900001526
306 5.79600000381
307 5.76999998093
308 5.73199987411
309 5.72499990463
310 5.70699977875
311 5.67299985886
312 5.65600013733
313 5.64099979401
314 5.61899995804
315 5.58099985123
316 5.56799983978
317 5.53499984741
318 5.53100013733
319 5.32600021362
320 5.09800004959
321 5.46899986267
322 5.4439997673
323 5.4310002327
324 5.40799999237
325 5.39799976349
326 5.36000013351
327 5.34200000763
328 5.30000019073
329 4.37400007248
330 4.04500007629
331 4.11100006104
332 5.01599979401
333 5.17500019073
334 5.13700008392
335 5.12200021744
336 5.10300016403
337 5.07299995422
338 5.04899978638
339 5.02299976349
340 4.94600009918
341 4.81799983978
342 4.96700000763
343 4.94899988174
344 4.91200017929
345 4.87200021744
346 4.83199977875
347 4.69199991226
348 4.5720000267
349 4.72499990463
350 4.71400022507
351 4.67899990082
352 4.65700006485
353 4.62799978256
354 4.61000013351
355 4.5640001297
356 4.32100009918
357 4.38399982452
358 4.50500011444
359 4.47800016403
360 4.4390001297
361 4.42700004578
362 4.40799999237
363 4.36899995804
364 4.32700014114
365 4.28499984741
366 4.22499990463
367 4.20699977875
368 4.18200016022
369 4.14400005341
370 4.13100004196
371 4.09000015259
372 4.0640001297
373 4.01599979401
374 3.98399996758
375 3.96300005913
376 3.91700005531
377 3.89700007439
378 3.88199996948
379 3.86299991608
380 3.83599996567
381 3.70799994469
382 3.632999897
383 3.60400009155
384 3.57500004768
385 3.55100011826
386 3.49099993706
387 3.47000002861
388 3.43799996376
389 3.41599988937
390 3.36800003052
391 3.33500003815
392 3.31999993324
393 3.29500007629
394 3.25699996948
395 3.25600004196
396 3.3069999218
397 3.33599996567
398 3.367000103
399 3.41400003433
400 3.44499993324
401 3.48900008202
402 3.51099991798
403 3.54999995232
404 3.60700011253
405 3.64800000191
406 3.68099999428
407 3.72699999809
408 3.75600004196
409 3.77999997139
410 3.83800005913
411 3.89100003242
412 3.93499994278
413 4.00299978256
414 4.06500005722
415 4.13399982452
416 4.18800020218
417 4.25600004196
418 4.32000017166
419 4.38100004196
420 4.4359998703
421 4.52899980545
422 4.59000015259
423 4.67299985886
424 4.73199987411
425 4.81300020218
426 4.90899991989
427 5.02899980545
428 5.12099981308
429 5.21899986267
430 5.30999994278
431 5.42500019073
432 5.54899978638
433 5.65000009537
434 5.77299976349
435 5.88000011444
436 6.02299976349
437 6.16699981689
438 6.31500005722
439 6.48699998856
440 6.50600004196
441 6.60799980164
442 6.46500015259
443 3.08599996567
444 3.05399990082
445 3.03200006485
446 3.04600000381
447 3.02600002289
448 3.00999999046
449 3.01999998093
450 3.00600004196
451 3.01099991798
452 2.992000103
453 2.98600006104
454 2.98000001907
455 2.9849998951
456 2.96300005913
457 2.97000002861
458 2.96199989319
459 2.95499992371
460 2.95900011063
461 2.9470000267
462 2.9470000267
463 2.95700001717
464 2.94000005722
465 2.95300006866
466 2.95000004768
467 2.92899990082
468 2.92100000381
469 2.92499995232
470 2.66899991035
471 2.65199995041
472 2.63800001144
473 2.65499997139
474 0.949000000954
475 0.707000017166
476 0.708000004292
477 0.93599998951
478 2.64700007439
479 2.64800000191
480 2.66000008583
481 2.66499996185
482 2.65499997139
483 1.6590000391
484 1.26100003719
485 1.15799999237
486 1.11500000954
487 1.08500003815
488 1.07500004768
489 1.09200000763
490 1.07000005245
491 1.07299995422
492 1.10699999332
493 1.12300002575
494 1.18400001526
495 1.18900001049
496 1.19000005722
497 1.20599997044
498 1.2009999752
499 1.20899999142
500 1.20899999142
501 1.21800005436
502 1.22899997234
503 1.25300002098
504 1.2879999876
505 1.37600004673
506 1.5490000248
507 3.03299999237
508 3.03800010681
509 3.04399991035
510 3.04500007629
511 3.03900003433
512 3.05500006676
513 3.07299995422
514 3.07399988174
515 3.09299993515
516 3.10700011253
517 1.36399996281
518 1.45899999142
519 1.37699997425
520 1.28100001812
521 1.24300003052
522 1.25
523 1.22800004482
524 1.01499998569
525 0.90499997139
526 0.911000013351
527 1.19000005722
528 1.21899998188
529 1.21800005436
530 1.21800005436
531 1.20399999619
532 1.14499998093
533 1.13399994373
534 1.11000001431
535 1.14800000191
536 1.14499998093
537 1.14600002766
538 1.14900004864
539 1.16900002956
540 1.20599997044
