0 4.51000022888
1 4.43699979782
2 4.45900011063
3 4.47300004959
4 4.54199981689
5 4.65600013733
6 4.68800020218
7 4.6970000267
8 4.73299980164
9 4.76999998093
10 4.78599977493
11 4.83300018311
12 4.875
13 4.89799976349
14 4.92199993134
15 4.93499994278
16 4.84100008011
17 4.85500001907
18 4.88999986649
19 4.97200012207
20 5.13399982452
21 5.18699979782
22 5.23000001907
23 5.27099990845
24 5.31599998474
25 5.36499977112
26 5.40899991989
27 5.44999980927
28 5.507999897
29 5.53800010681
30 5.60900020599
31 5.65000009537
32 5.67899990082
33 0.0
34 17.1830005646
35 17.1539993286
36 17.1520004272
37 0.0
38 0.0
39 0.0
40 17.25
41 17.1809997559
42 17.0659999847
43 17.0109996796
44 16.5380001068
45 16.5340003967
46 16.5200004578
47 13.154999733
48 13.0760002136
49 12.3269996643
50 11.9429998398
51 11.6049995422
52 11.6149997711
53 11.6219997406
54 11.6289997101
55 11.3389997482
56 11.0050001144
57 10.454000473
58 10.1219997406
59 8.31900024414
60 8.32999992371
61 8.18999958038
62 7.89799976349
63 7.65600013733
64 7.45399999619
65 7.23600006104
66 7.05000019073
67 6.89400005341
68 6.80000019073
69 6.77199983597
70 6.81500005722
71 6.82399988174
72 6.84100008011
73 6.88100004196
74 6.80200004578
75 6.63100004196
76 6.51599979401
77 6.39799976349
78 6.26999998093
79 6.13800001144
80 5.23699998856
81 4.97300004959
82 4.85799980164
83 4.77799987793
84 4.6890001297
85 4.61199998856
86 4.52500009537
87 4.47900009155
88 4.40899991989
89 4.34000015259
90 4.26300001144
91 4.22100019455
92 4.17100000381
93 4.10799980164
94 4.04699993134
95 3.98399996758
96 3.94099998474
97 3.89100003242
98 3.83999991417
99 3.80599999428
100 3.77300000191
101 3.78600001335
102 3.82299995422
103 3.84100008011
104 3.89199995995
105 3.90000009537
106 3.96600008011
107 3.95000004768
108 3.92499995232
109 3.875
110 3.8599998951
111 3.79800009727
112 3.76799988747
113 3.74900007248
114 3.70300006866
115 3.65499997139
116 3.63599991798
117 3.59400010109
118 3.5720000267
119 3.53800010681
120 3.49099993706
121 3.47699999809
122 3.45399999619
123 3.42100000381
124 3.40700006485
125 3.3900001049
126 3.41700005531
127 3.46700000763
128 3.48799991608
129 3.52099990845
130 3.57100009918
131 3.61599993706
132 3.6779999733
133 4.03999996185
134 4.04899978638
135 4.09299993515
136 4.12300014496
137 4.15700006485
138 4.1859998703
139 4.22700023651
140 4.24900007248
141 4.29699993134
142 4.33400011063
143 4.34000015259
144 4.39599990845
145 4.41699981689
146 4.46000003815
147 4.49800014496
148 4.49300003052
149 4.54500007629
150 4.54799985886
151 4.1970000267
152 4.29600000381
153 4.60599994659
154 3.29099988937
155 3.41599988937
156 4.71000003815
157 4.61000013351
158 4.5640001297
159 4.79899978638
160 4.82299995422
161 4.85599994659
162 4.89799976349
163 4.92700004578
164 4.96799993515
165 5.00500011444
166 5.02799987793
167 5.03499984741
168 3.14599990845
169 3.22799992561
170 3.37299990654
171 4.11800003052
172 4.92500019073
173 4.87699985504
174 4.85599994659
175 4.84000015259
176 4.81599998474
177 4.82299995422
178 4.82899999619
179 4.83799982071
180 4.87400007248
181 4.90899991989
182 4.81699991226
183 5.29799985886
184 5.46799993515
185 5.49300003052
186 5.50600004196
187 5.52099990845
188 4.59299993515
189 4.58500003815
190 5.5720000267
191 5.57899999619
192 3.64199995995
193 3.52699995041
194 4.08599996567
195 4.05900001526
196 5.70100021362
197 5.70699977875
198 5.73699998856
199 2.07899999619
200 2.06399989128
201 2.0569999218
202 2.04500007629
203 2.03800010681
204 2.03999996185
205 2.03500008583
206 2.01399993896
207 2.02300000191
208 2.01999998093
209 2.01399993896
210 2.01600003242
211 2.03399991989
212 2.03299999237
213 2.02900004387
214 2.02800011635
215 2.02900004387
216 2.00999999046
217 2.0150001049
218 2.04699993134
219 2.13800001144
220 1.24199998379
221 0.926999986172
222 0.880999982357
223 0.875
224 1.01199996471
225 2.26900005341
226 2.28099989891
227 2.25699996948
228 2.25999999046
229 2.24499988556
230 2.29600000381
231 2.3180000782
232 2.29600000381
233 2.28500008583
234 2.29999995232
235 2.30200004578
236 2.36599993706
237 2.47900009155
238 2.53399991989
239 2.52699995041
240 6.2389998436
241 6.22800016403
242 6.25600004196
243 6.24700021744
244 6.25199985504
245 6.22700023651
246 6.257999897
247 6.257999897
248 6.25500011444
249 6.23400020599
250 6.27500009537
251 6.25600004196
252 6.26499986649
253 6.26200008392
254 6.28399991989
255 6.26200008392
256 6.25099992752
257 6.27500009537
258 6.24399995804
259 6.24599981308
260 6.25400018692
261 6.25099992752
262 6.23000001907
263 6.23699998856
264 6.22900009155
265 6.242000103
266 6.22399997711
267 6.21899986267
268 6.21500015259
269 6.21299982071
270 6.21099996567
271 6.21600008011
272 6.23199987411
273 6.14799976349
274 5.86199998856
275 5.78900003433
276 5.74499988556
277 5.7389998436
278 5.71500015259
279 5.73400020599
280 5.73799991608
281 5.77699995041
282 5.81500005722
283 5.94099998474
284 6.08799982071
285 6.0689997673
286 6.05999994278
287 6.07499980927
288 6.07299995422
289 6.04899978638
290 6.04500007629
291 6.0
292 6.00400018692
293 5.98500013351
294 5.96199989319
295 5.92399978638
296 5.92199993134
297 5.91300010681
298 5.90399980545
299 5.88199996948
300 5.87300014496
301 5.84899997711
302 5.8220000267
303 5.8220000267
304 5.82100009918
305 5.79500007629
306 5.78599977493
307 5.77500009537
308 5.75099992752
309 5.72499990463
310 5.70499992371
311 5.67000007629
312 5.65600013733
313 5.62599992752
314 5.59200000763
315 5.58400011063
316 5.5720000267
317 5.54899978638
318 5.52500009537
319 5.3189997673
320 5.09499979019
321 5.46199989319
322 5.45300006866
323 5.44999980927
324 5.41699981689
325 5.38999986649
326 5.37200021744
327 5.34100008011
328 5.3029999733
329 4.37599992752
330 4.0560002327
331 4.13100004196
332 5.02899980545
333 5.16499996185
334 5.13700008392
335 5.12799978256
336 5.08699989319
337 5.0689997673
338 5.04500007629
339 5.02400016785
340 4.96400022507
341 4.8060002327
342 4.96500015259
343 4.9310002327
344 4.90799999237
345 4.867000103
346 4.83199977875
347 4.68800020218
348 4.56599998474
349 4.73400020599
350 4.71000003815
351 4.6859998703
352 4.65600013733
353 4.60900020599
354 4.58300018311
355 4.5689997673
356 4.31799983978
357 4.37900018692
358 4.49900007248
359 4.47200012207
360 4.4470000267
361 4.42999982834
362 4.38999986649
363 4.33599996567
364 4.30499982834
365 4.29500007629
366 4.25400018692
367 4.20900011063
368 4.1890001297
369 4.15100002289
370 4.09999990463
371 4.07899999619
372 4.05200004578
373 4.01599979401
374 3.98699998856
375 3.96000003815
376 3.93700003624
377 3.90599989891
378 3.86800003052
379 3.85899996758
380 3.82699990273
381 3.71499991417
382 3.62400007248
383 3.59299993515
384 3.56999993324
385 3.53099989891
386 3.50999999046
387 3.45199990273
388 3.42600011826
389 3.40400004387
390 3.37599992752
391 3.33999991417
392 3.30399990082
393 3.27800011635
394 3.26699995995
395 3.27399992943
396 3.29299998283
397 3.3220000267
398 3.37599992752
399 3.41300010681
400 3.44899988174
401 3.4849998951
402 3.53099989891
403 3.56699991226
404 3.60899996758
405 3.65199995041
406 3.6819999218
407 3.73699998856
408 3.73600006104
409 3.79600000381
410 3.83200001717
411 3.89499998093
412 3.94099998474
413 4.00299978256
414 4.07100009918
415 4.125
416 4.19600009918
417 4.22399997711
418 4.3189997673
419 4.37699985504
420 4.44299983978
421 4.52899980545
422 4.59899997711
423 4.65799999237
424 4.73000001907
425 4.80499982834
426 4.91800022125
427 5.01599979401
428 5.12099981308
429 5.21000003815
430 5.31300020218
431 5.42700004578
432 5.53299999237
433 5.64799976349
434 5.76900005341
435 5.87400007248
436 6.03599977493
437 6.17199993134
438 6.31799983978
439 6.47900009155
440 6.51700019836
441 6.59899997711
442 6.46299982071
443 3.08899998665
444 3.0569999218
445 3.02800011635
446 3.03900003433
447 3.02399992943
448 3.00900006294
449 3.01600003242
450 3.00699996948
451 2.99799990654
452 2.99399995804
453 2.99099993706
454 2.99300003052
455 2.98699998856
456 2.98300004005
457 2.97900009155
458 2.95300006866
459 2.95600008965
460 2.95300006866
461 2.96300005913
462 2.93799996376
463 2.93700003624
464 2.95499992371
465 2.93799996376
466 2.9279999733
467 2.92499995232
468 2.95000004768
469 2.92300009727
470 2.67499995232
471 2.63199996948
472 2.66599988937
473 2.66000008583
474 0.954999983311
475 0.723999977112
476 0.704999983311
477 0.926999986172
478 2.66000008583
479 2.65700006485
480 2.63599991798
481 2.65899991989
482 2.62700009346
483 1.25600004196
484 1.1779999733
485 1.07500004768
486 1.08899998665
487 1.05900001526
488 1.04499995708
489 1.06700003147
490 1.06400001049
491 1.06099998951
492 1.09000003338
493 1.13300001621
494 1.18099999428
495 1.1779999733
496 1.16799998283
497 1.16900002956
498 1.18599998951
499 1.19099998474
500 1.20299994946
501 1.2120000124
502 1.21399998665
503 1.2840000391
504 1.3789999485
505 1.28900003433
506 3.02699995041
507 3.01600003242
508 3.02900004387
509 3.03800010681
510 3.04099988937
511 3.0720000267
512 3.05500006676
513 3.05900001526
514 3.09500002861
515 3.10500001907
516 3.09599995613
517 3.10899996758
518 1.56799995899
519 1.38600003719
520 1.29499995708
521 1.2460000515
522 1.23800003529
523 1.20500004292
524 1.00300002098
525 0.917999982834
526 0.92199999094
527 1.17900002003
528 1.20799994469
529 1.19500005245
530 1.19400000572
531 1.19099998474
532 1.14999997616
533 1.09800004959
534 1.11399996281
535 1.12600004673
536 1.12699997425
537 1.13100004196
538 1.13399994373
539 1.11600005627
540 1.17200005054
