0 4.51700019836
1 4.4279999733
2 4.44199991226
3 4.47200012207
4 4.53599977493
5 4.64300012589
6 4.66900014877
7 4.72100019455
8 4.73099994659
9 4.76399993896
10 4.79199981689
11 4.82299995422
12 4.86199998856
13 4.90000009537
14 4.93499994278
15 4.93400001526
16 4.83699989319
17 4.86499977112
18 4.89099979401
19 4.97300004959
20 5.14699983597
21 5.19099998474
22 5.22599983215
23 5.26800012589
24 5.3060002327
25 5.367000103
26 5.40899991989
27 5.44500017166
28 5.507999897
29 5.54300022125
30 5.60500001907
31 5.63999986649
32 5.69000005722
33 0.0
34 17.1660003662
35 17.1380004883
36 17.1630001068
37 0.0
38 0.0
39 0.0
40 17.2469997406
41 17.1700000763
42 17.0709991455
43 17.0090007782
44 16.5249996185
45 16.5520000458
46 16.517999649
47 13.1610002518
48 13.0839996338
49 12.3400001526
50 11.9289999008
51 11.5909996033
52 11.6029996872
53 11.6280002594
54 11.6129999161
55 11.3249998093
56 10.986000061
57 10.4610004425
58 10.1079998016
59 8.32400035858
60 8.34300041199
61 8.19799995422
62 7.89799976349
63 7.62599992752
64 7.45900011063
65 7.25
66 7.04300022125
67 6.89799976349
68 6.79699993134
69 6.76999998093
70 6.79300022125
71 6.82700014114
72 6.85599994659
73 6.87400007248
74 6.78900003433
75 6.64599990845
76 6.51599979401
77 6.38899993896
78 6.28100013733
79 6.15399980545
80 5.21700000763
81 4.97900009155
82 4.84999990463
83 4.77799987793
84 4.67999982834
85 4.61000013351
86 4.54799985886
87 4.47499990463
88 4.41800022125
89 4.33300018311
90 4.28200006485
91 4.21600008011
92 4.15600013733
93 4.10400009155
94 4.02500009537
95 3.9849998951
96 3.93799996376
97 3.87299990654
98 3.84400010109
99 3.78900003433
100 3.7650001049
101 3.78999996185
102 3.81299996376
103 3.85700011253
104 3.86599993706
105 3.92000007629
106 3.93899989128
107 3.9430000782
108 3.92100000381
109 3.867000103
110 3.83899998665
111 3.7990000248
112 3.77300000191
113 3.73799991608
114 3.69600009918
115 3.67000007629
116 3.62599992752
117 3.58599996567
118 3.5569999218
119 3.52399992943
120 3.49399995804
121 3.47399997711
122 3.45399999619
123 3.42499995232
124 3.40499997139
125 3.40000009537
126 3.42499995232
127 3.46099996567
128 3.48300004005
129 3.53500008583
130 3.5720000267
131 3.59899997711
132 3.66799998283
133 4.03700017929
134 4.06300020218
135 4.09399986267
136 4.10599994659
137 4.15100002289
138 4.18400001526
139 4.21999979019
140 4.257999897
141 4.29300022125
142 4.30800008774
143 4.36600017548
144 4.38000011444
145 4.43400001526
146 4.46899986267
147 4.48600006104
148 4.52099990845
149 4.54799985886
150 4.54600000381
151 4.20699977875
152 4.30700016022
153 4.507999897
154 3.28299999237
155 3.42899990082
156 4.71600008011
157 4.6139998436
158 4.56500005722
159 4.79799985886
160 4.82700014114
161 4.86100006104
162 4.90399980545
163 4.92500019073
164 4.96299982071
165 4.99599981308
166 5.01599979401
167 5.04500007629
168 3.16499996185
169 3.22399997711
170 3.35899996758
171 4.11499977112
172 4.91200017929
173 4.88700008392
174 4.84700012207
175 4.83900022507
176 4.82499980927
177 4.83099985123
178 4.82800006866
179 4.84600019455
180 4.86600017548
181 4.90600013733
182 4.82800006866
183 5.30800008774
184 5.46799993515
185 5.48699998856
186 5.49499988556
187 5.52099990845
188 4.59000015259
189 4.57499980927
190 5.56699991226
191 5.57899999619
192 3.64899992943
193 3.51600003242
194 4.08400011063
195 4.05800008774
196 5.69500017166
197 5.71600008011
198 5.73699998856
199 2.07800006866
200 2.06599998474
201 2.03399991989
202 2.02699995041
203 2.02500009537
204 2.02099990845
205 2.01600003242
206 2.0150001049
207 2.03699994087
208 2.01900005341
209 2.02500009537
210 2.0150001049
211 2.02800011635
212 2.00999999046
213 2.01900005341
214 2.01600003242
215 2.00600004196
216 2.00999999046
217 2.01399993896
218 2.04699993134
219 2.15100002289
220 1.2460000515
221 0.925999999046
222 0.873000025749
223 0.889999985695
224 1.00199997425
225 2.29600000381
226 2.27399992943
227 2.25200009346
228 2.25099992752
229 2.26900005341
230 2.27900004387
231 2.30399990082
232 2.3180000782
233 2.30399990082
234 2.29699993134
235 2.30200004578
236 2.3710000515
237 2.47099995613
238 2.53500008583
239 2.53500008583
240 6.23999977112
241 6.25
242 6.23000001907
243 6.23000001907
244 6.23299980164
245 6.24900007248
246 6.22300004959
247 6.25099992752
248 6.22300004959
249 6.26200008392
250 6.26900005341
251 6.25500011444
252 6.27500009537
253 6.27299976349
254 6.28900003433
255 6.28299999237
256 6.27699995041
257 6.2389998436
258 6.26999998093
259 6.26499986649
260 6.24300003052
261 6.23199987411
262 6.24100017548
263 6.23999977112
264 6.21999979019
265 6.22599983215
266 6.21700000763
267 6.23000001907
268 6.21700000763
269 6.20699977875
270 6.21000003815
271 6.20699977875
272 6.20200014114
273 6.14400005341
274 5.85300016403
275 5.78200006485
276 5.76000022888
277 5.73099994659
278 5.71700000763
279 5.74100017548
280 5.75
281 5.76900005341
282 5.81799983978
283 5.95300006866
284 6.07299995422
285 6.05700016022
286 6.06300020218
287 6.07000017166
288 6.06799983978
289 6.04799985886
290 6.03999996185
291 6.02699995041
292 5.99900007248
293 5.97800016403
294 5.96700000763
295 5.95499992371
296 5.92299985886
297 5.89499998093
298 5.89799976349
299 5.8860001564
300 5.85699987411
301 5.84800004959
302 5.84200000763
303 5.80900001526
304 5.80499982834
305 5.79600000381
306 5.78800010681
307 5.77400016785
308 5.75400018692
309 5.72100019455
310 5.6970000267
311 5.67999982834
312 5.65000009537
313 5.632999897
314 5.60599994659
315 5.58199977875
316 5.57299995422
317 5.53900003433
318 5.52799987793
319 5.33500003815
320 5.117000103
321 5.45200014114
322 5.45200014114
323 5.4279999733
324 5.42000007629
325 5.39499998093
326 5.367000103
327 5.32999992371
328 5.30399990082
329 4.37400007248
330 4.05999994278
331 4.10900020599
332 5.01200008392
333 5.17000007629
334 5.1360001564
335 5.11000013351
336 5.08500003815
337 5.07499980927
338 5.05200004578
339 5.03100013733
340 4.95699977875
341 4.8189997673
342 4.96000003815
343 4.9359998703
344 4.90999984741
345 4.86600017548
346 4.84399986267
347 4.70399999619
348 4.55700016022
349 4.73299980164
350 4.70699977875
351 4.67399978638
352 4.64599990845
353 4.617000103
354 4.57600021362
355 4.5529999733
356 4.31300020218
357 4.36600017548
358 4.49499988556
359 4.46799993515
360 4.43300008774
361 4.40199995041
362 4.38500022888
363 4.35799980164
364 4.31699991226
365 4.28399991989
366 4.23000001907
367 4.22100019455
368 4.18300008774
369 4.14300012589
370 4.09100008011
371 4.06300020218
372 4.04500007629
373 4.02299976349
374 3.98300004005
375 3.96700000763
376 3.93799996376
377 3.91899991035
378 3.87299990654
379 3.85199999809
380 3.81599998474
381 3.71099996567
382 3.63700008392
383 3.59999990463
384 3.56299996376
385 3.51999998093
386 3.49799990654
387 3.46399998665
388 3.43700003624
389 3.41199994087
390 3.35800004005
391 3.32899999619
392 3.32399988174
393 3.27999997139
394 3.26200008392
395 3.28299999237
396 3.29999995232
397 3.33999991417
398 3.36899995804
399 3.39599990845
400 3.43499994278
401 3.47000002861
402 3.51399993896
403 3.55800008774
404 3.58599996567
405 3.64100003242
406 3.68400001526
407 3.71799993515
408 3.72600007057
409 3.78999996185
410 3.84100008011
411 3.89400005341
412 3.93300008774
413 3.99900007248
414 4.04799985886
415 4.1139998436
416 4.1939997673
417 4.24599981308
418 4.30700016022
419 4.38700008392
420 4.45300006866
421 4.51700019836
422 4.58599996567
423 4.65899991989
424 4.74499988556
425 4.82499980927
426 4.91099977493
427 5.02299976349
428 5.12200021744
429 5.21500015259
430 5.30800008774
431 5.41099977493
432 5.52600002289
433 5.65299987793
434 5.77799987793
435 5.882999897
436 6.02400016785
437 6.16900014877
438 6.32399988174
439 6.45399999619
440 6.50699996948
441 6.60400009155
442 6.45599985123
443 3.06999993324
444 3.04800009727
445 3.05200004578
446 3.02399992943
447 3.03999996185
448 3.01699995995
449 3.00500011444
450 3.00999999046
451 2.992000103
452 3.00300002098
453 2.98099994659
454 2.99499988556
455 2.99399995804
456 2.97300004959
457 2.95300006866
458 2.96300005913
459 2.97300004959
460 2.9509999752
461 2.96499991417
462 2.96300005913
463 2.95900011063
464 2.94600009918
465 2.9240000248
466 2.93600010872
467 2.92700004578
468 2.92600011826
469 2.91899991035
470 2.67600011826
471 2.64299988747
472 2.63599991798
473 2.65300011635
474 0.953999996185
475 0.70300000906
476 0.709999978542
477 0.93900001049
478 2.64400005341
479 2.65199995041
480 2.66799998283
481 2.64800000191
482 2.65300011635
483 1.57700002193
484 1.27300000191
485 1.14800000191
486 1.11899995804
487 1.11699998379
488 1.09899997711
489 1.0870000124
490 1.08800005913
491 1.09899997711
492 1.11199998856
493 1.1590000391
494 1.17599999905
495 1.20599997044
496 1.22200000286
497 1.20200002193
498 1.20899999142
499 1.22599995136
500 1.21899998188
501 1.23399996758
502 1.24100005627
503 1.22599995136
504 1.26800000668
505 1.35300004482
506 1.42599999905
507 1.33800005913
508 3.03900003433
509 3.03299999237
510 3.05500006676
511 3.06699991226
512 3.06299996376
513 3.06299996376
514 3.07500004768
515 3.08299994469
516 3.08999991417
517 1.62000000477
518 1.41700005531
519 1.33599996567
520 1.27199995518
521 1.25
522 1.26999998093
523 1.24100005627
524 0.999000012875
525 0.915000021458
526 0.925000011921
527 1.18200004101
528 1.23300004005
529 1.20899999142
530 1.20000004768
531 1.20700001717
532 1.15100002289
533 1.12999999523
534 1.15299999714
535 1.15100002289
536 1.13900005817
537 1.13100004196
538 1.15600001812
539 1.16400003433
540 1.19400000572
