0 4.49900007248
1 4.40600013733
2 4.42999982834
3 4.47100019455
4 4.52899980545
5 4.63999986649
6 4.66900014877
7 4.6939997673
8 4.72499990463
9 4.75299978256
10 4.80100011826
11 4.82600021362
12 4.86499977112
13 4.89499998093
14 4.91200017929
15 4.9390001297
16 4.82600021362
17 4.85099983215
18 4.87799978256
19 4.95900011063
20 5.13899993896
21 5.18300008774
22 5.21099996567
23 5.26999998093
24 5.31799983978
25 5.35099983215
26 5.38800001144
27 5.45100021362
28 5.50299978256
29 5.55100011826
30 5.59700012207
31 5.64099979401
32 5.67600011826
33 0.0
34 17.142999649
35 17.1420001984
36 17.1410007477
37 0.0
38 0.0
39 0.0
40 17.2350006104
41 17.1690006256
42 17.0620002747
43 17.0160007477
44 16.5170001984
45 16.5289993286
46 16.5170001984
47 13.1520004272
48 13.0729999542
49 12.3319997787
50 11.9379997253
51 11.595000267
52 11.6000003815
53 11.6260004044
54 11.607000351
55 11.3439998627
56 10.998000145
57 10.4739999771
58 10.1180000305
59 8.35499954224
60 8.32600021362
61 8.20499992371
62 7.90100002289
63 7.62900018692
64 7.43200016022
65 7.23999977112
66 7.06599998474
67 6.89799976349
68 6.78000020981
69 6.78399991989
70 6.80100011826
71 6.81300020218
72 6.84100008011
73 6.86600017548
74 6.77699995041
75 6.64699983597
76 6.52299976349
77 6.40199995041
78 6.27799987793
79 6.15100002289
80 5.23400020599
81 4.97599983215
82 4.84100008011
83 4.77299976349
84 4.68699979782
85 4.60200023651
86 4.54099988937
87 4.47599983215
88 4.38399982452
89 4.32999992371
90 4.26999998093
91 4.20300006866
92 4.13800001144
93 4.09700012207
94 4.03800010681
95 3.97399997711
96 3.94099998474
97 3.89400005341
98 3.82699990273
99 3.79099988937
100 3.77600002289
101 3.76999998093
102 3.8029999733
103 3.82899999619
104 3.88000011444
105 3.90000009537
106 3.93700003624
107 3.96600008011
108 3.93099999428
109 3.87400007248
110 3.84500002861
111 3.78500008583
112 3.74699997902
113 3.72699999809
114 3.69899988174
115 3.66599988937
116 3.6289999485
117 3.59100008011
118 3.56200003624
119 3.53600001335
120 3.50200009346
121 3.45799994469
122 3.42899990082
123 3.41300010681
124 3.40499997139
125 3.39199995995
126 3.42600011826
127 3.45499992371
128 3.4960000515
129 3.52099990845
130 3.57100009918
131 3.59500002861
132 3.64899992943
133 4.01900005341
134 4.0609998703
135 4.06799983978
136 4.11600017548
137 4.13100004196
138 4.15799999237
139 4.20399999619
140 4.25500011444
141 4.28000020981
142 4.3189997673
143 4.35900020599
144 4.39799976349
145 4.40999984741
146 4.4470000267
147 4.47499990463
148 4.50600004196
149 4.52699995041
150 4.53499984741
151 4.17299985886
152 4.32100009918
153 4.59399986267
154 3.25600004196
155 3.41799998283
156 4.70499992371
157 4.59600019455
158 4.54899978638
159 4.79699993134
160 4.83099985123
161 4.86000013351
162 4.88500022888
163 4.92700004578
164 4.94899988174
165 4.99399995804
166 5.01900005341
167 5.03100013733
168 3.15599989891
169 3.21799993515
170 3.36299991608
171 4.117000103
172 4.91800022125
173 4.86899995804
174 4.85599994659
175 4.82399988174
176 4.82700014114
177 4.81799983978
178 4.83799982071
179 4.84499979019
180 4.86000013351
181 4.90000009537
182 4.8140001297
183 5.32899999619
184 5.46299982071
185 5.46899986267
186 5.49100017548
187 5.51599979401
188 4.60900020599
189 4.57000017166
190 5.56199979782
191 5.58400011063
192 3.65100002289
193 3.51200008392
194 4.0720000267
195 4.04699993134
196 5.67700004578
197 5.71400022507
198 5.74300003052
199 5.75500011444
200 5.77299976349
201 5.78499984741
202 5.80399990082
203 5.83699989319
204 5.83900022507
205 5.85699987411
206 5.86899995804
207 5.8860001564
208 5.88800001144
209 5.89699983597
210 5.91499996185
211 5.94299983978
212 5.95200014114
213 5.96400022507
214 5.98600006104
215 6.00199985504
216 6.00099992752
217 6.03700017929
218 6.04400014877
219 6.05700016022
220 6.06199979782
221 6.09399986267
222 6.09600019455
223 6.09399986267
224 6.11899995804
225 6.117000103
226 6.12599992752
227 6.125
228 6.11199998856
229 6.1360001564
230 6.14400005341
231 6.16300010681
232 6.1890001297
233 6.19500017166
234 6.17899990082
235 6.21600008011
236 6.20300006866
237 6.23699998856
238 6.23999977112
239 6.21999979019
240 6.22599983215
241 6.23400020599
242 6.24399995804
243 6.22200012207
244 6.24599981308
245 6.22399997711
246 6.22300004959
247 6.2389998436
248 6.24499988556
249 6.2389998436
250 6.25699996948
251 6.24800014496
252 6.27699995041
253 6.26900005341
254 6.28000020981
255 6.26499986649
256 6.26000022888
257 6.26800012589
258 6.24300003052
259 6.25400018692
260 6.24800014496
261 6.24599981308
262 6.21899986267
263 6.21400022507
264 6.22399997711
265 6.21099996567
266 6.21799993515
267 6.19600009918
268 6.21199989319
269 6.20200014114
270 6.20800018311
271 6.1970000267
272 6.21999979019
273 6.1360001564
274 5.84399986267
275 5.78999996185
276 5.75299978256
277 5.72800016403
278 5.69999980927
279 5.74100017548
280 5.73699998856
281 5.76300001144
282 5.80000019073
283 5.93800020218
284 6.07499980927
285 6.07700014114
286 6.06300020218
287 6.0640001297
288 6.0640001297
289 6.04600000381
290 6.01800012589
291 5.99399995804
292 5.99300003052
293 5.28999996185
294 5.04400014877
295 5.03499984741
296 5.01999998093
297 5.02799987793
298 2.42100000381
299 2.39599990845
300 2.42000007629
301 5.11199998856
302 5.67899990082
303 5.37900018692
304 5.22700023651
305 5.23299980164
306 5.20200014114
307 5.17899990082
308 5.21700000763
309 5.22300004959
310 5.31199979782
311 5.52799987793
312 5.65199995041
313 5.63500022888
314 5.61100006104
315 5.57299995422
316 5.56599998474
317 5.52400016785
318 5.52699995041
319 5.32299995422
320 5.09200000763
321 5.44600009918
322 5.44199991226
323 5.4359998703
324 5.41499996185
325 5.39200019836
326 5.35400009155
327 5.33699989319
328 5.29600000381
329 4.35200023651
330 4.05200004578
331 4.12900018692
332 5.00600004196
333 5.16200017929
334 5.13899993896
335 5.11899995804
336 5.08599996567
337 5.06699991226
338 5.05000019073
339 5.01300001144
340 4.94199991226
341 4.82000017166
342 4.94899988174
343 4.9390001297
344 4.90199995041
345 4.87200021744
346 4.82800006866
347 4.70300006866
348 4.55700016022
349 4.73500013351
350 4.69899988174
351 4.67199993134
352 4.64499998093
353 4.61499977112
354 4.59000015259
355 4.54799985886
356 4.3029999733
357 4.35400009155
358 4.49700021744
359 4.43400001526
360 4.41800022125
361 4.41699981689
362 4.39200019836
363 4.35900020599
364 4.32499980927
365 4.27099990845
366 4.24399995804
367 4.22100019455
368 4.15799999237
369 4.14300012589
370 4.09399986267
371 4.0689997673
372 4.04699993134
373 4.01900005341
374 3.98000001907
375 3.9470000267
376 3.92100000381
377 3.89199995995
378 3.882999897
379 3.84899997711
380 3.81999993324
381 3.71600008011
382 3.64499998093
383 3.60500001907
384 3.56399989128
385 3.52099990845
386 3.49300003052
387 3.45300006866
388 3.43400001526
389 3.40400004387
390 3.35500001907
391 3.3259999752
392 3.31699991226
393 3.28399991989
394 3.24000000954
395 3.2539999485
396 3.3029999733
397 3.32999992371
398 3.36899995804
399 3.40100002289
400 3.43799996376
401 3.48399996758
402 3.51200008392
403 3.55599999428
404 3.59800004959
405 3.62599992752
406 3.67300009727
407 3.70399999619
408 3.74099993706
409 3.79299998283
410 3.83500003815
411 3.89100003242
412 3.93099999428
413 4.00400018692
414 4.03800010681
415 4.11800003052
416 4.18200016022
417 4.21999979019
418 4.31599998474
419 4.38000011444
420 4.45100021362
421 4.49499988556
422 4.59600019455
423 4.65600013733
424 4.72900009155
425 4.8109998703
426 4.90000009537
427 5.02799987793
428 5.11999988556
429 5.20599985123
430 5.30800008774
431 5.41599988937
432 5.53200006485
433 5.62900018692
434 5.7610001564
435 5.89799976349
436 6.03599977493
437 6.16599988937
438 6.3109998703
439 6.47399997711
440 6.49399995804
441 6.59999990463
442 6.4439997673
443 3.05900001526
444 3.03999996185
445 3.05100011826
446 3.01900005341
447 3.01600003242
448 3.01399993896
449 3.00099992752
450 3.00300002098
451 2.99499988556
452 2.98900008202
453 2.97300004959
454 2.98900008202
455 2.97699999809
456 2.96000003815
457 2.95000004768
458 2.95300006866
459 2.97000002861
460 2.93899989128
461 2.93300008774
462 2.95300006866
463 2.93000006676
464 2.92300009727
465 2.92899990082
466 2.92100000381
467 2.91100001335
468 2.92899990082
469 2.91199994087
470 2.66300010681
471 2.64599990845
472 2.63199996948
473 2.64700007439
474 0.950999975204
475 0.717000007629
476 0.700999975204
477 0.922999978065
478 2.65499997139
479 2.65100002289
480 2.65700006485
481 2.64499998093
482 2.64899992943
483 2.63499999046
484 2.64499998093
485 2.66100001335
486 2.66100001335
487 2.67199993134
488 2.66400003433
489 2.68499994278
490 2.83800005913
491 2.92700004578
492 2.94400000572
493 2.93000006676
494 2.94499993324
495 2.96099996567
496 2.95700001717
497 2.96700000763
498 2.97199988365
499 2.95499992371
500 2.96600008011
501 2.97300004959
502 2.97399997711
503 2.97799992561
504 3.00300002098
505 3.01699995995
506 2.9960000515
507 3.00300002098
508 3.007999897
509 3.02200007439
510 3.02800011635
511 3.04399991035
512 3.06200003624
513 3.06999993324
514 3.0569999218
515 3.09699988365
516 3.08299994469
517 3.09200000763
518 3.11400008202
519 3.12700009346
520 3.13700008392
521 3.14199995995
522 3.14400005341
523 3.16100001335
524 0.933000028133
525 0.908999979496
526 0.915000021458
527 0.941999971867
528 3.03500008583
529 2.98300004005
530 2.93899989128
531 2.882999897
532 2.81900000572
533 2.78200006485
534 2.73200011253
535 2.69899988174
536 2.97199988365
537 1.10000002384
538 1.08099997044
539 1.04700005054
540 1.01400005817
