0 4.50199985504
1 4.4390001297
2 4.43699979782
3 4.46000003815
4 4.53100013733
5 4.64900016785
6 4.67000007629
7 4.69999980927
8 4.72300004959
9 4.75
10 4.79099988937
11 4.82299995422
12 4.867000103
13 4.882999897
14 4.92999982834
15 4.93200016022
16 4.83099985123
17 4.84800004959
18 4.87599992752
19 4.96899986267
20 5.14200019836
21 5.18499994278
22 5.23000001907
23 5.27199983597
24 5.29799985886
25 5.35099983215
26 5.40399980545
27 5.45699977875
28 5.49100017548
29 5.54699993134
30 5.59100008011
31 5.64599990845
32 5.64300012589
33 0.0
34 17.1420001984
35 17.1469993591
36 17.1590003967
37 0.0
38 0.0
39 0.0
40 17.2399997711
41 17.156999588
42 17.0580005646
43 17.0060005188
44 16.5230007172
45 16.5380001068
46 16.5200004578
47 13.1689996719
48 13.0900001526
49 12.3210000992
50 11.9219999313
51 11.6029996872
52 11.5979995728
53 11.6330003738
54 11.6040000916
55 11.3369998932
56 11.001999855
57 10.4569997787
58 10.1000003815
59 8.32199954987
60 8.32699966431
61 8.19499969482
62 7.89900016785
63 7.62699985504
64 7.4390001297
65 7.24399995804
66 7.07399988174
67 6.89300012589
68 6.77899980545
69 6.77400016785
70 6.80800008774
71 6.81500005722
72 6.85900020599
73 6.87599992752
74 6.78000020981
75 6.63199996948
76 6.50299978256
77 6.37099981308
78 6.26399993896
79 6.14400005341
80 5.23400020599
81 4.96500015259
82 4.85099983215
83 4.77799987793
84 4.68800020218
85 4.59499979019
86 4.53399991989
87 4.46099996567
88 4.39699983597
89 4.33199977875
90 4.27400016785
91 4.19299983978
92 4.16099977493
93 4.1139998436
94 4.03800010681
95 3.98099994659
96 3.93499994278
97 3.87599992752
98 3.83400011063
99 3.77800011635
100 3.75
101 3.79500007629
102 3.80200004578
103 3.85199999809
104 3.87700009346
105 3.90400004387
106 3.91799998283
107 3.93499994278
108 3.90000009537
109 3.87400007248
110 3.83200001717
111 3.79800009727
112 3.76300001144
113 3.72399997711
114 3.6970000267
115 3.64800000191
116 3.61800003052
117 3.59699988365
118 3.5490000248
119 3.52900004387
120 3.49900007248
121 3.47300004959
122 3.4470000267
123 3.41700005531
124 3.40799999237
125 3.38499999046
126 3.41599988937
127 3.45399999619
128 3.47699999809
129 3.5150001049
130 3.55999994278
131 3.61400008202
132 3.66400003433
133 4.02899980545
134 4.0560002327
135 4.06699991226
136 4.12900018692
137 4.15299987793
138 4.17899990082
139 4.21299982071
140 4.25400018692
141 4.28299999237
142 4.30999994278
143 4.34399986267
144 4.36299991608
145 4.43300008774
146 4.45200014114
147 4.47700023651
148 4.50899982452
149 4.53900003433
150 4.53900003433
151 4.20699977875
152 4.27799987793
153 4.58799982071
154 3.25099992752
155 3.41700005531
156 4.70599985123
157 4.59600019455
158 4.5640001297
159 4.78999996185
160 4.81500005722
161 4.84899997711
162 4.88899993896
163 4.91499996185
164 4.95100021362
165 4.992000103
166 5.01800012589
167 5.04099988937
168 3.15499997139
169 3.21799993515
170 3.37299990654
171 4.08900022507
172 4.89699983597
173 4.87699985504
174 4.84700012207
175 4.83699989319
176 4.82000017166
177 4.81300020218
178 4.82499980927
179 4.84499979019
180 4.87400007248
181 4.89200019836
182 4.80700016022
183 5.31300020218
184 5.46500015259
185 5.46500015259
186 5.48099994659
187 5.49700021744
188 4.58099985123
189 4.57600021362
190 5.55900001526
191 5.59100008011
192 3.63899993896
193 3.51099991798
194 4.07000017166
195 4.03499984741
196 5.68400001526
197 5.71999979019
198 5.73199987411
199 5.7610001564
200 5.77699995041
201 5.79699993134
202 5.81799983978
203 5.81599998474
204 5.84100008011
205 5.85200023651
206 5.85799980164
207 5.88100004196
208 5.89900016785
209 5.91200017929
210 5.91599988937
211 5.92199993134
212 5.94099998474
213 5.96899986267
214 5.98600006104
215 6.00199985504
216 6.02199983597
217 6.02799987793
218 6.04300022125
219 6.06599998474
220 6.0529999733
221 6.06599998474
222 6.07800006866
223 6.09000015259
224 6.09800004959
225 6.09200000763
226 6.1139998436
227 6.12900018692
228 6.132999897
229 6.12799978256
230 6.1360001564
231 6.14400005341
232 6.17999982834
233 6.19000005722
234 6.19299983978
235 6.1890001297
236 6.21899986267
237 6.21799993515
238 6.21899986267
239 6.22900009155
240 6.21500015259
241 6.23000001907
242 6.22499990463
243 6.23000001907
244 6.2389998436
245 6.23500013351
246 6.21299982071
247 6.22200012207
248 6.24700021744
249 6.23699998856
250 6.25699996948
251 6.25199985504
252 6.24900007248
253 6.26999998093
254 6.28000020981
255 6.27899980545
256 6.26200008392
257 6.25600004196
258 6.25500011444
259 6.25299978256
260 6.24100017548
261 6.23299980164
262 6.21700000763
263 6.24300003052
264 6.20900011063
265 6.20300006866
266 6.22100019455
267 6.19799995422
268 6.21799993515
269 6.21099996567
270 6.20599985123
271 6.22700023651
272 6.20599985123
273 6.12400007248
274 5.82800006866
275 5.79199981689
276 5.75199985504
277 5.72100019455
278 5.71099996567
279 5.72100019455
280 5.74499988556
281 5.76499986649
282 5.79400014877
283 5.9470000267
284 6.06300020218
285 6.0560002327
286 6.0529999733
287 6.05200004578
288 6.06199979782
289 6.04600000381
290 6.03999996185
291 5.99800014496
292 5.98799991608
293 5.28499984741
294 5.03800010681
295 5.02299976349
296 5.02500009537
297 5.02699995041
298 2.40499997139
299 2.41000008583
300 2.41400003433
301 5.10900020599
302 5.6810002327
303 5.39300012589
304 5.24300003052
305 5.23299980164
306 5.19500017166
307 5.20300006866
308 5.21000003815
309 5.20599985123
310 5.32000017166
311 5.54899978638
312 5.64499998093
313 5.625
314 5.59800004959
315 5.56599998474
316 5.55499982834
317 5.53100013733
318 5.52600002289
319 5.34000015259
320 5.09100008011
321 5.44000005722
322 5.44099998474
323 5.42399978638
324 5.40500020981
325 5.37699985504
326 5.35599994659
327 5.33300018311
328 5.29600000381
329 4.36600017548
330 4.02899980545
331 4.11899995804
332 5.02400016785
333 5.16499996185
334 5.14300012589
335 5.11299991608
336 5.08300018311
337 5.06300020218
338 5.03499984741
339 5.01599979401
340 4.93800020218
341 4.80499982834
342 4.9470000267
343 4.93400001526
344 4.90600013733
345 4.87799978256
346 4.82299995422
347 4.69999980927
348 4.53900003433
349 4.71999979019
350 4.70300006866
351 4.67999982834
352 4.63899993896
353 4.62400007248
354 4.57100009918
355 4.55100011826
356 4.30399990082
357 4.34600019455
358 4.47900009155
359 4.45499992371
360 4.43800020218
361 4.40100002289
362 4.36899995804
363 4.35900020599
364 4.32100009918
365 4.27600002289
366 4.23500013351
367 4.20800018311
368 4.15199995041
369 4.13399982452
370 4.10500001907
371 4.07800006866
372 4.04199981689
373 4.00099992752
374 3.99900007248
375 3.96300005913
376 3.94000005722
377 3.88599991798
378 3.86100006104
379 3.85800004005
380 3.81699991226
381 3.72199988365
382 3.64299988747
383 3.59699988365
384 3.54800009727
385 3.53299999237
386 3.49300003052
387 3.45700001717
388 3.41199994087
389 3.39499998093
390 3.35500001907
391 3.32699990273
392 3.30900001526
393 3.28299999237
394 3.23900008202
395 3.24699997902
396 3.29800009727
397 3.3259999752
398 3.34800004959
399 3.40400004387
400 3.43799996376
401 3.47000002861
402 3.51600003242
403 3.55100011826
404 3.60199999809
405 3.63100004196
406 3.66499996185
407 3.71600008011
408 3.73900008202
409 3.79200005531
410 3.81100010872
411 3.89199995995
412 3.92899990082
413 3.98900008202
414 4.04899978638
415 4.10500001907
416 4.17899990082
417 4.24399995804
418 4.31300020218
419 4.37300014496
420 4.44199991226
421 4.49599981308
422 4.57999992371
423 4.65299987793
424 4.72499990463
425 4.80900001526
426 4.90600013733
427 5.00899982452
428 5.10799980164
429 5.19500017166
430 5.31500005722
431 5.42199993134
432 5.52299976349
433 5.64200019836
434 5.7610001564
435 5.88199996948
436 6.02099990845
437 6.17600011826
438 6.30100011826
439 6.47700023651
440 6.50600004196
441 6.60400009155
442 6.43699979782
443 3.05800008774
444 3.04800009727
445 3.02500009537
446 3.02699995041
447 3.02399992943
448 3.00600004196
449 3.0150001049
450 2.99499988556
451 2.97600007057
452 2.99399995804
453 2.98600006104
454 2.96700000763
455 2.97000002861
456 2.96600008011
457 2.95399999619
458 2.95300006866
459 2.94099998474
460 2.93700003624
461 2.94499993324
462 2.94799995422
463 2.95300006866
464 2.94199991226
465 2.93000006676
466 2.92000007629
467 2.92000007629
468 2.90899991989
469 2.91000008583
470 2.65300011635
471 2.64899992943
472 2.63700008392
473 2.63499999046
474 0.939999997616
475 0.698000013828
476 0.699000000954
477 0.911000013351
478 2.63400006294
479 2.64299988747
480 2.64299988747
481 2.64299988747
482 2.64299988747
483 2.65799999237
484 2.66400003433
485 2.65199995041
486 2.65799999237
487 2.65100002289
488 2.66899991035
489 2.6779999733
490 2.81399989128
491 2.9279999733
492 2.93400001526
493 2.94099998474
494 2.9430000782
495 2.94099998474
496 2.95799994469
497 2.9470000267
498 2.95600008965
499 2.96900010109
500 2.96900010109
501 2.96499991417
502 2.96499991417
503 2.99699997902
504 2.98399996758
505 2.992000103
506 3.00200009346
507 3.00500011444
508 3.02900004387
509 3.03399991989
510 3.02900004387
511 3.03099989891
512 3.06500005722
513 3.04999995232
514 3.07299995422
515 3.07100009918
516 3.08200001717
517 3.10400009155
518 3.11599993706
519 3.11100006104
520 3.13499999046
521 3.1400001049
522 3.15000009537
523 3.18400001526
524 0.934000015259
525 0.910000026226
526 0.916000008583
527 0.930000007153
528 3.04600000381
529 2.98699998856
530 2.93700003624
531 2.882999897
532 2.81900000572
533 2.78500008583
534 2.73399996758
535 2.71900010109
536 2.95199990273
537 2.9240000248
538 1.10899996758
539 1.04299998283
540 0.998000025749
