0 4.51700019836
1 4.43800020218
2 4.44799995422
3 4.46099996567
4 4.50500011444
5 4.65100002289
6 4.67299985886
7 4.70399999619
8 4.72700023651
9 4.76300001144
10 4.78999996185
11 4.83400011063
12 4.86199998856
13 4.89099979401
14 4.91599988937
15 4.92100000381
16 4.82700014114
17 4.84200000763
18 4.88399982452
19 4.96500015259
20 5.14300012589
21 5.18400001526
22 5.22399997711
23 5.26800012589
24 5.31300020218
25 5.35200023651
26 5.39699983597
27 5.45399999619
28 5.50600004196
29 5.53499984741
30 5.59499979019
31 5.63000011444
32 5.66900014877
33 0.0
34 17.1499996185
35 17.1420001984
36 17.1539993286
37 0.0
38 0.0
39 0.0
40 17.2369995117
41 17.1700000763
42 17.0659999847
43 17.013999939
44 16.5130004883
45 16.5349998474
46 16.5200004578
47 13.1499996185
48 13.0719995499
49 12.3240003586
50 11.9709997177
51 11.5719995499
52 11.595000267
53 11.640999794
54 11.6120004654
55 11.3479995728
56 10.9989995956
57 10.4639997482
58 10.1099996567
59 8.33500003815
60 8.35099983215
61 8.20400047302
62 7.91699981689
63 7.64799976349
64 7.44799995422
65 7.24800014496
66 7.05999994278
67 6.90000009537
68 6.78700017929
69 6.76999998093
70 6.79699993134
71 6.8140001297
72 6.83300018311
73 6.86299991608
74 6.78700017929
75 6.63000011444
76 6.51000022888
77 6.37699985504
78 6.25899982452
79 6.14499998093
80 5.20100021362
81 4.95499992371
82 4.85400009155
83 4.76399993896
84 4.66800022125
85 4.58799982071
86 4.53599977493
87 4.46600008011
88 4.41099977493
89 4.34100008011
90 4.26900005341
91 4.19999980927
92 4.15799999237
93 4.10200023651
94 4.03499984741
95 3.98300004005
96 3.91199994087
97 3.882999897
98 3.83899998665
99 3.78900003433
100 3.76600003242
101 3.79500007629
102 3.82399988174
103 3.84100008011
104 3.8710000515
105 3.8900001049
106 3.95799994469
107 3.95799994469
108 3.91799998283
109 3.88700008392
110 3.84999990463
111 3.81599998474
112 3.75699996948
113 3.72399997711
114 3.70700001717
115 3.65899991989
116 3.62599992752
117 3.58299994469
118 3.54399991035
119 3.53900003433
120 3.5
121 3.47199988365
122 3.44099998474
123 3.40100002289
124 3.40499997139
125 3.38499999046
126 3.42000007629
127 3.43600010872
128 3.49099993706
129 3.51399993896
130 3.56599998474
131 3.60599994659
132 3.66100001335
133 4.01000022888
134 4.0529999733
135 4.08400011063
136 4.11299991608
137 4.15799999237
138 4.18699979782
139 4.21799993515
140 4.25500011444
141 4.26599979401
142 4.31300020218
143 4.33699989319
144 4.37699985504
145 4.41699981689
146 4.45800018311
147 4.48799991608
148 4.5110001564
149 4.53800010681
150 4.52400016785
151 4.1779999733
152 4.3029999733
153 4.60099983215
154 3.25500011444
155 3.40499997139
156 4.71199989319
157 4.59600019455
158 4.55200004578
159 4.80399990082
160 4.82999992371
161 4.85099983215
162 4.89599990845
163 4.91300010681
164 4.95399999619
165 4.9889998436
166 5.01800012589
167 5.02799987793
168 3.125
169 3.24099993706
170 3.36100006104
171 4.117000103
172 4.92999982834
173 4.875
174 4.84999990463
175 4.83799982071
176 4.8220000267
177 4.8189997673
178 4.81599998474
179 4.84100008011
180 4.86299991608
181 4.89699983597
182 4.8060002327
183 5.32299995422
184 5.45800018311
185 5.47100019455
186 5.5
187 5.51599979401
188 4.59200000763
189 4.5640001297
190 5.55100011826
191 5.58599996567
192 3.62199997902
193 3.52200007439
194 4.06599998474
195 4.02899980545
196 5.68499994278
197 5.71600008011
198 5.73500013351
199 5.73999977112
200 5.77500009537
201 5.80100011826
202 5.80200004578
203 5.83699989319
204 5.84800004959
205 5.84800004959
206 5.87300014496
207 5.88100004196
208 5.88399982452
209 5.90100002289
210 5.91800022125
211 5.91800022125
212 5.94600009918
213 5.96999979019
214 5.98999977112
215 6.01700019836
216 6.01900005341
217 6.03499984741
218 6.05000019073
219 6.07499980927
220 6.05900001526
221 6.08599996567
222 6.08500003815
223 6.09200000763
224 6.11199998856
225 6.117000103
226 6.12599992752
227 6.11199998856
228 6.11800003052
229 6.13000011444
230 6.14200019836
231 6.14900016785
232 6.16099977493
233 6.1939997673
234 6.17899990082
235 6.20900011063
236 6.21999979019
237 6.22499990463
238 6.21199989319
239 6.21500015259
240 6.22399997711
241 6.21700000763
242 6.21799993515
243 6.24499988556
244 6.23400020599
245 6.21099996567
246 6.21299982071
247 6.23500013351
248 6.23699998856
249 6.24100017548
250 6.25299978256
251 6.23799991608
252 6.27500009537
253 6.25699996948
254 6.28499984741
255 6.25400018692
256 6.24700021744
257 6.24499988556
258 6.23999977112
259 6.24399995804
260 6.23699998856
261 6.24900007248
262 6.20599985123
263 6.22800016403
264 6.20300006866
265 6.22599983215
266 6.21400022507
267 6.20800018311
268 6.21400022507
269 6.21000003815
270 6.1939997673
271 6.20800018311
272 6.21199989319
273 6.12599992752
274 5.83699989319
275 5.78200006485
276 5.75299978256
277 5.71400022507
278 5.71999979019
279 5.72200012207
280 5.73699998856
281 5.76300001144
282 5.8189997673
283 5.9359998703
284 6.0720000267
285 6.05100011826
286 6.05700016022
287 6.05800008774
288 6.05399990082
289 6.04500007629
290 6.01599979401
291 6.02199983597
292 5.98400020599
293 5.29600000381
294 5.06699991226
295 5.03900003433
296 5.02500009537
297 5.01499986649
298 2.42600011826
299 2.38100004196
300 2.43000006676
301 5.10300016403
302 5.69600009918
303 5.37300014496
304 5.23000001907
305 5.23699998856
306 5.18699979782
307 5.19299983978
308 5.20399999619
309 5.23400020599
310 5.33099985123
311 5.54400014877
312 5.64400005341
313 5.60900020599
314 5.60500001907
315 5.56799983978
316 5.55399990082
317 5.53700017929
318 5.52199983597
319 5.33400011063
320 5.08500003815
321 5.44299983978
322 5.44600009918
323 5.42199993134
324 5.40999984741
325 5.37799978256
326 5.35400009155
327 5.33500003815
328 5.29099988937
329 4.35900020599
330 4.04400014877
331 4.11000013351
332 5.01800012589
333 5.16599988937
334 5.14099979401
335 5.11299991608
336 5.07800006866
337 5.06300020218
338 5.04799985886
339 5.01000022888
340 4.94500017166
341 4.81699991226
342 4.95699977875
343 4.9310002327
344 4.90299987793
345 4.86600017548
346 4.83900022507
347 4.70200014114
348 4.56300020218
349 4.73099994659
350 4.70200014114
351 4.67700004578
352 4.64900016785
353 4.62400007248
354 4.59499979019
355 4.56300020218
356 4.32800006866
357 4.33699989319
358 4.48699998856
359 4.46400022507
360 4.44600009918
361 4.40100002289
362 4.38199996948
363 4.35900020599
364 4.28599977493
365 4.26599979401
366 4.25400018692
367 4.21099996567
368 4.14900016785
369 4.13000011444
370 4.09200000763
371 4.07499980927
372 4.04699993134
373 4.01499986649
374 3.99300003052
375 3.97199988365
376 3.92700004578
377 3.89499998093
378 3.88000011444
379 3.84100008011
380 3.80500006676
381 3.72099995613
382 3.62299990654
383 3.59299993515
384 3.56500005722
385 3.52900004387
386 3.48699998856
387 3.45300006866
388 3.43099999428
389 3.40000009537
390 3.34699988365
391 3.32699990273
392 3.31100010872
393 3.28999996185
394 3.26099991798
395 3.26699995995
396 3.29500007629
397 3.33299994469
398 3.34800004959
399 3.39199995995
400 3.45000004768
401 3.47199988365
402 3.51900005341
403 3.55200004578
404 3.59699988365
405 3.64400005341
406 3.66799998283
407 3.70499992371
408 3.72300004959
409 3.78699994087
410 3.84400010109
411 3.89299988747
412 3.9240000248
413 3.98900008202
414 4.05499982834
415 4.09200000763
416 4.16499996185
417 4.23699998856
418 4.29899978638
419 4.38000011444
420 4.44999980927
421 4.51000022888
422 4.59299993515
423 4.64900016785
424 4.72100019455
425 4.80999994278
426 4.90399980545
427 5.01599979401
428 5.10599994659
429 5.20599985123
430 5.30700016022
431 5.41900014877
432 5.52400016785
433 5.6360001564
434 5.76200008392
435 5.88399982452
436 6.01499986649
437 6.15899991989
438 6.32700014114
439 6.47499990463
440 6.49499988556
441 6.59800004959
442 6.42399978638
443 3.08400011063
444 3.04200005531
445 3.03999996185
446 3.03699994087
447 3.0150001049
448 3.02699995041
449 3.00999999046
450 2.99499988556
451 2.98200011253
452 3.0
453 2.97300004959
454 2.98799991608
455 2.96000003815
456 2.95900011063
457 2.96499991417
458 2.94899988174
459 2.94400000572
460 2.95300006866
461 2.93400001526
462 2.93899989128
463 2.93899989128
464 2.92499995232
465 2.92199993134
466 2.94199991226
467 2.92300009727
468 2.92000007629
469 2.91100001335
470 2.67199993134
471 2.63400006294
472 2.63100004196
473 2.65300011635
474 0.949999988079
475 0.70300000906
476 0.708000004292
477 0.92199999094
478 2.64899992943
479 2.64800000191
480 2.64400005341
481 2.64800000191
482 2.63499999046
483 2.64199995995
484 2.64599990845
485 2.65199995041
486 2.65499997139
487 2.65899991989
488 2.64700007439
489 2.66599988937
490 2.84500002861
491 2.92300009727
492 2.9279999733
493 2.93400001526
494 2.95199990273
495 2.96700000763
496 2.96399998665
497 2.95900011063
498 2.9509999752
499 2.95199990273
500 2.96600008011
501 2.98900008202
502 2.97000002861
503 2.96799993515
504 2.98799991608
505 2.99900007248
506 3.00500011444
507 3.01099991798
508 3.01099991798
509 3.02900004387
510 3.04500007629
511 3.04299998283
512 3.04699993134
513 3.04500007629
514 3.07399988174
515 3.08100008965
516 3.0759999752
517 3.09299993515
518 3.09699988365
519 3.12800002098
520 3.14400005341
521 3.1210000515
522 3.13400006294
523 3.16899991035
524 0.912999987602
525 0.915000021458
526 0.902000010014
527 0.941999971867
528 3.04399991035
529 2.98900008202
530 2.93400001526
531 1.2840000391
532 1.1629999876
533 1.1590000391
534 1.15499997139
535 1.14699995518
536 1.13600003719
537 1.11300003529
538 1.12999999523
539 1.10000002384
540 1.06599998474
