0 4.51399993896
1 4.44299983978
2 4.42100000381
3 4.45300006866
4 4.52500009537
5 4.63700008392
6 4.67999982834
7 4.71999979019
8 4.73600006104
9 4.77799987793
10 4.78499984741
11 4.83099985123
12 4.84600019455
13 4.89099979401
14 4.93300008774
15 4.94000005722
16 4.83500003815
17 4.83699989319
18 4.86899995804
19 4.96199989319
20 5.13700008392
21 5.18300008774
22 5.22399997711
23 5.26999998093
24 5.31500005722
25 5.34899997711
26 5.40000009537
27 5.45499992371
28 5.5
29 5.5529999733
30 5.58900022507
31 5.61999988556
32 5.64599990845
33 0.0
34 17.138999939
35 17.1350002289
36 17.1450004578
37 0.0
38 0.0
39 0.0
40 17.2350006104
41 17.172000885
42 17.0550003052
43 16.9920005798
44 16.5219993591
45 16.5440006256
46 16.5200004578
47 13.1619997025
48 13.0640001297
49 12.3210000992
50 11.9519996643
51 11.5850000381
52 11.593000412
53 11.6199998856
54 11.623000145
55 11.3549995422
56 11.0059995651
57 10.4639997482
58 10.0970001221
59 8.34700012207
60 8.34399986267
61 8.20400047302
62 7.91699981689
63 7.61899995804
64 7.44099998474
65 7.24599981308
66 7.05900001526
67 6.89499998093
68 6.78200006485
69 6.78700017929
70 6.80200004578
71 6.81799983978
72 6.85500001907
73 6.875
74 6.79400014877
75 6.64599990845
76 6.50500011444
77 6.375
78 6.27899980545
79 6.13999986649
80 5.23000001907
81 4.95499992371
82 4.85900020599
83 4.77199983597
84 4.67199993134
85 4.57700014114
86 4.52600002289
87 4.47800016403
88 4.40399980545
89 4.33199977875
90 4.28200006485
91 4.20800018311
92 4.15999984741
93 4.11899995804
94 4.03399991989
95 3.96499991417
96 3.93600010872
97 3.875
98 3.84800004959
99 3.79999995232
100 3.76600003242
101 3.78999996185
102 3.81699991226
103 3.84699988365
104 3.87599992752
105 3.88100004196
106 3.92300009727
107 3.94000005722
108 3.91300010681
109 3.8900001049
110 3.84200000763
111 3.80500006676
112 3.75999999046
113 3.72300004959
114 3.69000005722
115 3.66199994087
116 3.61999988556
117 3.57699990273
118 3.56100010872
119 3.53699994087
120 3.48099994659
121 3.45900011063
122 3.43000006676
123 3.42000007629
124 3.39800000191
125 3.38100004196
126 3.40799999237
127 3.44899988174
128 3.5
129 3.52800011635
130 3.5680000782
131 3.60700011253
132 3.66400003433
133 4.00600004196
134 4.05800008774
135 4.08199977875
136 4.12699985504
137 4.14499998093
138 4.18699979782
139 4.21199989319
140 4.22300004959
141 4.25699996948
142 4.31300020218
143 4.34100008011
144 4.375
145 4.41499996185
146 4.46600008011
147 4.48699998856
148 4.51000022888
149 4.51700019836
150 4.55399990082
151 4.20800018311
152 4.30499982834
153 4.51000022888
154 3.26200008392
155 3.41000008583
156 4.70699977875
157 4.59700012207
158 4.53800010681
159 4.78800010681
160 4.82399988174
161 4.85900020599
162 4.89400005341
163 4.93800020218
164 4.95599985123
165 4.98699998856
166 5.02099990845
167 5.03800010681
168 3.14400005341
169 3.21600008011
170 3.3599998951
171 4.09999990463
172 4.92500019073
173 4.88500022888
174 4.85200023651
175 4.82000017166
176 4.82399988174
177 4.81599998474
178 4.82999992371
179 4.84899997711
180 4.86000013351
181 4.90899991989
182 4.8189997673
183 5.32999992371
184 5.46799993515
185 5.47800016403
186 5.49100017548
187 5.50899982452
188 4.60300016403
189 4.57299995422
190 5.55999994278
191 5.59100008011
192 3.64299988747
193 3.53600001335
194 4.05900001526
195 4.03100013733
196 5.68499994278
197 5.69000005722
198 5.72800016403
199 5.75
200 5.78299999237
201 5.79300022125
202 5.8220000267
203 5.81699991226
204 5.83300018311
205 5.85300016403
206 5.86000013351
207 5.86899995804
208 5.88800001144
209 5.90199995041
210 5.9279999733
211 5.93699979782
212 5.94099998474
213 5.97200012207
214 5.96799993515
215 5.99300003052
216 6.01999998093
217 6.03800010681
218 6.04799985886
219 6.07999992371
220 6.07000017166
221 6.07800006866
222 6.0720000267
223 6.08699989319
224 6.10099983215
225 6.10200023651
226 6.125
227 6.11600017548
228 6.14200019836
229 6.14300012589
230 6.14400005341
231 6.16699981689
232 6.17899990082
233 6.17999982834
234 6.20599985123
235 6.21899986267
236 6.22900009155
237 6.21799993515
238 6.22499990463
239 6.22300004959
240 6.20900011063
241 6.25
242 6.22399997711
243 6.22599983215
244 6.25099992752
245 6.242000103
246 6.22200012207
247 6.24300003052
248 6.24100017548
249 6.23400020599
250 6.25
251 6.24100017548
252 6.26900005341
253 6.27799987793
254 6.26399993896
255 6.2610001564
256 6.242000103
257 6.24399995804
258 6.23999977112
259 6.25500011444
260 6.25
261 6.2389998436
262 6.23999977112
263 6.22100019455
264 6.21600008011
265 6.20499992371
266 6.20300006866
267 6.21400022507
268 6.21400022507
269 6.20499992371
270 6.22800016403
271 6.19999980927
272 6.21899986267
273 6.12599992752
274 5.84299993515
275 5.78599977493
276 5.76499986649
277 5.72399997711
278 5.72499990463
279 5.72599983215
280 5.74399995804
281 5.78000020981
282 5.79899978638
283 5.93699979782
284 6.08599996567
285 6.05399990082
286 6.06699991226
287 6.04400014877
288 6.05399990082
289 6.05800008774
290 6.03700017929
291 6.00699996948
292 5.98799991608
293 5.29099988937
294 5.07000017166
295 5.02500009537
296 5.01399993896
297 5.01399993896
298 2.38499999046
299 2.40400004387
300 2.40199995041
301 5.09899997711
302 5.6890001297
303 5.37599992752
304 5.24599981308
305 5.23000001907
306 5.21500015259
307 5.19099998474
308 5.20800018311
309 5.21899986267
310 5.31300020218
311 5.55000019073
312 5.63999986649
313 5.61800003052
314 5.58900022507
315 5.58500003815
316 5.5609998703
317 5.52199983597
318 5.52099990845
319 5.29899978638
320 5.10900020599
321 5.45300006866
322 5.44299983978
323 5.4310002327
324 5.41099977493
325 5.39499998093
326 5.34999990463
327 5.32700014114
328 5.28800010681
329 4.3860001564
330 4.0529999733
331 4.12099981308
332 5.01499986649
333 5.16400003433
334 5.14599990845
335 5.1139998436
336 5.09000015259
337 5.0689997673
338 5.05100011826
339 5.01900005341
340 4.95200014114
341 4.80900001526
342 4.96000003815
343 4.93699979782
344 4.90199995041
345 4.85599994659
346 4.83199977875
347 4.71000003815
348 4.5529999733
349 4.73000001907
350 4.70200014114
351 4.67199993134
352 4.625
353 4.6139998436
354 4.59299993515
355 4.57000017166
356 4.30999994278
357 4.35200023651
358 4.4889998436
359 4.47100019455
360 4.42500019073
361 4.41400003433
362 4.37099981308
363 4.35300016403
364 4.3189997673
365 4.27899980545
366 4.25099992752
367 4.21600008011
368 4.17700004578
369 4.12300014496
370 4.09499979019
371 4.06199979782
372 4.02699995041
373 4.02500009537
374 3.9849998951
375 3.96000003815
376 3.93300008774
377 3.91000008583
378 3.87599992752
379 3.84899997711
380 3.8220000267
381 3.71799993515
382 3.62700009346
383 3.59800004959
384 3.55399990082
385 3.53299999237
386 3.49300003052
387 3.45499992371
388 3.43000006676
389 3.39199995995
390 3.36500000954
391 3.34299993515
392 3.32399988174
393 3.26600003242
394 3.26099991798
395 3.26099991798
396 3.28200006485
397 3.31699991226
398 3.36899995804
399 3.38800001144
400 3.4279999733
401 3.48300004005
402 3.52200007439
403 3.55500006676
404 3.58999991417
405 3.63400006294
406 3.67499995232
407 3.72000002861
408 3.73300004005
409 3.78500008583
410 3.83400011063
411 3.882999897
412 3.93700003624
413 3.99499988556
414 4.04799985886
415 4.11800003052
416 4.18499994278
417 4.24499988556
418 4.28299999237
419 4.37400007248
420 4.43400001526
421 4.52299976349
422 4.57100009918
423 4.65100002289
424 4.73199987411
425 4.81500005722
426 4.92000007629
427 5.01300001144
428 5.12200021744
429 5.20800018311
430 5.3140001297
431 5.42299985886
432 5.52199983597
433 5.64099979401
434 5.7610001564
435 5.88100004196
436 6.02199983597
437 6.15899991989
438 6.30499982834
439 6.46799993515
440 6.49100017548
441 6.60200023651
442 6.45900011063
443 3.06500005722
444 3.04699993134
445 3.02399992943
446 3.03800010681
447 3.0150001049
448 3.01999998093
449 2.99499988556
450 2.99300003052
451 3.00200009346
452 2.99499988556
453 2.98000001907
454 2.96399998665
455 2.96000003815
456 2.96399998665
457 2.96900010109
458 2.9509999752
459 2.95199990273
460 2.94899988174
461 2.94400000572
462 2.94899988174
463 2.9319999218
464 2.93000006676
465 2.92899990082
466 2.91700005531
467 2.91599988937
468 2.92000007629
469 2.90499997139
470 2.65899991989
471 2.6400001049
472 2.63599991798
473 2.64199995995
474 0.945999979973
475 0.705999970436
476 0.705999970436
477 0.922999978065
478 2.65199995041
479 2.64400005341
480 2.64499998093
481 2.65199995041
482 2.67000007629
483 2.65499997139
484 2.66199994087
485 2.66000008583
486 2.65499997139
487 2.66499996185
488 2.66899991035
489 2.67700004578
490 2.82299995422
491 2.94899988174
492 2.9279999733
493 2.93899989128
494 2.93700003624
495 2.96300005913
496 2.96300005913
497 2.95600008965
498 2.94899988174
499 2.96099996567
500 2.97399997711
501 2.97699999809
502 2.99499988556
503 2.97900009155
504 2.98600006104
505 2.9960000515
506 2.992000103
507 2.99799990654
508 3.01699995995
509 3.02600002289
510 3.04399991035
511 3.02600002289
512 3.05800008774
513 3.06999993324
514 3.08299994469
515 3.07899999619
516 3.08899998665
517 3.09800004959
518 3.09200000763
519 3.117000103
520 3.11800003052
521 3.15000009537
522 3.14100003242
523 3.15899991989
524 0.92199999094
525 0.908999979496
526 0.898000001907
527 0.936999976635
528 3.05200004578
529 2.98600006104
530 2.92300009727
531 2.88599991798
532 2.83400011063
533 2.78200006485
534 2.73399996758
535 2.69600009918
536 2.95799994469
537 1.10899996758
538 1.08399999142
539 1.0529999733
540 1.01100003719
