0 4.51000022888
1 4.42500019073
2 4.4390001297
3 4.46799993515
4 4.52899980545
5 4.64900016785
6 4.68300008774
7 4.70499992371
8 1.80799996853
9 1.74399995804
10 1.70599997044
11 1.71800005436
12 1.73399996758
13 1.72200000286
14 1.70799994469
15 1.70700001717
16 1.78299999237
17 1.75600004196
18 1.75199997425
19 1.74500000477
20 1.76400005817
21 1.77600002289
22 1.79999995232
23 1.80400002003
24 1.68499994278
25 1.69799995422
26 1.71300005913
27 1.74199998379
28 1.73699998856
29 1.71800005436
30 1.74300003052
31 1.70700001717
32 1.68599998951
33 1.70299994946
34 1.70000004768
35 1.70599997044
36 1.69599997997
37 1.73300004005
38 1.77699995041
39 1.85000002384
40 17.2080001831
41 17.1529998779
42 17.063999176
43 17.0060005188
44 16.5240001678
45 16.5450000763
46 16.5300006866
47 13.1630001068
48 13.0979995728
49 12.3219995499
50 11.9569997787
51 11.5909996033
52 11.5900001526
53 11.6219997406
54 11.6300001144
55 11.3420000076
56 10.9879999161
57 10.4630002975
58 10.0989999771
59 8.32699966431
60 8.33100032806
61 8.19099998474
62 7.91400003433
63 7.64300012589
64 7.4470000267
65 7.23600006104
66 7.07000017166
67 6.90299987793
68 6.79300022125
69 6.78100013733
70 6.79899978638
71 6.82999992371
72 6.85400009155
73 6.87200021744
74 6.79099988937
75 6.63399982452
76 6.50699996948
77 6.38399982452
78 6.26399993896
79 6.14200019836
80 5.21999979019
81 4.96600008011
82 4.84700012207
83 4.77799987793
84 4.66699981689
85 4.60099983215
86 4.53900003433
87 4.46500015259
88 4.40799999237
89 4.31500005722
90 4.27199983597
91 4.22800016403
92 4.16499996185
93 4.1139998436
94 4.05000019073
95 3.98699998856
96 3.93499994278
97 3.882999897
98 3.84500002861
99 3.78999996185
100 3.76399993896
101 3.79200005531
102 3.83299994469
103 3.85500001907
104 3.86199998856
105 3.89599990845
106 3.93899989128
107 3.96499991417
108 3.92499995232
109 3.88499999046
110 3.84400010109
111 3.79399991035
112 3.7650001049
113 3.72600007057
114 3.6930000782
115 3.64700007439
116 3.6099998951
117 3.60199999809
118 3.56699991226
119 3.53800010681
120 3.4960000515
121 3.47499990463
122 3.44600009918
123 3.42300009727
124 3.40899991989
125 3.38000011444
126 3.41700005531
127 3.44799995422
128 3.48399996758
129 3.53800010681
130 3.56999993324
131 3.6099998951
132 3.66100001335
133 4.00899982452
134 4.04500007629
135 4.08599996567
136 4.12300014496
137 4.15500020981
138 4.19600009918
139 4.21000003815
140 4.23999977112
141 4.27799987793
142 4.31699991226
143 4.33400011063
144 4.37200021744
145 4.4279999733
146 4.44600009918
147 4.50199985504
148 4.51300001144
149 4.53800010681
150 4.53000020981
151 4.18200016022
152 4.29400014877
153 4.58900022507
154 3.26200008392
155 3.40799999237
156 4.71999979019
157 4.59000015259
158 4.55100011826
159 4.79300022125
160 4.8220000267
161 4.86299991608
162 4.90700006485
163 4.93400001526
164 4.97200012207
165 5.00099992752
166 5.007999897
167 5.04500007629
168 3.17600011826
169 3.22300004959
170 3.36800003052
171 4.09299993515
172 4.91699981689
173 4.88000011444
174 4.86100006104
175 4.83799982071
176 4.81799983978
177 4.82100009918
178 4.84000015259
179 4.84700012207
180 4.86100006104
181 4.88999986649
182 4.82499980927
183 5.3109998703
184 5.46700000763
185 5.49300003052
186 5.50400018692
187 5.51200008392
188 4.59000015259
189 4.58099985123
190 5.55900001526
191 5.5689997673
192 3.632999897
193 3.52999997139
194 4.0720000267
195 4.0560002327
196 5.68800020218
197 5.71500015259
198 5.742000103
199 5.76900005341
200 5.78999996185
201 5.80399990082
202 5.82600021362
203 5.84100008011
204 5.85400009155
205 5.85200023651
206 5.867000103
207 5.88199996948
208 5.88999986649
209 5.90100002289
210 5.91800022125
211 5.94299983978
212 5.95300006866
213 5.97300004959
214 5.98600006104
215 5.99599981308
216 6.01200008392
217 6.04099988937
218 6.06199979782
219 6.05999994278
220 6.08699989319
221 6.07299995422
222 6.09200000763
223 6.10699987411
224 6.10699987411
225 6.10900020599
226 6.12400007248
227 6.1139998436
228 6.13500022888
229 6.14799976349
230 6.16599988937
231 6.17899990082
232 6.15700006485
233 6.1779999733
234 6.20499992371
235 6.20800018311
236 6.22599983215
237 6.23199987411
238 6.23000001907
239 6.23699998856
240 6.22800016403
241 6.23400020599
242 6.22100019455
243 6.22700023651
244 6.21600008011
245 6.23799991608
246 6.23099994659
247 6.23199987411
248 6.25
249 6.26200008392
250 6.26200008392
251 6.25199985504
252 6.24499988556
253 6.257999897
254 6.27400016785
255 6.27400016785
256 6.26800012589
257 6.25099992752
258 6.26599979401
259 6.25899982452
260 6.242000103
261 6.21700000763
262 6.22800016403
263 6.23500013351
264 6.23699998856
265 6.22200012207
266 6.22100019455
267 6.21099996567
268 6.21500015259
269 6.20900011063
270 6.19999980927
271 6.21600008011
272 6.20399999619
273 6.13500022888
274 5.82499980927
275 5.78900003433
276 5.75500011444
277 5.74100017548
278 5.70699977875
279 5.72700023651
280 5.73699998856
281 5.76000022888
282 5.78900003433
283 5.94000005722
284 6.08900022507
285 6.08199977875
286 6.07700014114
287 6.05700016022
288 6.06199979782
289 6.05399990082
290 6.01499986649
291 6.00500011444
292 5.98699998856
293 5.30800008774
294 5.0640001297
295 5.03999996185
296 5.03599977493
297 5.01900005341
298 2.41199994087
299 2.40499997139
300 2.42100000381
301 5.10200023651
302 5.69000005722
303 5.40100002289
304 5.24499988556
305 5.24599981308
306 5.19999980927
307 5.19199991226
308 5.22200012207
309 5.21799993515
310 5.31500005722
311 5.53000020981
312 5.63500022888
313 5.63399982452
314 5.60699987411
315 5.58300018311
316 5.55999994278
317 5.52500009537
318 5.52400016785
319 5.33599996567
320 5.09499979019
321 5.45699977875
322 5.45100021362
323 5.4390001297
324 5.39799976349
325 5.38899993896
326 5.36199998856
327 5.32700014114
328 5.29099988937
329 4.37400007248
330 4.02299976349
331 4.12599992752
332 5.01700019836
333 5.17100000381
334 5.13399982452
335 5.11999988556
336 5.10099983215
337 5.06699991226
338 5.04400014877
339 5.02799987793
340 4.93200016022
341 4.81199979782
342 4.95399999619
343 4.94000005722
344 4.89499998093
345 4.87099981308
346 4.83699989319
347 4.70800018311
348 4.55700016022
349 4.73299980164
350 4.69999980927
351 4.66499996185
352 4.64900016785
353 4.61800003052
354 4.59100008011
355 4.5640001297
356 4.30399990082
357 4.36800003052
358 4.47800016403
359 4.45699977875
360 4.44299983978
361 4.4310002327
362 4.37799978256
363 4.36100006104
364 4.31500005722
365 4.27600002289
366 4.22499990463
367 4.21400022507
368 4.18499994278
369 4.13399982452
370 4.10300016403
371 4.08699989319
372 4.03800010681
373 4.02199983597
374 4.00299978256
375 3.95600008965
376 3.9240000248
377 3.91799998283
378 3.87400007248
379 3.83999991417
380 3.80999994278
381 3.69899988174
382 3.63800001144
383 3.60400009155
384 3.56699991226
385 3.53399991989
386 3.4960000515
387 3.44499993324
388 3.4279999733
389 3.39899992943
390 3.36199998856
391 3.31900000572
392 3.2990000248
393 3.28800010681
394 3.25999999046
395 3.27800011635
396 3.28500008583
397 3.32699990273
398 3.37299990654
399 3.40599989891
400 3.43799996376
401 3.47300004959
402 3.52399992943
403 3.56599998474
404 3.59999990463
405 3.64400005341
406 3.68099999428
407 3.70799994469
408 3.73699998856
409 3.77500009537
410 3.83500003815
411 3.88800001144
412 3.93400001526
413 4.00299978256
414 4.05399990082
415 4.10799980164
416 4.15899991989
417 4.23500013351
418 4.30499982834
419 4.36499977112
420 4.45399999619
421 4.51999998093
422 4.59899997711
423 4.66699981689
424 4.73199987411
425 4.80900001526
426 4.91300010681
427 5.01700019836
428 5.11199998856
429 5.21799993515
430 5.31199979782
431 5.42500019073
432 5.53200006485
433 5.64599990845
434 5.75199985504
435 5.88500022888
436 6.03100013733
437 6.15799999237
438 6.3220000267
439 6.48199987411
440 6.50099992752
441 6.61000013351
442 6.4279999733
443 3.08200001717
444 3.0490000248
445 3.04999995232
446 3.02500009537
447 3.01999998093
448 3.00999999046
449 3.00200009346
450 3.00900006294
451 2.99000000954
452 2.98799991608
453 2.98399996758
454 2.97099995613
455 2.98399996758
456 2.96099996567
457 2.9509999752
458 2.96600008011
459 2.94799995422
460 2.94099998474
461 2.93700003624
462 2.93400001526
463 2.95399999619
464 2.93600010872
465 2.92700004578
466 2.93000006676
467 2.92700004578
468 2.92199993134
469 2.91000008583
470 2.65700006485
471 2.65499997139
472 2.63499999046
473 2.65100002289
474 0.948000013828
475 0.703999996185
476 0.708000004292
477 0.920000016689
478 2.65499997139
479 2.64400005341
480 2.63800001144
481 2.65300011635
482 2.64700007439
483 2.64899992943
484 2.63599991798
485 2.65899991989
486 2.66100001335
487 2.67199993134
488 2.65300011635
489 2.68600010872
490 2.83100008965
491 2.92300009727
492 2.9279999733
493 2.93799996376
494 2.94099998474
495 2.95499992371
496 2.96199989319
497 2.9509999752
498 2.94799995422
499 2.96199989319
500 2.97799992561
501 2.98600006104
502 2.96900010109
503 2.97600007057
504 2.9960000515
505 3.00699996948
506 2.98900008202
507 3.00300002098
508 3.01600003242
509 3.04600000381
510 3.05200004578
511 3.03299999237
512 3.06100010872
513 3.06100010872
514 3.07100009918
515 3.0759999752
516 3.08500003815
517 3.09800004959
518 3.09999990463
519 3.12800002098
520 3.14299988747
521 3.14599990845
522 1.37999999523
523 1.2120000124
524 1.00600004196
525 0.908999979496
526 0.913999974728
527 1.1590000391
528 1.18599998951
529 1.16400003433
530 1.18799996376
531 1.17200005054
532 1.19400000572
533 1.1970000267
534 1.2009999752
535 1.26300001144
536 2.98600006104
537 2.92499995232
538 0.0
539 0.0
540 0.0
