0 4.52500009537
1 4.42600011826
2 4.45499992371
3 4.47900009155
4 4.52500009537
5 4.65199995041
6 4.67500019073
7 4.70399999619
8 4.73699998856
9 4.76499986649
10 4.80000019073
11 4.82600021362
12 4.86800003052
13 4.89200019836
14 4.94199991226
15 4.94999980927
16 4.84299993515
17 4.85699987411
18 4.87900018692
19 4.96299982071
20 5.15000009537
21 5.19500017166
22 5.23500013351
23 5.27600002289
24 5.3189997673
25 5.35900020599
26 5.40399980545
27 5.45599985123
28 5.50699996948
29 5.5560002327
30 5.61899995804
31 5.63700008392
32 5.68400001526
33 0.0
34 17.1690006256
35 17.1399993896
36 17.1599998474
37 0.0
38 0.0
39 0.0
40 17.2409992218
41 17.172000885
42 17.0680007935
43 17.0109996796
44 16.5279998779
45 16.5450000763
46 16.5109996796
47 13.1789999008
48 13.0760002136
49 12.3439998627
50 11.9409999847
51 11.5920000076
52 11.6059999466
53 11.638999939
54 11.625
55 11.3640003204
56 11.0039997101
57 10.4639997482
58 10.0979995728
59 8.34799957275
60 8.33800029755
61 8.20499992371
62 7.91699981689
63 7.64599990845
64 7.45900011063
65 7.24300003052
66 7.05700016022
67 6.90600013733
68 6.79500007629
69 6.77899980545
70 6.80800008774
71 6.82700014114
72 6.85799980164
73 6.88500022888
74 6.78999996185
75 6.63800001144
76 6.52500009537
77 6.40700006485
78 6.26900005341
79 6.15700006485
80 5.22700023651
81 4.97599983215
82 4.86800003052
83 4.77600002289
84 4.6810002327
85 4.57899999619
86 4.53599977493
87 4.47700023651
88 4.41800022125
89 4.34200000763
90 4.28100013733
91 4.23500013351
92 4.1779999733
93 4.12099981308
94 4.02799987793
95 3.98600006104
96 3.92600011826
97 3.89599990845
98 3.83200001717
99 3.79099988937
100 3.77999997139
101 3.78500008583
102 3.82500004768
103 3.85700011253
104 3.8900001049
105 3.90400004387
106 3.93000006676
107 3.95300006866
108 3.92600011826
109 3.88899993896
110 3.85800004005
111 3.81299996376
112 3.77200007439
113 3.73900008202
114 3.70499992371
115 3.66700005531
116 3.63499999046
117 3.58500003815
118 3.5720000267
119 3.52399992943
120 3.50999999046
121 3.46900010109
122 3.44000005722
123 3.42300009727
124 3.40899991989
125 3.39199995995
126 3.43400001526
127 3.4470000267
128 3.47399997711
129 3.54299998283
130 3.58400011063
131 3.6099998951
132 3.67899990082
133 4.03800010681
134 4.06799983978
135 4.08199977875
136 4.11800003052
137 4.15899991989
138 4.19099998474
139 4.22900009155
140 4.26000022888
141 4.26000022888
142 4.32499980927
143 4.36199998856
144 4.38199996948
145 4.42999982834
146 4.44799995422
147 4.49900007248
148 4.51999998093
149 4.5529999733
150 4.55200004578
151 4.18800020218
152 4.29300022125
153 4.60200023651
154 3.27800011635
155 3.41400003433
156 4.71700000763
157 4.61100006104
158 4.55999994278
159 4.80800008774
160 4.82499980927
161 4.87099981308
162 4.89900016785
163 4.9359998703
164 4.96400022507
165 5.00199985504
166 5.03599977493
167 5.04600000381
168 3.13400006294
169 3.2349998951
170 3.39100003242
171 4.09700012207
172 4.92100000381
173 4.88999986649
174 4.85400009155
175 4.82600021362
176 4.81699991226
177 4.82000017166
178 4.83099985123
179 4.85900020599
180 4.87300014496
181 4.90299987793
182 4.82399988174
183 5.31699991226
184 5.46700000763
185 5.47800016403
186 5.50299978256
187 5.51800012589
188 4.60400009155
189 4.5720000267
190 5.56599998474
191 5.59899997711
192 3.65000009537
193 3.52800011635
194 4.07499980927
195 4.0529999733
196 5.69999980927
197 5.72300004959
198 5.71500015259
199 5.74800014496
200 5.77799987793
201 5.80800008774
202 5.81300020218
203 5.83599996567
204 5.85900020599
205 5.86600017548
206 5.88700008392
207 5.89499998093
208 5.90100002289
209 5.90799999237
210 5.91300010681
211 5.92399978638
212 5.94799995422
213 5.96999979019
214 5.98400020599
215 6.02099990845
216 6.01300001144
217 6.03200006485
218 6.05399990082
219 6.0689997673
220 6.08900022507
221 6.07999992371
222 6.10900020599
223 6.09399986267
224 6.11800003052
225 6.12599992752
226 6.12799978256
227 6.13100004196
228 6.13999986649
229 6.13700008392
230 6.15799999237
231 6.16699981689
232 6.16699981689
233 6.20300006866
234 6.21199989319
235 6.22100019455
236 6.22200012207
237 6.22800016403
238 6.22100019455
239 6.24800014496
240 6.22599983215
241 6.23999977112
242 6.24300003052
243 6.21899986267
244 6.23000001907
245 6.22100019455
246 6.23400020599
247 6.25299978256
248 6.24700021744
249 6.25600004196
250 6.26399993896
251 6.26900005341
252 6.28200006485
253 6.28499984741
254 6.28900003433
255 6.26000022888
256 6.27299976349
257 6.26399993896
258 6.26000022888
259 6.23799991608
260 6.24800014496
261 6.25400018692
262 6.24700021744
263 6.22700023651
264 6.20800018311
265 6.22800016403
266 6.24100017548
267 6.24499988556
268 6.2389998436
269 6.20800018311
270 6.21799993515
271 6.20699977875
272 6.22399997711
273 6.13999986649
274 5.84499979019
275 5.79300022125
276 5.75
277 5.74300003052
278 5.72499990463
279 5.73299980164
280 5.75099992752
281 5.78000020981
282 5.80999994278
283 5.95900011063
284 6.08799982071
285 6.08400011063
286 6.06599998474
287 6.07299995422
288 6.04199981689
289 6.06799983978
290 6.03399991989
291 5.99399995804
292 6.00199985504
293 5.31599998474
294 5.07700014114
295 5.04300022125
296 5.02699995041
297 5.03200006485
298 2.42499995232
299 2.42000007629
300 2.42700004578
301 5.11800003052
302 5.69099998474
303 5.40100002289
304 5.23999977112
305 5.25
306 5.20499992371
307 5.20399999619
308 5.22700023651
309 5.23600006104
310 5.31500005722
311 5.54600000381
312 5.65799999237
313 5.62099981308
314 5.60699987411
315 5.57600021362
316 5.5720000267
317 5.54899978638
318 5.53599977493
319 5.32800006866
320 5.10099983215
321 5.46199989319
322 5.45399999619
323 5.42299985886
324 5.41099977493
325 5.40600013733
326 5.3639998436
327 5.34200000763
328 5.3220000267
329 4.36999988556
330 4.05800008774
331 4.12699985504
332 5.01499986649
333 5.16300010681
334 5.13199996948
335 5.117000103
336 5.10599994659
337 5.07600021362
338 5.05100011826
339 5.03100013733
340 4.94799995422
341 4.80700016022
342 4.95499992371
343 4.94099998474
344 4.90199995041
345 4.87699985504
346 4.83699989319
347 4.71999979019
348 4.5560002327
349 4.73600006104
350 4.70800018311
351 4.68200016022
352 4.64400005341
353 4.632999897
354 4.59100008011
355 4.55200004578
356 4.30499982834
357 4.36100006104
358 4.49100017548
359 4.46299982071
360 4.43800020218
361 4.42899990082
362 4.39699983597
363 4.36899995804
364 4.32600021362
365 4.26499986649
366 4.23099994659
367 4.21500015259
368 4.1810002327
369 4.14900016785
370 4.117000103
371 4.06699991226
372 4.05100011826
373 4.02400016785
374 4.00500011444
375 3.96700000763
376 3.91599988937
377 3.89599990845
378 3.867000103
379 3.86100006104
380 3.83200001717
381 3.72900009155
382 3.64199995995
383 3.59800004959
384 3.57500004768
385 3.53999996185
386 3.51099991798
387 3.48000001907
388 3.4279999733
389 3.40599989891
390 3.3789999485
391 3.33400011063
392 3.31399989128
393 3.29399991035
394 3.25
395 3.257999897
396 3.3069999218
397 3.33999991417
398 3.37299990654
399 3.42199993134
400 3.4319999218
401 3.48000001907
402 3.51300001144
403 3.56100010872
404 3.58800005913
405 3.63800001144
406 3.67300009727
407 3.72499990463
408 3.75099992752
409 3.77500009537
410 3.84999990463
411 3.89100003242
412 3.92600011826
413 3.98900008202
414 4.04600000381
415 4.12900018692
416 4.1890001297
417 4.24399995804
418 4.28900003433
419 4.37099981308
420 4.43300008774
421 4.51499986649
422 4.59000015259
423 4.66599988937
424 4.73699998856
425 4.83199977875
426 4.92199993134
427 5.01999998093
428 5.117000103
429 5.22200012207
430 5.32000017166
431 5.42299985886
432 5.53599977493
433 5.6360001564
434 5.76499986649
435 5.89699983597
436 6.03100013733
437 6.17399978638
438 6.32100009918
439 6.45900011063
440 6.50299978256
441 6.61199998856
442 6.49499988556
443 3.07399988174
444 3.05900001526
445 3.04200005531
446 3.04600000381
447 3.02600002289
448 3.01900005341
449 3.00999999046
450 3.01999998093
451 3.01900005341
452 2.98900008202
453 2.99399995804
454 2.98799991608
455 2.97000002861
456 2.97199988365
457 2.95900011063
458 2.95700001717
459 2.97399997711
460 2.96499991417
461 2.94400000572
462 2.93700003624
463 2.94799995422
464 2.93099999428
465 2.93000006676
466 2.94000005722
467 2.9319999218
468 2.93099999428
469 2.91300010681
470 2.68400001526
471 2.66100001335
472 2.64499998093
473 2.65599989891
474 0.962000012398
475 0.723999977112
476 0.708999991417
477 0.934000015259
478 2.66000008583
479 2.65100002289
480 2.65599989891
481 2.66199994087
482 2.65300011635
483 2.67199993134
484 2.64499998093
485 2.65000009537
486 2.66899991035
487 2.67700004578
488 2.69199991226
489 2.69199991226
490 2.82800006866
491 2.93099999428
492 2.93499994278
493 2.95700001717
494 2.9430000782
495 2.95300006866
496 2.97300004959
497 2.97300004959
498 2.97699999809
499 2.96600008011
500 2.99300003052
501 2.97499990463
502 3.0039999485
503 2.98799991608
504 2.9960000515
505 3.00900006294
506 3.02800011635
507 3.01099991798
508 3.02300000191
509 3.02999997139
510 3.04099988937
511 3.05399990082
512 3.06200003624
513 3.06500005722
514 3.08400011063
515 3.09699988365
516 3.09599995613
517 3.09599995613
518 3.12199997902
519 3.11899995804
520 3.14400005341
521 3.14199995995
522 3.15000009537
523 3.17199993134
524 0.939999997616
525 0.908999979496
526 0.917999982834
527 0.940999984741
528 3.04299998283
529 2.97099995613
530 2.9430000782
531 2.88800001144
532 2.84200000763
533 2.78399991989
534 2.7460000515
535 2.71700000763
536 2.95199990273
537 1.10599994659
538 1.09300005436
539 1.07400000095
540 1.02999997139
