0 4.51000022888
1 4.42100000381
2 4.45399999619
3 4.44299983978
4 4.53100013733
5 4.65100002289
6 4.67600011826
7 4.69500017166
8 4.73099994659
9 4.77099990845
10 4.80399990082
11 4.81599998474
12 4.86100006104
13 4.89300012589
14 4.91499996185
15 4.9359998703
16 4.82800006866
17 4.84000015259
18 4.87599992752
19 4.96700000763
20 5.14300012589
21 5.17899990082
22 5.21899986267
23 5.257999897
24 5.3109998703
25 5.35200023651
26 5.40899991989
27 5.45800018311
28 5.5
29 5.54600000381
30 5.59800004959
31 5.65999984741
32 5.68200016022
33 0.0
34 17.1639995575
35 17.125
36 17.1509990692
37 0.0
38 0.0
39 0.0
40 17.2469997406
41 17.1760005951
42 17.0669994354
43 17.0090007782
44 16.5149993896
45 16.5270004272
46 16.5400009155
47 13.1540002823
48 13.0659999847
49 12.3280000687
50 11.9259996414
51 11.595000267
52 11.6020002365
53 11.6379995346
54 11.626999855
55 11.3369998932
56 10.9960002899
57 10.4469995499
58 10.1049995422
59 8.32699966431
60 8.33399963379
61 8.18799972534
62 7.92199993134
63 7.64099979401
64 7.45399999619
65 7.24100017548
66 7.06199979782
67 6.89799976349
68 6.78200006485
69 6.78299999237
70 6.78700017929
71 6.81300020218
72 6.84000015259
73 6.86000013351
74 6.78299999237
75 6.62699985504
76 6.50899982452
77 6.37699985504
78 6.27500009537
79 6.16400003433
80 5.23199987411
81 4.95800018311
82 4.84299993515
83 4.75500011444
84 4.67899990082
85 4.59499979019
86 4.54400014877
87 4.44299983978
88 4.41599988937
89 4.34700012207
90 4.28499984741
91 4.21400022507
92 4.15700006485
93 4.07999992371
94 4.02199983597
95 3.96300005913
96 3.93700003624
97 3.88499999046
98 3.85199999809
99 3.80500006676
100 3.76999998093
101 3.78999996185
102 3.8180000782
103 3.83599996567
104 3.867000103
105 3.90700006485
106 3.94099998474
107 3.95399999619
108 3.92300009727
109 3.88100004196
110 3.85400009155
111 3.80100011826
112 3.75200009346
113 3.7349998951
114 3.69400000572
115 3.66599988937
116 3.62599992752
117 3.59699988365
118 3.56900000572
119 3.53600001335
120 3.49799990654
121 3.47399997711
122 3.42700004578
123 3.40400004387
124 3.40400004387
125 3.38700008392
126 3.4240000248
127 3.45399999619
128 3.48799991608
129 3.52699995041
130 3.56999993324
131 3.61100006104
132 3.65599989891
133 4.02299976349
134 4.06300020218
135 4.10099983215
136 4.13000011444
137 4.14300012589
138 4.16300010681
139 4.19099998474
140 4.23400020599
141 4.28299999237
142 4.3109998703
143 4.35799980164
144 4.375
145 4.40600013733
146 4.44199991226
147 4.49900007248
148 4.4889998436
149 4.52299976349
150 4.53900003433
151 4.19500017166
152 4.28900003433
153 4.60799980164
154 3.26999998093
155 3.43000006676
156 4.71400022507
157 4.59000015259
158 4.53700017929
159 4.80100011826
160 4.83599996567
161 4.85799980164
162 4.89799976349
163 4.91499996185
164 4.96500015259
165 4.992000103
166 5.0110001564
167 5.03000020981
168 3.13400006294
169 3.24000000954
170 3.36199998856
171 4.11999988556
172 4.91800022125
173 4.8639998436
174 4.83699989319
175 4.82999992371
176 4.80999994278
177 4.81500005722
178 4.8220000267
179 4.85099983215
180 4.88199996948
181 4.89900016785
182 4.82100009918
183 5.30700016022
184 5.47599983215
185 5.47499990463
186 5.49700021744
187 5.50699996948
188 4.59700012207
189 4.58799982071
190 5.56799983978
191 5.59100008011
192 3.63400006294
193 3.51699995995
194 4.05800008774
195 4.02799987793
196 5.66900014877
197 5.70399999619
198 5.73199987411
199 5.76200008392
200 5.76399993896
201 5.80100011826
202 5.81599998474
203 5.82800006866
204 5.83300018311
205 5.86299991608
206 5.85900020599
207 5.88100004196
208 5.89400005341
209 5.90999984741
210 5.92999982834
211 5.9310002327
212 5.95599985123
213 5.96400022507
214 5.97700023651
215 5.98099994659
216 6.01399993896
217 6.04199981689
218 6.03100013733
219 6.0560002327
220 6.0640001297
221 6.09000015259
222 6.09600019455
223 6.08500003815
224 6.10699987411
225 6.12099981308
226 6.125
227 6.13000011444
228 6.14499998093
229 6.13399982452
230 6.16200017929
231 6.15500020981
232 6.17500019073
233 6.18800020218
234 6.20399999619
235 6.21600008011
236 6.21099996567
237 6.21400022507
238 6.21700000763
239 6.21799993515
240 6.24900007248
241 6.2389998436
242 6.22599983215
243 6.23699998856
244 6.24599981308
245 6.23199987411
246 6.22800016403
247 6.22700023651
248 6.22599983215
249 6.24100017548
250 6.25400018692
251 6.26000022888
252 6.25
253 6.27799987793
254 6.27500009537
255 6.28100013733
256 6.24900007248
257 6.25099992752
258 6.23600006104
259 6.25600004196
260 6.242000103
261 6.21700000763
262 6.24100017548
263 6.23500013351
264 6.22800016403
265 6.20800018311
266 6.20800018311
267 6.20399999619
268 6.21600008011
269 6.20399999619
270 6.22300004959
271 6.20200014114
272 6.20100021362
273 6.12900018692
274 5.85799980164
275 5.78599977493
276 5.757999897
277 5.71799993515
278 5.71299982071
279 5.72800016403
280 5.74100017548
281 5.75199985504
282 5.79600000381
283 5.9470000267
284 6.0609998703
285 6.08599996567
286 6.0640001297
287 6.06199979782
288 6.05900001526
289 6.02699995041
290 6.03499984741
291 5.99900007248
292 5.99499988556
293 5.29799985886
294 5.04300022125
295 5.03299999237
296 5.01999998093
297 5.01900005341
298 2.41100001335
299 2.41199994087
300 2.41000008583
301 5.10099983215
302 5.67899990082
303 5.38899993896
304 5.242000103
305 5.242000103
306 5.1970000267
307 5.19299983978
308 5.21700000763
309 5.22499990463
310 5.32100009918
311 5.55700016022
312 5.64400005341
313 5.60799980164
314 5.59999990463
315 5.58300018311
316 5.56500005722
317 5.54600000381
318 5.51399993896
319 5.32100009918
320 5.09399986267
321 5.45599985123
322 5.42999982834
323 5.42000007629
324 5.41200017929
325 5.39400005341
326 5.36600017548
327 5.32899999619
328 5.30200004578
329 4.36600017548
330 4.04799985886
331 4.09800004959
332 5.02799987793
333 5.15000009537
334 5.14200019836
335 5.09899997711
336 5.08199977875
337 5.05499982834
338 5.04400014877
339 5.02400016785
340 4.96099996567
341 4.81300020218
342 4.96600008011
343 4.94000005722
344 4.91400003433
345 4.86199998856
346 4.83099985123
347 4.69299983978
348 4.55900001526
349 4.73400020599
350 4.72100019455
351 4.67299985886
352 4.65000009537
353 4.61299991608
354 4.57399988174
355 4.55200004578
356 4.32399988174
357 4.34600019455
358 4.46999979019
359 4.45900011063
360 4.4439997673
361 4.41800022125
362 4.37200021744
363 4.33699989319
364 4.31599998474
365 4.27600002289
366 4.25299978256
367 4.20399999619
368 4.1859998703
369 4.13399982452
370 4.10799980164
371 4.06199979782
372 4.02600002289
373 3.992000103
374 3.98799991608
375 3.96499991417
376 3.93899989128
377 3.91400003433
378 3.89199995995
379 3.85899996758
380 3.81699991226
381 3.71900010109
382 3.63499999046
383 3.61100006104
384 3.5490000248
385 3.52800011635
386 3.49900007248
387 3.46300005913
388 3.4240000248
389 3.38400006294
390 3.35599994659
391 3.34100008011
392 3.30399990082
393 3.26699995995
394 3.23799991608
395 3.26699995995
396 3.29399991035
397 3.33299994469
398 3.35800004005
399 3.40700006485
400 3.45499992371
401 3.48399996758
402 3.5039999485
403 3.54699993134
404 3.58299994469
405 3.64299988747
406 3.69199991226
407 3.70700001717
408 3.74099993706
409 3.78299999237
410 3.81399989128
411 3.88599991798
412 3.9240000248
413 3.992000103
414 4.04400014877
415 4.13000011444
416 4.19099998474
417 4.2389998436
418 4.27799987793
419 4.37400007248
420 4.44500017166
421 4.52500009537
422 4.59800004959
423 4.65000009537
424 4.71799993515
425 4.8140001297
426 4.90399980545
427 5.02199983597
428 5.09700012207
429 5.21099996567
430 5.31599998474
431 5.42199993134
432 5.52699995041
433 5.65399980545
434 5.75500011444
435 5.89099979401
436 6.01300001144
437 6.15899991989
438 6.31199979782
439 6.48099994659
440 6.47900009155
441 6.60799980164
442 6.47100019455
443 3.08299994469
444 3.04200005531
445 3.03800010681
446 3.03999996185
447 3.02999997139
448 3.00900006294
449 3.007999897
450 3.01399993896
451 2.99900007248
452 2.97900009155
453 2.97699999809
454 2.99499988556
455 2.96499991417
456 2.96399998665
457 2.95499992371
458 2.95399999619
459 2.94000005722
460 2.95499992371
461 2.93799996376
462 2.93400001526
463 2.94400000572
464 2.93300008774
465 2.9279999733
466 2.92600011826
467 2.9240000248
468 2.91499996185
469 2.91100001335
470 2.65799999237
471 2.64100003242
472 2.64199995995
473 2.65700006485
474 0.949000000954
475 0.72000002861
476 0.709999978542
477 0.916999995708
478 2.64700007439
479 2.64599990845
480 2.64400005341
481 2.65400004387
482 2.6400001049
483 2.63400006294
484 2.65599989891
485 2.66300010681
486 2.65700006485
487 2.66499996185
488 2.66100001335
489 2.6740000248
490 2.81699991226
491 2.94099998474
492 2.93099999428
493 2.93300008774
494 2.93400001526
495 2.95900011063
496 2.96300005913
497 2.95900011063
498 2.95799994469
499 2.95900011063
500 2.96099996567
501 2.96799993515
502 2.97000002861
503 2.99000000954
504 2.98399996758
505 3.01300001144
506 3.01300001144
507 3.0039999485
508 3.01200008392
509 3.0490000248
510 3.03099989891
511 3.04299998283
512 3.05200004578
513 3.07100009918
514 3.07699990273
515 3.08500003815
516 3.0759999752
517 3.11299991608
518 3.11299991608
519 3.10599994659
520 3.11400008202
521 3.1289999485
522 3.15599989891
523 3.1779999733
524 0.924000024796
525 0.916000008583
526 0.917999982834
527 0.934000015259
528 3.03999996185
529 2.96600008011
530 2.93300008774
531 2.8789999485
532 2.83400011063
533 2.7650001049
534 2.73200011253
535 2.71000003815
536 2.95900011063
537 1.09899997711
538 1.07500004768
539 1.05900001526
540 1.01800000668
