0 4.52199983597
1 4.4310002327
2 4.44000005722
3 4.46500015259
4 4.53800010681
5 4.65500020981
6 4.6810002327
7 4.69999980927
8 4.73199987411
9 4.75400018692
10 4.78700017929
11 4.82999992371
12 4.867000103
13 4.88999986649
14 4.92399978638
15 4.93499994278
16 4.82999992371
17 4.85500001907
18 4.87400007248
19 4.96799993515
20 5.13899993896
21 5.18300008774
22 5.22499990463
23 5.26200008392
24 5.29500007629
25 5.35400009155
26 5.40799999237
27 5.4470000267
28 5.50199985504
29 5.53499984741
30 5.59200000763
31 5.63199996948
32 5.67500019073
33 17.1420001984
34 17.158000946
35 17.142999649
36 17.1639995575
37 0.0
38 0.0
39 0.0
40 17.2229995728
41 17.1609992981
42 17.0559997559
43 17.0049991608
44 16.5240001678
45 16.533000946
46 16.5349998474
47 13.1630001068
48 13.0749998093
49 12.3170003891
50 11.9469995499
51 11.5860004425
52 11.6079998016
53 11.626999855
54 11.6199998856
55 11.3380002975
56 11.0080003738
57 10.4499998093
58 10.0979995728
59 8.33300018311
60 8.34000015259
61 8.18200016022
62 7.89799976349
63 7.64300012589
64 7.4470000267
65 7.23400020599
66 7.0529999733
67 6.88700008392
68 6.79099988937
69 6.78900003433
70 6.80999994278
71 6.82000017166
72 6.85699987411
73 6.86899995804
74 6.80000019073
75 6.63000011444
76 6.50199985504
77 6.38100004196
78 6.26399993896
79 6.14599990845
80 5.23500013351
81 4.96899986267
82 4.86199998856
83 4.76800012589
84 4.67399978638
85 4.59299993515
86 4.53200006485
87 4.47900009155
88 4.41499996185
89 4.33099985123
90 4.28599977493
91 4.22100019455
92 4.15899991989
93 4.09100008011
94 4.02600002289
95 3.96600008011
96 3.93099999428
97 3.89899992943
98 3.84400010109
99 3.80200004578
100 3.76099991798
101 3.78999996185
102 3.81500005722
103 3.84599995613
104 3.86500000954
105 3.89199995995
106 3.93400001526
107 3.9470000267
108 3.9319999218
109 3.875
110 3.84500002861
111 3.80200004578
112 3.74699997902
113 3.71900010109
114 3.69400000572
115 3.65599989891
116 3.61400008202
117 3.59500002861
118 3.55399990082
119 3.54200005531
120 3.50500011444
121 3.46000003815
122 3.43600010872
123 3.40199995041
124 3.39899992943
125 3.37800002098
126 3.43099999428
127 3.45399999619
128 3.49099993706
129 3.52800011635
130 3.56100010872
131 3.60899996758
132 3.66700005531
133 4.01499986649
134 4.05399990082
135 4.08900022507
136 4.11000013351
137 4.13700008392
138 4.17899990082
139 4.22100019455
140 4.23600006104
141 4.25600004196
142 4.3220000267
143 4.32899999619
144 4.38700008392
145 4.43400001526
146 4.46199989319
147 4.47499990463
148 4.51000022888
149 4.50899982452
150 4.54600000381
151 4.1859998703
152 4.29699993134
153 4.60099983215
154 3.26300001144
155 3.40199995041
156 4.71999979019
157 4.59899997711
158 4.55700016022
159 4.79300022125
160 4.82700014114
161 4.86100006104
162 4.89699983597
163 4.93200016022
164 4.96299982071
165 5.0
166 5.02199983597
167 5.04099988937
168 3.11999988556
169 3.21199989319
170 3.38000011444
171 4.10099983215
172 4.90999984741
173 4.88199996948
174 4.85599994659
175 4.82399988174
176 4.81300020218
177 4.81599998474
178 4.83099985123
179 4.85099983215
180 4.85799980164
181 4.89799976349
182 4.82999992371
183 5.32000017166
184 5.46899986267
185 5.49599981308
186 5.48999977112
187 5.5
188 4.59100008011
189 4.55999994278
190 5.55499982834
191 5.58500003815
192 3.64299988747
193 3.52500009537
194 4.08799982071
195 4.04600000381
196 5.68400001526
197 5.70800018311
198 5.73000001907
199 5.7610001564
200 5.79300022125
201 5.79899978638
202 5.80700016022
203 5.83900022507
204 5.85200023651
205 5.85900020599
206 5.85300016403
207 5.8639998436
208 5.87900018692
209 5.90000009537
210 5.9310002327
211 5.93800020218
212 5.93200016022
213 5.95300006866
214 5.98000001907
215 5.99100017548
216 6.01599979401
217 6.04600000381
218 6.04799985886
219 6.07399988174
220 6.07100009918
221 6.08699989319
222 6.09899997711
223 6.07999992371
224 6.09200000763
225 6.12699985504
226 6.12200021744
227 6.12599992752
228 6.14099979401
229 6.15600013733
230 6.13700008392
231 6.16599988937
232 6.17100000381
233 6.17100000381
234 6.17700004578
235 6.22100019455
236 6.21999979019
237 6.21899986267
238 6.24599981308
239 6.23400020599
240 6.22499990463
241 6.22200012207
242 6.22800016403
243 6.21899986267
244 6.22100019455
245 6.22900009155
246 6.22700023651
247 6.25199985504
248 6.23799991608
249 6.23799991608
250 6.23500013351
251 6.26599979401
252 6.25500011444
253 6.26200008392
254 6.27799987793
255 6.26700019836
256 6.26499986649
257 6.24300003052
258 6.23699998856
259 6.23600006104
260 6.23000001907
261 6.24100017548
262 6.22200012207
263 6.22100019455
264 6.21299982071
265 6.20200014114
266 6.21299982071
267 6.21700000763
268 6.21099996567
269 6.21099996567
270 6.22700023651
271 6.20599985123
272 6.21600008011
273 6.13800001144
274 5.84399986267
275 5.78999996185
276 5.76499986649
277 5.72700023651
278 5.71999979019
279 5.72100019455
280 5.73199987411
281 5.75199985504
282 5.80499982834
283 5.95599985123
284 6.08500003815
285 6.08300018311
286 6.06199979782
287 6.05200004578
288 6.03999996185
289 6.03999996185
290 6.04899978638
291 6.01700019836
292 5.99499988556
293 5.29600000381
294 5.04899978638
295 5.02699995041
296 5.01399993896
297 5.01599979401
298 2.40899991989
299 2.41700005531
300 2.39700007439
301 5.12699985504
302 5.70499992371
303 5.38999986649
304 5.2389998436
305 5.23299980164
306 5.20900011063
307 5.19099998474
308 5.21700000763
309 5.21099996567
310 5.3189997673
311 5.55100011826
312 5.64200019836
313 5.62599992752
314 5.59600019455
315 5.58900022507
316 5.56300020218
317 5.54300022125
318 5.50899982452
319 5.32100009918
320 5.10099983215
321 5.45800018311
322 5.45100021362
323 5.43300008774
324 5.41400003433
325 5.38700008392
326 5.35900020599
327 5.32600021362
328 5.30499982834
329 4.367000103
330 4.06699991226
331 4.09800004959
332 5.00099992752
333 5.17000007629
334 5.13000011444
335 5.10599994659
336 5.08900022507
337 5.06500005722
338 5.02899980545
339 5.01200008392
340 4.95800018311
341 4.8029999733
342 4.94999980927
343 4.93300008774
344 4.90500020981
345 4.86800003052
346 4.83699989319
347 4.71099996567
348 4.55399990082
349 4.72200012207
350 4.70300006866
351 4.67199993134
352 4.65700006485
353 4.61199998856
354 4.59600019455
355 4.56300020218
356 4.29600000381
357 4.36299991608
358 4.48999977112
359 4.45499992371
360 4.43699979782
361 4.40899991989
362 4.38999986649
363 4.35599994659
364 4.31799983978
365 4.28299999237
366 4.23600006104
367 4.21899986267
368 4.15500020981
369 4.12300014496
370 4.09899997711
371 4.07399988174
372 4.04199981689
373 4.01700019836
374 3.97300004959
375 3.93799996376
376 3.93400001526
377 3.90499997139
378 3.8599998951
379 3.85299992561
380 3.81500005722
381 3.6970000267
382 3.63800001144
383 3.60100007057
384 3.56100010872
385 3.52800011635
386 3.49900007248
387 3.46799993515
388 3.42899990082
389 3.382999897
390 3.35500001907
391 3.32699990273
392 3.31399989128
393 3.28500008583
394 3.24399995804
395 3.26600003242
396 3.30100011826
397 3.33100008965
398 3.35199999809
399 3.40899991989
400 3.43899989128
401 3.48799991608
402 3.5150001049
403 3.56599998474
404 3.59999990463
405 3.64899992943
406 3.6819999218
407 3.70700001717
408 3.74000000954
409 3.78999996185
410 3.83299994469
411 3.88800001144
412 3.93099999428
413 3.98699998856
414 4.0689997673
415 4.10099983215
416 4.18300008774
417 4.24100017548
418 4.31300020218
419 4.382999897
420 4.45300006866
421 4.49700021744
422 4.58500003815
423 4.66599988937
424 4.72599983215
425 4.80900001526
426 4.91400003433
427 5.02600002289
428 5.11299991608
429 5.20900011063
430 5.30900001526
431 5.41400003433
432 5.52699995041
433 5.64200019836
434 5.77600002289
435 5.8860001564
436 6.01900005341
437 6.16599988937
438 6.31799983978
439 6.44799995422
440 6.492000103
441 6.59700012207
442 6.48099994659
443 3.06999993324
444 3.05100011826
445 3.03999996185
446 3.03399991989
447 3.01799988747
448 3.02399992943
449 3.0
450 2.99399995804
451 2.98900008202
452 2.99699997902
453 2.97300004959
454 2.9849998951
455 2.96499991417
456 2.97399997711
457 2.95499992371
458 2.95600008965
459 2.95000004768
460 2.96000003815
461 2.94600009918
462 2.9319999218
463 2.93099999428
464 2.94099998474
465 2.92600011826
466 2.92300009727
467 2.91599988937
468 2.92000007629
469 2.90599989891
470 2.67100000381
471 2.65599989891
472 2.64700007439
473 2.66799998283
474 0.943000018597
475 0.70300000906
476 0.703999996185
477 0.930999994278
478 2.65700006485
479 2.65000009537
480 2.64599990845
481 2.65199995041
482 2.65300011635
483 2.67000007629
484 2.63700008392
485 2.65700006485
486 2.66199994087
487 2.66100001335
488 2.6779999733
489 2.68400001526
490 2.82100009918
491 2.93899989128
492 2.9279999733
493 2.93400001526
494 2.93700003624
495 2.95399999619
496 2.96700000763
497 2.96700000763
498 2.9470000267
499 2.96900010109
500 2.9849998951
501 2.96799993515
502 2.98399996758
503 2.97300004959
504 2.98300004005
505 3.00600004196
506 3.02200007439
507 3.01900005341
508 3.01300001144
509 3.03399991989
510 3.04200005531
511 3.06200003624
512 3.06599998474
513 3.05100011826
514 3.06999993324
515 3.09100008011
516 3.07699990273
517 3.08899998665
518 3.10700011253
519 3.10500001907
520 3.13700008392
521 3.14199995995
522 3.15100002289
523 3.17600011826
524 0.931999981403
525 0.910000026226
526 0.925999999046
527 0.948000013828
528 3.04999995232
529 2.98799991608
530 2.93300008774
531 2.88100004196
532 2.83599996567
533 2.77500009537
534 2.7460000515
535 2.70799994469
536 2.96099996567
537 1.10399997234
538 1.07299995422
539 1.04600000381
540 1.02600002289
