0 4.51599979401
1 4.44299983978
2 4.44600009918
3 4.43800020218
4 4.50699996948
5 4.64900016785
6 4.67600011826
7 4.70699977875
8 4.73099994659
9 4.76499986649
10 4.80999994278
11 4.80999994278
12 4.84200000763
13 4.88700008392
14 4.92500019073
15 4.93499994278
16 4.83699989319
17 4.84399986267
18 4.88500022888
19 4.95900011063
20 5.12400007248
21 5.1890001297
22 5.23099994659
23 5.26000022888
24 5.30399990082
25 5.35500001907
26 5.39900016785
27 5.44899988174
28 5.5
29 5.54899978638
30 5.61199998856
31 5.63999986649
32 5.64699983597
33 0.0
34 17.1620006561
35 17.1539993286
36 17.1439990997
37 0.0
38 0.0
39 0.0
40 17.2490005493
41 17.1620006561
42 17.0529994965
43 17.0130004883
44 16.5209999084
45 16.5429992676
46 16.5170001984
47 13.154999733
48 13.0740003586
49 12.3199996948
50 11.9399995804
51 11.5880002975
52 11.6020002365
53 11.6289997101
54 11.611000061
55 11.3380002975
56 10.9969997406
57 10.4580001831
58 10.107000351
59 8.3360004425
60 8.34700012207
61 8.19600009918
62 7.90299987793
63 7.632999897
64 7.44299983978
65 7.23799991608
66 7.04600000381
67 6.89900016785
68 6.78499984741
69 6.77099990845
70 6.78800010681
71 6.82100009918
72 6.86000013351
73 6.875
74 6.78700017929
75 6.63700008392
76 6.50600004196
77 6.37799978256
78 6.25899982452
79 6.14699983597
80 5.23400020599
81 4.96500015259
82 4.85900020599
83 4.76499986649
84 4.6779999733
85 4.59499979019
86 4.54899978638
87 4.46500015259
88 4.38800001144
89 4.31300020218
90 4.26399993896
91 4.21899986267
92 4.15999984741
93 4.10400009155
94 4.02199983597
95 3.992000103
96 3.93499994278
97 3.89299988747
98 3.83299994469
99 3.78600001335
100 3.757999897
101 3.79200005531
102 3.82800006866
103 3.86400008202
104 3.88499999046
105 3.92000007629
106 3.93499994278
107 3.96700000763
108 3.91199994087
109 3.867000103
110 3.85199999809
111 3.77699995041
112 3.76699995995
113 3.72499990463
114 3.68899989128
115 3.66100001335
116 3.61400008202
117 3.59500002861
118 3.56299996376
119 3.51699995995
120 3.48399996758
121 3.46300005913
122 3.4470000267
123 3.41700005531
124 3.40499997139
125 3.39800000191
126 3.40599989891
127 3.4509999752
128 3.49900007248
129 3.52699995041
130 3.55800008774
131 3.61500000954
132 3.67100000381
133 4.03000020981
134 4.0609998703
135 4.09100008011
136 4.10500001907
137 4.14099979401
138 4.18800020218
139 4.20900011063
140 4.24300003052
141 4.26200008392
142 4.30200004578
143 4.34700012207
144 4.375
145 4.40899991989
146 4.46199989319
147 4.47300004959
148 4.50500011444
149 4.53700017929
150 4.55200004578
151 4.21000003815
152 4.29099988937
153 4.57600021362
154 3.25999999046
155 3.40400004387
156 4.71999979019
157 4.59000015259
158 4.56300020218
159 4.79199981689
160 4.81799983978
161 4.86100006104
162 4.88999986649
163 4.93699979782
164 4.96899986267
165 4.99900007248
166 5.02099990845
167 5.05100011826
168 3.14100003242
169 3.20799994469
170 3.37400007248
171 4.09700012207
172 4.90899991989
173 4.87699985504
174 4.84600019455
175 4.82999992371
176 4.82800006866
177 4.82299995422
178 4.82000017166
179 4.83699989319
180 4.87200021744
181 4.88500022888
182 4.81300020218
183 5.3029999733
184 5.46500015259
185 5.4889998436
186 5.49399995804
187 5.51300001144
188 4.60400009155
189 4.57600021362
190 5.5609998703
191 5.58699989319
192 3.63400006294
193 3.52399992943
194 4.06500005722
195 4.05800008774
196 5.69600009918
197 5.70499992371
198 5.73799991608
199 5.74900007248
200 5.77799987793
201 5.80100011826
202 5.82700014114
203 5.84200000763
204 5.83400011063
205 5.86299991608
206 5.84899997711
207 5.88899993896
208 5.8860001564
209 5.91499996185
210 5.91699981689
211 5.91300010681
212 5.94500017166
213 5.96799993515
214 5.98999977112
215 6.00299978256
216 6.03000020981
217 6.03200006485
218 6.05000019073
219 6.07100009918
220 6.06199979782
221 6.08599996567
222 6.0689997673
223 6.09499979019
224 6.11100006104
225 6.11299991608
226 6.11899995804
227 6.11999988556
228 6.12099981308
229 6.14599990845
230 6.15600013733
231 6.17100000381
232 6.15600013733
233 6.19500017166
234 6.20399999619
235 6.21000003815
236 6.21700000763
237 6.21299982071
238 6.21999979019
239 6.22700023651
240 6.22900009155
241 6.21600008011
242 6.24100017548
243 6.22100019455
244 6.21799993515
245 6.22499990463
246 6.22700023651
247 6.23299980164
248 6.2389998436
249 6.25
250 6.23799991608
251 6.27500009537
252 6.25
253 6.25699996948
254 6.28599977493
255 6.27899980545
256 6.25600004196
257 6.26000022888
258 6.25
259 6.24399995804
260 6.24700021744
261 6.21899986267
262 6.21999979019
263 6.21500015259
264 6.20800018311
265 6.21099996567
266 6.21600008011
267 6.20499992371
268 6.21299982071
269 6.21600008011
270 6.21299982071
271 6.21000003815
272 6.22100019455
273 6.11499977112
274 5.84999990463
275 5.78900003433
276 5.75500011444
277 5.71500015259
278 5.70900011063
279 5.72399997711
280 5.75199985504
281 5.76399993896
282 5.80000019073
283 5.95100021362
284 6.07299995422
285 6.07600021362
286 6.0689997673
287 6.04600000381
288 6.07100009918
289 6.03000020981
290 6.02500009537
291 6.00400018692
292 5.98699998856
293 5.29099988937
294 5.04400014877
295 5.02099990845
296 5.01800012589
297 5.03200006485
298 2.42600011826
299 2.40300011635
300 2.40599989891
301 5.09700012207
302 5.69999980927
303 5.38500022888
304 5.24399995804
305 5.23999977112
306 5.20800018311
307 5.1859998703
308 5.21500015259
309 5.21500015259
310 5.30999994278
311 5.54600000381
312 5.62699985504
313 5.62799978256
314 5.61499977112
315 5.59000015259
316 5.56799983978
317 5.53800010681
318 5.51900005341
319 5.32000017166
320 5.10900020599
321 5.43800020218
322 5.46000003815
323 5.42199993134
324 5.40399980545
325 5.38199996948
326 5.35699987411
327 5.3189997673
328 5.30000019073
329 4.36999988556
330 4.05000019073
331 4.11299991608
332 5.00500011444
333 5.17000007629
334 5.13999986649
335 5.11899995804
336 5.08599996567
337 5.07000017166
338 5.03399991989
339 5.02799987793
340 4.95399999619
341 4.81599998474
342 4.95100021362
343 4.93300008774
344 4.90199995041
345 4.86000013351
346 4.82000017166
347 4.71099996567
348 4.56699991226
349 4.72100019455
350 4.71099996567
351 4.67199993134
352 4.632999897
353 4.59399986267
354 4.57000017166
355 4.56199979782
356 4.31300020218
357 4.34499979019
358 4.48999977112
359 4.45300006866
360 4.43499994278
361 4.40999984741
362 4.39499998093
363 4.33500003815
364 4.32299995422
365 4.27799987793
366 4.24100017548
367 4.21299982071
368 4.17399978638
369 4.13700008392
370 4.09899997711
371 4.06699991226
372 4.03800010681
373 3.99499988556
374 3.98300004005
375 3.95600008965
376 3.92700004578
377 3.89599990845
378 3.88100004196
379 3.85299992561
380 3.81999993324
381 3.72000002861
382 3.625
383 3.59800004959
384 3.54999995232
385 3.52900004387
386 3.49799990654
387 3.44499993324
388 3.41400003433
389 3.39700007439
390 3.36100006104
391 3.32999992371
392 3.29299998283
393 3.26799988747
394 3.25699996948
395 3.26799988747
396 3.28900003433
397 3.33200001717
398 3.36199998856
399 3.40599989891
400 3.44199991226
401 3.45799994469
402 3.50200009346
403 3.56299996376
404 3.59400010109
405 3.63899993896
406 3.6779999733
407 3.72099995613
408 3.742000103
409 3.76900005341
410 3.81900000572
411 3.88400006294
412 3.93600010872
413 4.00099992752
414 4.03599977493
415 4.1139998436
416 4.17899990082
417 4.22200012207
418 4.3109998703
419 4.35300016403
420 4.4439997673
421 4.50600004196
422 4.60200023651
423 4.66400003433
424 4.71799993515
425 4.80200004578
426 4.90500020981
427 5.00099992752
428 5.10900020599
429 5.21899986267
430 5.30100011826
431 5.41099977493
432 5.52799987793
433 5.64099979401
434 5.75400018692
435 5.89200019836
436 6.00400018692
437 6.16099977493
438 6.30700016022
439 6.47800016403
440 6.48699998856
441 6.60300016403
442 6.48299980164
443 3.09400010109
444 3.04699993134
445 3.05500006676
446 3.03999996185
447 3.01099991798
448 3.02099990845
449 3.00200009346
450 3.01099991798
451 2.99900007248
452 2.98099994659
453 2.97000002861
454 2.98799991608
455 2.97199988365
456 2.96199989319
457 2.95499992371
458 2.9470000267
459 2.94600009918
460 2.95399999619
461 2.93400001526
462 2.93400001526
463 2.95300006866
464 2.92499995232
465 2.93400001526
466 2.93000006676
467 2.9240000248
468 2.91700005531
469 2.90700006485
470 2.67199993134
471 2.632999897
472 2.63899993896
473 2.64400005341
474 0.939999997616
475 0.698000013828
476 0.699999988079
477 0.925999999046
478 2.65199995041
479 2.62400007248
480 2.65199995041
481 2.65100002289
482 2.65100002289
483 2.65199995041
484 2.65700006485
485 2.65700006485
486 2.67199993134
487 2.67100000381
488 2.65700006485
489 2.66199994087
490 2.82299995422
491 2.94400000572
492 2.9319999218
493 2.9319999218
494 2.9470000267
495 2.95199990273
496 2.95900011063
497 2.95399999619
498 2.95799994469
499 2.95900011063
500 2.99000000954
501 2.97300004959
502 2.97000002861
503 2.9960000515
504 2.99300003052
505 3.00099992752
506 3.00099992752
507 3.00699996948
508 3.02699995041
509 3.04399991035
510 3.02500009537
511 3.03800010681
512 3.05100011826
513 3.06100010872
514 3.07399988174
515 3.07699990273
516 3.07800006866
517 3.10700011253
518 3.10899996758
519 3.1099998951
520 3.13000011444
521 3.15199995041
522 3.16400003433
523 3.1779999733
524 0.931999981403
525 0.912000000477
526 0.911000013351
527 0.959999978542
528 3.03900003433
529 2.98699998856
530 2.93899989128
531 2.88000011444
532 2.82899999619
533 2.76900005341
534 2.73000001907
535 2.71399998665
536 2.96099996567
537 1.09700000286
538 1.10199999809
539 1.05599999428
540 1.00699996948
