0 1.14999997616
1 1.17100000381
2 1.16600000858
3 1.19000005722
4 1.18400001526
5 1.1740000248
6 1.14100003242
7 1.09599995613
8 1.08000004292
9 1.09300005436
10 1.07700002193
11 1.09500002861
12 1.09200000763
13 1.10099995136
14 1.10000002384
15 1.09500002861
16 1.09800004959
17 1.09700000286
18 1.08500003815
19 1.09399998188
20 1.08500003815
21 1.09599995613
22 1.11199998856
23 1.09599995613
24 1.11300003529
25 1.11199998856
26 1.12199997902
27 1.13499999046
28 1.14600002766
29 1.16700005531
30 1.17499995232
31 1.20200002193
32 1.24399995804
33 0.0
34 17.1620006561
35 17.1329994202
36 17.1609992981
37 0.0
38 0.0
39 0.0
40 17.2590007782
41 17.1819992065
42 17.0629997253
43 17.0030002594
44 16.5249996185
45 16.5340003967
46 16.5270004272
47 13.1669998169
48 13.0799999237
49 12.343000412
50 11.9139995575
51 11.5939998627
52 11.6029996872
53 11.6309995651
54 11.6239995956
55 11.3459997177
56 10.986000061
57 10.470000267
58 10.1129999161
59 8.33800029755
60 8.33800029755
61 8.19799995422
62 7.91099977493
63 7.63999986649
64 7.45200014114
65 7.24300003052
66 7.05700016022
67 6.90799999237
68 6.78999996185
69 6.77799987793
70 6.80499982834
71 6.82399988174
72 6.85699987411
73 6.86800003052
74 6.79600000381
75 6.65500020981
76 6.51499986649
77 6.38199996948
78 6.26800012589
79 6.15100002289
80 5.23299980164
81 4.97300004959
82 4.86499977112
83 4.78200006485
84 4.69299983978
85 4.6139998436
86 4.54199981689
87 4.48400020599
88 4.41699981689
89 4.33400011063
90 4.25699996948
91 4.22399997711
92 4.16099977493
93 4.11100006104
94 4.03999996185
95 3.97300004959
96 3.93700003624
97 3.90199995041
98 3.85500001907
99 3.8069999218
100 3.75999999046
101 3.79299998283
102 3.83800005913
103 3.85500001907
104 3.8900001049
105 3.90499997139
106 3.94899988174
107 3.97499990463
108 3.91100001335
109 3.89400005341
110 3.84899997711
111 3.78999996185
112 3.77099990845
113 3.73399996758
114 3.70700001717
115 3.66300010681
116 3.6289999485
117 3.60199999809
118 3.57100009918
119 3.52300000191
120 3.50099992752
121 3.48200011253
122 3.4509999752
123 3.41899991035
124 3.39299988747
125 3.38800001144
126 3.42499995232
127 3.45700001717
128 3.49499988556
129 3.53200006485
130 3.58699989319
131 3.6099998951
132 3.67600011826
133 4.02400016785
134 4.07700014114
135 4.10599994659
136 4.12599992752
137 4.14799976349
138 4.16900014877
139 4.21799993515
140 4.25400018692
141 4.28000020981
142 4.30200004578
143 4.34100008011
144 4.40000009537
145 4.40999984741
146 4.45599985123
147 4.47499990463
148 4.52400016785
149 4.53100013733
150 4.55999994278
151 4.20200014114
152 4.31500005722
153 4.60400009155
154 3.28699994087
155 3.43799996376
156 4.70800018311
157 4.59800004959
158 4.55499982834
159 4.79099988937
160 4.8220000267
161 4.86199998856
162 4.89099979401
163 4.93699979782
164 4.96899986267
165 5.0
166 5.01599979401
167 5.04699993134
168 3.11800003052
169 3.23300004005
170 3.36599993706
171 4.12699985504
172 4.91900014877
173 4.88399982452
174 4.85699987411
175 4.83599996567
176 4.8220000267
177 4.84000015259
178 4.83400011063
179 4.83699989319
180 4.875
181 4.88399982452
182 4.82600021362
183 5.31699991226
184 5.46700000763
185 5.48699998856
186 5.50099992752
187 5.50600004196
188 4.61299991608
189 4.58099985123
190 5.56500005722
191 5.61000013351
192 3.64199995995
193 3.52900004387
194 4.07299995422
195 4.05100011826
196 5.67899990082
197 5.71199989319
198 5.7389998436
199 5.76499986649
200 5.78700017929
201 5.80200004578
202 5.82499980927
203 5.83599996567
204 5.84700012207
205 5.83400011063
206 5.87300014496
207 5.88100004196
208 5.89499998093
209 5.89900016785
210 5.93300008774
211 5.93400001526
212 5.96600008011
213 5.95599985123
214 5.99399995804
215 6.0
216 6.02899980545
217 6.05100011826
218 6.04099988937
219 6.07899999619
220 6.0689997673
221 6.07299995422
222 6.07700014114
223 6.10900020599
224 6.09399986267
225 6.11499977112
226 6.117000103
227 6.1360001564
228 6.14200019836
229 6.14200019836
230 6.14200019836
231 6.15399980545
232 6.18200016022
233 6.18499994278
234 6.21600008011
235 6.21799993515
236 6.23299980164
237 6.22399997711
238 6.23199987411
239 6.22700023651
240 6.22300004959
241 6.22800016403
242 6.23099994659
243 6.22800016403
244 6.23699998856
245 6.25699996948
246 6.24700021744
247 6.23600006104
248 6.24900007248
249 6.242000103
250 6.25199985504
251 6.25699996948
252 6.26399993896
253 6.26200008392
254 6.28900003433
255 6.28399991989
256 6.25600004196
257 6.242000103
258 6.24599981308
259 6.26300001144
260 6.24300003052
261 6.23199987411
262 6.23299980164
263 6.24599981308
264 6.23000001907
265 6.23600006104
266 6.20499992371
267 6.21600008011
268 6.21000003815
269 6.20900011063
270 6.20499992371
271 6.21400022507
272 6.21299982071
273 6.14799976349
274 5.84399986267
275 5.77600002289
276 5.76200008392
277 5.7389998436
278 5.71299982071
279 5.71600008011
280 5.74300003052
281 5.77799987793
282 5.80800008774
283 5.95900011063
284 6.09399986267
285 6.0640001297
286 6.05700016022
287 6.0609998703
288 6.05000019073
289 6.0529999733
290 6.04300022125
291 6.03000020981
292 6.00299978256
293 5.30100011826
294 5.06300020218
295 5.03900003433
296 5.02699995041
297 5.03900003433
298 2.43099999428
299 2.41799998283
300 2.4319999218
301 5.10900020599
302 5.70800018311
303 5.39099979401
304 5.23799991608
305 5.24100017548
306 5.21099996567
307 5.19600009918
308 5.21700000763
309 5.22700023651
310 5.32299995422
311 5.55100011826
312 5.64200019836
313 5.62400007248
314 5.61499977112
315 5.5720000267
316 5.5560002327
317 5.55100011826
318 5.52899980545
319 5.33099985123
320 5.1139998436
321 5.45599985123
322 5.44899988174
323 5.44799995422
324 5.40999984741
325 5.382999897
326 5.36299991608
327 5.33400011063
328 5.30900001526
329 4.37200021744
330 4.03200006485
331 4.11899995804
332 5.02400016785
333 5.17100000381
334 5.14599990845
335 5.11800003052
336 5.08799982071
337 5.07000017166
338 5.05700016022
339 5.02500009537
340 4.95100021362
341 4.82600021362
342 4.96600008011
343 4.93499994278
344 4.91099977493
345 4.86800003052
346 4.82999992371
347 4.6939997673
348 4.54699993134
349 4.73500013351
350 4.71500015259
351 4.68699979782
352 4.64599990845
353 4.63000011444
354 4.59899997711
355 4.5689997673
356 4.3109998703
357 4.37900018692
358 4.48799991608
359 4.46000003815
360 4.44199991226
361 4.41900014877
362 4.39799976349
363 4.36499977112
364 4.33599996567
365 4.28900003433
366 4.257999897
367 4.19600009918
368 4.18699979782
369 4.15299987793
370 4.10400009155
371 4.08099985123
372 4.05700016022
373 4.01700019836
374 3.97399997711
375 3.97300004959
376 3.92199993134
377 3.88899993896
378 3.86500000954
379 3.8599998951
380 3.83699989319
381 3.73000001907
382 3.64199995995
383 3.60299992561
384 3.56699991226
385 3.53500008583
386 3.49099993706
387 3.47199988365
388 3.42100000381
389 3.39400005341
390 3.36599993706
391 3.33899998665
392 3.31599998474
393 3.27600002289
394 3.25300002098
395 3.27500009537
396 3.29600000381
397 3.34200000763
398 3.38599991798
399 3.41300010681
400 3.4279999733
401 3.48900008202
402 3.51699995995
403 3.56399989128
404 3.60199999809
405 3.62800002098
406 3.6819999218
407 3.71199989319
408 3.75300002098
409 3.77999997139
410 3.82999992371
411 3.89299988747
412 3.93499994278
413 4.00600004196
414 4.06599998474
415 4.11600017548
416 4.18699979782
417 4.25
418 4.31599998474
419 4.38899993896
420 4.44500017166
421 4.5110001564
422 4.59499979019
423 4.66599988937
424 4.74100017548
425 4.80399990082
426 4.92299985886
427 5.0110001564
428 5.11999988556
429 5.19799995422
430 5.31500005722
431 5.40899991989
432 5.52699995041
433 5.63700008392
434 5.75600004196
435 5.88399982452
436 6.02500009537
437 6.16900014877
438 6.32399988174
439 6.45499992371
440 6.50699996948
441 6.60400009155
442 6.48799991608
443 3.07699990273
444 3.05900001526
445 3.05200004578
446 3.02300000191
447 3.03200006485
448 3.01300001144
449 3.00099992752
450 3.01300001144
451 3.01200008392
452 2.98399996758
453 2.98099994659
454 2.98000001907
455 2.96799993515
456 2.98200011253
457 2.96499991417
458 2.96300005913
459 2.95600008965
460 2.95499992371
461 2.93499994278
462 2.95000004768
463 2.96000003815
464 2.94099998474
465 2.9430000782
466 2.92499995232
467 2.92199993134
468 2.92499995232
469 2.91300010681
470 2.66700005531
471 2.66100001335
472 2.64700007439
473 2.66599988937
474 0.952000021935
475 0.707000017166
476 0.708000004292
477 0.915000021458
478 2.65700006485
479 2.65400004387
480 2.65199995041
481 2.65700006485
482 2.66400003433
483 2.66100001335
484 2.65700006485
485 2.64899992943
486 2.66799998283
487 2.67199993134
488 2.67300009727
489 2.68899989128
490 2.83599996567
491 2.93600010872
492 2.94099998474
493 2.95300006866
494 2.94000005722
495 2.95000004768
496 2.97399997711
497 2.97699999809
498 2.98000001907
499 2.96799993515
500 2.97699999809
501 2.97499990463
502 2.97600007057
503 2.992000103
504 2.99300003052
505 3.0150001049
506 3.02399992943
507 3.03399991989
508 3.0150001049
509 3.02800011635
510 3.04800009727
511 3.05500006676
512 3.04699993134
513 3.05999994278
514 3.08100008965
515 3.08999991417
516 3.1099998951
517 3.08899998665
518 3.10400009155
519 3.12800002098
520 3.14199995995
521 3.14299988747
522 3.16499996185
523 3.15799999237
524 0.930999994278
525 0.912999987602
526 0.916999995708
527 0.929000020027
528 3.04099988937
529 2.97699999809
530 2.94400000572
531 2.88899993896
532 2.83400011063
533 2.78699994087
534 2.75200009346
535 2.70300006866
536 2.95499992371
537 2.90300011635
538 0.0
539 0.0
540 0.0
