0 4.51200008392
1 4.44600009918
2 4.45499992371
3 4.46600008011
4 4.53299999237
5 4.66099977493
6 4.67100000381
7 4.69899988174
8 4.73299980164
9 4.76000022888
10 4.79899978638
11 4.81799983978
12 4.86899995804
13 4.88399982452
14 4.90700006485
15 4.93200016022
16 4.82600021362
17 4.86100006104
18 4.8860001564
19 4.96400022507
20 5.14499998093
21 5.19199991226
22 5.21600008011
23 5.26000022888
24 5.3220000267
25 5.35500001907
26 5.3860001564
27 5.44299983978
28 5.50199985504
29 5.53800010681
30 5.57999992371
31 5.64599990845
32 5.67399978638
33 0.0
34 17.1599998474
35 17.1289997101
36 17.1539993286
37 0.0
38 0.0
39 0.0
40 17.2390003204
41 17.172000885
42 17.0659999847
43 17.0060005188
44 16.5119991302
45 16.531999588
46 16.513999939
47 13.1529998779
48 13.0799999237
49 12.3360004425
50 11.9779996872
51 11.5830001831
52 11.609000206
53 11.6289997101
54 11.611000061
55 11.3439998627
56 11.0190000534
57 10.4630002975
58 10.1000003815
59 8.33899974823
60 8.33399963379
61 8.19299983978
62 7.91800022125
63 7.6360001564
64 7.44199991226
65 7.23500013351
66 7.07000017166
67 6.90100002289
68 6.78700017929
69 6.78700017929
70 6.79400014877
71 6.82000017166
72 6.83500003815
73 6.85799980164
74 6.78800010681
75 6.63399982452
76 6.50199985504
77 6.39799976349
78 6.27799987793
79 6.15799999237
80 5.24900007248
81 4.95900011063
82 4.85500001907
83 4.76000022888
84 4.67700004578
85 4.59700012207
86 4.54099988937
87 4.46199989319
88 4.41400003433
89 4.33599996567
90 4.26999998093
91 4.22300004959
92 4.13700008392
93 4.10900020599
94 4.03700017929
95 3.98600006104
96 3.9319999218
97 3.88800001144
98 3.83500003815
99 3.80200004578
100 3.77500009537
101 3.78600001335
102 3.80200004578
103 3.84500002861
104 3.88400006294
105 3.91400003433
106 3.93799996376
107 3.95799994469
108 3.92899990082
109 3.89100003242
110 3.83899998665
111 3.79800009727
112 3.74900007248
113 3.70900011063
114 3.68600010872
115 3.67300009727
116 3.61599993706
117 3.57899999619
118 3.56500005722
119 3.53200006485
120 3.50600004196
121 3.47099995613
122 3.43099999428
123 3.40400004387
124 3.38100004196
125 3.39400005341
126 3.42700004578
127 3.45199990273
128 3.48799991608
129 3.53399991989
130 3.56100010872
131 3.60100007057
132 3.66599988937
133 4.03100013733
134 4.05999994278
135 4.09399986267
136 4.12799978256
137 4.13700008392
138 4.19199991226
139 4.20499992371
140 4.25500011444
141 4.28499984741
142 4.3109998703
143 4.36000013351
144 4.39699983597
145 4.42000007629
146 4.46400022507
147 4.47900009155
148 4.50099992752
149 4.52199983597
150 4.52699995041
151 4.19000005722
152 4.31300020218
153 4.61899995804
154 3.27800011635
155 3.40499997139
156 4.71000003815
157 4.59800004959
158 4.55499982834
159 4.80700016022
160 4.83699989319
161 4.85799980164
162 4.89099979401
163 4.93400001526
164 4.95300006866
165 5.00099992752
166 5.01300001144
167 5.03900003433
168 3.15499997139
169 3.21900010109
170 3.3599998951
171 4.13399982452
172 4.92500019073
173 4.87099981308
174 4.84700012207
175 4.82999992371
176 4.82000017166
177 4.82600021362
178 4.82100009918
179 4.85400009155
180 4.8639998436
181 4.88399982452
182 4.81500005722
183 5.30999994278
184 5.46400022507
185 5.47700023651
186 5.50299978256
187 5.50099992752
188 4.60300016403
189 4.56799983978
190 5.5640001297
191 5.58599996567
192 3.64100003242
193 3.50600004196
194 4.06699991226
195 4.0560002327
196 5.69600009918
197 5.72100019455
198 5.73799991608
199 5.76300001144
200 5.78599977493
201 5.79799985886
202 5.82000017166
203 5.81500005722
204 5.83300018311
205 5.85300016403
206 5.88199996948
207 5.88899993896
208 5.90899991989
209 5.90399980545
210 5.90500020981
211 5.93499994278
212 5.93499994278
213 5.98699998856
214 5.98400020599
215 6.00299978256
216 6.02500009537
217 6.04500007629
218 6.04799985886
219 6.06699991226
220 6.0609998703
221 6.08900022507
222 6.09600019455
223 6.09600019455
224 6.11199998856
225 6.117000103
226 6.10900020599
227 6.13100004196
228 6.125
229 6.13100004196
230 6.1360001564
231 6.1810002327
232 6.18200016022
233 6.17000007629
234 6.20499992371
235 6.21700000763
236 6.22900009155
237 6.24599981308
238 6.23400020599
239 6.22100019455
240 6.23699998856
241 6.22300004959
242 6.23400020599
243 6.23799991608
244 6.25
245 6.22700023651
246 6.23099994659
247 6.22800016403
248 6.23600006104
249 6.25
250 6.2389998436
251 6.24700021744
252 6.27500009537
253 6.27500009537
254 6.27899980545
255 6.27899980545
256 6.25500011444
257 6.24100017548
258 6.25400018692
259 6.22599983215
260 6.25400018692
261 6.21600008011
262 6.23000001907
263 6.21899986267
264 6.21199989319
265 6.21299982071
266 6.22800016403
267 6.20599985123
268 6.20599985123
269 6.21500015259
270 6.23400020599
271 6.22900009155
272 6.20399999619
273 6.11999988556
274 5.83300018311
275 5.78100013733
276 5.73799991608
277 5.73199987411
278 5.72399997711
279 5.72599983215
280 5.72900009155
281 5.75600004196
282 5.80200004578
283 5.94199991226
284 6.09600019455
285 6.07899999619
286 6.07399988174
287 6.05999994278
288 6.06300020218
289 6.04500007629
290 6.03000020981
291 6.01300001144
292 5.97499990463
293 5.29400014877
294 5.03999996185
295 5.01599979401
296 5.03200006485
297 5.03299999237
298 2.42100000381
299 2.39700007439
300 2.41300010681
301 5.1139998436
302 5.68200016022
303 5.37400007248
304 5.2389998436
305 5.23099994659
306 5.21299982071
307 5.20100021362
308 5.21500015259
309 5.21500015259
310 5.32000017166
311 5.54600000381
312 5.66099977493
313 5.61999988556
314 5.59600019455
315 5.58699989319
316 5.55499982834
317 5.54600000381
318 5.52099990845
319 5.33199977875
320 5.10799980164
321 5.43699979782
322 5.42899990082
323 5.42500019073
324 5.4279999733
325 5.39699983597
326 5.36299991608
327 5.33400011063
328 5.30399990082
329 4.35500001907
330 4.04500007629
331 4.1139998436
332 5.03700017929
333 5.17000007629
334 5.13999986649
335 5.11299991608
336 5.09200000763
337 5.05800008774
338 5.05000019073
339 5.02400016785
340 4.94899988174
341 4.8109998703
342 4.94999980927
343 4.93300008774
344 4.90100002289
345 4.86499977112
346 4.83799982071
347 4.70800018311
348 4.5720000267
349 4.73000001907
350 4.69799995422
351 4.67399978638
352 4.65399980545
353 4.61899995804
354 4.58699989319
355 4.55499982834
356 4.28999996185
357 4.35400009155
358 4.492000103
359 4.46199989319
360 4.43499994278
361 4.40799999237
362 4.39300012589
363 4.35300016403
364 4.32600021362
365 4.28100013733
366 4.24300003052
367 4.20300006866
368 4.18499994278
369 4.15500020981
370 4.11800003052
371 4.06199979782
372 4.03200006485
373 4.00500011444
374 3.98099994659
375 3.95900011063
376 3.91899991035
377 3.91499996185
378 3.88800001144
379 3.85400009155
380 3.82100009918
381 3.70399999619
382 3.61999988556
383 3.58599996567
384 3.55999994278
385 3.52600002289
386 3.49300003052
387 3.4509999752
388 3.42600011826
389 3.40000009537
390 3.37199997902
391 3.34599995613
392 3.31100010872
393 3.27999997139
394 3.2650001049
395 3.26799988747
396 3.28600001335
397 3.33999991417
398 3.35100007057
399 3.39599990845
400 3.42499995232
401 3.48099994659
402 3.5150001049
403 3.56299996376
404 3.59400010109
405 3.63700008392
406 3.68700003624
407 3.72799992561
408 3.71399998665
409 3.78900003433
410 3.83299994469
411 3.88700008392
412 3.93700003624
413 3.99900007248
414 4.05999994278
415 4.10200023651
416 4.15500020981
417 4.23999977112
418 4.31599998474
419 4.36199998856
420 4.4390001297
421 4.52299976349
422 4.59899997711
423 4.6360001564
424 4.73000001907
425 4.81199979782
426 4.91699981689
427 5.02299976349
428 5.11899995804
429 5.19600009918
430 5.31599998474
431 5.42399978638
432 5.51999998093
433 5.64699983597
434 5.75299978256
435 5.88999986649
436 6.01800012589
437 6.16200017929
438 6.31300020218
439 6.47399997711
440 6.50500011444
441 6.60300016403
442 6.44999980927
443 3.0759999752
444 3.04399991035
445 3.04999995232
446 3.02200007439
447 3.02500009537
448 3.00300002098
449 2.99300003052
450 2.9960000515
451 2.98300004005
452 2.98000001907
453 2.99399995804
454 2.96000003815
455 2.96399998665
456 2.95199990273
457 2.94899988174
458 2.96900010109
459 2.94799995422
460 2.94600009918
461 2.93600010872
462 2.93499994278
463 2.93499994278
464 2.92899990082
465 2.94000005722
466 2.9240000248
467 2.90700006485
468 2.91599988937
469 2.91700005531
470 2.65899991989
471 2.65000009537
472 2.63499999046
473 2.64499998093
474 0.944999992847
475 0.721000015736
476 0.708999991417
477 0.930000007153
478 2.6400001049
479 2.64400005341
480 2.65300011635
481 2.64700007439
482 2.65700006485
483 2.66899991035
484 2.65000009537
485 2.65599989891
486 2.64100003242
487 2.65100002289
488 2.66599988937
489 2.67499995232
490 2.81699991226
491 2.93000006676
492 2.92700004578
493 2.93600010872
494 2.94600009918
495 2.94499993324
496 2.94799995422
497 2.96300005913
498 2.97399997711
499 2.96499991417
500 2.96499991417
501 2.97699999809
502 2.97300004959
503 2.98200011253
504 2.98399996758
505 3.0039999485
506 3.01399993896
507 3.01200008392
508 3.01300001144
509 3.01300001144
510 3.03800010681
511 3.03399991989
512 3.05599999428
513 3.07500004768
514 3.06599998474
515 3.09100008011
516 3.10500001907
517 3.10500001907
518 3.10299992561
519 3.11400008202
520 3.13000011444
521 3.15300011635
522 3.15100002289
523 3.15899991989
524 0.939999997616
525 0.911000013351
526 0.916999995708
527 0.949000000954
528 3.03500008583
529 2.96600008011
530 2.91899991035
531 2.87800002098
532 2.82800006866
533 2.78299999237
534 2.72900009155
535 2.71499991417
536 2.94000005722
537 1.10500001907
538 1.08500003815
539 1.04200005531
540 1.00899994373
