0 4.50899982452
1 4.43200016022
2 4.45100021362
3 4.46799993515
4 4.50299978256
5 4.63899993896
6 4.65299987793
7 4.6939997673
8 4.7389998436
9 4.76499986649
10 4.8029999733
11 4.8220000267
12 4.84899997711
13 4.90100002289
14 4.9279999733
15 4.92700004578
16 4.83599996567
17 4.85300016403
18 4.87799978256
19 4.95900011063
20 5.12900018692
21 5.17999982834
22 5.22900009155
23 5.25899982452
24 5.30399990082
25 5.35400009155
26 5.38899993896
27 5.45100021362
28 5.50099992752
29 5.54300022125
30 5.59100008011
31 5.6360001564
32 5.63100004196
33 0.0
34 17.1529998779
35 17.1439990997
36 17.1539993286
37 0.0
38 0.0
39 0.0
40 17.2189998627
41 17.1690006256
42 17.0690002441
43 17.0039997101
44 16.5160007477
45 16.5370006561
46 16.5200004578
47 13.1499996185
48 13.0670003891
49 12.3280000687
50 11.9250001907
51 11.5769996643
52 11.6040000916
53 11.6149997711
54 11.6280002594
55 11.3400001526
56 10.9809999466
57 10.4440002441
58 10.0780000687
59 8.34700012207
60 8.33699989319
61 8.20400047302
62 7.92199993134
63 7.62900018692
64 7.44600009918
65 7.23099994659
66 7.05100011826
67 6.90000009537
68 6.78499984741
69 6.76900005341
70 6.80100011826
71 6.82700014114
72 6.84499979019
73 6.87400007248
74 6.78999996185
75 6.632999897
76 6.51599979401
77 6.3860001564
78 6.2610001564
79 6.14200019836
80 5.21999979019
81 4.96799993515
82 4.84899997711
83 4.75899982452
84 4.68400001526
85 4.60699987411
86 4.52699995041
87 4.46899986267
88 4.39799976349
89 4.32000017166
90 4.26700019836
91 4.20599985123
92 4.15999984741
93 4.09399986267
94 4.02799987793
95 3.97199988365
96 3.91799998283
97 3.86899995804
98 3.81900000572
99 3.78299999237
100 3.76699995995
101 3.79800009727
102 3.81900000572
103 3.84999990463
104 3.875
105 3.91799998283
106 3.91499996185
107 3.94799995422
108 3.93099999428
109 3.88100004196
110 3.84599995613
111 3.80200004578
112 3.76200008392
113 3.72600007057
114 3.69199991226
115 3.67000007629
116 3.62400007248
117 3.57299995422
118 3.5490000248
119 3.52500009537
120 3.5
121 3.47099995613
122 3.44899988174
123 3.40300011635
124 3.39800000191
125 3.38599991798
126 3.42000007629
127 3.44000005722
128 3.47099995613
129 3.52500009537
130 3.56399989128
131 3.61400008202
132 3.66799998283
133 4.01300001144
134 4.04699993134
135 4.08400011063
136 4.11800003052
137 4.15000009537
138 4.17700004578
139 4.1890001297
140 4.24599981308
141 4.26900005341
142 4.30200004578
143 4.33300018311
144 4.37599992752
145 4.41599988937
146 4.45499992371
147 4.46700000763
148 4.51499986649
149 4.53299999237
150 4.53100013733
151 4.1890001297
152 4.29899978638
153 4.52799987793
154 3.25999999046
155 3.40899991989
156 4.71000003815
157 4.59800004959
158 4.54600000381
159 4.79500007629
160 4.81599998474
161 4.86299991608
162 4.8860001564
163 4.92600011826
164 4.97499990463
165 4.98600006104
166 5.0110001564
167 5.03200006485
168 3.15599989891
169 3.20000004768
170 3.35199999809
171 4.09700012207
172 4.92100000381
173 4.88100004196
174 4.85300016403
175 4.82700014114
176 4.8220000267
177 4.82800006866
178 4.82800006866
179 4.84200000763
180 4.86299991608
181 4.89799976349
182 4.80200004578
183 5.29400014877
184 5.45699977875
185 5.48299980164
186 5.49499988556
187 5.51399993896
188 4.58400011063
189 4.5560002327
190 5.5640001297
191 5.57600021362
192 3.63000011444
193 3.51900005341
194 4.09399986267
195 4.0560002327
196 5.69199991226
197 5.68400001526
198 5.73099994659
199 5.75099992752
200 5.7610001564
201 5.81699991226
202 5.83099985123
203 5.84000015259
204 5.85799980164
205 5.8639998436
206 5.86899995804
207 5.87599992752
208 5.89300012589
209 5.91300010681
210 5.91099977493
211 5.93699979782
212 5.9279999733
213 5.96000003815
214 5.97499990463
215 5.99700021744
216 6.00600004196
217 6.01000022888
218 6.04099988937
219 6.07000017166
220 6.06599998474
221 6.08300018311
222 6.09499979019
223 6.09999990463
224 6.08599996567
225 6.09100008011
226 6.11499977112
227 6.12099981308
228 6.13500022888
229 6.13999986649
230 6.13999986649
231 6.16599988937
232 6.17500019073
233 6.17199993134
234 6.1810002327
235 6.21400022507
236 6.21299982071
237 6.22499990463
238 6.22300004959
239 6.20900011063
240 6.22300004959
241 6.22700023651
242 6.23500013351
243 6.21400022507
244 6.24300003052
245 6.22399997711
246 6.21700000763
247 6.23999977112
248 6.22399997711
249 6.24300003052
250 6.2610001564
251 6.24499988556
252 6.25299978256
253 6.25899982452
254 6.27799987793
255 6.26900005341
256 6.27099990845
257 6.24100017548
258 6.25899982452
259 6.25099992752
260 6.23699998856
261 6.21899986267
262 6.20599985123
263 6.21299982071
264 6.22200012207
265 6.21400022507
266 6.23699998856
267 6.21099996567
268 6.20200014114
269 6.20300006866
270 6.19999980927
271 6.1970000267
272 6.21099996567
273 6.12900018692
274 5.84000015259
275 5.78999996185
276 5.76700019836
277 5.72399997711
278 5.72399997711
279 5.71500015259
280 5.72800016403
281 5.74900007248
282 5.8029999733
283 5.95100021362
284 6.09100008011
285 6.08199977875
286 6.07899999619
287 6.05200004578
288 6.03800010681
289 6.04600000381
290 6.02899980545
291 6.01200008392
292 5.99800014496
293 5.28900003433
294 5.0609998703
295 5.02699995041
296 5.01499986649
297 5.02899980545
298 2.40400004387
299 2.41499996185
300 2.43499994278
301 5.11899995804
302 5.66499996185
303 5.39900016785
304 5.23000001907
305 5.23999977112
306 5.19500017166
307 5.18699979782
308 5.21099996567
309 5.22399997711
310 5.30700016022
311 5.55200004578
312 5.65000009537
313 5.62099981308
314 5.59499979019
315 5.57800006866
316 5.5560002327
317 5.52299976349
318 5.51000022888
319 5.30000019073
320 5.09399986267
321 5.45900011063
322 5.43800020218
323 5.43300008774
324 5.41800022125
325 5.3860001564
326 5.36199998856
327 5.32000017166
328 5.28900003433
329 4.35799980164
330 4.05499982834
331 4.09399986267
332 5.02799987793
333 5.15600013733
334 5.13700008392
335 5.12099981308
336 5.09000015259
337 5.07000017166
338 5.03399991989
339 5.01900005341
340 4.9439997673
341 4.82299995422
342 4.94099998474
343 4.94000005722
344 4.90000009537
345 4.87400007248
346 4.83400011063
347 4.6970000267
348 4.54099988937
349 4.73799991608
350 4.70200014114
351 4.6859998703
352 4.63899993896
353 4.61199998856
354 4.59800004959
355 4.56599998474
356 4.31500005722
357 4.35900020599
358 4.46400022507
359 4.45399999619
360 4.43300008774
361 4.41300010681
362 4.38199996948
363 4.34999990463
364 4.32600021362
365 4.28000020981
366 4.25
367 4.21600008011
368 4.17100000381
369 4.13000011444
370 4.09999990463
371 4.0720000267
372 4.04899978638
373 4.00699996948
374 3.97699999809
375 3.94799995422
376 3.9240000248
377 3.90599989891
378 3.85899996758
379 3.84200000763
380 3.81599998474
381 3.71399998665
382 3.63700008392
383 3.59299993515
384 3.57100009918
385 3.52699995041
386 3.48699998856
387 3.45900011063
388 3.43000006676
389 3.38700008392
390 3.35299992561
391 3.3220000267
392 3.30599999428
393 3.26699995995
394 3.26200008392
395 3.25600004196
396 3.3029999733
397 3.30900001526
398 3.36199998856
399 3.39499998093
400 3.42899990082
401 3.47300004959
402 3.52099990845
403 3.56299996376
404 3.59899997711
405 3.6210000515
406 3.66899991035
407 3.71399998665
408 3.73799991608
409 3.76399993896
410 3.83200001717
411 3.86899995804
412 3.92700004578
413 3.97300004959
414 4.06500005722
415 4.117000103
416 4.17700004578
417 4.25199985504
418 4.30999994278
419 4.38700008392
420 4.44799995422
421 4.49100017548
422 4.56500005722
423 4.65399980545
424 4.73000001907
425 4.8029999733
426 4.90600013733
427 5.01999998093
428 5.11499977112
429 5.20399999619
430 5.3109998703
431 5.41300010681
432 5.52699995041
433 5.64499998093
434 5.76200008392
435 5.882999897
436 6.02500009537
437 6.16300010681
438 6.3189997673
439 6.45900011063
440 6.49100017548
441 6.59600019455
442 6.46999979019
443 3.06200003624
444 3.04399991035
445 3.04500007629
446 3.03600001335
447 3.01300001144
448 3.00600004196
449 2.99499988556
450 2.99499988556
451 2.99099993706
452 2.98200011253
453 2.97900009155
454 2.96300005913
455 2.97900009155
456 2.96199989319
457 2.94899988174
458 2.96700000763
459 2.9430000782
460 2.94199991226
461 2.93600010872
462 2.95799994469
463 2.92499995232
464 2.93000006676
465 2.91700005531
466 2.93000006676
467 2.92700004578
468 2.92000007629
469 2.90899991989
470 2.64800000191
471 2.64700007439
472 2.63599991798
473 2.64899992943
474 0.934000015259
475 0.694999992847
476 0.702000021935
477 0.922999978065
478 2.65000009537
479 2.64199995995
480 2.65799999237
481 2.65899991989
482 2.65100002289
483 2.65300011635
484 2.6400001049
485 2.66499996185
486 2.65700006485
487 2.66899991035
488 2.66100001335
489 2.67700004578
490 2.83400011063
491 2.93000006676
492 2.93099999428
493 2.93700003624
494 2.95900011063
495 2.95399999619
496 2.96099996567
497 2.94199991226
498 2.95700001717
499 2.96799993515
500 2.97900009155
501 2.96399998665
502 2.97499990463
503 2.99399995804
504 2.99900007248
505 3.00300002098
506 2.99799990654
507 3.01699995995
508 3.02699995041
509 3.03099989891
510 3.02900004387
511 3.02800011635
512 3.04200005531
513 3.06500005722
514 3.08100008965
515 3.06299996376
516 3.06900000572
517 3.09100008011
518 3.09500002861
519 3.12700009346
520 3.11899995804
521 3.13899993896
522 3.16000008583
523 3.16599988937
524 0.927999973297
525 0.907000005245
526 0.908999979496
527 0.927999973297
528 3.02699995041
529 2.97699999809
530 2.93000006676
531 2.88100004196
532 2.8259999752
533 2.78099989891
534 2.73300004005
535 2.72099995613
536 2.95300006866
537 1.12800002098
538 1.10199999809
539 1.04999995232
540 1.01999998093
