0 4.50899982452
1 4.42399978638
2 4.44199991226
3 4.46000003815
4 4.53900003433
5 4.65399980545
6 4.68200016022
7 4.70599985123
8 4.72100019455
9 4.75400018692
10 4.79899978638
11 4.82499980927
12 4.85599994659
13 4.89099979401
14 4.93499994278
15 4.94099998474
16 4.83400011063
17 4.85699987411
18 4.87400007248
19 4.97200012207
20 5.14200019836
21 5.19199991226
22 5.23500013351
23 5.26700019836
24 5.3060002327
25 5.35500001907
26 5.39300012589
27 5.44199991226
28 5.492000103
29 5.53299999237
30 5.58500003815
31 5.63399982452
32 5.66300010681
33 0.0
34 17.1609992981
35 17.1499996185
36 17.1599998474
37 0.0
38 0.0
39 0.0
40 17.2269992828
41 17.1539993286
42 17.0680007935
43 17.0049991608
44 16.5230007172
45 16.531999588
46 16.5209999084
47 13.1700000763
48 13.0679998398
49 12.3210000992
50 11.9469995499
51 11.5819997787
52 11.5920000076
53 11.6190004349
54 11.6199998856
55 11.3360004425
56 10.9709997177
57 10.4610004425
58 10.0970001221
59 8.33399963379
60 8.33699989319
61 8.19999980927
62 7.89599990845
63 7.64200019836
64 7.45499992371
65 7.25199985504
66 7.0609998703
67 6.89400005341
68 6.78100013733
69 6.76900005341
70 6.80399990082
71 6.82800006866
72 6.84800004959
73 6.87099981308
74 6.79799985886
75 6.64599990845
76 6.52500009537
77 6.38100004196
78 6.25500011444
79 6.15999984741
80 5.22399997711
81 4.96000003815
82 4.84399986267
83 4.76800012589
84 4.68800020218
85 4.60699987411
86 4.53999996185
87 4.47100019455
88 4.39300012589
89 4.31199979782
90 4.27600002289
91 4.21099996567
92 4.16300010681
93 4.10099983215
94 4.03999996185
95 3.96199989319
96 3.94400000572
97 3.88199996948
98 3.83699989319
99 3.78500008583
100 3.76300001144
101 3.76799988747
102 3.80599999428
103 3.85100007057
104 3.86899995804
105 3.91000008583
106 3.92100000381
107 3.94099998474
108 3.92100000381
109 3.86500000954
110 3.82500004768
111 3.81299996376
112 3.7650001049
113 3.73699998856
114 3.68099999428
115 3.65799999237
116 3.63199996948
117 3.57800006866
118 3.56500005722
119 3.52800011635
120 3.49300003052
121 3.46199989319
122 3.44499993324
123 3.41000008583
124 3.41000008583
125 3.39100003242
126 3.4279999733
127 3.43700003624
128 3.48000001907
129 3.52099990845
130 3.5759999752
131 3.59299993515
132 3.66499996185
133 4.01700019836
134 4.06599998474
135 4.07000017166
136 4.125
137 4.15100002289
138 4.19000005722
139 4.19999980927
140 4.24100017548
141 4.28100013733
142 4.30800008774
143 4.35300016403
144 4.39499998093
145 4.41300010681
146 4.45399999619
147 4.46500015259
148 4.51599979401
149 4.52500009537
150 4.54199981689
151 4.1970000267
152 4.29199981689
153 4.61299991608
154 3.26200008392
155 3.40799999237
156 4.71000003815
157 4.58699989319
158 4.54799985886
159 4.78399991989
160 4.8189997673
161 4.85200023651
162 4.90000009537
163 4.92899990082
164 4.94999980927
165 4.99399995804
166 5.0110001564
167 5.03299999237
168 3.12599992752
169 3.22099995613
170 3.3599998951
171 4.10699987411
172 4.92600011826
173 4.87699985504
174 4.84100008011
175 4.83300018311
176 4.8189997673
177 4.8140001297
178 4.83500003815
179 4.84600019455
180 4.87599992752
181 4.90199995041
182 4.8140001297
183 5.30700016022
184 5.46600008011
185 5.46700000763
186 5.48400020599
187 5.50400018692
188 4.60099983215
189 4.59299993515
190 5.54500007629
191 5.59000015259
192 3.62800002098
193 3.52399992943
194 4.07299995422
195 4.03700017929
196 5.67999982834
197 5.71000003815
198 5.72800016403
199 5.73799991608
200 5.77400016785
201 5.79699993134
202 5.80900001526
203 5.8189997673
204 5.84800004959
205 5.83900022507
206 5.8639998436
207 5.875
208 5.86800003052
209 5.89699983597
210 5.91900014877
211 5.9279999733
212 5.9470000267
213 5.97200012207
214 5.97399997711
215 6.00299978256
216 6.01900005341
217 6.01000022888
218 6.05200004578
219 6.07100009918
220 6.07800006866
221 6.08099985123
222 6.09999990463
223 6.08099985123
224 6.10699987411
225 6.09399986267
226 6.11899995804
227 6.10799980164
228 6.125
229 6.13199996948
230 6.15199995041
231 6.17399978638
232 6.18499994278
233 6.18800020218
234 6.19099998474
235 6.20100021362
236 6.22599983215
237 6.22200012207
238 6.22200012207
239 6.22499990463
240 6.23000001907
241 6.23999977112
242 6.22300004959
243 6.21899986267
244 6.21999979019
245 6.23299980164
246 6.23400020599
247 6.24399995804
248 6.24599981308
249 6.22800016403
250 6.25099992752
251 6.26800012589
252 6.24900007248
253 6.26999998093
254 6.25600004196
255 6.25600004196
256 6.24900007248
257 6.26200008392
258 6.26000022888
259 6.22900009155
260 6.24700021744
261 6.24399995804
262 6.22300004959
263 6.22800016403
264 6.22599983215
265 6.20300006866
266 6.21600008011
267 6.20800018311
268 6.21000003815
269 6.21000003815
270 6.23099994659
271 6.21700000763
272 6.20699977875
273 6.1360001564
274 5.84600019455
275 5.78200006485
276 5.75699996948
277 5.71700000763
278 5.72100019455
279 5.71299982071
280 5.74100017548
281 5.74900007248
282 5.79699993134
283 5.95699977875
284 6.06500005722
285 6.07800006866
286 6.0640001297
287 6.0560002327
288 6.0529999733
289 6.05100011826
290 6.03100013733
291 5.99700021744
292 5.96700000763
293 5.30000019073
294 5.04799985886
295 5.01499986649
296 5.02199983597
297 5.01300001144
298 2.41199994087
299 2.40199995041
300 2.43000006676
301 5.09999990463
302 5.68300008774
303 5.38800001144
304 5.24700021744
305 5.23799991608
306 5.21400022507
307 5.1859998703
308 5.21899986267
309 5.21299982071
310 5.32499980927
311 5.54799985886
312 5.63500022888
313 5.62300014496
314 5.60500001907
315 5.58199977875
316 5.55700016022
317 5.53999996185
318 5.50299978256
319 5.3220000267
320 5.09100008011
321 5.44999980927
322 5.44199991226
323 5.42399978638
324 5.41400003433
325 5.39400005341
326 5.36600017548
327 5.32999992371
328 5.29099988937
329 4.38899993896
330 4.03999996185
331 4.11299991608
332 5.02299976349
333 5.16099977493
334 5.14300012589
335 5.1139998436
336 5.08099985123
337 5.06799983978
338 5.04899978638
339 5.01800012589
340 4.94299983978
341 4.80700016022
342 4.95699977875
343 4.93499994278
344 4.88999986649
345 4.87900018692
346 4.84000015259
347 4.69999980927
348 4.56199979782
349 4.73000001907
350 4.70900011063
351 4.65600013733
352 4.64099979401
353 4.6139998436
354 4.59000015259
355 4.56300020218
356 4.31699991226
357 4.35900020599
358 4.46600008011
359 4.46500015259
360 4.42700004578
361 4.38700008392
362 4.37599992752
363 4.35099983215
364 4.29500007629
365 4.28599977493
366 4.25199985504
367 4.22100019455
368 4.16499996185
369 4.12200021744
370 4.09600019455
371 4.07499980927
372 4.04600000381
373 4.01700019836
374 3.98600006104
375 3.93600010872
376 3.94199991226
377 3.90400004387
378 3.86999988556
379 3.83699989319
380 3.80200004578
381 3.69600009918
382 3.63100004196
383 3.59699988365
384 3.56999993324
385 3.50999999046
386 3.49499988556
387 3.46099996567
388 3.4240000248
389 3.39299988747
390 3.35899996758
391 3.31500005722
392 3.30800008774
393 3.28500008583
394 3.26699995995
395 3.26300001144
396 3.28500008583
397 3.32899999619
398 3.37299990654
399 3.40300011635
400 3.44799995422
401 3.47099995613
402 3.51600003242
403 3.56200003624
404 3.60100007057
405 3.63499999046
406 3.66700005531
407 3.71600008011
408 3.73699998856
409 3.7650001049
410 3.82500004768
411 3.88700008392
412 3.94000005722
413 3.99799990654
414 4.06699991226
415 4.12400007248
416 4.16900014877
417 4.2389998436
418 4.3189997673
419 4.37200021744
420 4.4359998703
421 4.5
422 4.59800004959
423 4.66599988937
424 4.71899986267
425 4.80200004578
426 4.89499998093
427 5.02099990845
428 5.10699987411
429 5.21000003815
430 5.30800008774
431 5.41400003433
432 5.52899980545
433 5.64200019836
434 5.75500011444
435 5.87200021744
436 6.02099990845
437 6.15600013733
438 6.3189997673
439 6.47700023651
440 6.51300001144
441 6.60400009155
442 6.48600006104
443 3.06699991226
444 3.04200005531
445 3.02300000191
446 3.03800010681
447 3.03399991989
448 3.02300000191
449 3.01399993896
450 2.98600006104
451 2.99099993706
452 2.98000001907
453 2.98399996758
454 2.97699999809
455 2.98399996758
456 2.96700000763
457 2.95199990273
458 2.95700001717
459 2.96799993515
460 2.93600010872
461 2.94899988174
462 2.93000006676
463 2.94099998474
464 2.92300009727
465 2.9279999733
466 2.93000006676
467 2.92899990082
468 2.91100001335
469 2.9240000248
470 2.66899991035
471 2.64299988747
472 2.62800002098
473 2.64499998093
474 0.945999979973
475 0.700999975204
476 0.708000004292
477 0.926999986172
478 2.65700006485
479 2.63700008392
480 2.65899991989
481 2.64100003242
482 2.64800000191
483 2.632999897
484 2.65400004387
485 2.68099999428
486 2.66300010681
487 2.66700005531
488 2.66700005531
489 2.66000008583
490 2.83899998665
491 2.92300009727
492 2.93099999428
493 2.93000006676
494 2.93700003624
495 2.95799994469
496 2.95600008965
497 2.94499993324
498 2.95300006866
499 2.97600007057
500 2.96499991417
501 2.98300004005
502 2.97099995613
503 2.97600007057
504 2.98099994659
505 3.00500011444
506 3.00699996948
507 3.02099990845
508 3.00600004196
509 3.02900004387
510 3.02800011635
511 3.06100010872
512 3.04800009727
513 3.04600000381
514 3.07899999619
515 3.08599996567
516 3.08800005913
517 3.09100008011
518 3.11800003052
519 3.125
520 3.125
521 3.13400006294
522 3.14100003242
523 3.17199993134
524 0.916999995708
525 0.898999989033
526 0.912000000477
527 0.933000028133
528 3.03299999237
529 2.9849998951
530 2.93600010872
531 2.87599992752
532 2.8220000267
533 2.77999997139
534 2.73300004005
535 2.71600008011
536 1.19299995899
537 1.12699997425
538 1.10899996758
539 1.09700000286
540 1.07500004768
