0 4.51000022888
1 4.41400003433
2 4.44000005722
3 4.45200014114
4 4.53200006485
5 4.65600013733
6 4.68699979782
7 4.71199989319
8 4.74399995804
9 4.75199985504
10 4.80700016022
11 4.82399988174
12 4.84600019455
13 4.89499998093
14 4.91900014877
15 4.92600011826
16 4.84499979019
17 4.85799980164
18 4.867000103
19 4.96700000763
20 5.132999897
21 5.18800020218
22 5.21799993515
23 5.26000022888
24 5.31699991226
25 5.367000103
26 5.40799999237
27 5.45100021362
28 5.49800014496
29 5.55700016022
30 5.59200000763
31 5.632999897
32 5.66800022125
33 0.0
34 17.1439990997
35 17.138999939
36 17.1459999084
37 0.0
38 0.0
39 0.0
40 17.2329998016
41 17.1730003357
42 17.0599994659
43 17.013999939
44 16.5289993286
45 16.5380001068
46 16.5219993591
47 13.1759996414
48 13.0810003281
49 12.3210000992
50 11.9180002213
51 11.5810003281
52 11.6029996872
53 11.6280002594
54 11.6289997101
55 11.3420000076
56 10.9940004349
57 10.4589996338
58 10.0920000076
59 8.33300018311
60 8.34700012207
61 8.19999980927
62 7.91200017929
63 7.64799976349
64 7.45599985123
65 7.25400018692
66 7.06599998474
67 6.88999986649
68 6.78399991989
69 6.77600002289
70 6.79099988937
71 6.82700014114
72 6.84600019455
73 6.88000011444
74 6.79899978638
75 6.64599990845
76 6.50299978256
77 6.37799978256
78 6.27699995041
79 6.14799976349
80 5.20800018311
81 4.96199989319
82 4.86199998856
83 4.77600002289
84 4.66499996185
85 4.59499979019
86 4.51399993896
87 4.45699977875
88 4.38899993896
89 4.33099985123
90 4.26999998093
91 4.21799993515
92 4.15999984741
93 4.10099983215
94 4.04500007629
95 3.98399996758
96 3.92199993134
97 3.87599992752
98 3.82299995422
99 3.78299999237
100 3.75999999046
101 3.78900003433
102 3.8180000782
103 3.85800004005
104 3.882999897
105 3.89700007439
106 3.93799996376
107 3.96900010109
108 3.91300010681
109 3.88400006294
110 3.84800004959
111 3.78699994087
112 3.76900005341
113 3.72099995613
114 3.68000006676
115 3.65300011635
116 3.617000103
117 3.58500003815
118 3.56399989128
119 3.52200007439
120 3.51300001144
121 3.48099994659
122 3.44400000572
123 3.41100001335
124 3.40700006485
125 3.3900001049
126 3.42499995232
127 3.45900011063
128 3.47300004959
129 3.52800011635
130 3.56999993324
131 3.60899996758
132 3.66599988937
133 4.0110001564
134 4.04400014877
135 4.08599996567
136 4.12599992752
137 4.13800001144
138 4.16099977493
139 4.21799993515
140 4.257999897
141 4.26000022888
142 4.3109998703
143 4.34299993515
144 4.38000011444
145 4.41499996185
146 4.46799993515
147 4.47499990463
148 4.51900005341
149 4.53200006485
150 4.55200004578
151 4.17899990082
152 4.28999996185
153 4.59200000763
154 3.26200008392
155 3.41000008583
156 4.71700000763
157 4.60699987411
158 4.54899978638
159 4.79699993134
160 4.82999992371
161 4.86199998856
162 4.90500020981
163 4.9310002327
164 4.96099996567
165 5.00299978256
166 5.00699996948
167 5.03000020981
168 3.12599992752
169 3.21900010109
170 3.367000103
171 4.08500003815
172 4.92100000381
173 4.87400007248
174 4.85400009155
175 4.83099985123
176 4.81799983978
177 4.82700014114
178 4.82000017166
179 4.84000015259
180 4.86899995804
181 4.90299987793
182 4.82499980927
183 5.29600000381
184 5.46000003815
185 5.48299980164
186 5.50299978256
187 5.5110001564
188 4.58699989319
189 4.57700014114
190 5.56199979782
191 5.57700014114
192 3.63000011444
193 3.52500009537
194 4.0560002327
195 4.03100013733
196 5.67700004578
197 5.71999979019
198 5.73199987411
199 5.76700019836
200 5.76499986649
201 5.80399990082
202 5.82600021362
203 5.82800006866
204 5.82999992371
205 5.85500001907
206 5.867000103
207 5.87799978256
208 5.86600017548
209 5.91200017929
210 5.92299985886
211 5.93699979782
212 5.96199989319
213 5.97700023651
214 5.97700023651
215 6.00500011444
216 6.01000022888
217 6.03100013733
218 6.04799985886
219 6.06199979782
220 6.07700014114
221 6.07800006866
222 6.07299995422
223 6.09200000763
224 6.09700012207
225 6.09200000763
226 6.10799980164
227 6.12400007248
228 6.12300014496
229 6.12599992752
230 6.16099977493
231 6.16699981689
232 6.16699981689
233 6.17000007629
234 6.20900011063
235 6.19899988174
236 6.22300004959
237 6.22399997711
238 6.24499988556
239 6.23699998856
240 6.22300004959
241 6.24300003052
242 6.21899986267
243 6.21700000763
244 6.242000103
245 6.24900007248
246 6.22200012207
247 6.21400022507
248 6.23600006104
249 6.25400018692
250 6.242000103
251 6.25699996948
252 6.26700019836
253 6.24599981308
254 6.27400016785
255 6.26800012589
256 6.24900007248
257 6.26700019836
258 6.25899982452
259 6.23799991608
260 6.22300004959
261 6.21500015259
262 6.2389998436
263 6.22599983215
264 6.22100019455
265 6.23400020599
266 6.21899986267
267 6.19999980927
268 6.1970000267
269 6.21199989319
270 6.22499990463
271 6.21500015259
272 6.20800018311
273 6.125
274 5.83099985123
275 5.79500007629
276 5.75400018692
277 5.71199989319
278 5.71999979019
279 5.72100019455
280 5.73299980164
281 5.74499988556
282 5.8060002327
283 5.9470000267
284 6.06300020218
285 6.0609998703
286 6.06500005722
287 6.04099988937
288 6.06500005722
289 6.03700017929
290 6.02600002289
291 6.01999998093
292 5.99700021744
293 5.29899978638
294 5.05900001526
295 5.01900005341
296 5.01200008392
297 5.02199983597
298 2.41199994087
299 2.40100002289
300 2.42499995232
301 5.12099981308
302 5.6859998703
303 5.39200019836
304 5.24700021744
305 5.24399995804
306 5.20200014114
307 5.18699979782
308 5.22499990463
309 5.21199989319
310 5.31300020218
311 5.54899978638
312 5.64900016785
313 5.625
314 5.59499979019
315 5.57899999619
316 5.57000017166
317 5.52400016785
318 5.50899982452
319 5.31599998474
320 5.1139998436
321 5.43800020218
322 5.44999980927
323 5.42700004578
324 5.40700006485
325 5.39400005341
326 5.35400009155
327 5.32100009918
328 5.30100011826
329 4.37599992752
330 4.05800008774
331 4.09600019455
332 5.00899982452
333 5.16900014877
334 5.14599990845
335 5.10599994659
336 5.09000015259
337 5.0560002327
338 5.03900003433
339 5.02699995041
340 4.95800018311
341 4.8109998703
342 4.94999980927
343 4.94199991226
344 4.90000009537
345 4.87900018692
346 4.82999992371
347 4.69600009918
348 4.55499982834
349 4.72800016403
350 4.69299983978
351 4.67399978638
352 4.64200019836
353 4.6139998436
354 4.59899997711
355 4.56699991226
356 4.30700016022
357 4.35099983215
358 4.46000003815
359 4.46199989319
360 4.42399978638
361 4.40600013733
362 4.38999986649
363 4.36600017548
364 4.32600021362
365 4.28999996185
366 4.24900007248
367 4.1939997673
368 4.17199993134
369 4.15100002289
370 4.1139998436
371 4.07800006866
372 4.04300022125
373 3.99699997902
374 3.96799993515
375 3.9509999752
376 3.92499995232
377 3.88599991798
378 3.87800002098
379 3.84200000763
380 3.82500004768
381 3.72799992561
382 3.61800003052
383 3.59400010109
384 3.55599999428
385 3.52999997139
386 3.49399995804
387 3.45600008965
388 3.41400003433
389 3.38700008392
390 3.36500000954
391 3.34200000763
392 3.30599999428
393 3.26799988747
394 3.25999999046
395 3.25699996948
396 3.28900003433
397 3.31100010872
398 3.35500001907
399 3.39800000191
400 3.44199991226
401 3.47499990463
402 3.50999999046
403 3.54600000381
404 3.59299993515
405 3.64299988747
406 3.68499994278
407 3.7349998951
408 3.74000000954
409 3.78200006485
410 3.83999991417
411 3.88000011444
412 3.92700004578
413 4.00099992752
414 4.06199979782
415 4.10900020599
416 4.17999982834
417 4.22300004959
418 4.28900003433
419 4.37699985504
420 4.42399978638
421 4.50600004196
422 4.59999990463
423 4.65500020981
424 4.73000001907
425 4.80800008774
426 4.91599988937
427 5.01300001144
428 5.11000013351
429 5.19999980927
430 5.3109998703
431 5.40799999237
432 5.52699995041
433 5.65000009537
434 5.76200008392
435 5.89200019836
436 6.02500009537
437 6.15799999237
438 6.31199979782
439 6.46299982071
440 6.49800014496
441 6.60599994659
442 6.46299982071
443 3.05599999428
444 3.05200004578
445 3.03399991989
446 3.02600002289
447 3.01300001144
448 3.0039999485
449 3.01099991798
450 2.99499988556
451 2.98099994659
452 2.97699999809
453 2.97600007057
454 2.96900010109
455 2.98200011253
456 2.96799993515
457 2.94799995422
458 2.96700000763
459 2.96399998665
460 2.93400001526
461 2.93899989128
462 2.94199991226
463 2.93099999428
464 2.9279999733
465 2.91899991035
466 2.9319999218
467 2.92199993134
468 2.92199993134
469 2.90599989891
470 2.66300010681
471 2.64599990845
472 2.632999897
473 2.64400005341
474 0.934000015259
475 0.707000017166
476 0.695999979973
477 0.921000003815
478 2.65700006485
479 2.64499998093
480 2.65199995041
481 2.65199995041
482 2.65199995041
483 2.64100003242
484 2.64499998093
485 2.65000009537
486 2.66599988937
487 2.66400003433
488 2.67600011826
489 2.68099999428
490 2.84500002861
491 2.94199991226
492 2.9279999733
493 2.93499994278
494 2.94099998474
495 2.96300005913
496 2.94499993324
497 2.95000004768
498 2.97399997711
499 2.96099996567
500 2.97600007057
501 2.96199989319
502 2.97499990463
503 2.99099993706
504 3.00500011444
505 3.00099992752
506 3.01399993896
507 3.01099991798
508 3.01900005341
509 3.01600003242
510 3.04399991035
511 3.04099988937
512 3.0490000248
513 3.07100009918
514 3.06299996376
515 3.06999993324
516 3.08599996567
517 3.10199999809
518 3.11999988556
519 3.11400008202
520 3.10700011253
521 3.14299988747
522 3.15199995041
523 3.16400003433
524 0.924000024796
525 0.903999984264
526 0.902000010014
527 0.941999971867
528 3.03299999237
529 2.97900009155
530 2.92700004578
531 2.87700009346
532 2.82500004768
533 2.77500009537
534 2.71900010109
535 2.72000002861
536 2.9509999752
537 1.11000001431
538 1.07099997997
539 1.05200004578
540 1.02499997616
