0 4.51999998093
1 4.4390001297
2 4.4279999733
3 4.48199987411
4 4.53499984741
5 4.63000011444
6 4.67999982834
7 4.71199989319
8 4.742000103
9 4.77600002289
10 4.8029999733
11 4.84200000763
12 4.87400007248
13 4.88399982452
14 4.92999982834
15 4.93699979782
16 4.83799982071
17 4.85300016403
18 4.88899993896
19 4.97399997711
20 5.14900016785
21 5.19500017166
22 5.23299980164
23 5.27899980545
24 5.31500005722
25 5.36299991608
26 5.41599988937
27 5.44999980927
28 5.5
29 5.5560002327
30 5.60699987411
31 5.64499998093
32 5.70300006866
33 0.0
34 17.1679992676
35 17.1499996185
36 17.1539993286
37 0.0
38 0.0
39 0.0
40 17.236000061
41 17.170999527
42 17.0599994659
43 17.0130004883
44 16.5340003967
45 16.5510005951
46 16.5259990692
47 13.1669998169
48 13.0830001831
49 12.3470001221
50 11.9510002136
51 11.5939998627
52 11.6099996567
53 11.6319999695
54 11.6169996262
55 11.3420000076
56 11.0059995651
57 10.4639997482
58 10.1350002289
59 8.33399963379
60 8.32999992371
61 8.20300006866
62 7.9279999733
63 7.64599990845
64 7.45800018311
65 7.25400018692
66 7.0689997673
67 6.89400005341
68 6.79099988937
69 6.79099988937
70 6.80499982834
71 6.82499980927
72 6.85599994659
73 6.87900018692
74 6.78900003433
75 6.63800001144
76 6.52799987793
77 6.40799999237
78 6.26800012589
79 6.15600013733
80 5.23500013351
81 4.97200012207
82 4.85699987411
83 4.76999998093
84 4.68499994278
85 4.60599994659
86 4.54400014877
87 4.48600006104
88 4.41800022125
89 4.35099983215
90 4.29300022125
91 4.21899986267
92 4.1779999733
93 4.10599994659
94 4.03299999237
95 3.99300003052
96 3.93700003624
97 3.90700006485
98 3.84500002861
99 3.81200003624
100 3.77699995041
101 3.79099988937
102 3.82999992371
103 3.84500002861
104 3.88199996948
105 3.89199995995
106 3.94199991226
107 3.95199990273
108 3.9240000248
109 3.86899995804
110 3.84699988365
111 3.80800008774
112 3.77300000191
113 3.71700000763
114 3.69400000572
115 3.66000008583
116 3.61999988556
117 3.60700011253
118 3.55900001526
119 3.54600000381
120 3.5150001049
121 3.48399996758
122 3.43000006676
123 3.40400004387
124 3.41700005531
125 3.39700007439
126 3.43099999428
127 3.46099996567
128 3.49799990654
129 3.53800010681
130 3.57500004768
131 3.60700011253
132 3.65599989891
133 4.03000020981
134 4.0689997673
135 4.07800006866
136 4.11999988556
137 4.15999984741
138 4.20200014114
139 4.19999980927
140 4.24800014496
141 4.28700017929
142 4.33199977875
143 4.35799980164
144 4.40600013733
145 4.43699979782
146 4.46899986267
147 4.47399997711
148 4.50500011444
149 4.53999996185
150 4.55399990082
151 4.18699979782
152 4.3109998703
153 4.57999992371
154 3.27699995041
155 3.43600010872
156 4.71700000763
157 4.60400009155
158 4.56300020218
159 4.78800010681
160 4.82700014114
161 4.86800003052
162 4.90600013733
163 4.9310002327
164 4.96999979019
165 5.00199985504
166 5.02899980545
167 5.04400014877
168 3.13800001144
169 3.22900009155
170 3.3789999485
171 4.10400009155
172 4.9279999733
173 4.87799978256
174 4.85099983215
175 4.83300018311
176 4.8220000267
177 4.81699991226
178 4.83900022507
179 4.85599994659
180 4.88800001144
181 4.89799976349
182 4.82299995422
183 5.33799982071
184 5.47399997711
185 5.46999979019
186 5.50600004196
187 5.51700019836
188 4.60300016403
189 4.58699989319
190 5.5720000267
191 5.60300016403
192 3.64599990845
193 3.53600001335
194 4.0720000267
195 4.03999996185
196 5.67500019073
197 5.70300006866
198 5.742000103
199 5.77099990845
200 5.78200006485
201 5.81599998474
202 5.82899999619
203 5.84000015259
204 5.83500003815
205 5.84899997711
206 5.88500022888
207 5.87900018692
208 5.90899991989
209 5.91499996185
210 5.90700006485
211 5.94500017166
212 5.94899988174
213 5.96299982071
214 5.97599983215
215 6.00899982452
216 6.02199983597
217 6.03999996185
218 6.05900001526
219 6.09499979019
220 6.08199977875
221 6.09299993515
222 6.07700014114
223 6.09100008011
224 6.10799980164
225 6.11600017548
226 6.13000011444
227 6.13999986649
228 6.14400005341
229 6.15000009537
230 6.15399980545
231 6.15000009537
232 6.19099998474
233 6.19799995422
234 6.20900011063
235 6.22599983215
236 6.24399995804
237 6.23199987411
238 6.22800016403
239 6.22499990463
240 6.23999977112
241 6.23000001907
242 6.22100019455
243 6.22700023651
244 6.23600006104
245 6.22399997711
246 6.25099992752
247 6.24300003052
248 6.23400020599
249 6.25600004196
250 6.26200008392
251 6.27099990845
252 6.27799987793
253 6.27699995041
254 6.29199981689
255 6.28000020981
256 6.26900005341
257 6.27199983597
258 6.23999977112
259 6.24599981308
260 6.24800014496
261 6.22599983215
262 6.23400020599
263 6.24599981308
264 6.21600008011
265 6.22300004959
266 6.21899986267
267 6.21799993515
268 6.21600008011
269 6.23199987411
270 6.24100017548
271 6.22200012207
272 6.22900009155
273 6.14499998093
274 5.84800004959
275 5.79799985886
276 5.75699996948
277 5.74399995804
278 5.72900009155
279 5.71899986267
280 5.75
281 5.78000020981
282 5.81500005722
283 5.96099996567
284 6.10099983215
285 6.06199979782
286 6.08599996567
287 6.0689997673
288 6.06300020218
289 6.0609998703
290 6.04600000381
291 6.01800012589
292 6.00600004196
293 5.29600000381
294 5.0560002327
295 5.03299999237
296 5.02099990845
297 5.03200006485
298 2.40199995041
299 2.41799998283
300 2.43400001526
301 5.10900020599
302 5.69000005722
303 5.3860001564
304 5.242000103
305 5.24700021744
306 5.21500015259
307 5.19999980927
308 5.21199989319
309 5.23000001907
310 5.33300018311
311 5.5529999733
312 5.65000009537
313 5.63000011444
314 5.61000013351
315 5.57399988174
316 5.55999994278
317 5.55000019073
318 5.53299999237
319 5.32899999619
320 5.10200023651
321 5.45300006866
322 5.45499992371
323 5.43200016022
324 5.42600011826
325 5.38199996948
326 5.36499977112
327 5.33500003815
328 5.3029999733
329 4.36800003052
330 4.07399988174
331 4.10400009155
332 5.04300022125
333 5.17700004578
334 5.14099979401
335 5.12099981308
336 5.09800004959
337 5.07899999619
338 5.04400014877
339 5.03200006485
340 4.95499992371
341 4.81799983978
342 4.97300004959
343 4.94500017166
344 4.91200017929
345 4.87200021744
346 4.84399986267
347 4.71299982071
348 4.56799983978
349 4.73099994659
350 4.71700000763
351 4.69500017166
352 4.66300010681
353 4.63800001144
354 4.59600019455
355 4.56300020218
356 4.31599998474
357 4.36100006104
358 4.48099994659
359 4.48099994659
360 4.44299983978
361 4.40399980545
362 4.40399980545
363 4.367000103
364 4.3189997673
365 4.29199981689
366 4.23799991608
367 4.22700023651
368 4.18300008774
369 4.14499998093
370 4.12300014496
371 4.08199977875
372 4.05999994278
373 4.03200006485
374 3.99799990654
375 3.95000004768
376 3.91799998283
377 3.91000008583
378 3.89100003242
379 3.85100007057
380 3.81699991226
381 3.72499990463
382 3.62800002098
383 3.6099998951
384 3.55599999428
385 3.53200006485
386 3.4849998951
387 3.45900011063
388 3.42300009727
389 3.41400003433
390 3.38599991798
391 3.32500004768
392 3.32299995422
393 3.29500007629
394 3.26699995995
395 3.26399993896
396 3.31599998474
397 3.32100009918
398 3.37199997902
399 3.41199994087
400 3.4470000267
401 3.47499990463
402 3.52699995041
403 3.56100010872
404 3.60899996758
405 3.632999897
406 3.69000005722
407 3.73699998856
408 3.75200009346
409 3.80200004578
410 3.84299993515
411 3.882999897
412 3.94000005722
413 3.98399996758
414 4.07499980927
415 4.1360001564
416 4.20200014114
417 4.25400018692
418 4.32399988174
419 4.38399982452
420 4.44500017166
421 4.52400016785
422 4.60300016403
423 4.67100000381
424 4.73999977112
425 4.82600021362
426 4.92100000381
427 5.01800012589
428 5.11000013351
429 5.20900011063
430 5.31199979782
431 5.42399978638
432 5.53100013733
433 5.65600013733
434 5.77199983597
435 5.89599990845
436 6.02400016785
437 6.15899991989
438 6.30700016022
439 6.47700023651
440 6.50500011444
441 6.60500001907
442 6.45399999619
443 3.06999993324
444 3.04600000381
445 3.05200004578
446 3.02900004387
447 3.02300000191
448 3.02399992943
449 3.0039999485
450 3.00300002098
451 3.01300001144
452 2.9960000515
453 3.00300002098
454 2.97600007057
455 2.97300004959
456 2.97300004959
457 2.96799993515
458 2.9509999752
459 2.96099996567
460 2.94400000572
461 2.95199990273
462 2.95000004768
463 2.93300008774
464 2.93499994278
465 2.9319999218
466 2.93899989128
467 2.93700003624
468 2.9279999733
469 2.91599988937
470 2.68300008774
471 2.63700008392
472 2.63800001144
473 2.65199995041
474 0.949999988079
475 0.714999973774
476 0.717000007629
477 0.925999999046
478 2.6740000248
479 2.65599989891
480 2.66400003433
481 2.65499997139
482 2.66799998283
483 2.65000009537
484 2.66799998283
485 2.66199994087
486 2.6740000248
487 2.67100000381
488 2.67499995232
489 2.67499995232
490 2.83200001717
491 2.94899988174
492 2.9470000267
493 2.9430000782
494 2.96199989319
495 2.95000004768
496 2.9509999752
497 2.97499990463
498 2.97900009155
499 2.96799993515
500 2.99000000954
501 2.98600006104
502 2.97499990463
503 2.99499988556
504 2.99499988556
505 2.9960000515
506 3.00699996948
507 3.02300000191
508 3.03399991989
509 3.03099989891
510 3.05399990082
511 3.05100011826
512 3.06599998474
513 3.08400011063
514 3.0759999752
515 3.0680000782
516 3.09800004959
517 3.10700011253
518 3.12800002098
519 3.11899995804
520 3.14100003242
521 3.15300011635
522 3.16799998283
523 3.17700004578
524 0.938000023365
525 0.919000029564
526 0.93599998951
527 0.948000013828
528 3.04600000381
529 2.9960000515
530 2.94499993324
531 2.88199996948
532 2.84100008011
533 2.79399991035
534 2.7460000515
535 2.71799993515
536 2.95700001717
537 1.10099995136
538 1.09500002861
539 1.06400001049
540 1.03199994564
