0 4.51800012589
1 4.42899990082
2 4.4470000267
3 4.4470000267
4 4.53100013733
5 4.63800001144
6 4.67999982834
7 4.71400022507
8 4.72700023651
9 4.75600004196
10 4.80499982834
11 4.83199977875
12 4.86100006104
13 4.88700008392
14 4.92299985886
15 4.93800020218
16 4.84899997711
17 4.84499979019
18 4.88000011444
19 4.96700000763
20 5.14200019836
21 5.18499994278
22 5.22499990463
23 5.26900005341
24 5.31799983978
25 5.35799980164
26 5.40600013733
27 5.45300006866
28 5.49900007248
29 5.53900003433
30 5.60200023651
31 5.64400005341
32 5.65399980545
33 0.0
34 17.1490001678
35 17.1229991913
36 17.1340007782
37 0.0
38 0.0
39 0.0
40 17.2409992218
41 17.1609992981
42 17.0680007935
43 17.0130004883
44 16.5200004578
45 16.5289993286
46 16.517999649
47 13.156999588
48 13.0860004425
49 12.3339996338
50 11.9219999313
51 11.5839996338
52 11.5869998932
53 11.6169996262
54 11.6190004349
55 11.3330001831
56 10.9960002899
57 10.4519996643
58 10.1140003204
59 8.29899978638
60 8.35099983215
61 8.18000030518
62 7.90999984741
63 7.63399982452
64 7.46000003815
65 7.23999977112
66 7.05700016022
67 6.90199995041
68 6.78299999237
69 6.78599977493
70 6.79400014877
71 6.82000017166
72 6.83599996567
73 6.86100006104
74 6.79799985886
75 6.6360001564
76 6.50199985504
77 6.38700008392
78 6.26200008392
79 6.14300012589
80 5.23500013351
81 4.96600008011
82 4.85500001907
83 4.76499986649
84 4.68200016022
85 4.60500001907
86 4.54099988937
87 4.45900011063
88 4.37599992752
89 4.31799983978
90 4.26200008392
91 4.20200014114
92 4.16099977493
93 4.09600019455
94 4.03100013733
95 3.98799991608
96 3.93600010872
97 3.88000011444
98 3.82999992371
99 3.77600002289
100 3.77500009537
101 3.79500007629
102 3.82800006866
103 3.84400010109
104 3.87400007248
105 3.90400004387
106 3.9319999218
107 3.95799994469
108 3.90700006485
109 3.86299991608
110 3.83599996567
111 3.79500007629
112 3.76799988747
113 3.73000001907
114 3.68300008774
115 3.65499997139
116 3.63499999046
117 3.59800004959
118 3.56200003624
119 3.51399993896
120 3.49000000954
121 3.46900010109
122 3.4509999752
123 3.42199993134
124 3.39599990845
125 3.39899992943
126 3.41400003433
127 3.4509999752
128 3.47499990463
129 3.52999997139
130 3.56599998474
131 3.60800004005
132 3.67300009727
133 4.02299976349
134 4.06199979782
135 4.07100009918
136 4.10500001907
137 4.13199996948
138 4.17299985886
139 4.19099998474
140 4.23999977112
141 4.26200008392
142 4.32399988174
143 4.32299995422
144 4.36899995804
145 4.41499996185
146 4.45800018311
147 4.49499988556
148 4.51700019836
149 4.53100013733
150 4.54500007629
151 4.1939997673
152 4.29500007629
153 4.59999990463
154 3.26600003242
155 3.41700005531
156 4.71500015259
157 4.60799980164
158 4.55399990082
159 4.78900003433
160 4.83199977875
161 4.86999988556
162 4.90299987793
163 4.92199993134
164 4.95699977875
165 4.99599981308
166 5.02299976349
167 5.03900003433
168 3.13800001144
169 3.23099994659
170 3.35800004005
171 4.10599994659
172 4.90899991989
173 4.87200021744
174 4.84299993515
175 4.83699989319
176 4.83500003815
177 4.8140001297
178 4.82399988174
179 4.84100008011
180 4.86899995804
181 4.90199995041
182 4.80900001526
183 5.3109998703
184 5.46799993515
185 5.47200012207
186 5.5
187 5.51599979401
188 4.58900022507
189 4.5609998703
190 5.56300020218
191 5.58799982071
192 3.63800001144
193 3.51699995995
194 4.07800006866
195 4.03800010681
196 5.69899988174
197 5.71000003815
198 5.73000001907
199 5.75500011444
200 5.76800012589
201 5.78299999237
202 5.80999994278
203 5.82600021362
204 5.84600019455
205 5.83599996567
206 5.86600017548
207 5.87400007248
208 5.89300012589
209 5.8860001564
210 5.90899991989
211 5.92999982834
212 5.94799995422
213 5.94899988174
214 5.98600006104
215 5.98999977112
216 6.01300001144
217 6.03299999237
218 6.03900003433
219 6.06500005722
220 6.08300018311
221 6.06300020218
222 6.09299993515
223 6.09000015259
224 6.10200023651
225 6.09700012207
226 6.125
227 6.1139998436
228 6.13000011444
229 6.12900018692
230 6.16099977493
231 6.15000009537
232 6.17600011826
233 6.18300008774
234 6.21099996567
235 6.19500017166
236 6.21999979019
237 6.21700000763
238 6.23199987411
239 6.23500013351
240 6.22399997711
241 6.21799993515
242 6.23600006104
243 6.23699998856
244 6.24700021744
245 6.22900009155
246 6.23299980164
247 6.23600006104
248 6.24499988556
249 6.257999897
250 6.26599979401
251 6.2389998436
252 6.26200008392
253 6.26200008392
254 6.28299999237
255 6.27199983597
256 6.25199985504
257 6.25400018692
258 6.23799991608
259 6.23999977112
260 6.21999979019
261 6.21899986267
262 6.22100019455
263 6.22300004959
264 6.23500013351
265 6.22900009155
266 6.21400022507
267 6.22499990463
268 6.20399999619
269 6.20100021362
270 6.21199989319
271 6.21199989319
272 6.20699977875
273 6.12699985504
274 5.84800004959
275 5.76399993896
276 5.75699996948
277 5.73299980164
278 5.71999979019
279 5.71999979019
280 5.742000103
281 5.76499986649
282 5.8029999733
283 5.95399999619
284 6.08199977875
285 6.07899999619
286 6.07299995422
287 6.05900001526
288 6.0609998703
289 6.04799985886
290 6.01599979401
291 5.99599981308
292 5.99900007248
293 5.30000019073
294 5.04899978638
295 5.02699995041
296 5.02099990845
297 5.01499986649
298 2.41899991035
299 2.41000008583
300 2.43300008774
301 5.10099983215
302 5.6939997673
303 5.39099979401
304 5.24599981308
305 5.2389998436
306 5.19099998474
307 5.19600009918
308 5.21400022507
309 5.23000001907
310 5.3109998703
311 5.54400014877
312 5.63999986649
313 5.62599992752
314 5.60799980164
315 5.58500003815
316 5.5609998703
317 5.52600002289
318 5.50199985504
319 5.32600021362
320 5.09399986267
321 5.46099996567
322 5.42899990082
323 5.4279999733
324 5.40600013733
325 5.38800001144
326 5.35500001907
327 5.32899999619
328 5.29600000381
329 4.35500001907
330 4.05800008774
331 4.09999990463
332 5.00199985504
333 5.17100000381
334 5.1360001564
335 5.11499977112
336 5.09499979019
337 5.05700016022
338 5.04099988937
339 5.01499986649
340 4.9470000267
341 4.80499982834
342 4.94500017166
343 4.93499994278
344 4.90299987793
345 4.85799980164
346 4.83599996567
347 4.69299983978
348 4.56699991226
349 4.72399997711
350 4.71000003815
351 4.67600011826
352 4.63999986649
353 4.61100006104
354 4.57600021362
355 4.56599998474
356 4.32299995422
357 4.34499979019
358 4.48799991608
359 4.4439997673
360 4.42000007629
361 4.41900014877
362 4.37799978256
363 4.34800004959
364 4.30200004578
365 4.28399991989
366 4.25199985504
367 4.19099998474
368 4.15799999237
369 4.15199995041
370 4.10699987411
371 4.08699989319
372 4.03100013733
373 4.01999998093
374 3.99300003052
375 3.95700001717
376 3.94000005722
377 3.88800001144
378 3.8599998951
379 3.84200000763
380 3.82100009918
381 3.71000003815
382 3.63899993896
383 3.59200000763
384 3.56699991226
385 3.52900004387
386 3.492000103
387 3.46399998665
388 3.41199994087
389 3.38899993896
390 3.35400009155
391 3.34500002861
392 3.30900001526
393 3.26399993896
394 3.24900007248
395 3.26200008392
396 3.30599999428
397 3.33400011063
398 3.36400008202
399 3.40300011635
400 3.41799998283
401 3.47600007057
402 3.51399993896
403 3.55399990082
404 3.59299993515
405 3.62199997902
406 3.67600011826
407 3.72399997711
408 3.73300004005
409 3.77999997139
410 3.83999991417
411 3.89100003242
412 3.92000007629
413 4.00099992752
414 4.0560002327
415 4.11499977112
416 4.17600011826
417 4.24900007248
418 4.3060002327
419 4.3860001564
420 4.42399978638
421 4.49399995804
422 4.59299993515
423 4.65999984741
424 4.73000001907
425 4.80200004578
426 4.91099977493
427 5.00699996948
428 5.1139998436
429 5.20100021362
430 5.32000017166
431 5.42199993134
432 5.53299999237
433 5.63700008392
434 5.757999897
435 5.89499998093
436 6.02500009537
437 6.16300010681
438 6.30900001526
439 6.46199989319
440 6.49300003052
441 6.59600019455
442 6.44799995422
443 3.08299994469
444 3.04800009727
445 3.02099990845
446 3.01799988747
447 3.01300001144
448 3.0
449 2.99399995804
450 3.00600004196
451 3.0039999485
452 2.98799991608
453 2.99300003052
454 2.96600008011
455 2.97900009155
456 2.96000003815
457 2.97499990463
458 2.95300006866
459 2.95700001717
460 2.93700003624
461 2.9430000782
462 2.9430000782
463 2.93499994278
464 2.93700003624
465 2.91899991035
466 2.93799996376
467 2.91700005531
468 2.92499995232
469 2.91100001335
470 2.6740000248
471 2.64100003242
472 2.61899995804
473 2.6289999485
474 0.933000028133
475 0.705999970436
476 0.712000012398
477 0.930999994278
478 2.65499997139
479 2.65199995041
480 2.65400004387
481 2.64100003242
482 2.63000011444
483 2.64100003242
484 2.66000008583
485 2.65499997139
486 2.66100001335
487 2.66300010681
488 2.65799999237
489 2.68799996376
490 2.81999993324
491 2.93899989128
492 2.92700004578
493 2.93700003624
494 2.95700001717
495 2.95799994469
496 2.9470000267
497 2.95600008965
498 2.97799992561
499 2.97600007057
500 2.97799992561
501 2.97099995613
502 2.98099994659
503 2.99900007248
504 3.00500011444
505 3.00300002098
506 2.99699997902
507 3.02099990845
508 3.01399993896
509 3.02600002289
510 3.03500008583
511 3.04800009727
512 3.06699991226
513 3.0680000782
514 3.06399989128
515 3.07699990273
516 3.10100007057
517 3.09899997711
518 3.09999990463
519 3.1099998951
520 3.11999988556
521 3.15199995041
522 3.14700007439
523 3.16300010681
524 0.938000023365
525 0.919000029564
526 0.893000006676
527 0.941999971867
528 3.03399991989
529 2.98399996758
530 2.93799996376
531 2.88000011444
532 2.83200001717
533 2.76799988747
534 2.73900008202
535 2.70700001717
536 2.94600009918
537 1.16400003433
538 1.10199999809
539 1.04299998283
540 1.01300001144
