0 4.50699996948
1 4.4310002327
2 4.45599985123
3 4.46799993515
4 4.53000020981
5 4.64900016785
6 4.68200016022
7 4.69999980927
8 4.73299980164
9 4.76499986649
10 4.80399990082
11 4.82600021362
12 4.86100006104
13 4.89599990845
14 4.93499994278
15 4.92700004578
16 4.8189997673
17 4.85099983215
18 4.88899993896
19 4.96299982071
20 5.15100002289
21 5.18800020218
22 5.21999979019
23 5.27199983597
24 5.3220000267
25 5.36100006104
26 5.41300010681
27 5.45699977875
28 5.50199985504
29 5.53900003433
30 5.57899999619
31 5.64699983597
32 5.69199991226
33 0.0
34 17.1469993591
35 17.1469993591
36 17.1529998779
37 0.0
38 0.0
39 0.0
40 17.2409992218
41 17.1660003662
42 17.0690002441
43 17.0160007477
44 16.5279998779
45 16.5510005951
46 16.5209999084
47 13.1660003662
48 13.0710000992
49 12.3470001221
50 11.9350004196
51 11.5979995728
52 11.6149997711
53 11.6180000305
54 11.6149997711
55 11.3529996872
56 11.0190000534
57 10.4429998398
58 10.1059999466
59 8.36600017548
60 8.34200000763
61 8.19600009918
62 7.90100002289
63 7.62900018692
64 7.4390001297
65 7.23500013351
66 7.07800006866
67 6.89099979401
68 6.78399991989
69 6.78299999237
70 6.79199981689
71 6.83400011063
72 6.85300016403
73 6.87099981308
74 6.80000019073
75 6.63800001144
76 6.52500009537
77 6.38399982452
78 6.27699995041
79 6.14699983597
80 5.21999979019
81 4.97700023651
82 4.84499979019
83 4.76800012589
84 4.68400001526
85 4.60900020599
86 4.54600000381
87 4.48000001907
88 4.42000007629
89 4.34200000763
90 4.28200006485
91 4.22599983215
92 4.15299987793
93 4.1139998436
94 4.03000020981
95 3.9849998951
96 3.94000005722
97 3.89899992943
98 3.83999991417
99 3.79200005531
100 3.77200007439
101 3.79200005531
102 3.83699989319
103 3.85400009155
104 3.882999897
105 3.91100001335
106 3.9430000782
107 3.94499993324
108 3.92199993134
109 3.882999897
110 3.82399988174
111 3.80900001526
112 3.7650001049
113 3.73699998856
114 3.69899988174
115 3.66400003433
116 3.62700009346
117 3.58699989319
118 3.55200004578
119 3.53500008583
120 3.49399995804
121 3.45600008965
122 3.44199991226
123 3.41700005531
124 3.40199995041
125 3.39299988747
126 3.4319999218
127 3.45300006866
128 3.5
129 3.53900003433
130 3.56699991226
131 3.61100006104
132 3.6740000248
133 4.03499984741
134 4.06799983978
135 4.09899997711
136 4.10599994659
137 4.15100002289
138 4.18400001526
139 4.22900009155
140 4.25
141 4.26700019836
142 4.3140001297
143 4.35699987411
144 4.36199998856
145 4.40399980545
146 4.46000003815
147 4.49399995804
148 4.50500011444
149 4.52600002289
150 4.55700016022
151 4.20499992371
152 4.29400014877
153 4.58300018311
154 3.28299999237
155 3.42700004578
156 4.70699977875
157 4.59299993515
158 4.55499982834
159 4.80999994278
160 4.84299993515
161 4.86499977112
162 4.88500022888
163 4.93400001526
164 4.96199989319
165 5.0
166 5.01900005341
167 5.03499984741
168 3.14800000191
169 3.23399996758
170 3.38400006294
171 4.10099983215
172 4.92299985886
173 4.8639998436
174 4.85099983215
175 4.83599996567
176 4.82800006866
177 4.81500005722
178 4.82600021362
179 4.83500003815
180 4.88100004196
181 4.90899991989
182 4.8189997673
183 5.31799983978
184 5.46000003815
185 5.47300004959
186 5.49900007248
187 5.50699996948
188 4.58699989319
189 4.56500005722
190 5.56599998474
191 5.59100008011
192 3.65100002289
193 3.52800011635
194 4.07399988174
195 4.03800010681
196 5.69600009918
197 5.70900011063
198 5.72300004959
199 5.75299978256
200 5.78299999237
201 5.81599998474
202 5.83099985123
203 5.84800004959
204 5.84800004959
205 5.84999990463
206 5.87599992752
207 5.87699985504
208 5.90700006485
209 5.89599990845
210 5.93400001526
211 5.9310002327
212 5.96099996567
213 5.97300004959
214 5.99399995804
215 6.01200008392
216 6.01599979401
217 6.03700017929
218 6.05399990082
219 6.06799983978
220 6.09000015259
221 6.08599996567
222 6.08099985123
223 6.09399986267
224 6.1139998436
225 6.09999990463
226 6.10799980164
227 6.1139998436
228 6.12400007248
229 6.15500020981
230 6.15899991989
231 6.16900014877
232 6.16900014877
233 6.19899988174
234 6.19000005722
235 6.19199991226
236 6.23999977112
237 6.22700023651
238 6.22800016403
239 6.21700000763
240 6.23699998856
241 6.22700023651
242 6.22800016403
243 6.2389998436
244 6.23500013351
245 6.25
246 6.24499988556
247 6.21899986267
248 6.2389998436
249 6.26900005341
250 6.26000022888
251 6.25400018692
252 6.24599981308
253 6.27899980545
254 6.27899980545
255 6.28000020981
256 6.26000022888
257 6.26200008392
258 6.26599979401
259 6.2610001564
260 6.24900007248
261 6.21999979019
262 6.23000001907
263 6.22399997711
264 6.21400022507
265 6.21899986267
266 6.23600006104
267 6.22100019455
268 6.21299982071
269 6.21500015259
270 6.20900011063
271 6.20100021362
272 6.20399999619
273 6.13500022888
274 5.84100008011
275 5.79600000381
276 5.75699996948
277 5.72300004959
278 5.72800016403
279 5.73000001907
280 5.74499988556
281 5.75199985504
282 5.8060002327
283 5.95200014114
284 6.09299993515
285 6.08599996567
286 6.07700014114
287 6.05800008774
288 6.06300020218
289 6.06199979782
290 6.03700017929
291 6.01700019836
292 5.99800014496
293 5.29600000381
294 5.0560002327
295 5.03999996185
296 5.03399991989
297 5.01499986649
298 2.41300010681
299 2.41499996185
300 2.44000005722
301 5.10500001907
302 5.69299983978
303 5.38899993896
304 5.23699998856
305 5.23099994659
306 5.21799993515
307 5.19299983978
308 5.21799993515
309 5.22300004959
310 5.3109998703
311 5.54799985886
312 5.64699983597
313 5.63700008392
314 5.59800004959
315 5.58400011063
316 5.56199979782
317 5.52699995041
318 5.52400016785
319 5.32899999619
320 5.10200023651
321 5.46500015259
322 5.44000005722
323 5.43200016022
324 5.42000007629
325 5.39699983597
326 5.36899995804
327 5.33099985123
328 5.31199979782
329 4.37300014496
330 4.06599998474
331 4.11199998856
332 5.01999998093
333 5.17399978638
334 5.14699983597
335 5.12099981308
336 5.09499979019
337 5.0609998703
338 5.05100011826
339 5.03100013733
340 4.95900011063
341 4.81799983978
342 4.95399999619
343 4.9390001297
344 4.90899991989
345 4.8860001564
346 4.84100008011
347 4.69899988174
348 4.5560002327
349 4.72700023651
350 4.71899986267
351 4.68800020218
352 4.65299987793
353 4.61800003052
354 4.60200023651
355 4.55499982834
356 4.3109998703
357 4.36499977112
358 4.47399997711
359 4.46700000763
360 4.44000005722
361 4.41499996185
362 4.39400005341
363 4.34200000763
364 4.32100009918
365 4.28299999237
366 4.23699998856
367 4.18800020218
368 4.16599988937
369 4.13199996948
370 4.11299991608
371 4.07999992371
372 4.04799985886
373 4.02299976349
374 3.97199988365
375 3.96600008011
376 3.91300010681
377 3.88899993896
378 3.86500000954
379 3.85100007057
380 3.82999992371
381 3.71900010109
382 3.62400007248
383 3.60299992561
384 3.55100011826
385 3.52399992943
386 3.48200011253
387 3.45300006866
388 3.42899990082
389 3.39199995995
390 3.3599998951
391 3.34800004959
392 3.2990000248
393 3.27999997139
394 3.27200007439
395 3.26200008392
396 3.29299998283
397 3.34699988365
398 3.37800002098
399 3.39599990845
400 3.44499993324
401 3.47900009155
402 3.51699995995
403 3.55399990082
404 3.58599996567
405 3.62700009346
406 3.68600010872
407 3.72300004959
408 3.72199988365
409 3.79699993134
410 3.83599996567
411 3.875
412 3.94099998474
413 3.97900009155
414 4.04699993134
415 4.12400007248
416 4.18300008774
417 4.25
418 4.30999994278
419 4.35699987411
420 4.44899988174
421 4.52799987793
422 4.59499979019
423 4.65600013733
424 4.742000103
425 4.82499980927
426 4.90799999237
427 5.01700019836
428 5.09999990463
429 5.21199989319
430 5.31500005722
431 5.43200016022
432 5.52099990845
433 5.64499998093
434 5.76599979401
435 5.90100002289
436 6.02799987793
437 6.15999984741
438 6.30900001526
439 6.47200012207
440 6.50600004196
441 6.61100006104
442 6.46500015259
443 3.08100008965
444 3.05200004578
445 3.05399990082
446 3.02099990845
447 3.03099989891
448 3.03500008583
449 3.0039999485
450 2.99300003052
451 3.00099992752
452 2.98600006104
453 2.9960000515
454 2.97799992561
455 2.96499991417
456 2.98200011253
457 2.9509999752
458 2.95000004768
459 2.95199990273
460 2.94899988174
461 2.94499993324
462 2.9470000267
463 2.9430000782
464 2.9430000782
465 2.94099998474
466 2.93000006676
467 2.91700005531
468 2.92199993134
469 2.91300010681
470 2.65899991989
471 2.64800000191
472 2.65499997139
473 2.65400004387
474 0.950999975204
475 0.713999986649
476 0.70300000906
477 0.930000007153
478 2.65599989891
479 2.64599990845
480 2.65300011635
481 2.64199995995
482 2.65199995041
483 2.66400003433
484 2.66599988937
485 2.64899992943
486 2.66599988937
487 2.67899990082
488 2.67100000381
489 2.66799998283
490 2.82699990273
491 2.94499993324
492 2.94499993324
493 2.95600008965
494 2.94199991226
495 2.94899988174
496 2.95900011063
497 2.96600008011
498 2.97199988365
499 2.97199988365
500 2.96900010109
501 2.97900009155
502 2.98799991608
503 2.98900008202
504 2.99799990654
505 2.9960000515
506 3.00500011444
507 3.02399992943
508 3.0150001049
509 3.01699995995
510 3.05100011826
511 3.04399991035
512 3.03999996185
513 3.07800006866
514 3.07699990273
515 3.08299994469
516 3.10199999809
517 3.08699989319
518 3.11999988556
519 3.13800001144
520 3.13400006294
521 3.14199995995
522 3.16599988937
523 3.17899990082
524 0.941999971867
525 0.90600001812
526 0.90499997139
527 0.936999976635
528 3.04999995232
529 2.98399996758
530 2.94099998474
531 2.88599991798
532 2.83200001717
533 2.76900005341
534 2.72399997711
535 2.70399999619
536 2.96399998665
537 1.10399997234
538 1.08299994469
539 1.0529999733
540 1.00699996948
