0 4.51399993896
1 4.42199993134
2 4.42399978638
3 4.44099998474
4 4.52099990845
5 4.65199995041
6 4.68800020218
7 4.70200014114
8 4.72700023651
9 4.78000020981
10 4.78999996185
11 4.8109998703
12 4.85799980164
13 4.89200019836
14 4.92199993134
15 4.92899990082
16 4.83799982071
17 4.84600019455
18 4.88700008392
19 4.94899988174
20 5.13899993896
21 5.17000007629
22 5.21600008011
23 5.26399993896
24 5.30900001526
25 5.35599994659
26 5.40199995041
27 5.45200014114
28 5.48400020599
29 5.54699993134
30 5.59600019455
31 5.62699985504
32 5.68300008774
33 0.0
34 17.1550006866
35 17.1509990692
36 17.1450004578
37 0.0
38 0.0
39 0.0
40 17.2290000916
41 17.1639995575
42 17.0569992065
43 17.0009994507
44 16.5149993896
45 16.5219993591
46 16.5249996185
47 13.1579999924
48 13.0640001297
49 12.3339996338
50 11.9490003586
51 11.6009998322
52 11.6009998322
53 11.6120004654
54 11.6260004044
55 11.3299999237
56 10.984000206
57 10.4709997177
58 10.0850000381
59 8.35599994659
60 8.33500003815
61 8.19900035858
62 7.89300012589
63 7.61199998856
64 7.42999982834
65 7.23099994659
66 7.04699993134
67 6.88999986649
68 6.77400016785
69 6.78499984741
70 6.79600000381
71 6.82399988174
72 6.84299993515
73 6.85799980164
74 6.78299999237
75 6.62900018692
76 6.50899982452
77 6.38800001144
78 6.27099990845
79 6.16300010681
80 5.21700000763
81 4.96400022507
82 4.84499979019
83 4.76200008392
84 4.67100000381
85 4.59999990463
86 4.53499984741
87 4.48199987411
88 4.40100002289
89 4.34299993515
90 4.28499984741
91 4.21799993515
92 4.14599990845
93 4.08300018311
94 4.00899982452
95 3.96700000763
96 3.92600011826
97 3.88800001144
98 3.83500003815
99 3.80399990082
100 3.7460000515
101 3.79299998283
102 3.82100009918
103 3.8259999752
104 3.86100006104
105 3.89599990845
106 3.93899989128
107 3.95199990273
108 3.92499995232
109 3.87700009346
110 3.85500001907
111 3.81399989128
112 3.76300001144
113 3.74099993706
114 3.69199991226
115 3.6400001049
116 3.60899996758
117 3.58599996567
118 3.55500006676
119 3.53699994087
120 3.5039999485
121 3.46300005913
122 3.43499994278
123 3.41000008583
124 3.40199995041
125 3.38199996948
126 3.41899991035
127 3.4430000782
128 3.49300003052
129 3.53200006485
130 3.57100009918
131 3.61100006104
132 3.66599988937
133 4.03299999237
134 4.04899978638
135 4.07800006866
136 4.11800003052
137 4.14599990845
138 4.18699979782
139 4.21999979019
140 4.25
141 4.26399993896
142 4.28999996185
143 4.35500001907
144 4.38000011444
145 4.41800022125
146 4.45900011063
147 4.48999977112
148 4.51800012589
149 4.53700017929
150 4.53999996185
151 4.17199993134
152 4.29300022125
153 4.59700012207
154 3.25500011444
155 3.43000006676
156 4.71500015259
157 4.60400009155
158 4.55100011826
159 4.79099988937
160 4.83400011063
161 4.85300016403
162 4.88399982452
163 4.92899990082
164 4.95100021362
165 4.9889998436
166 5.02400016785
167 5.03299999237
168 3.14100003242
169 3.20900011063
170 3.38100004196
171 4.09800004959
172 4.90799999237
173 4.88100004196
174 4.84800004959
175 4.83900022507
176 4.82700014114
177 4.80800008774
178 4.82700014114
179 4.83300018311
180 4.85599994659
181 4.8860001564
182 4.81599998474
183 5.30900001526
184 5.46000003815
185 5.46600008011
186 5.48799991608
187 5.51000022888
188 4.57700014114
189 4.57999992371
190 5.5560002327
191 5.59200000763
192 3.64599990845
193 3.51999998093
194 4.07499980927
195 4.03499984741
196 5.6859998703
197 5.70699977875
198 5.73600006104
199 5.76700019836
200 5.76900005341
201 5.80700016022
202 5.81199979782
203 5.82999992371
204 5.82800006866
205 5.85400009155
206 5.86999988556
207 5.88100004196
208 5.88100004196
209 5.90399980545
210 5.91099977493
211 5.92399978638
212 5.9279999733
213 5.96600008011
214 5.97900009155
215 6.00500011444
216 6.01800012589
217 6.03800010681
218 6.05999994278
219 6.06300020218
220 6.06500005722
221 6.06699991226
222 6.09800004959
223 6.08099985123
224 6.08900022507
225 6.10699987411
226 6.12900018692
227 6.13700008392
228 6.14099979401
229 6.12799978256
230 6.13800001144
231 6.15999984741
232 6.18200016022
233 6.18800020218
234 6.19500017166
235 6.19999980927
236 6.20699977875
237 6.23299980164
238 6.22700023651
239 6.23099994659
240 6.21299982071
241 6.21899986267
242 6.22300004959
243 6.22599983215
244 6.22499990463
245 6.24800014496
246 6.22900009155
247 6.23500013351
248 6.24900007248
249 6.25
250 6.23199987411
251 6.26900005341
252 6.26700019836
253 6.25
254 6.28299999237
255 6.26399993896
256 6.2610001564
257 6.26200008392
258 6.23199987411
259 6.23600006104
260 6.22399997711
261 6.23299980164
262 6.2389998436
263 6.22700023651
264 6.23299980164
265 6.20699977875
266 6.20900011063
267 6.21000003815
268 6.21600008011
269 6.22599983215
270 6.22900009155
271 6.20200014114
272 6.21400022507
273 6.13100004196
274 5.84800004959
275 5.78999996185
276 5.75299978256
277 5.72499990463
278 5.71600008011
279 5.71700000763
280 5.71700000763
281 5.74499988556
282 5.78599977493
283 5.95100021362
284 6.09600019455
285 6.08400011063
286 6.06199979782
287 6.04500007629
288 6.05499982834
289 6.03100013733
290 6.03900003433
291 6.00899982452
292 6.0
293 5.28999996185
294 5.05399990082
295 5.03000020981
296 5.03299999237
297 5.02400016785
298 2.41899991035
299 2.40199995041
300 2.42600011826
301 5.09499979019
302 5.67100000381
303 5.38199996948
304 5.23600006104
305 5.22599983215
306 5.21000003815
307 5.1890001297
308 5.20499992371
309 5.21999979019
310 5.32000017166
311 5.53100013733
312 5.64200019836
313 5.617000103
314 5.61100006104
315 5.57000017166
316 5.55700016022
317 5.53599977493
318 5.52099990845
319 5.32600021362
320 5.09299993515
321 5.43699979782
322 5.4439997673
323 5.41300010681
324 5.40999984741
325 5.39200019836
326 5.36000013351
327 5.33199977875
328 5.30200004578
329 4.36999988556
330 4.04099988937
331 4.12599992752
332 4.99800014496
333 5.16900014877
334 5.14099979401
335 5.11000013351
336 5.09200000763
337 5.0689997673
338 5.04899978638
339 5.02299976349
340 4.95200014114
341 4.80700016022
342 4.95499992371
343 4.92899990082
344 4.89200019836
345 4.867000103
346 4.82800006866
347 4.70300006866
348 4.55900001526
349 4.73799991608
350 4.70900011063
351 4.67000007629
352 4.64099979401
353 4.60900020599
354 4.57499980927
355 4.55200004578
356 4.31300020218
357 4.35099983215
358 4.48299980164
359 4.45900011063
360 4.45100021362
361 4.41599988937
362 4.37300014496
363 4.33099985123
364 4.30900001526
365 4.27400016785
366 4.24499988556
367 4.21000003815
368 4.15299987793
369 4.13000011444
370 4.09899997711
371 4.07700014114
372 4.04300022125
373 4.02500009537
374 3.97399997711
375 3.94099998474
376 3.92499995232
377 3.89400005341
378 3.882999897
379 3.83299994469
380 3.83299994469
381 3.71399998665
382 3.63400006294
383 3.60299992561
384 3.56500005722
385 3.5150001049
386 3.4849998951
387 3.45499992371
388 3.41499996185
389 3.40000009537
390 3.367000103
391 3.33299994469
392 3.3069999218
393 3.28999996185
394 3.26399993896
395 3.26099991798
396 3.28299999237
397 3.33100008965
398 3.36800003052
399 3.40599989891
400 3.44000005722
401 3.48399996758
402 3.51600003242
403 3.54600000381
404 3.58200001717
405 3.61800003052
406 3.67100000381
407 3.70900011063
408 3.73600006104
409 3.79299998283
410 3.83100008965
411 3.89100003242
412 3.91799998283
413 3.99699997902
414 4.05399990082
415 4.12200021744
416 4.1779999733
417 4.21299982071
418 4.30700016022
419 4.382999897
420 4.42000007629
421 4.50899982452
422 4.57399988174
423 4.65600013733
424 4.72700023651
425 4.8109998703
426 4.90399980545
427 5.00400018692
428 5.10699987411
429 5.21199989319
430 5.31500005722
431 5.39900016785
432 5.53800010681
433 5.63800001144
434 5.78000020981
435 5.8860001564
436 6.03200006485
437 6.16200017929
438 6.30700016022
439 6.45200014114
440 6.50699996948
441 6.59700012207
442 6.46899986267
443 3.06900000572
444 3.04500007629
445 3.04099988937
446 3.03399991989
447 3.02999997139
448 3.00500011444
449 3.0
450 2.98600006104
451 2.98600006104
452 2.97499990463
453 2.97199988365
454 2.96600008011
455 2.97600007057
456 2.96600008011
457 2.97099995613
458 2.96499991417
459 2.96300005913
460 2.93700003624
461 2.95900011063
462 2.93300008774
463 2.94199991226
464 2.93300008774
465 2.9319999218
466 2.92199993134
467 2.9279999733
468 2.90899991989
469 2.91000008583
470 2.67000007629
471 2.62599992752
472 2.63599991798
473 2.64499998093
474 0.931999981403
475 0.699999988079
476 0.699999988079
477 0.927999973297
478 2.64199995995
479 2.63599991798
480 2.64299988747
481 2.65000009537
482 2.62599992752
483 2.64599990845
484 2.65700006485
485 2.65300011635
486 2.66100001335
487 2.65000009537
488 2.66400003433
489 2.67499995232
490 2.82699990273
491 2.92300009727
492 2.92300009727
493 2.9509999752
494 2.94400000572
495 2.94099998474
496 2.9430000782
497 2.96199989319
498 2.97000002861
499 2.96900010109
500 2.98099994659
501 2.96799993515
502 2.98399996758
503 2.97600007057
504 3.00099992752
505 3.01399993896
506 3.01600003242
507 3.00300002098
508 3.00600004196
509 3.02699995041
510 3.04299998283
511 3.03600001335
512 3.04200005531
513 3.06399989128
514 3.0569999218
515 3.08800005913
516 3.08200001717
517 3.08200001717
518 3.11899995804
519 3.13599991798
520 3.13700008392
521 3.13599991798
522 3.16300010681
523 3.17499995232
524 0.930000007153
525 0.908999979496
526 0.907000005245
527 0.940999984741
528 3.03900003433
529 2.98399996758
530 2.92899990082
531 2.8789999485
532 2.83299994469
533 2.78600001335
534 2.72600007057
535 2.69000005722
536 2.94899988174
537 2.91000008583
538 1.11000001431
539 1.07299995422
540 1.03499996662
