0 4.52199983597
1 4.43400001526
2 4.46199989319
3 4.47200012207
4 4.54400014877
5 4.65899991989
6 4.67399978638
7 4.70300006866
8 4.73699998856
9 4.76599979401
10 4.8140001297
11 4.83500003815
12 4.86499977112
13 4.90799999237
14 4.9390001297
15 4.93699979782
16 4.84200000763
17 4.85900020599
18 4.88500022888
19 4.97900009155
20 5.15700006485
21 5.1970000267
22 5.23099994659
23 5.27699995041
24 5.32000017166
25 5.37099981308
26 5.41400003433
27 5.43800020218
28 5.50400018692
29 5.55800008774
30 5.60799980164
31 5.64599990845
32 5.67299985886
33 0.0
34 17.1529998779
35 17.1509990692
36 17.1520004272
37 0.0
38 0.0
39 0.0
40 17.2199993134
41 17.170999527
42 17.079000473
43 17.0109996796
44 16.5189990997
45 16.5480003357
46 16.5170001984
47 13.1759996414
48 13.0880002975
49 12.3400001526
50 11.9490003586
51 11.6040000916
52 11.6140003204
53 11.638999939
54 11.6379995346
55 11.3489999771
56 11.0100002289
57 10.4829998016
58 10.1210002899
59 8.34599971771
60 8.34700012207
61 8.21399974823
62 7.92999982834
63 7.65199995041
64 7.45699977875
65 7.25299978256
66 7.07499980927
67 6.91800022125
68 6.79799985886
69 6.78100013733
70 6.80800008774
71 6.84499979019
72 6.84499979019
73 6.867000103
74 6.78999996185
75 6.64699983597
76 6.51800012589
77 6.38800001144
78 6.27299976349
79 6.17299985886
80 5.24700021744
81 4.96299982071
82 4.84000015259
83 4.78299999237
84 4.69500017166
85 4.60900020599
86 4.53999996185
87 4.47599983215
88 4.40399980545
89 4.34700012207
90 4.27099990845
91 4.21999979019
92 4.16699981689
93 4.09800004959
94 4.03999996185
95 3.96799993515
96 3.94000005722
97 3.90199995041
98 3.85199999809
99 3.81200003624
100 3.77300000191
101 3.80599999428
102 3.82500004768
103 3.84899997711
104 3.86999988556
105 3.92100000381
106 3.94000005722
107 3.97000002861
108 3.93400001526
109 3.88400006294
110 3.85599994659
111 3.80999994278
112 3.757999897
113 3.72699999809
114 3.70399999619
115 3.65300011635
116 3.63800001144
117 3.60299992561
118 3.58200001717
119 3.54099988937
120 3.50600004196
121 3.47000002861
122 3.45300006866
123 3.42600011826
124 3.41499996185
125 3.38800001144
126 3.4319999218
127 3.44000005722
128 3.48099994659
129 3.54399991035
130 3.58899998665
131 3.62400007248
132 3.67300009727
133 4.04300022125
134 4.07000017166
135 4.09999990463
136 4.13000011444
137 4.15600013733
138 4.17700004578
139 4.22800016403
140 4.25899982452
141 4.27799987793
142 4.32899999619
143 4.35400009155
144 4.38500022888
145 4.43400001526
146 4.47399997711
147 4.50299978256
148 4.51200008392
149 4.53499984741
150 4.5560002327
151 4.1810002327
152 4.29899978638
153 4.52099990845
154 3.27200007439
155 3.41300010681
156 4.72499990463
157 4.61499977112
158 4.55499982834
159 4.81199979782
160 4.84700012207
161 4.86999988556
162 4.90799999237
163 4.93200016022
164 4.98000001907
165 4.992000103
166 5.02500009537
167 5.03800010681
168 3.1400001049
169 3.23799991608
170 3.36999988556
171 4.11499977112
172 4.92500019073
173 4.875
174 4.85500001907
175 4.82700014114
176 4.84000015259
177 4.83300018311
178 4.83400011063
179 4.84899997711
180 4.87699985504
181 4.90600013733
182 4.82899999619
183 5.32700014114
184 5.47499990463
185 5.492000103
186 5.49800014496
187 5.50699996948
188 4.60699987411
189 4.59499979019
190 5.55900001526
191 5.59399986267
192 3.65100002289
193 3.53099989891
194 4.07499980927
195 4.04099988937
196 5.69500017166
197 5.71600008011
198 5.73699998856
199 5.75500011444
200 5.77199983597
201 5.80900001526
202 5.83599996567
203 5.84899997711
204 5.84999990463
205 5.85900020599
206 5.87699985504
207 5.89499998093
208 5.90700006485
209 5.91699981689
210 5.9359998703
211 5.94899988174
212 5.96199989319
213 5.98199987411
214 5.98799991608
215 5.99800014496
216 6.02199983597
217 6.05100011826
218 6.06199979782
219 6.08099985123
220 6.08900022507
221 6.09999990463
222 6.10300016403
223 6.09100008011
224 6.09399986267
225 6.10599994659
226 6.11499977112
227 6.13800001144
228 6.14900016785
229 6.15299987793
230 6.16800022125
231 6.17399978638
232 6.18800020218
233 6.18400001526
234 6.19299983978
235 6.21099996567
236 6.23000001907
237 6.23600006104
238 6.25
239 6.23400020599
240 6.22800016403
241 6.23500013351
242 6.23199987411
243 6.22200012207
244 6.22300004959
245 6.25199985504
246 6.23799991608
247 6.24800014496
248 6.25099992752
249 6.26000022888
250 6.25199985504
251 6.27799987793
252 6.26300001144
253 6.28700017929
254 6.28000020981
255 6.27199983597
256 6.27500009537
257 6.27199983597
258 6.25099992752
259 6.26300001144
260 6.23299980164
261 6.23500013351
262 6.22599983215
263 6.22800016403
264 6.22300004959
265 6.22900009155
266 6.2389998436
267 6.23199987411
268 6.22200012207
269 6.23500013351
270 6.21799993515
271 6.21500015259
272 6.22900009155
273 6.14200019836
274 5.84999990463
275 5.79899978638
276 5.77400016785
277 5.72700023651
278 5.73299980164
279 5.72300004959
280 5.75
281 5.75299978256
282 5.80700016022
283 5.96099996567
284 6.09000015259
285 6.09499979019
286 6.08500003815
287 6.06199979782
288 6.06599998474
289 6.0560002327
290 6.03399991989
291 6.02099990845
292 6.007999897
293 5.3029999733
294 5.06300020218
295 5.04400014877
296 5.02299976349
297 5.02099990845
298 2.43899989128
299 2.42100000381
300 2.4430000782
301 5.13100004196
302 5.70200014114
303 5.39799976349
304 5.24900007248
305 5.24700021744
306 5.20300006866
307 5.19799995422
308 5.22399997711
309 5.23199987411
310 5.31300020218
311 5.54199981689
312 5.64400005341
313 5.62900018692
314 5.61000013351
315 5.60200023651
316 5.5689997673
317 5.5529999733
318 5.51499986649
319 5.33400011063
320 5.10799980164
321 5.46099996567
322 5.44999980927
323 5.4390001297
324 5.41900014877
325 5.39300012589
326 5.36999988556
327 5.34499979019
328 5.30800008774
329 4.39200019836
330 4.0720000267
331 4.11999988556
332 4.99900007248
333 5.17199993134
334 5.14099979401
335 5.12599992752
336 5.09800004959
337 5.08500003815
338 5.05100011826
339 5.01999998093
340 4.96000003815
341 4.81500005722
342 4.96000003815
343 4.9390001297
344 4.91499996185
345 4.86499977112
346 4.84899997711
347 4.69899988174
348 4.5640001297
349 4.73400020599
350 4.72399997711
351 4.6810002327
352 4.65199995041
353 4.61899995804
354 4.60300016403
355 4.57499980927
356 4.33699989319
357 4.36000013351
358 4.48999977112
359 4.44600009918
360 4.42999982834
361 4.42899990082
362 4.38999986649
363 4.34899997711
364 4.32499980927
365 4.3029999733
366 4.25600004196
367 4.22200012207
368 4.17199993134
369 4.13100004196
370 4.11800003052
371 4.08400011063
372 4.05399990082
373 4.02799987793
374 3.992000103
375 3.97199988365
376 3.92499995232
377 3.90799999237
378 3.88899993896
379 3.83800005913
380 3.83299994469
381 3.71399998665
382 3.64100003242
383 3.61800003052
384 3.57800006866
385 3.53600001335
386 3.50500011444
387 3.47300004959
388 3.44000005722
389 3.39899992943
390 3.36100006104
391 3.33899998665
392 3.32100009918
393 3.27600002289
394 3.27600002289
395 3.27800011635
396 3.29699993134
397 3.33500003815
398 3.38199996948
399 3.39499998093
400 3.43899989128
401 3.49000000954
402 3.51900005341
403 3.56100010872
404 3.59599995613
405 3.64800000191
406 3.69199991226
407 3.71600008011
408 3.73300004005
409 3.78699994087
410 3.84599995613
411 3.89299988747
412 3.95499992371
413 4.00299978256
414 4.06199979782
415 4.12200021744
416 4.18499994278
417 4.23600006104
418 4.31599998474
419 4.39699983597
420 4.45800018311
421 4.51999998093
422 4.60500001907
423 4.65600013733
424 4.73000001907
425 4.81599998474
426 4.92500019073
427 5.01200008392
428 5.12300014496
429 5.21400022507
430 5.32100009918
431 5.42899990082
432 5.53499984741
433 5.63899993896
434 5.77099990845
435 5.88700008392
436 6.02600002289
437 6.16800022125
438 6.30999994278
439 6.48299980164
440 6.51499986649
441 6.61499977112
442 6.45599985123
443 3.07299995422
444 3.05900001526
445 3.03699994087
446 3.02699995041
447 3.03099989891
448 3.01300001144
449 3.00500011444
450 3.00300002098
451 3.0039999485
452 2.9960000515
453 2.99399995804
454 2.97799992561
455 2.97099995613
456 2.96900010109
457 2.96199989319
458 2.97000002861
459 2.9509999752
460 2.9509999752
461 2.95399999619
462 2.9430000782
463 2.94099998474
464 2.94199991226
465 2.95600008965
466 2.94899988174
467 2.92700004578
468 2.92000007629
469 2.92600011826
470 2.66199994087
471 2.65599989891
472 2.64199995995
473 2.65400004387
474 0.958000004292
475 0.726000010967
476 0.726999998093
477 0.948000013828
478 2.65799999237
479 2.66700005531
480 2.64800000191
481 2.66000008583
482 2.65700006485
483 2.66499996185
484 2.67000007629
485 2.66499996185
486 2.6779999733
487 2.66499996185
488 2.67300009727
489 2.6930000782
490 2.84200000763
491 2.93499994278
492 2.94600009918
493 2.96099996567
494 2.94400000572
495 2.94600009918
496 2.95900011063
497 2.97300004959
498 2.96600008011
499 2.96900010109
500 2.97399997711
501 2.98200011253
502 2.98200011253
503 2.98399996758
504 3.01300001144
505 3.01300001144
506 3.02300000191
507 3.02600002289
508 3.04200005531
509 3.04800009727
510 3.03500008583
511 3.04999995232
512 3.06200003624
513 3.08100008965
514 3.08400011063
515 3.0759999752
516 3.10700011253
517 3.125
518 3.13499999046
519 3.11299991608
520 3.13700008392
521 3.14199995995
522 3.17300009727
523 3.17300009727
524 0.931999981403
525 0.922999978065
526 0.925000011921
527 0.945999979973
528 3.04500007629
529 2.99699997902
530 2.94400000572
531 2.8710000515
532 2.84599995613
533 2.78099989891
534 2.74099993706
535 2.70499992371
536 1.14499998093
537 1.11800003052
538 1.10199999809
539 1.04499995708
540 1.03299999237
