0 4.51599979401
1 4.42899990082
2 4.44299983978
3 4.46999979019
4 4.50199985504
5 4.64300012589
6 4.65100002289
7 4.69799995422
8 4.74700021744
9 4.75299978256
10 4.78700017929
11 4.81799983978
12 4.84999990463
13 4.88999986649
14 4.92000007629
15 4.92399978638
16 4.82399988174
17 4.85400009155
18 4.87900018692
19 4.96999979019
20 5.13700008392
21 5.17100000381
22 5.22499990463
23 5.27099990845
24 5.29699993134
25 5.35200023651
26 5.39699983597
27 5.45800018311
28 5.50400018692
29 5.53200006485
30 5.59800004959
31 5.64099979401
32 5.625
33 0.0
34 17.1509990692
35 17.1340007782
36 17.1509990692
37 0.0
38 0.0
39 0.0
40 17.2329998016
41 17.1660003662
42 17.063999176
43 17.0109996796
44 16.5240001678
45 16.5419998169
46 16.5230007172
47 13.1619997025
48 13.0869998932
49 12.3249998093
50 11.970000267
51 11.6040000916
52 11.6009998322
53 11.6370000839
54 11.6210002899
55 11.3479995728
56 10.9790000916
57 10.4510002136
58 10.1160001755
59 8.36499977112
60 8.34899997711
61 8.20400047302
62 7.90700006485
63 7.625
64 7.44799995422
65 7.23799991608
66 7.05100011826
67 6.89799976349
68 6.78800010681
69 6.77199983597
70 6.79799985886
71 6.81300020218
72 6.84000015259
73 6.87400007248
74 6.79699993134
75 6.63899993896
76 6.50299978256
77 6.38000011444
78 6.25099992752
79 6.13700008392
80 5.24900007248
81 4.95699977875
82 4.85099983215
83 4.76000022888
84 4.66800022125
85 4.59600019455
86 4.52600002289
87 4.46799993515
88 4.40399980545
89 4.32999992371
90 4.26800012589
91 4.19199991226
92 4.15899991989
93 4.11299991608
94 4.02899980545
95 3.96799993515
96 3.92600011826
97 3.86100006104
98 3.82699990273
99 3.79600000381
100 3.76399993896
101 3.78500008583
102 3.81599998474
103 3.86599993706
104 3.87299990654
105 3.88400006294
106 3.92300009727
107 3.95199990273
108 3.92600011826
109 3.88400006294
110 3.84599995613
111 3.80200004578
112 3.75699996948
113 3.72199988365
114 3.69400000572
115 3.66599988937
116 3.61999988556
117 3.59599995613
118 3.56599998474
119 3.52399992943
120 3.50300002098
121 3.47300004959
122 3.45000004768
123 3.40000009537
124 3.40499997139
125 3.40100002289
126 3.42300009727
127 3.45300006866
128 3.48300004005
129 3.52999997139
130 3.56900000572
131 3.61400008202
132 3.66199994087
133 4.00600004196
134 4.0560002327
135 4.06699991226
136 4.117000103
137 4.14300012589
138 4.1859998703
139 4.20599985123
140 4.23000001907
141 4.28399991989
142 4.32000017166
143 4.32399988174
144 4.38000011444
145 4.43400001526
146 4.45800018311
147 4.48000001907
148 4.50600004196
149 4.53499984741
150 4.55399990082
151 4.21500015259
152 4.3060002327
153 4.59800004959
154 3.26300001144
155 3.40899991989
156 4.71999979019
157 4.59200000763
158 4.5609998703
159 4.80000019073
160 4.82800006866
161 4.84899997711
162 4.88700008392
163 4.9310002327
164 4.96099996567
165 4.98699998856
166 5.01999998093
167 5.03800010681
168 3.12199997902
169 3.21399998665
170 3.375
171 4.1139998436
172 4.91099977493
173 4.86800003052
174 4.85099983215
175 4.82299995422
176 4.83199977875
177 4.82600021362
178 4.83500003815
179 4.84299993515
180 4.867000103
181 4.88999986649
182 4.8029999733
183 5.3109998703
184 5.46099996567
185 5.48000001907
186 5.48199987411
187 5.49900007248
188 4.61000013351
189 4.59899997711
190 5.56599998474
191 5.57399988174
192 3.62400007248
193 3.51600003242
194 4.05499982834
195 4.06799983978
196 5.67000007629
197 5.71099996567
198 5.73500013351
199 5.7610001564
200 5.78800010681
201 5.79500007629
202 5.81500005722
203 5.82100009918
204 5.82399988174
205 5.84200000763
206 5.86299991608
207 5.88199996948
208 5.90299987793
209 5.91099977493
210 5.93200016022
211 5.92600011826
212 5.9359998703
213 5.96899986267
214 5.98199987411
215 5.992000103
216 6.02199983597
217 6.02199983597
218 6.05700016022
219 6.07700014114
220 6.0560002327
221 6.06799983978
222 6.06500005722
223 6.07800006866
224 6.09700012207
225 6.10900020599
226 6.12099981308
227 6.132999897
228 6.14499998093
229 6.15100002289
230 6.14799976349
231 6.14400005341
232 6.15700006485
233 6.17199993134
234 6.19199991226
235 6.21700000763
236 6.21400022507
237 6.21600008011
238 6.22499990463
239 6.21199989319
240 6.21099996567
241 6.21899986267
242 6.22200012207
243 6.22300004959
244 6.23000001907
245 6.23099994659
246 6.25199985504
247 6.23500013351
248 6.24700021744
249 6.22200012207
250 6.23500013351
251 6.24499988556
252 6.25400018692
253 6.24700021744
254 6.27799987793
255 6.27500009537
256 6.24100017548
257 6.23699998856
258 6.25600004196
259 6.25600004196
260 6.23600006104
261 6.23199987411
262 6.23000001907
263 6.20599985123
264 6.21999979019
265 6.23699998856
266 6.22800016403
267 6.21700000763
268 6.20499992371
269 6.21500015259
270 6.21199989319
271 6.21199989319
272 6.21099996567
273 6.12799978256
274 5.84800004959
275 5.78499984741
276 5.75500011444
277 5.73600006104
278 5.72300004959
279 5.71600008011
280 5.7389998436
281 5.74700021744
282 5.82000017166
283 5.95100021362
284 6.07800006866
285 6.08400011063
286 6.07499980927
287 6.04899978638
288 6.03599977493
289 6.02199983597
290 6.04600000381
291 6.00400018692
292 5.9889998436
293 5.29099988937
294 5.05900001526
295 5.02500009537
296 5.01800012589
297 5.01399993896
298 2.40599989891
299 2.40499997139
300 2.41599988937
301 5.11100006104
302 5.69199991226
303 5.38700008392
304 5.23999977112
305 5.24300003052
306 5.19899988174
307 5.19899988174
308 5.20800018311
309 5.21500015259
310 5.3189997673
311 5.53800010681
312 5.64900016785
313 5.63000011444
314 5.60599994659
315 5.58799982071
316 5.55800008774
317 5.54099988937
318 5.51900005341
319 5.32800006866
320 5.08599996567
321 5.45200014114
322 5.44600009918
323 5.4359998703
324 5.41300010681
325 5.3860001564
326 5.35699987411
327 5.3220000267
328 5.30399990082
329 4.33900022507
330 4.04300022125
331 4.117000103
332 4.99399995804
333 5.15899991989
334 5.13500022888
335 5.10200023651
336 5.09200000763
337 5.0609998703
338 5.04600000381
339 5.02099990845
340 4.95399999619
341 4.81599998474
342 4.95900011063
343 4.92999982834
344 4.91400003433
345 4.87099981308
346 4.84000015259
347 4.68800020218
348 4.5640001297
349 4.73699998856
350 4.71000003815
351 4.66499996185
352 4.64200019836
353 4.59700012207
354 4.57499980927
355 4.56699991226
356 4.3029999733
357 4.35500001907
358 4.49499988556
359 4.46299982071
360 4.42600011826
361 4.41499996185
362 4.37099981308
363 4.35400009155
364 4.3029999733
365 4.28100013733
366 4.242000103
367 4.21500015259
368 4.16200017929
369 4.13899993896
370 4.11299991608
371 4.08500003815
372 4.05700016022
373 4.01000022888
374 3.97499990463
375 3.94899988174
376 3.92100000381
377 3.91100001335
378 3.86800003052
379 3.85400009155
380 3.83899998665
381 3.71700000763
382 3.6210000515
383 3.59500002861
384 3.54399991035
385 3.51799988747
386 3.492000103
387 3.44499993324
388 3.43499994278
389 3.39499998093
390 3.35599994659
391 3.33599996567
392 3.30900001526
393 3.28399991989
394 3.257999897
395 3.24499988556
396 3.28999996185
397 3.33100008965
398 3.36400008202
399 3.40199995041
400 3.4430000782
401 3.48600006104
402 3.52099990845
403 3.54200005531
404 3.58500003815
405 3.63199996948
406 3.68600010872
407 3.72600007057
408 3.74699997902
409 3.78500008583
410 3.8259999752
411 3.86899995804
412 3.93099999428
413 3.97900009155
414 4.06300020218
415 4.117000103
416 4.18499994278
417 4.22100019455
418 4.3109998703
419 4.35099983215
420 4.45100021362
421 4.51399993896
422 4.57600021362
423 4.66099977493
424 4.71799993515
425 4.8140001297
426 4.91800022125
427 5.01700019836
428 5.11000013351
429 5.21899986267
430 5.30800008774
431 5.41599988937
432 5.52500009537
433 5.617000103
434 5.75500011444
435 5.87099981308
436 6.03000020981
437 6.16300010681
438 6.31500005722
439 6.47300004959
440 6.50500011444
441 6.59700012207
442 6.50199985504
443 3.05599999428
444 3.03099989891
445 3.03399991989
446 3.03600001335
447 3.02600002289
448 3.007999897
449 2.99300003052
450 3.007999897
451 2.98799991608
452 3.00500011444
453 2.97699999809
454 2.96900010109
455 2.96799993515
456 2.97699999809
457 2.95199990273
458 2.95199990273
459 2.9470000267
460 2.96300005913
461 2.93000006676
462 2.93600010872
463 2.93400001526
464 2.93400001526
465 2.92300009727
466 2.91700005531
467 2.91300010681
468 2.92100000381
469 2.90499997139
470 2.66000008583
471 2.65499997139
472 2.64100003242
473 2.64299988747
474 0.933000028133
475 0.717000007629
476 0.707000017166
477 0.913999974728
478 2.64100003242
479 2.62400007248
480 2.64499998093
481 2.64199995995
482 2.65599989891
483 2.65599989891
484 2.64800000191
485 2.65100002289
486 2.66199994087
487 2.68300008774
488 2.64599990845
489 2.67199993134
490 2.82299995422
491 2.9319999218
492 2.94499993324
493 2.94199991226
494 2.9319999218
495 2.94099998474
496 2.96700000763
497 2.95399999619
498 2.96600008011
499 2.97499990463
500 2.97600007057
501 2.99399995804
502 2.99300003052
503 2.97600007057
504 3.00200009346
505 2.992000103
506 2.99399995804
507 3.02099990845
508 3.02500009537
509 3.03600001335
510 3.04099988937
511 3.04699993134
512 3.03399991989
513 3.07100009918
514 3.08299994469
515 3.07100009918
516 3.07699990273
517 3.11199998856
518 3.1099998951
519 3.12800002098
520 3.13199996948
521 3.14700007439
522 3.14899992943
523 3.16700005531
524 0.92199999094
525 0.913999974728
526 0.90600001812
527 0.930000007153
528 3.02600002289
529 2.98699998856
530 2.9279999733
531 2.87800002098
532 2.8220000267
533 2.79200005531
534 2.72399997711
535 2.70000004768
536 2.96000003815
537 1.10199999809
538 1.09300005436
539 1.04999995232
540 1.01999998093
