0 4.4889998436
1 4.39900016785
2 4.41699981689
3 4.47499990463
4 4.51700019836
5 4.63399982452
6 4.67700004578
7 4.71899986267
8 4.74499988556
9 4.75400018692
10 4.78999996185
11 4.81199979782
12 4.86199998856
13 4.89099979401
14 4.92700004578
15 4.9279999733
16 4.83300018311
17 4.85099983215
18 4.88999986649
19 4.95399999619
20 5.13700008392
21 5.18699979782
22 5.22800016403
23 5.27099990845
24 5.31500005722
25 5.35699987411
26 5.39599990845
27 5.45300006866
28 5.50600004196
29 5.54600000381
30 5.59399986267
31 5.63100004196
32 5.64400005341
33 0.0
34 17.1340007782
35 17.1399993896
36 17.1450004578
37 0.0
38 0.0
39 0.0
40 17.2210006714
41 17.1599998474
42 17.0590000153
43 17.0020008087
44 16.533000946
45 16.5359992981
46 16.517999649
47 13.1719999313
48 13.0749998093
49 12.3299999237
50 11.8999996185
51 11.5909996033
52 11.6120004654
53 11.626999855
54 11.6190004349
55 11.3380002975
56 10.9930000305
57 10.4560003281
58 10.0939998627
59 8.31799983978
60 8.32499980927
61 8.20400047302
62 7.92100000381
63 7.64799976349
64 7.44000005722
65 7.23999977112
66 7.05700016022
67 6.90100002289
68 6.78000020981
69 6.77199983597
70 6.81500005722
71 6.82499980927
72 6.84700012207
73 6.86899995804
74 6.78900003433
75 6.63899993896
76 6.50899982452
77 6.38100004196
78 6.25600004196
79 6.13800001144
80 5.24300003052
81 4.95499992371
82 4.84700012207
83 4.75400018692
84 4.67100000381
85 4.59999990463
86 4.53100013733
87 4.45599985123
88 4.38100004196
89 4.32800006866
90 4.26300001144
91 4.20699977875
92 4.16499996185
93 4.10799980164
94 4.02500009537
95 3.97600007057
96 3.93899989128
97 3.89599990845
98 3.83999991417
99 3.77900004387
100 3.75500011444
101 3.78099989891
102 3.81399989128
103 3.85299992561
104 3.87599992752
105 3.90100002289
106 3.9430000782
107 3.95600008965
108 3.91100001335
109 3.88899993896
110 3.82299995422
111 3.81500005722
112 3.77099990845
113 3.73300004005
114 3.70000004768
115 3.65300011635
116 3.62299990654
117 3.58899998665
118 3.55500006676
119 3.52900004387
120 3.49000000954
121 3.46199989319
122 3.43000006676
123 3.41899991035
124 3.39899992943
125 3.38599991798
126 3.42000007629
127 3.44899988174
128 3.49499988556
129 3.52099990845
130 3.5529999733
131 3.59999990463
132 3.6779999733
133 4.02799987793
134 4.06300020218
135 4.09899997711
136 4.11100006104
137 4.15700006485
138 4.16800022125
139 4.21600008011
140 4.24900007248
141 4.26000022888
142 4.32000017166
143 4.32600021362
144 4.39300012589
145 4.40999984741
146 4.44000005722
147 4.47300004959
148 4.51000022888
149 4.53499984741
150 4.53499984741
151 4.19299983978
152 4.29099988937
153 0.0
154 3.27699995041
155 3.39899992943
156 4.70100021362
157 4.59700012207
158 4.55999994278
159 4.79099988937
160 4.82899999619
161 4.85599994659
162 4.88700008392
163 4.91599988937
164 4.95399999619
165 4.98099994659
166 5.01999998093
167 5.03599977493
168 3.13599991798
169 3.22199988365
170 3.35899996758
171 4.117000103
172 4.92000007629
173 4.87799978256
174 4.84999990463
175 4.83400011063
176 4.82100009918
177 4.81599998474
178 4.82899999619
179 4.85699987411
180 4.87300014496
181 4.89499998093
182 4.81699991226
183 5.32299995422
184 5.45800018311
185 5.46000003815
186 5.49399995804
187 5.50899982452
188 4.59800004959
189 4.56199979782
190 5.56799983978
191 5.59200000763
192 3.64800000191
193 3.51300001144
194 4.07899999619
195 4.03800010681
196 5.67600011826
197 5.72800016403
198 5.742000103
199 5.75099992752
200 5.78100013733
201 5.81300020218
202 5.81599998474
203 5.82999992371
204 5.83599996567
205 5.85400009155
206 5.84800004959
207 5.88700008392
208 5.88399982452
209 5.90100002289
210 5.92100000381
211 5.93800020218
212 5.95399999619
213 5.96899986267
214 5.96400022507
215 6.01300001144
216 6.01599979401
217 6.03800010681
218 6.0640001297
219 6.07600021362
220 6.07299995422
221 6.08599996567
222 6.07399988174
223 6.09899997711
224 6.09200000763
225 6.11299991608
226 6.11800003052
227 6.11999988556
228 6.11999988556
229 6.14599990845
230 6.15299987793
231 6.13999986649
232 6.15399980545
233 6.17999982834
234 6.18400001526
235 6.21400022507
236 6.22399997711
237 6.22300004959
238 6.21999979019
239 6.23299980164
240 6.21400022507
241 6.22599983215
242 6.23099994659
243 6.22700023651
244 6.22599983215
245 6.22200012207
246 6.25199985504
247 6.24399995804
248 6.25199985504
249 6.22900009155
250 6.2389998436
251 6.25299978256
252 6.25199985504
253 6.28000020981
254 6.257999897
255 6.27099990845
256 6.27699995041
257 6.26499986649
258 6.257999897
259 6.22200012207
260 6.22100019455
261 6.23099994659
262 6.22499990463
263 6.20699977875
264 6.22300004959
265 6.21400022507
266 6.20900011063
267 6.20800018311
268 6.20699977875
269 6.21199989319
270 6.20200014114
271 6.21099996567
272 6.21400022507
273 6.11999988556
274 5.84700012207
275 5.78299999237
276 5.76499986649
277 5.73999977112
278 5.71500015259
279 5.71999979019
280 5.74800014496
281 5.742000103
282 5.80200004578
283 5.93699979782
284 6.07100009918
285 6.08300018311
286 6.05999994278
287 6.06500005722
288 6.03599977493
289 6.03200006485
290 6.02799987793
291 6.01499986649
292 5.98400020599
293 5.28999996185
294 5.04799985886
295 5.02699995041
296 5.0110001564
297 5.02699995041
298 2.41100001335
299 2.40000009537
300 2.43300008774
301 5.10599994659
302 5.69000005722
303 5.39400005341
304 5.24499988556
305 5.22499990463
306 5.1939997673
307 5.19600009918
308 5.22100019455
309 5.23000001907
310 5.3189997673
311 5.54099988937
312 5.64099979401
313 5.62200021744
314 5.60300016403
315 5.57600021362
316 5.55999994278
317 5.54199981689
318 5.50500011444
319 5.30800008774
320 5.10400009155
321 5.45699977875
322 5.45399999619
323 5.41300010681
324 5.41099977493
325 5.39300012589
326 5.35699987411
327 5.33900022507
328 5.30200004578
329 4.36199998856
330 4.05800008774
331 4.12099981308
332 5.01000022888
333 5.15500020981
334 5.13700008392
335 5.11299991608
336 5.08799982071
337 5.0689997673
338 5.04300022125
339 5.01700019836
340 4.94199991226
341 4.80100011826
342 4.94999980927
343 4.92500019073
344 4.90999984741
345 4.86899995804
346 4.83500003815
347 4.71700000763
348 4.56199979782
349 4.73799991608
350 4.69899988174
351 4.65999984741
352 4.632999897
353 4.62300014496
354 4.57600021362
355 4.5529999733
356 4.3140001297
357 4.34200000763
358 4.48400020599
359 4.45300006866
360 4.4470000267
361 4.40999984741
362 4.37699985504
363 4.35400009155
364 4.31699991226
365 4.28399991989
366 4.24499988556
367 4.19099998474
368 4.15299987793
369 4.13500022888
370 4.11100006104
371 4.05700016022
372 4.02400016785
373 4.00600004196
374 3.98600006104
375 3.96300005913
376 3.9240000248
377 3.90000009537
378 3.88700008392
379 3.85199999809
380 3.8259999752
381 3.72799992561
382 3.61299991608
383 3.58599996567
384 3.55599999428
385 3.52300000191
386 3.49399995804
387 3.45700001717
388 3.41700005531
389 3.40100002289
390 3.36199998856
391 3.33200001717
392 3.28800010681
393 3.27800011635
394 3.2650001049
395 3.25900006294
396 3.28800010681
397 3.33299994469
398 3.34899997711
399 3.40499997139
400 3.43000006676
401 3.47099995613
402 3.51200008392
403 3.55900001526
404 3.60599994659
405 3.63100004196
406 3.69199991226
407 3.72399997711
408 3.73300004005
409 3.77500009537
410 3.81599998474
411 3.87400007248
412 3.92899990082
413 3.99000000954
414 4.06599998474
415 4.11299991608
416 4.17100000381
417 4.21700000763
418 4.30100011826
419 4.38000011444
420 4.44000005722
421 4.52400016785
422 4.59299993515
423 4.66599988937
424 4.72900009155
425 4.81599998474
426 4.91599988937
427 5.00299978256
428 5.10900020599
429 5.20699977875
430 5.31300020218
431 5.42199993134
432 5.53200006485
433 5.64400005341
434 5.76999998093
435 5.87599992752
436 6.01900005341
437 6.16200017929
438 6.29400014877
439 6.46400022507
440 6.49399995804
441 6.59800004959
442 6.44799995422
443 3.07899999619
444 3.05100011826
445 3.02600002289
446 3.02200007439
447 3.007999897
448 3.00600004196
449 2.98799991608
450 3.00200009346
451 2.99399995804
452 2.99000000954
453 2.97199988365
454 2.96799993515
455 2.96499991417
456 2.97799992561
457 2.96700000763
458 2.96900010109
459 2.94799995422
460 2.94199991226
461 2.93799996376
462 2.9279999733
463 2.94400000572
464 2.92600011826
465 2.93799996376
466 2.92600011826
467 2.91899991035
468 2.92600011826
469 2.90499997139
470 2.66700005531
471 2.62199997902
472 2.61800003052
473 2.63899993896
474 0.955999970436
475 0.717000007629
476 0.704999983311
477 0.912999987602
478 2.64400005341
479 2.64400005341
480 2.63599991798
481 2.62800002098
482 2.64800000191
483 2.64299988747
484 2.64499998093
485 2.66199994087
486 2.64499998093
487 2.66100001335
488 2.66899991035
489 2.66799998283
490 2.8180000782
491 2.9240000248
492 2.92499995232
493 2.94199991226
494 2.93700003624
495 2.94799995422
496 2.94099998474
497 2.95199990273
498 2.96399998665
499 2.96799993515
500 2.96199989319
501 2.97399997711
502 2.97000002861
503 2.98200011253
504 2.99499988556
505 2.99499988556
506 3.00699996948
507 3.01300001144
508 3.0150001049
509 3.01300001144
510 3.05100011826
511 3.02999997139
512 3.04399991035
513 3.07100009918
514 3.06200003624
515 3.06999993324
516 3.09200000763
517 3.08299994469
518 3.11899995804
519 3.1099998951
520 3.132999897
521 3.13800001144
522 3.15899991989
523 3.1779999733
524 0.934000015259
525 0.90600001812
526 0.910000026226
527 0.944000005722
528 3.03200006485
529 2.98699998856
530 2.93099999428
531 2.87299990654
532 2.83100008965
533 2.78299999237
534 2.73300004005
535 2.71700000763
536 2.96300005913
537 2.92899990082
538 1.09200000763
539 1.04600000381
540 1.01400005817
