0 4.50099992752
1 4.43499994278
2 4.44999980927
3 4.46400022507
4 4.53499984741
5 4.65100002289
6 4.6779999733
7 4.69999980927
8 4.72499990463
9 4.76700019836
10 4.79799985886
11 4.82499980927
12 4.86800003052
13 4.89400005341
14 4.91099977493
15 4.9310002327
16 4.83199977875
17 4.83900022507
18 4.88999986649
19 4.96299982071
20 5.14300012589
21 5.18400001526
22 5.21600008011
23 5.26700019836
24 5.30900001526
25 5.34999990463
26 5.38999986649
27 5.44500017166
28 5.49100017548
29 5.5560002327
30 5.59499979019
31 5.64200019836
32 5.68300008774
33 0.0
34 17.142999649
35 17.1259994507
36 17.1529998779
37 0.0
38 0.0
39 0.0
40 17.2229995728
41 17.1690006256
42 17.0590000153
43 17.0119991302
44 16.5170001984
45 16.5359992981
46 16.513999939
47 13.138999939
48 13.0710000992
49 12.3369998932
50 11.9650001526
51 11.5989999771
52 11.5920000076
53 11.6210002899
54 11.6129999161
55 11.3479995728
56 11.0
57 10.4659996033
58 10.0729999542
59 8.32900047302
60 8.33300018311
61 8.19999980927
62 7.92500019073
63 7.63199996948
64 7.44500017166
65 7.24300003052
66 7.06199979782
67 6.90100002289
68 6.79300022125
69 6.76900005341
70 6.8029999733
71 6.80999994278
72 6.84299993515
73 6.86499977112
74 6.78000020981
75 6.632999897
76 6.50500011444
77 6.39400005341
78 6.26300001144
79 6.14200019836
80 5.23000001907
81 4.96099996567
82 4.84499979019
83 4.76599979401
84 4.67899990082
85 4.59899997711
86 4.51499986649
87 4.46799993515
88 4.41099977493
89 4.34200000763
90 4.28200006485
91 4.21299982071
92 4.13800001144
93 4.08199977875
94 4.02099990845
95 3.97300004959
96 3.92899990082
97 3.88100004196
98 3.84999990463
99 3.77900004387
100 3.77500009537
101 3.78099989891
102 3.82399988174
103 3.83200001717
104 3.86599993706
105 3.90700006485
106 3.94499993324
107 3.9509999752
108 3.91599988937
109 3.88899993896
110 3.84299993515
111 3.79800009727
112 3.76900005341
113 3.72600007057
114 3.68499994278
115 3.66599988937
116 3.6289999485
117 3.59800004959
118 3.55999994278
119 3.53200006485
120 3.50699996948
121 3.47499990463
122 3.44400000572
123 3.40100002289
124 3.39599990845
125 3.38899993896
126 3.42700004578
127 3.45700001717
128 3.49000000954
129 3.52699995041
130 3.56599998474
131 3.6099998951
132 3.66100001335
133 4.03200006485
134 4.04400014877
135 4.09000015259
136 4.11899995804
137 4.16200017929
138 4.18300008774
139 4.19600009918
140 4.2389998436
141 4.28000020981
142 4.30800008774
143 4.34299993515
144 4.39099979401
145 4.41699981689
146 4.46600008011
147 4.46899986267
148 4.50299978256
149 4.53299999237
150 4.54400014877
151 4.19299983978
152 4.29199981689
153 4.60099983215
154 3.26699995995
155 3.42700004578
156 4.71299982071
157 4.59200000763
158 4.54099988937
159 4.79400014877
160 4.82800006866
161 4.86600017548
162 4.90399980545
163 4.91800022125
164 4.95699977875
165 4.9889998436
166 5.02099990845
167 5.03800010681
168 3.11100006104
169 3.21300005913
170 3.36500000954
171 4.10500001907
172 4.91699981689
173 4.8639998436
174 4.85500001907
175 4.82800006866
176 4.80700016022
177 4.80700016022
178 4.83300018311
179 4.85200023651
180 4.867000103
181 4.90199995041
182 4.81199979782
183 5.30999994278
184 5.45699977875
185 5.48400020599
186 5.49700021744
187 5.51399993896
188 4.60300016403
189 4.57299995422
190 5.5720000267
191 5.58699989319
192 3.63800001144
193 3.52699995041
194 4.06199979782
195 4.03399991989
196 5.67700004578
197 5.69000005722
198 5.74499988556
199 5.74599981308
200 5.78700017929
201 5.80000019073
202 5.81500005722
203 5.82600021362
204 5.83599996567
205 5.85900020599
206 5.88000011444
207 5.87300014496
208 5.89200019836
209 5.91499996185
210 5.92500019073
211 5.94299983978
212 5.96000003815
213 5.94999980927
214 5.96500015259
215 5.99700021744
216 6.02400016785
217 6.03499984741
218 6.04300022125
219 6.0609998703
220 6.07999992371
221 6.07499980927
222 6.07000017166
223 6.08599996567
224 6.10699987411
225 6.09700012207
226 6.12200021744
227 6.132999897
228 6.13000011444
229 6.13899993896
230 6.1360001564
231 6.14599990845
232 6.1779999733
233 6.19000005722
234 6.1970000267
235 6.21899986267
236 6.23099994659
237 6.22399997711
238 6.22100019455
239 6.21799993515
240 6.22499990463
241 6.22700023651
242 6.22399997711
243 6.22200012207
244 6.24300003052
245 6.24700021744
246 6.22499990463
247 6.23000001907
248 6.23600006104
249 6.24499988556
250 6.25699996948
251 6.26000022888
252 6.26300001144
253 6.25899982452
254 6.28900003433
255 6.27600002289
256 6.25600004196
257 6.23299980164
258 6.25899982452
259 6.24100017548
260 6.23199987411
261 6.22800016403
262 6.21099996567
263 6.22100019455
264 6.22300004959
265 6.19899988174
266 6.20699977875
267 6.21500015259
268 6.20800018311
269 6.22100019455
270 6.21299982071
271 6.22399997711
272 6.1939997673
273 6.13700008392
274 5.84399986267
275 5.76499986649
276 5.75199985504
277 5.72800016403
278 5.71400022507
279 5.71700000763
280 5.74499988556
281 5.75500011444
282 5.82100009918
283 5.94799995422
284 6.07700014114
285 6.06300020218
286 6.07299995422
287 6.05499982834
288 6.06500005722
289 6.05000019073
290 6.04300022125
291 6.01599979401
292 5.992000103
293 5.29699993134
294 5.05100011826
295 5.03499984741
296 5.03499984741
297 5.02199983597
298 2.41100001335
299 2.41000008583
300 2.4319999218
301 5.09700012207
302 5.69299983978
303 5.38899993896
304 5.22900009155
305 5.24300003052
306 5.20200014114
307 5.1890001297
308 5.22200012207
309 5.22499990463
310 5.32100009918
311 5.54199981689
312 5.64499998093
313 5.61800003052
314 5.61299991608
315 5.57800006866
316 5.54600000381
317 5.53399991989
318 5.51399993896
319 5.32399988174
320 5.09499979019
321 5.44999980927
322 5.44500017166
323 5.4359998703
324 5.40799999237
325 5.37599992752
326 5.35200023651
327 5.34200000763
328 5.29899978638
329 4.34999990463
330 4.04500007629
331 4.1139998436
332 5.00099992752
333 5.15999984741
334 5.13100004196
335 5.10799980164
336 5.09600019455
337 5.06300020218
338 5.04899978638
339 5.01399993896
340 4.9439997673
341 4.81300020218
342 4.94899988174
343 4.9359998703
344 4.89599990845
345 4.8639998436
346 4.83099985123
347 4.71400022507
348 4.54899978638
349 4.73000001907
350 4.71199989319
351 4.6810002327
352 4.64200019836
353 4.62300014496
354 4.58500003815
355 4.54799985886
356 4.32600021362
357 4.35599994659
358 4.4889998436
359 4.44099998474
360 4.44600009918
361 4.42399978638
362 4.40399980545
363 4.35799980164
364 4.29699993134
365 4.27799987793
366 4.22499990463
367 4.20599985123
368 4.16800022125
369 4.12099981308
370 4.11800003052
371 4.06599998474
372 4.05900001526
373 4.01200008392
374 3.97600007057
375 3.94400000572
376 3.94099998474
377 3.8900001049
378 3.88499999046
379 3.85299992561
380 3.81100010872
381 3.73000001907
382 3.63499999046
383 3.58200001717
384 3.54999995232
385 3.52900004387
386 3.48699998856
387 3.46199989319
388 3.42700004578
389 3.38599991798
390 3.36800003052
391 3.33899998665
392 3.31100010872
393 3.28500008583
394 3.24799990654
395 3.24900007248
396 3.29500007629
397 3.32500004768
398 3.3789999485
399 3.41199994087
400 3.43099999428
401 3.46399998665
402 3.50900006294
403 3.56900000572
404 3.58699989319
405 3.63199996948
406 3.66300010681
407 3.72499990463
408 3.74799990654
409 3.78399991989
410 3.82699990273
411 3.86599993706
412 3.92100000381
413 3.9849998951
414 4.06300020218
415 4.10400009155
416 4.18200016022
417 4.24499988556
418 4.3140001297
419 4.35500001907
420 4.44999980927
421 4.51300001144
422 4.59899997711
423 4.65100002289
424 4.73199987411
425 4.80900001526
426 4.91400003433
427 5.01900005341
428 5.11299991608
429 5.20399999619
430 5.32399988174
431 5.41699981689
432 5.52299976349
433 5.64300012589
434 5.76399993896
435 5.88700008392
436 6.01399993896
437 6.15399980545
438 6.3109998703
439 6.46299982071
440 6.507999897
441 6.60400009155
442 6.45200014114
443 3.0680000782
444 3.05800008774
445 3.02200007439
446 3.02099990845
447 3.01399993896
448 2.99799990654
449 3.00699996948
450 2.9960000515
451 2.99399995804
452 2.98099994659
453 2.98300004005
454 2.97099995613
455 2.96900010109
456 2.96700000763
457 2.97000002861
458 2.9509999752
459 2.94899988174
460 2.95399999619
461 2.95600008965
462 2.94499993324
463 2.9319999218
464 2.93499994278
465 2.92100000381
466 2.93899989128
467 2.92199993134
468 2.91799998283
469 2.91000008583
470 2.66000008583
471 2.6400001049
472 2.617000103
473 2.63100004196
474 0.948000013828
475 0.709999978542
476 0.704999983311
477 0.938000023365
478 2.64599990845
479 2.65199995041
480 2.64800000191
481 2.6289999485
482 2.65300011635
483 2.65599989891
484 2.65199995041
485 2.65899991989
486 2.65599989891
487 2.6819999218
488 2.68499994278
489 2.66199994087
490 2.8220000267
491 2.93600010872
492 2.93400001526
493 2.95499992371
494 2.94000005722
495 2.94600009918
496 2.94199991226
497 2.96900010109
498 2.95000004768
499 2.96300005913
500 2.97000002861
501 2.97099995613
502 2.98900008202
503 2.98900008202
504 2.9849998951
505 3.00600004196
506 2.99900007248
507 3.00699996948
508 3.03399991989
509 3.02600002289
510 3.02600002289
511 3.04500007629
512 3.06299996376
513 3.05500006676
514 3.06500005722
515 3.07299995422
516 3.08500003815
517 3.10899996758
518 3.10400009155
519 3.11199998856
520 3.1400001049
521 3.14400005341
522 3.13700008392
523 3.17700004578
524 0.929000020027
525 0.907000005245
526 0.920000016689
527 0.93900001049
528 3.0490000248
529 2.9849998951
530 2.9279999733
531 2.87800002098
532 2.8259999752
533 2.78600001335
534 2.73900008202
535 2.69099998474
536 2.95199990273
537 1.11199998856
538 1.07899999619
539 1.0490000248
540 1.02699995041
