0 0.578999996185
1 0.587000012398
2 0.59500002861
3 0.601999998093
4 0.611999988556
5 0.620000004768
6 0.663999974728
7 4.72800016403
8 4.73999977112
9 4.76800012589
10 4.80700016022
11 4.83400011063
12 4.85400009155
13 4.89400005341
14 4.93800020218
15 4.93499994278
16 4.84499979019
17 4.84800004959
18 4.88700008392
19 4.96999979019
20 5.14699983597
21 5.19600009918
22 5.23799991608
23 5.26700019836
24 5.3220000267
25 5.3639998436
26 5.40799999237
27 5.46299982071
28 5.50299978256
29 5.54799985886
30 5.60799980164
31 5.64499998093
32 5.69199991226
33 0.0
34 17.170999527
35 17.156999588
36 17.1539993286
37 0.0
38 0.0
39 0.0
40 17.2369995117
41 17.1800003052
42 17.0580005646
43 17.0030002594
44 16.5310001373
45 16.5540008545
46 16.5259990692
47 13.1649999619
48 13.0729999542
49 12.3459997177
50 11.9420003891
51 11.6009998322
52 11.5989999771
53 11.6370000839
54 11.609000206
55 11.345000267
56 11.0059995651
57 10.4809999466
58 10.1339998245
59 8.3360004425
60 8.33899974823
61 8.20199966431
62 7.91699981689
63 7.63700008392
64 7.44199991226
65 7.24100017548
66 7.05499982834
67 6.90100002289
68 6.78999996185
69 6.79799985886
70 6.80399990082
71 6.83500003815
72 6.85699987411
73 6.88100004196
74 6.78800010681
75 6.64699983597
76 6.51000022888
77 6.40299987793
78 6.26499986649
79 6.16099977493
80 5.24300003052
81 4.96600008011
82 4.85400009155
83 4.77199983597
84 4.70100021362
85 4.61199998856
86 4.54899978638
87 4.45300006866
88 4.41599988937
89 4.35300016403
90 4.25899982452
91 4.22100019455
92 4.15399980545
93 4.09600019455
94 4.03299999237
95 3.9960000515
96 3.9430000782
97 3.88400006294
98 3.85400009155
99 3.81999993324
100 3.76600003242
101 3.79800009727
102 3.81399989128
103 3.83899998665
104 3.87299990654
105 3.91100001335
106 3.93000006676
107 3.96199989319
108 3.93000006676
109 3.89599990845
110 3.85500001907
111 3.81399989128
112 3.76699995995
113 3.71799993515
114 3.67700004578
115 3.66400003433
116 3.6210000515
117 3.61400008202
118 3.56100010872
119 3.53800010681
120 3.49099993706
121 3.48300004005
122 3.45199990273
123 3.4240000248
124 3.40300011635
125 3.39299988747
126 3.43600010872
127 3.46700000763
128 3.50300002098
129 3.53800010681
130 3.56900000572
131 3.62299990654
132 3.66799998283
133 4.03000020981
134 4.06500005722
135 4.09600019455
136 4.14099979401
137 4.15600013733
138 4.20399999619
139 4.20300006866
140 4.26700019836
141 4.27299976349
142 4.32800006866
143 4.34700012207
144 4.39599990845
145 4.42999982834
146 4.47499990463
147 4.49100017548
148 4.5
149 4.53900003433
150 4.5529999733
151 4.20900011063
152 4.31199979782
153 4.56599998474
154 3.26099991798
155 3.41799998283
156 4.70900011063
157 4.61299991608
158 4.5560002327
159 4.80100011826
160 4.83199977875
161 4.87099981308
162 4.90700006485
163 4.94000005722
164 4.96700000763
165 5.00600004196
166 5.03200006485
167 5.03900003433
168 3.17100000381
169 3.24099993706
170 3.37800002098
171 4.11299991608
172 4.93300008774
173 4.89499998093
174 4.85099983215
175 4.83900022507
176 4.83799982071
177 4.83400011063
178 4.83699989319
179 4.85200023651
180 4.882999897
181 4.90899991989
182 4.83599996567
183 5.32000017166
184 5.48099994659
185 5.50299978256
186 5.50500011444
187 5.51999998093
188 4.63100004196
189 4.59200000763
190 5.55200004578
191 5.59700012207
192 3.65799999237
193 3.52800011635
194 4.07999992371
195 4.04899978638
196 5.70100021362
197 5.71999979019
198 5.73400020599
199 5.76800012589
200 5.78599977493
201 5.8060002327
202 5.8220000267
203 5.84800004959
204 5.85099983215
205 5.86199998856
206 5.87099981308
207 5.87300014496
208 5.89400005341
209 5.91599988937
210 5.93300008774
211 5.94199991226
212 5.96600008011
213 5.97100019455
214 5.99100017548
215 6.0110001564
216 6.01599979401
217 6.01999998093
218 6.05900001526
219 6.08300018311
220 6.08900022507
221 6.07600021362
222 6.10200023651
223 6.11600017548
224 6.08599996567
225 6.11600017548
226 6.12300014496
227 6.14099979401
228 6.14599990845
229 6.14900016785
230 6.16499996185
231 6.1810002327
232 6.17999982834
233 6.18200016022
234 6.19199991226
235 6.22200012207
236 6.23400020599
237 6.23099994659
238 6.22399997711
239 6.23400020599
240 6.21999979019
241 6.22499990463
242 6.22700023651
243 6.22499990463
244 6.22900009155
245 6.23500013351
246 6.23699998856
247 6.2389998436
248 6.24900007248
249 6.24900007248
250 6.26599979401
251 6.25299978256
252 6.25699996948
253 6.28299999237
254 6.29199981689
255 6.28599977493
256 6.26800012589
257 6.25600004196
258 6.26599979401
259 6.26300001144
260 6.25
261 6.23099994659
262 6.23299980164
263 6.2389998436
264 6.23500013351
265 6.22499990463
266 6.21899986267
267 6.23500013351
268 6.23000001907
269 6.21299982071
270 6.21000003815
271 6.20900011063
272 6.21899986267
273 6.14499998093
274 5.85500001907
275 5.79099988937
276 5.75899982452
277 5.74599981308
278 5.71299982071
279 5.73799991608
280 5.74900007248
281 5.76700019836
282 5.8029999733
283 5.95800018311
284 6.07899999619
285 6.09200000763
286 6.07999992371
287 6.0640001297
288 6.06799983978
289 6.03999996185
290 6.05399990082
291 6.01599979401
292 6.00299978256
293 5.29899978638
294 5.04500007629
295 5.03399991989
296 5.04400014877
297 5.03900003433
298 2.41499996185
299 2.41199994087
300 2.43600010872
301 5.11899995804
302 5.70300006866
303 5.39900016785
304 5.25199985504
305 5.242000103
306 5.20599985123
307 5.19600009918
308 5.22900009155
309 5.23199987411
310 5.32600021362
311 5.54899978638
312 5.66300010681
313 5.61800003052
314 5.61299991608
315 5.57899999619
316 5.56799983978
317 5.54199981689
318 5.52199983597
319 5.33400011063
320 5.09700012207
321 5.46099996567
322 5.45900011063
323 5.45499992371
324 5.42500019073
325 5.39799976349
326 5.375
327 5.32600021362
328 5.30700016022
329 4.39400005341
330 4.05499982834
331 4.10300016403
332 5.01499986649
333 5.17700004578
334 5.13800001144
335 5.12400007248
336 5.09800004959
337 5.07600021362
338 5.06500005722
339 5.03800010681
340 4.94899988174
341 4.82399988174
342 4.96999979019
343 4.94299983978
344 4.91300010681
345 4.87799978256
346 4.84600019455
347 4.71500015259
348 4.56300020218
349 4.74100017548
350 4.70399999619
351 4.69099998474
352 4.64799976349
353 4.632999897
354 4.60300016403
355 4.55800008774
356 4.3189997673
357 4.382999897
358 4.50299978256
359 4.45100021362
360 4.44199991226
361 4.41800022125
362 4.39499998093
363 4.34700012207
364 4.32100009918
365 4.28599977493
366 4.22900009155
367 4.22700023651
368 4.19000005722
369 4.13700008392
370 4.10500001907
371 4.08400011063
372 4.04500007629
373 4.0110001564
374 4.00099992752
375 3.95000004768
376 3.91799998283
377 3.9240000248
378 3.88599991798
379 3.85500001907
380 3.82399988174
381 3.71799993515
382 3.65000009537
383 3.60199999809
384 3.56900000572
385 3.54800009727
386 3.50699996948
387 3.47699999809
388 3.42600011826
389 3.40199995041
390 3.382999897
391 3.33100008965
392 3.30399990082
393 3.28600001335
394 3.27999997139
395 3.27900004387
396 3.30900001526
397 3.32999992371
398 3.36400008202
399 3.40199995041
400 3.43099999428
401 3.47699999809
402 3.52699995041
403 3.56900000572
404 3.60700011253
405 3.65499997139
406 3.69899988174
407 3.72099995613
408 3.73900008202
409 3.77399992943
410 3.83699989319
411 3.88700008392
412 3.93000006676
413 4.007999897
414 4.04799985886
415 4.12200021744
416 4.1939997673
417 4.23999977112
418 4.31199979782
419 4.37900018692
420 4.45399999619
421 4.53100013733
422 4.61100006104
423 4.67000007629
424 4.7389998436
425 4.8140001297
426 4.90899991989
427 5.02899980545
428 5.12599992752
429 5.22200012207
430 5.32600021362
431 5.42899990082
432 5.53499984741
433 5.66300010681
434 5.76499986649
435 5.90000009537
436 6.01300001144
437 6.16499996185
438 6.31799983978
439 6.49399995804
440 6.50299978256
441 6.60900020599
442 6.41400003433
443 3.0720000267
444 3.0490000248
445 3.04200005531
446 3.02800011635
447 3.02099990845
448 3.01799988747
449 3.01999998093
450 3.00200009346
451 3.00999999046
452 3.007999897
453 2.97799992561
454 2.99099993706
455 2.97399997711
456 2.96799993515
457 2.95900011063
458 2.96499991417
459 2.96000003815
460 2.95700001717
461 2.94600009918
462 2.94799995422
463 2.94499993324
464 2.94000005722
465 2.93700003624
466 2.93799996376
467 2.94400000572
468 2.9319999218
469 2.91599988937
470 2.68099999428
471 2.65400004387
472 2.63700008392
473 2.66100001335
474 0.955999970436
475 0.708000004292
476 0.704999983311
477 0.938000023365
478 2.65899991989
479 2.66300010681
480 2.65599989891
481 2.65000009537
482 2.65700006485
483 2.66000008583
484 2.66199994087
485 2.66400003433
486 2.67100000381
487 2.68099999428
488 2.67700004578
489 2.66499996185
490 2.82500004768
491 2.94099998474
492 2.96399998665
493 2.93899989128
494 2.94400000572
495 2.95399999619
496 2.97399997711
497 2.96099996567
498 2.96499991417
499 2.97099995613
500 2.97799992561
501 3.00099992752
502 2.99799990654
503 3.00999999046
504 2.99099993706
505 2.99699997902
506 3.00099992752
507 3.02500009537
508 3.03299999237
509 3.01799988747
510 3.05500006676
511 3.05399990082
512 3.07800006866
513 3.08200001717
514 3.07500004768
515 3.10199999809
516 3.10500001907
517 3.10299992561
518 3.10599994659
519 3.13899993896
520 3.14800000191
521 3.14299988747
522 3.16599988937
523 3.1740000248
524 0.93900001049
525 0.915000021458
526 0.920000016689
527 0.955999970436
528 3.04500007629
529 3.00200009346
530 2.94600009918
531 2.8900001049
532 2.83100008965
533 2.78600001335
534 2.7460000515
535 1.15100002289
536 1.11699998379
537 1.09800004959
538 1.08899998665
539 1.06599998474
540 1.02300000191
