0 4.50400018692
1 4.43400001526
2 4.44799995422
3 4.46600008011
4 4.53000020981
5 4.65799999237
6 4.66699981689
7 4.69899988174
8 4.72800016403
9 4.7610001564
10 4.78700017929
11 4.83300018311
12 4.85699987411
13 4.88399982452
14 4.92899990082
15 4.92199993134
16 4.84000015259
17 4.84700012207
18 4.875
19 4.96199989319
20 5.13800001144
21 5.18699979782
22 5.21099996567
23 5.26399993896
24 5.30000019073
25 5.35699987411
26 5.41200017929
27 5.44000005722
28 5.50099992752
29 5.54300022125
30 5.59800004959
31 5.6360001564
32 5.67600011826
33 0.0
34 17.1620006561
35 17.142999649
36 17.1550006866
37 0.0
38 0.0
39 0.0
40 17.2229995728
41 17.1509990692
42 17.0520000458
43 17.0060005188
44 16.5160007477
45 16.533000946
46 16.533000946
47 13.1610002518
48 13.0869998932
49 12.329000473
50 11.9350004196
51 11.5850000381
52 11.5959997177
53 11.6309995651
54 11.6169996262
55 11.3579998016
56 10.9829998016
57 10.4449996948
58 10.0880002975
59 8.3360004425
60 8.32800006866
61 8.19799995422
62 7.90999984741
63 7.64599990845
64 7.45599985123
65 7.24700021744
66 7.05399990082
67 6.89400005341
68 6.78700017929
69 6.78700017929
70 6.80200004578
71 6.83099985123
72 6.85900020599
73 6.88100004196
74 6.79300022125
75 6.63899993896
76 6.51000022888
77 6.38100004196
78 6.25899982452
79 6.15000009537
80 5.22599983215
81 4.96400022507
82 4.85300016403
83 4.76900005341
84 4.69199991226
85 4.61100006104
86 4.53900003433
87 4.44299983978
88 4.41200017929
89 4.3189997673
90 4.27299976349
91 4.21000003815
92 4.15500020981
93 4.10400009155
94 4.04099988937
95 3.992000103
96 3.92499995232
97 3.88499999046
98 3.83500003815
99 3.79699993134
100 3.78500008583
101 3.77699995041
102 3.81399989128
103 3.85599994659
104 3.87599992752
105 3.91100001335
106 3.9509999752
107 3.95300006866
108 3.91599988937
109 3.86800003052
110 3.84100008011
111 3.7990000248
112 3.74699997902
113 3.73399996758
114 3.69499993324
115 3.66000008583
116 3.62400007248
117 3.59999990463
118 3.5569999218
119 3.52800011635
120 3.49399995804
121 3.47199988365
122 3.44099998474
123 3.42000007629
124 3.38800001144
125 3.39299988747
126 3.4319999218
127 3.45199990273
128 3.48799991608
129 3.52800011635
130 3.55900001526
131 3.59400010109
132 3.66000008583
133 4.01700019836
134 4.06300020218
135 4.08300018311
136 4.12599992752
137 4.14099979401
138 4.17600011826
139 4.21199989319
140 4.24700021744
141 4.27699995041
142 4.3140001297
143 4.35799980164
144 4.39200019836
145 4.43200016022
146 4.46199989319
147 4.46799993515
148 4.4889998436
149 4.53100013733
150 4.54500007629
151 4.19500017166
152 4.29199981689
153 4.52699995041
154 3.2650001049
155 3.40799999237
156 4.71700000763
157 4.59000015259
158 4.57000017166
159 4.79400014877
160 4.83599996567
161 4.8639998436
162 4.89900016785
163 4.92899990082
164 4.94899988174
165 4.992000103
166 5.01499986649
167 5.03299999237
168 3.14899992943
169 3.22099995613
170 3.36599993706
171 4.10200023651
172 4.92199993134
173 4.88399982452
174 4.84600019455
175 4.83199977875
176 4.83199977875
177 4.8140001297
178 4.82000017166
179 4.84600019455
180 4.86899995804
181 4.89900016785
182 4.81199979782
183 5.31599998474
184 5.47499990463
185 5.48799991608
186 5.50099992752
187 5.51200008392
188 4.60200023651
189 4.57299995422
190 5.54300022125
191 5.58900022507
192 3.63499999046
193 3.53500008583
194 4.0560002327
195 4.03800010681
196 5.68499994278
197 5.70200014114
198 5.72800016403
199 5.757999897
200 5.79899978638
201 5.8029999733
202 5.81799983978
203 5.83599996567
204 5.84000015259
205 5.84600019455
206 5.8639998436
207 5.867000103
208 5.87200021744
209 5.90000009537
210 5.91800022125
211 5.94799995422
212 5.93699979782
213 5.96999979019
214 5.98799991608
215 5.9889998436
216 6.0110001564
217 6.00899982452
218 6.04899978638
219 6.0689997673
220 6.07299995422
221 6.07499980927
222 6.08900022507
223 6.08300018311
224 6.08400011063
225 6.08699989319
226 6.09600019455
227 6.1139998436
228 6.1360001564
229 6.14799976349
230 6.14900016785
231 6.17299985886
232 6.17700004578
233 6.18800020218
234 6.1939997673
235 6.21500015259
236 6.19600009918
237 6.21600008011
238 6.22300004959
239 6.21400022507
240 6.23799991608
241 6.21299982071
242 6.21999979019
243 6.21799993515
244 6.22100019455
245 6.22599983215
246 6.25199985504
247 6.23000001907
248 6.23999977112
249 6.24599981308
250 6.25699996948
251 6.24100017548
252 6.25600004196
253 6.25400018692
254 6.25899982452
255 6.25899982452
256 6.26399993896
257 6.26000022888
258 6.2389998436
259 6.24700021744
260 6.24700021744
261 6.21799993515
262 6.23199987411
263 6.20699977875
264 6.21299982071
265 6.20800018311
266 6.20900011063
267 6.19999980927
268 6.20499992371
269 6.23000001907
270 6.19500017166
271 6.23400020599
272 6.21899986267
273 6.11800003052
274 5.84600019455
275 5.78100013733
276 5.73199987411
277 5.72100019455
278 5.72599983215
279 5.72100019455
280 5.73699998856
281 5.76399993896
282 5.80800008774
283 5.95800018311
284 6.09299993515
285 6.05499982834
286 6.07600021362
287 6.06599998474
288 6.05200004578
289 6.0560002327
290 6.02400016785
291 6.01599979401
292 5.99700021744
293 5.29199981689
294 5.0640001297
295 5.02299976349
296 5.01900005341
297 5.01300001144
298 2.41400003433
299 2.40799999237
300 2.43600010872
301 5.09700012207
302 5.67999982834
303 5.38000011444
304 5.23400020599
305 5.23999977112
306 5.19799995422
307 5.19199991226
308 5.21099996567
309 5.22599983215
310 5.30900001526
311 5.54699993134
312 5.63800001144
313 5.63700008392
314 5.59600019455
315 5.58199977875
316 5.55900001526
317 5.54699993134
318 5.52400016785
319 5.32100009918
320 5.09899997711
321 5.45399999619
322 5.45100021362
323 5.43200016022
324 5.41599988937
325 5.39400005341
326 5.36100006104
327 5.32700014114
328 5.28800010681
329 4.37200021744
330 4.03100013733
331 4.10099983215
332 5.00699996948
333 5.16599988937
334 5.14200019836
335 5.11000013351
336 5.09800004959
337 5.0689997673
338 5.04199981689
339 5.02199983597
340 4.94799995422
341 4.80999994278
342 4.94500017166
343 4.93300008774
344 4.90199995041
345 4.87599992752
346 4.82700014114
347 4.69299983978
348 4.56500005722
349 4.73199987411
350 4.70699977875
351 4.67100000381
352 4.64200019836
353 4.62099981308
354 4.5640001297
355 4.56699991226
356 4.32600021362
357 4.35300016403
358 4.46400022507
359 4.4310002327
360 4.42199993134
361 4.41599988937
362 4.39099979401
363 4.35400009155
364 4.29699993134
365 4.28700017929
366 4.25
367 4.19099998474
368 4.15299987793
369 4.13800001144
370 4.09600019455
371 4.07299995422
372 4.04899978638
373 4.02600002289
374 3.98600006104
375 3.94400000572
376 3.94000005722
377 3.90199995041
378 3.85899996758
379 3.83299994469
380 3.8029999733
381 3.69799995422
382 3.62400007248
383 3.60199999809
384 3.56200003624
385 3.53099989891
386 3.4849998951
387 3.44600009918
388 3.42899990082
389 3.39800000191
390 3.35299992561
391 3.32399988174
392 3.30500006676
393 3.28500008583
394 3.26099991798
395 3.24900007248
396 3.28500008583
397 3.31500005722
398 3.35199999809
399 3.39199995995
400 3.42700004578
401 3.46700000763
402 3.50300002098
403 3.56100010872
404 3.59699988365
405 3.62400007248
406 3.67199993134
407 3.70399999619
408 3.72799992561
409 3.75699996948
410 3.81900000572
411 3.88400006294
412 3.94199991226
413 3.99399995804
414 4.06300020218
415 4.11499977112
416 4.1890001297
417 4.22700023651
418 4.31699991226
419 4.36100006104
420 4.43300008774
421 4.51900005341
422 4.59800004959
423 4.63399982452
424 4.71600008011
425 4.79899978638
426 4.90399980545
427 5.01999998093
428 5.10300016403
429 5.19799995422
430 5.29600000381
431 5.42600011826
432 5.53200006485
433 5.64799976349
434 5.74700021744
435 5.87200021744
436 6.01999998093
437 6.15700006485
438 6.3109998703
439 6.47700023651
440 6.49399995804
441 6.59499979019
442 6.45699977875
443 3.07500004768
444 3.04500007629
445 3.02200007439
446 3.02800011635
447 3.03800010681
448 3.01999998093
449 2.99399995804
450 2.98900008202
451 2.98099994659
452 2.98900008202
453 2.97300004959
454 2.97199988365
455 2.97000002861
456 2.98099994659
457 2.97300004959
458 2.96300005913
459 2.94799995422
460 2.96499991417
461 2.94099998474
462 2.94499993324
463 2.9279999733
464 2.92300009727
465 2.93099999428
466 2.93400001526
467 2.91899991035
468 2.92100000381
469 2.9319999218
470 2.67499995232
471 2.64700007439
472 2.64100003242
473 2.65400004387
474 0.943000018597
475 0.705999970436
476 0.712000012398
477 0.930000007153
478 2.64899992943
479 2.65899991989
480 2.65700006485
481 2.64700007439
482 2.63000011444
483 2.63700008392
484 2.64599990845
485 2.66000008583
486 2.65899991989
487 2.66700005531
488 2.65499997139
489 2.68300008774
490 2.83699989319
491 2.92700004578
492 2.92499995232
493 2.92899990082
494 2.94899988174
495 2.93799996376
496 2.95199990273
497 2.97099995613
498 2.95499992371
499 2.96000003815
500 2.98000001907
501 2.97499990463
502 2.97699999809
503 2.97399997711
504 2.992000103
505 3.00699996948
506 3.0
507 2.99699997902
508 3.02800011635
509 3.03399991989
510 3.03699994087
511 3.06200003624
512 3.04200005531
513 3.04800009727
514 3.07399988174
515 3.08899998665
516 3.0759999752
517 3.10100007057
518 3.1099998951
519 3.11500000954
520 3.13899993896
521 3.14499998093
522 3.14100003242
523 3.15899991989
524 0.930000007153
525 0.893000006676
526 0.902999997139
527 0.929000020027
528 3.03800010681
529 2.98699998856
530 2.92700004578
531 2.86299991608
532 2.82699990273
533 2.77699995041
534 2.74300003052
535 2.6930000782
536 2.95799994469
537 1.10899996758
538 1.09200000763
539 1.06599998474
540 1.03499996662
