0 4.50299978256
1 4.43400001526
2 4.44199991226
3 4.47100019455
4 4.52899980545
5 4.64799976349
6 4.66900014877
7 4.71899986267
8 4.73799991608
9 4.76900005341
10 4.79199981689
11 4.82000017166
12 4.85500001907
13 4.89699983597
14 4.91699981689
15 4.94099998474
16 4.82800006866
17 4.85599994659
18 4.875
19 4.95699977875
20 5.14099979401
21 5.17500019073
22 5.23400020599
23 5.26700019836
24 5.31599998474
25 5.34299993515
26 5.40399980545
27 5.45499992371
28 5.49900007248
29 5.5529999733
30 5.59299993515
31 5.625
32 5.67399978638
33 0.0
34 17.1380004883
35 17.1560001373
36 17.158000946
37 0.0
38 0.0
39 0.0
40 17.2259998322
41 17.1679992676
42 17.0760002136
43 16.9979991913
44 16.5209999084
45 16.5380001068
46 16.5249996185
47 13.156999588
48 13.093000412
49 12.3479995728
50 11.9289999008
51 11.5799999237
52 11.6009998322
53 11.626999855
54 11.6319999695
55 11.3350000381
56 10.9890003204
57 10.4370002747
58 10.0869998932
59 8.3079996109
60 8.33500003815
61 8.20400047302
62 7.90700006485
63 7.65100002289
64 7.4470000267
65 7.25500011444
66 7.05999994278
67 6.88899993896
68 6.78200006485
69 6.78700017929
70 6.80399990082
71 6.82100009918
72 6.85500001907
73 6.87699985504
74 6.80000019073
75 6.63500022888
76 6.507999897
77 6.40100002289
78 6.26599979401
79 6.13700008392
80 5.22800016403
81 4.96099996567
82 4.85699987411
83 4.76300001144
84 4.69000005722
85 4.61100006104
86 4.51900005341
87 4.45200014114
88 4.40199995041
89 4.33900022507
90 4.27199983597
91 4.21299982071
92 4.16499996185
93 4.11499977112
94 4.03999996185
95 3.98099994659
96 3.91400003433
97 3.89100003242
98 3.82699990273
99 3.79600000381
100 3.77200007439
101 3.8029999733
102 3.83299994469
103 3.84400010109
104 3.89100003242
105 3.90799999237
106 3.93600010872
107 3.93700003624
108 3.90899991989
109 3.87700009346
110 3.82899999619
111 3.80399990082
112 3.77699995041
113 3.73200011253
114 3.68499994278
115 3.65599989891
116 3.632999897
117 3.59999990463
118 3.56399989128
119 3.51799988747
120 3.48600006104
121 3.47399997711
122 3.45399999619
123 3.41000008583
124 3.40499997139
125 3.3900001049
126 3.42300009727
127 3.44799995422
128 3.47900009155
129 3.51399993896
130 3.56200003624
131 3.61100006104
132 3.67100000381
133 4.03000020981
134 4.0609998703
135 4.07600021362
136 4.11000013351
137 4.16499996185
138 4.18300008774
139 4.21099996567
140 4.26000022888
141 4.28700017929
142 4.32100009918
143 4.35699987411
144 4.37900018692
145 4.42199993134
146 4.45800018311
147 4.48799991608
148 4.507999897
149 4.53700017929
150 4.5529999733
151 4.20599985123
152 4.28999996185
153 4.57899999619
154 3.25500011444
155 3.42100000381
156 4.71700000763
157 4.59000015259
158 4.55999994278
159 4.8060002327
160 4.83199977875
161 4.84800004959
162 4.89799976349
163 4.93800020218
164 4.96500015259
165 4.99900007248
166 5.01800012589
167 5.03800010681
168 3.15199995041
169 3.22300004959
170 3.38100004196
171 4.11000013351
172 4.91099977493
173 4.87400007248
174 4.84499979019
175 4.83500003815
176 4.83099985123
177 4.81500005722
178 4.83199977875
179 4.83900022507
180 4.88199996948
181 4.88999986649
182 4.8109998703
183 5.3140001297
184 5.46799993515
185 5.47100019455
186 5.48500013351
187 5.50899982452
188 4.61100006104
189 4.58199977875
190 5.56699991226
191 5.59299993515
192 3.6400001049
193 3.51699995995
194 4.07899999619
195 4.04099988937
196 5.69199991226
197 5.71899986267
198 5.73600006104
199 5.76700019836
200 5.77699995041
201 5.8029999733
202 5.81599998474
203 5.84000015259
204 5.83799982071
205 5.85699987411
206 5.85799980164
207 5.87400007248
208 5.91099977493
209 5.89599990845
210 5.91300010681
211 5.92500019073
212 5.9359998703
213 5.97599983215
214 5.9889998436
215 5.99700021744
216 6.02299976349
217 6.03999996185
218 6.04899978638
219 6.06500005722
220 6.05999994278
221 6.0689997673
222 6.08500003815
223 6.10300016403
224 6.11600017548
225 6.08900022507
226 6.12300014496
227 6.13899993896
228 6.125
229 6.14900016785
230 6.15399980545
231 6.16400003433
232 6.17299985886
233 6.1859998703
234 6.20800018311
235 6.21500015259
236 6.23299980164
237 6.22399997711
238 6.23199987411
239 6.21299982071
240 6.21500015259
241 6.22200012207
242 6.23500013351
243 6.24599981308
244 6.242000103
245 6.22399997711
246 6.21700000763
247 6.23500013351
248 6.242000103
249 6.23799991608
250 6.25899982452
251 6.25400018692
252 6.25199985504
253 6.27500009537
254 6.26700019836
255 6.25699996948
256 6.24900007248
257 6.23999977112
258 6.24900007248
259 6.25
260 6.24499988556
261 6.24800014496
262 6.21099996567
263 6.23000001907
264 6.22200012207
265 6.21600008011
266 6.21099996567
267 6.21999979019
268 6.22100019455
269 6.21199989319
270 6.21000003815
271 6.21700000763
272 6.21500015259
273 6.14099979401
274 5.84600019455
275 5.78900003433
276 5.74900007248
277 5.71299982071
278 5.72700023651
279 5.72900009155
280 5.75299978256
281 5.78200006485
282 5.80999994278
283 5.94999980927
284 6.08400011063
285 6.07399988174
286 6.06300020218
287 6.06199979782
288 6.05700016022
289 6.03900003433
290 6.01399993896
291 6.02299976349
292 5.99599981308
293 5.31199979782
294 5.06799983978
295 5.03900003433
296 5.02899980545
297 5.01200008392
298 2.41599988937
299 2.41300010681
300 2.43099999428
301 5.09999990463
302 5.6939997673
303 5.38500022888
304 5.23299980164
305 5.23000001907
306 5.20399999619
307 5.18300008774
308 5.21999979019
309 5.23199987411
310 5.3220000267
311 5.54400014877
312 5.64599990845
313 5.62200021744
314 5.58599996567
315 5.5720000267
316 5.56699991226
317 5.54799985886
318 5.52400016785
319 5.3220000267
320 5.09100008011
321 5.45100021362
322 5.44500017166
323 5.4359998703
324 5.40500020981
325 5.38100004196
326 5.3639998436
327 5.33599996567
328 5.29799985886
329 4.36899995804
330 4.05000019073
331 4.11499977112
332 5.01900005341
333 5.16800022125
334 5.13399982452
335 5.11999988556
336 5.08500003815
337 5.0609998703
338 5.03999996185
339 5.01499986649
340 4.95499992371
341 4.8060002327
342 4.96000003815
343 4.94000005722
344 4.91499996185
345 4.85400009155
346 4.83599996567
347 4.6939997673
348 4.55800008774
349 4.73400020599
350 4.70499992371
351 4.66800022125
352 4.63100004196
353 4.62699985504
354 4.57600021362
355 4.56300020218
356 4.29500007629
357 4.34700012207
358 4.48099994659
359 4.46299982071
360 4.43499994278
361 4.42399978638
362 4.39900016785
363 4.36199998856
364 4.31199979782
365 4.27299976349
366 4.22300004959
367 4.20399999619
368 4.18499994278
369 4.15000009537
370 4.11100006104
371 4.08599996567
372 4.05100011826
373 4.02400016785
374 3.9849998951
375 3.95600008965
376 3.91199994087
377 3.91400003433
378 3.87800002098
379 3.83999991417
380 3.83800005913
381 3.71300005913
382 3.62400007248
383 3.59899997711
384 3.56900000572
385 3.52900004387
386 3.48200011253
387 3.45900011063
388 3.42300009727
389 3.39100003242
390 3.375
391 3.3220000267
392 3.30800008774
393 3.28600001335
394 3.27099990845
395 3.2650001049
396 3.30399990082
397 3.33100008965
398 3.36899995804
399 3.40799999237
400 3.43700003624
401 3.46900010109
402 3.50500011444
403 3.55999994278
404 3.58200001717
405 3.62800002098
406 3.67600011826
407 3.71499991417
408 3.742000103
409 3.78900003433
410 3.82899999619
411 3.86999988556
412 3.92700004578
413 4.00199985504
414 4.03999996185
415 4.10200023651
416 4.18499994278
417 4.24499988556
418 4.31699991226
419 4.36000013351
420 4.42999982834
421 4.49499988556
422 4.58199977875
423 4.66499996185
424 4.73699998856
425 4.81500005722
426 4.92000007629
427 5.02400016785
428 5.10400009155
429 5.1970000267
430 5.31799983978
431 5.41499996185
432 5.52500009537
433 5.63199996948
434 5.75899982452
435 5.88100004196
436 6.02899980545
437 6.15700006485
438 6.31799983978
439 6.47800016403
440 6.49800014496
441 6.59299993515
442 6.46199989319
443 3.05999994278
444 3.04399991035
445 3.04600000381
446 3.02600002289
447 3.02099990845
448 3.00900006294
449 3.00900006294
450 2.9960000515
451 2.99399995804
452 2.99799990654
453 2.98399996758
454 2.97000002861
455 2.97000002861
456 2.96300005913
457 2.97099995613
458 2.95700001717
459 2.96799993515
460 2.94600009918
461 2.93799996376
462 2.94600009918
463 2.93700003624
464 2.92899990082
465 2.94000005722
466 2.94000005722
467 2.92199993134
468 2.92300009727
469 2.90700006485
470 2.66899991035
471 2.62700009346
472 2.63599991798
473 2.64499998093
474 0.943000018597
475 0.707000017166
476 0.698000013828
477 0.929000020027
478 2.65400004387
479 2.64199995995
480 2.64299988747
481 2.64899992943
482 2.6400001049
483 2.65300011635
484 2.63199996948
485 2.64700007439
486 2.65899991989
487 2.66799998283
488 2.68400001526
489 2.68600010872
490 2.81999993324
491 2.92499995232
492 2.94600009918
493 2.93499994278
494 2.9509999752
495 2.94199991226
496 2.96399998665
497 2.96399998665
498 2.95600008965
499 2.95900011063
500 2.98300004005
501 2.96799993515
502 2.98300004005
503 2.97499990463
504 2.98799991608
505 2.9960000515
506 3.02200007439
507 3.00699996948
508 3.01399993896
509 3.03200006485
510 3.02900004387
511 3.05599999428
512 3.05599999428
513 3.0680000782
514 3.07800006866
515 3.09400010109
516 3.09299993515
517 3.09599995613
518 3.11500000954
519 3.12700009346
520 3.13700008392
521 3.14299988747
522 3.1400001049
523 3.17199993134
524 0.931999981403
525 0.916999995708
526 0.903999984264
527 0.95300000906
528 3.04399991035
529 2.98799991608
530 2.93300008774
531 2.88899993896
532 2.82699990273
533 2.78600001335
534 2.74099993706
535 2.71300005913
536 2.96199989319
537 1.11699998379
538 1.09300005436
539 1.04499995708
540 1.02999997139
