0 4.51700019836
1 4.43300008774
2 4.45800018311
3 4.47800016403
4 4.53299999237
5 4.65899991989
6 4.67100000381
7 4.70800018311
8 4.73999977112
9 4.77400016785
10 4.79099988937
11 4.83500003815
12 4.87400007248
13 4.89900016785
14 4.92999982834
15 4.94500017166
16 4.84999990463
17 4.85799980164
18 4.89300012589
19 4.97100019455
20 5.15199995041
21 5.19000005722
22 5.23699998856
23 5.28000020981
24 5.32000017166
25 5.36100006104
26 5.41599988937
27 5.45399999619
28 5.50699996948
29 5.55100011826
30 5.60099983215
31 5.65100002289
32 5.68300008774
33 0.0
34 17.158000946
35 17.138999939
36 17.158000946
37 0.0
38 0.0
39 0.0
40 17.2520008087
41 17.1790008545
42 17.0750007629
43 17.0119991302
44 16.5209999084
45 16.5340003967
46 16.5200004578
47 13.1649999619
48 13.0869998932
49 12.343000412
50 11.954000473
51 11.5970001221
52 11.6049995422
53 11.6450004578
54 11.6319999695
55 11.3389997482
56 10.9890003204
57 10.4899997711
58 10.1210002899
59 8.34300041199
60 8.35099983215
61 8.22000026703
62 7.91400003433
63 7.64400005341
64 7.44899988174
65 7.25099992752
66 7.06699991226
67 6.89900016785
68 6.78900003433
69 6.78999996185
70 6.80999994278
71 6.84200000763
72 6.84499979019
73 6.87799978256
74 6.79400014877
75 6.64400005341
76 6.52199983597
77 6.40399980545
78 6.27500009537
79 6.16699981689
80 5.24300003052
81 4.96299982071
82 4.86800003052
83 4.76999998093
84 4.68699979782
85 4.60799980164
86 4.54899978638
87 4.47100019455
88 4.41900014877
89 4.34600019455
90 4.28499984741
91 4.21700000763
92 4.14699983597
93 4.08900022507
94 4.03700017929
95 3.98699998856
96 3.92499995232
97 3.89499998093
98 3.84800004959
99 3.78099989891
100 3.78099989891
101 3.78900003433
102 3.83400011063
103 3.84299993515
104 3.875
105 3.90700006485
106 3.94199991226
107 3.95499992371
108 3.93700003624
109 3.90000009537
110 3.84999990463
111 3.82399988174
112 3.76099991798
113 3.73799991608
114 3.68300008774
115 3.66700005531
116 3.63700008392
117 3.60100007057
118 3.56299996376
119 3.53699994087
120 3.51600003242
121 3.47900009155
122 3.4470000267
123 3.42100000381
124 3.38599991798
125 3.39299988747
126 3.43799996376
127 3.46199989319
128 3.50500011444
129 3.53500008583
130 3.58299994469
131 3.6289999485
132 3.6740000248
133 4.00699996948
134 4.0689997673
135 4.10500001907
136 4.13399982452
137 4.16900014877
138 4.18200016022
139 4.20399999619
140 4.24499988556
141 4.26599979401
142 4.3140001297
143 4.37099981308
144 4.37300014496
145 4.43699979782
146 4.46899986267
147 4.46400022507
148 4.5110001564
149 4.53499984741
150 4.55499982834
151 4.21299982071
152 4.29799985886
153 4.49399995804
154 3.29200005531
155 3.41199994087
156 4.71600008011
157 4.617000103
158 4.5529999733
159 4.79699993134
160 4.83599996567
161 4.87099981308
162 4.90799999237
163 4.92999982834
164 4.96299982071
165 5.0110001564
166 5.02400016785
167 5.03999996185
168 3.14499998093
169 3.22499990463
170 3.37199997902
171 4.12300014496
172 4.93300008774
173 4.87599992752
174 4.86100006104
175 4.84399986267
176 4.82600021362
177 4.81300020218
178 4.83199977875
179 4.85699987411
180 4.86800003052
181 4.92100000381
182 4.81599998474
183 5.33199977875
184 5.46500015259
185 5.48600006104
186 5.50400018692
187 5.51700019836
188 4.59999990463
189 4.5640001297
190 5.5560002327
191 5.58300018311
192 3.65499997139
193 3.53900003433
194 4.07700014114
195 4.05499982834
196 5.68300008774
197 5.70800018311
198 5.742000103
199 5.7610001564
200 5.78900003433
201 5.82499980927
202 5.83199977875
203 5.83400011063
204 5.84999990463
205 5.84899997711
206 5.86899995804
207 5.89499998093
208 5.90600013733
209 5.91900014877
210 5.9359998703
211 5.93499994278
212 5.94899988174
213 5.96199989319
214 5.99399995804
215 6.00400018692
216 6.02099990845
217 6.04400014877
218 6.06799983978
219 6.08500003815
220 6.10200023651
221 6.09399986267
222 6.10799980164
223 6.09000015259
224 6.11899995804
225 6.1139998436
226 6.11800003052
227 6.14099979401
228 6.15100002289
229 6.16099977493
230 6.15899991989
231 6.17500019073
232 6.19099998474
233 6.19600009918
234 6.22200012207
235 6.19999980927
236 6.23699998856
237 6.23299980164
238 6.23500013351
239 6.22499990463
240 6.21899986267
241 6.22499990463
242 6.22800016403
243 6.23600006104
244 6.22900009155
245 6.22800016403
246 6.23500013351
247 6.23699998856
248 6.22800016403
249 6.26900005341
250 6.24499988556
251 6.27099990845
252 6.27099990845
253 6.27299976349
254 6.29799985886
255 6.27500009537
256 6.27600002289
257 6.24599981308
258 6.26599979401
259 6.26599979401
260 6.24900007248
261 6.24900007248
262 6.25400018692
263 6.242000103
264 6.22200012207
265 6.23000001907
266 6.21899986267
267 6.22499990463
268 6.21400022507
269 6.21899986267
270 6.21600008011
271 6.21999979019
272 6.22700023651
273 6.14400005341
274 5.82999992371
275 5.77899980545
276 5.76300001144
277 5.73999977112
278 5.71899986267
279 5.71899986267
280 5.74599981308
281 5.77299976349
282 5.82600021362
283 5.9390001297
284 6.07700014114
285 6.07100009918
286 6.0560002327
287 6.07800006866
288 6.05999994278
289 6.05900001526
290 6.04899978638
291 6.02299976349
292 6.007999897
293 5.29600000381
294 5.07499980927
295 5.03999996185
296 5.02199983597
297 5.03299999237
298 2.39800000191
299 2.4240000248
300 2.43400001526
301 5.12400007248
302 5.6939997673
303 5.39699983597
304 5.242000103
305 5.24800014496
306 5.21099996567
307 5.19799995422
308 5.22399997711
309 5.23299980164
310 5.32899999619
311 5.53800010681
312 5.64499998093
313 5.62900018692
314 5.61299991608
315 5.59299993515
316 5.5640001297
317 5.55200004578
318 5.51800012589
319 5.33199977875
320 5.10099983215
321 5.46700000763
322 5.44000005722
323 5.43699979782
324 5.41400003433
325 5.38899993896
326 5.35799980164
327 5.32600021362
328 5.30800008774
329 4.37900018692
330 4.04300022125
331 4.10799980164
332 5.05100011826
333 5.17299985886
334 5.14400005341
335 5.11100006104
336 5.10099983215
337 5.08199977875
338 5.03999996185
339 5.03000020981
340 4.94899988174
341 4.82800006866
342 4.95599985123
343 4.95300006866
344 4.91200017929
345 4.86000013351
346 4.84600019455
347 4.70399999619
348 4.57299995422
349 4.73799991608
350 4.71199989319
351 4.6859998703
352 4.64799976349
353 4.62799978256
354 4.59899997711
355 4.55800008774
356 4.31599998474
357 4.36199998856
358 4.49399995804
359 4.46600008011
360 4.44000005722
361 4.42999982834
362 4.40600013733
363 4.34399986267
364 4.31199979782
365 4.28200006485
366 4.23500013351
367 4.23099994659
368 4.1810002327
369 4.14599990845
370 4.11800003052
371 4.08799982071
372 4.06500005722
373 4.01000022888
374 3.98600006104
375 3.96900010109
376 3.91700005531
377 3.91300010681
378 3.86500000954
379 3.84599995613
380 3.83500003815
381 3.70700001717
382 3.63899993896
383 3.6099998951
384 3.57800006866
385 3.54299998283
386 3.51099991798
387 3.46099996567
388 3.43300008774
389 3.40499997139
390 3.36400008202
391 3.33999991417
392 3.31399989128
393 3.27900004387
394 3.27600002289
395 3.25500011444
396 3.28800010681
397 3.33200001717
398 3.38100004196
399 3.40000009537
400 3.44199991226
401 3.48799991608
402 3.50900006294
403 3.56399989128
404 3.60400009155
405 3.63199996948
406 3.68700003624
407 3.73000001907
408 3.74900007248
409 3.80100011826
410 3.84200000763
411 3.88599991798
412 3.92300009727
413 3.99699997902
414 4.06699991226
415 4.12900018692
416 4.19999980927
417 4.25400018692
418 4.32600021362
419 4.367000103
420 4.4439997673
421 4.53499984741
422 4.59299993515
423 4.66499996185
424 4.74100017548
425 4.81599998474
426 4.91599988937
427 5.02400016785
428 5.11100006104
429 5.21799993515
430 5.31500005722
431 5.42700004578
432 5.53900003433
433 5.64400005341
434 5.76000022888
435 5.90500020981
436 6.01499986649
437 6.17299985886
438 6.3220000267
439 6.47599983215
440 6.50299978256
441 6.61899995804
442 6.49700021744
443 3.08299994469
444 3.04800009727
445 3.04200005531
446 3.03699994087
447 3.01399993896
448 3.02200007439
449 3.00699996948
450 2.98900008202
451 2.9960000515
452 2.99699997902
453 2.98699998856
454 2.99300003052
455 2.98200011253
456 2.97099995613
457 2.97499990463
458 2.98200011253
459 2.94600009918
460 2.95399999619
461 2.96600008011
462 2.96199989319
463 2.95300006866
464 2.93400001526
465 2.93799996376
466 2.93899989128
467 2.93799996376
468 2.92600011826
469 2.91499996185
470 2.6779999733
471 2.65799999237
472 2.63800001144
473 2.6400001049
474 0.954999983311
475 0.708999991417
476 0.717999994755
477 0.930999994278
478 2.66899991035
479 2.66400003433
480 2.64499998093
481 2.65799999237
482 2.67700004578
483 2.64800000191
484 2.66499996185
485 2.66799998283
486 2.66799998283
487 2.67000007629
488 2.66100001335
489 2.67899990082
490 2.82899999619
491 2.94400000572
492 2.94799995422
493 2.9430000782
494 2.96300005913
495 2.94899988174
496 2.95700001717
497 2.96900010109
498 2.97600007057
499 2.96499991417
500 2.98799991608
501 2.97499990463
502 2.99000000954
503 2.98200011253
504 3.00500011444
505 2.98900008202
506 3.01399993896
507 3.02999997139
508 3.04500007629
509 3.04800009727
510 3.05500006676
511 3.03600001335
512 3.07299995422
513 3.07399988174
514 3.07899999619
515 3.07699990273
516 3.09800004959
517 3.12199997902
518 3.10500001907
519 3.12299990654
520 3.132999897
521 3.16300010681
522 3.16899991035
523 3.17499995232
524 0.945999979973
525 0.922999978065
526 0.931999981403
527 0.95300000906
528 3.03900003433
529 2.99300003052
530 2.94099998474
531 2.89199995995
532 2.83699989319
533 2.79399991035
534 2.74699997902
535 2.72199988365
536 2.97199988365
537 1.10899996758
538 1.08200001717
539 1.05999994278
540 1.01800000668
