0 4.51200008392
1 4.42100000381
2 4.4470000267
3 4.46400022507
4 4.53900003433
5 4.62699985504
6 4.66599988937
7 4.71600008011
8 4.73699998856
9 4.76900005341
10 4.81300020218
11 4.8060002327
12 4.85200023651
13 4.882999897
14 4.93800020218
15 4.93499994278
16 4.84499979019
17 4.84999990463
18 4.88199996948
19 4.95599985123
20 5.14200019836
21 5.18800020218
22 5.21099996567
23 5.26999998093
24 5.30900001526
25 5.35799980164
26 5.40899991989
27 5.4310002327
28 5.5
29 5.55100011826
30 5.60500001907
31 5.63899993896
32 5.64599990845
33 0.0
34 17.1630001068
35 17.1299991608
36 17.1529998779
37 0.0
38 0.0
39 0.0
40 17.2269992828
41 17.1639995575
42 17.0669994354
43 17.0109996796
44 16.5189990997
45 16.5410003662
46 16.5289993286
47 13.1490001678
48 13.0659999847
49 12.3350000381
50 11.9440002441
51 11.5920000076
52 11.6040000916
53 11.6300001144
54 11.6199998856
55 11.3439998627
56 10.9910001755
57 10.4469995499
58 10.1199998856
59 8.33500003815
60 8.32800006866
61 8.20199966431
62 7.90999984741
63 7.63000011444
64 7.44199991226
65 7.2389998436
66 7.06500005722
67 6.89799976349
68 6.78100013733
69 6.76900005341
70 6.80499982834
71 6.81799983978
72 6.85599994659
73 6.86800003052
74 6.79799985886
75 6.63500022888
76 6.49399995804
77 6.38700008392
78 6.26200008392
79 6.14900016785
80 5.22399997711
81 4.95499992371
82 4.8639998436
83 4.76300001144
84 4.68200016022
85 4.61100006104
86 4.54799985886
87 4.47499990463
88 4.40000009537
89 4.34100008011
90 4.26499986649
91 4.20499992371
92 4.16499996185
93 4.09899997711
94 4.02699995041
95 3.96099996567
96 3.93000006676
97 3.882999897
98 3.83800005913
99 3.77399992943
100 3.77399992943
101 3.78200006485
102 3.82299995422
103 3.84899997711
104 3.86500000954
105 3.91499996185
106 3.92000007629
107 3.9319999218
108 3.91499996185
109 3.89299988747
110 3.83200001717
111 3.80599999428
112 3.77099990845
113 3.73000001907
114 3.70399999619
115 3.65300011635
116 3.62299990654
117 3.59200000763
118 3.54299998283
119 3.51600003242
120 3.49000000954
121 3.48000001907
122 3.44799995422
123 3.41799998283
124 3.40000009537
125 3.39299988747
126 3.42199993134
127 3.4470000267
128 3.49300003052
129 3.53299999237
130 3.57100009918
131 3.59599995613
132 3.66799998283
133 4.01300001144
134 4.06699991226
135 4.07100009918
136 4.125
137 4.15199995041
138 4.17899990082
139 4.21000003815
140 4.25500011444
141 4.28800010681
142 4.30900001526
143 4.34899997711
144 4.37699985504
145 4.4310002327
146 4.45699977875
147 4.4889998436
148 4.507999897
149 4.53700017929
150 4.53499984741
151 4.1890001297
152 4.29699993134
153 4.55999994278
154 3.26600003242
155 3.40599989891
156 4.71099996567
157 4.58500003815
158 4.57100009918
159 4.78999996185
160 4.83400011063
161 4.85799980164
162 4.88800001144
163 4.92500019073
164 4.95900011063
165 4.99300003052
166 5.02099990845
167 5.02699995041
168 3.15899991989
169 3.21700000763
170 3.36999988556
171 4.08900022507
172 4.92100000381
173 4.88000011444
174 4.84000015259
175 4.82999992371
176 4.8109998703
177 4.8220000267
178 4.83099985123
179 4.84299993515
180 4.86199998856
181 4.90000009537
182 4.80999994278
183 5.31599998474
184 5.4470000267
185 5.46600008011
186 5.50400018692
187 5.51999998093
188 4.60099983215
189 4.57899999619
190 5.55000019073
191 5.58500003815
192 3.65400004387
193 3.53600001335
194 4.06500005722
195 4.05999994278
196 5.69500017166
197 5.69899988174
198 5.72900009155
199 5.75099992752
200 5.76399993896
201 5.81500005722
202 5.8109998703
203 5.82000017166
204 5.85699987411
205 5.86000013351
206 5.85699987411
207 5.87599992752
208 5.88199996948
209 5.88899993896
210 5.91800022125
211 5.92899990082
212 5.95399999619
213 5.96199989319
214 5.99100017548
215 5.99100017548
216 6.01200008392
217 6.02799987793
218 6.04500007629
219 6.07000017166
220 6.07700014114
221 6.09600019455
222 6.09899997711
223 6.09100008011
224 6.09200000763
225 6.08900022507
226 6.10799980164
227 6.132999897
228 6.13100004196
229 6.14499998093
230 6.15700006485
231 6.17199993134
232 6.17999982834
233 6.17700004578
234 6.18200016022
235 6.19600009918
236 6.22200012207
237 6.21899986267
238 6.22300004959
239 6.23500013351
240 6.23500013351
241 6.22300004959
242 6.22700023651
243 6.21500015259
244 6.22200012207
245 6.21899986267
246 6.23299980164
247 6.21899986267
248 6.23699998856
249 6.2610001564
250 6.257999897
251 6.24100017548
252 6.24599981308
253 6.2610001564
254 6.27899980545
255 6.26700019836
256 6.26000022888
257 6.26800012589
258 6.24599981308
259 6.25400018692
260 6.23999977112
261 6.24800014496
262 6.21500015259
263 6.20200014114
264 6.21600008011
265 6.21400022507
266 6.23099994659
267 6.22300004959
268 6.20699977875
269 6.21199989319
270 6.20599985123
271 6.23299980164
272 6.19999980927
273 6.12300014496
274 5.84700012207
275 5.77600002289
276 5.75199985504
277 5.73999977112
278 5.71600008011
279 5.72100019455
280 5.73400020599
281 5.74900007248
282 5.79199981689
283 5.94899988174
284 6.07600021362
285 6.08199977875
286 6.06799983978
287 6.06199979782
288 6.03100013733
289 6.05700016022
290 6.03800010681
291 6.01200008392
292 5.99599981308
293 5.29699993134
294 5.06799983978
295 5.03100013733
296 5.02400016785
297 5.00699996948
298 2.41000008583
299 2.40199995041
300 2.43700003624
301 5.11499977112
302 5.6939997673
303 5.38500022888
304 5.23099994659
305 5.22300004959
306 5.21199989319
307 5.19600009918
308 5.21199989319
309 5.22599983215
310 5.30100011826
311 5.55700016022
312 5.65799999237
313 5.61800003052
314 5.58699989319
315 5.58599996567
316 5.5640001297
317 5.52699995041
318 5.51599979401
319 5.32700014114
320 5.09700012207
321 5.45100021362
322 5.44600009918
323 5.42999982834
324 5.42600011826
325 5.382999897
326 5.36100006104
327 5.32000017166
328 5.30100011826
329 4.37400007248
330 4.05399990082
331 4.09100008011
332 5.03800010681
333 5.16499996185
334 5.13800001144
335 5.11800003052
336 5.08400011063
337 5.0720000267
338 5.03999996185
339 5.03000020981
340 4.94799995422
341 4.81199979782
342 4.95699977875
343 4.93699979782
344 4.90999984741
345 4.87200021744
346 4.83099985123
347 4.6939997673
348 4.56599998474
349 4.72900009155
350 4.70200014114
351 4.66300010681
352 4.64499998093
353 4.61899995804
354 4.57499980927
355 4.5720000267
356 4.29699993134
357 4.36999988556
358 4.47499990463
359 4.46299982071
360 4.4279999733
361 4.39499998093
362 4.39300012589
363 4.3639998436
364 4.29600000381
365 4.27099990845
366 4.23199987411
367 4.20200014114
368 4.16699981689
369 4.11999988556
370 4.10900020599
371 4.07700014114
372 4.04699993134
373 4.02299976349
374 3.992000103
375 3.95700001717
376 3.91300010681
377 3.882999897
378 3.882999897
379 3.84299993515
380 3.82100009918
381 3.7009999752
382 3.63199996948
383 3.59299993515
384 3.5529999733
385 3.53500008583
386 3.49399995804
387 3.44499993324
388 3.43300008774
389 3.39499998093
390 3.35299992561
391 3.32800006866
392 3.30599999428
393 3.29099988937
394 3.26300001144
395 3.26399993896
396 3.30200004578
397 3.32399988174
398 3.36199998856
399 3.40100002289
400 3.4430000782
401 3.46399998665
402 3.50500011444
403 3.54500007629
404 3.59699988365
405 3.62400007248
406 3.6779999733
407 3.72499990463
408 3.73300004005
409 3.78699994087
410 3.83800005913
411 3.88199996948
412 3.94499993324
413 3.98000001907
414 4.06199979782
415 4.11999988556
416 4.17600011826
417 4.23699998856
418 4.31300020218
419 4.36899995804
420 4.44299983978
421 4.5110001564
422 4.58400011063
423 4.65799999237
424 4.72499990463
425 4.8060002327
426 4.91400003433
427 5.01800012589
428 5.10599994659
429 5.20599985123
430 5.3029999733
431 5.40999984741
432 5.53999996185
433 5.63700008392
434 5.75400018692
435 5.89699983597
436 6.02799987793
437 6.15399980545
438 6.31300020218
439 6.46899986267
440 6.5
441 6.60599994659
442 6.46799993515
443 3.08899998665
444 3.04200005531
445 3.04200005531
446 3.03299999237
447 3.01900005341
448 3.007999897
449 3.00099992752
450 2.9960000515
451 2.99000000954
452 2.97600007057
453 2.97199988365
454 2.98300004005
455 2.98300004005
456 2.96300005913
457 2.95900011063
458 2.96799993515
459 2.95000004768
460 2.94600009918
461 2.9470000267
462 2.94000005722
463 2.94199991226
464 2.92600011826
465 2.91700005531
466 2.92600011826
467 2.93300008774
468 2.91499996185
469 2.92499995232
470 2.66700005531
471 2.65199995041
472 2.6210000515
473 2.64700007439
474 0.934000015259
475 0.699999988079
476 0.699999988079
477 0.922999978065
478 2.64400005341
479 2.64599990845
480 2.64400005341
481 2.64800000191
482 2.65199995041
483 2.64299988747
484 2.66000008583
485 2.66400003433
486 2.67300009727
487 2.67000007629
488 2.65799999237
489 2.66400003433
490 2.8259999752
491 2.93899989128
492 2.93099999428
493 2.92899990082
494 2.93700003624
495 2.94199991226
496 2.94400000572
497 2.96600008011
498 2.95600008965
499 2.96099996567
500 2.97300004959
501 2.97000002861
502 2.9849998951
503 2.98000001907
504 2.99799990654
505 2.98699998856
506 3.00099992752
507 3.00500011444
508 3.00900006294
509 3.02900004387
510 3.01799988747
511 3.0490000248
512 3.06900000572
513 3.04699993134
514 3.06399989128
515 3.07699990273
516 3.09299993515
517 3.10500001907
518 3.10400009155
519 3.10700011253
520 3.11599993706
521 3.14299988747
522 3.13499999046
523 3.16499996185
524 0.936999976635
525 0.907999992371
526 0.92199999094
527 0.943000018597
528 3.03399991989
529 2.97900009155
530 2.91799998283
531 2.87299990654
532 2.8220000267
533 2.78500008583
534 2.73399996758
535 2.71900010109
536 2.97000002861
537 1.13900005817
538 1.09200000763
539 1.05400002003
540 1.00999999046
