0 4.52299976349
1 4.4390001297
2 4.45499992371
3 4.47100019455
4 4.54099988937
5 4.65000009537
6 4.68499994278
7 4.70499992371
8 4.7389998436
9 4.75400018692
10 4.80800008774
11 4.83300018311
12 4.87400007248
13 4.91400003433
14 4.93300008774
15 4.9390001297
16 4.84000015259
17 4.85799980164
18 4.87699985504
19 4.97599983215
20 5.13800001144
21 5.19799995422
22 5.22300004959
23 5.27899980545
24 5.32600021362
25 5.36199998856
26 5.40399980545
27 5.44999980927
28 5.50299978256
29 5.55800008774
30 5.60400009155
31 5.64699983597
32 5.65100002289
33 0.0
34 17.1679992676
35 17.1439990997
36 17.1520004272
37 0.0
38 0.0
39 0.0
40 17.2380008698
41 17.170999527
42 17.0799999237
43 17.0109996796
44 16.5359992981
45 16.5489997864
46 16.5249996185
47 13.1750001907
48 13.0909996033
49 12.3479995728
50 11.968000412
51 11.5880002975
52 11.6149997711
53 11.6440000534
54 11.6350002289
55 11.3420000076
56 11.0120000839
57 10.4790000916
58 10.1049995422
59 8.32699966431
60 8.34700012207
61 8.22000026703
62 7.91200017929
63 7.64599990845
64 7.45300006866
65 7.24700021744
66 7.0720000267
67 6.90799999237
68 6.78700017929
69 6.78900003433
70 6.80499982834
71 6.82000017166
72 6.84700012207
73 6.86499977112
74 6.80200004578
75 6.64400005341
76 6.51900005341
77 6.40600013733
78 6.28599977493
79 6.17100000381
80 5.23500013351
81 4.97599983215
82 4.85599994659
83 4.77400016785
84 4.67899990082
85 4.61000013351
86 4.54699993134
87 4.45699977875
88 4.42399978638
89 4.34800004959
90 4.28399991989
91 4.22200012207
92 4.15600013733
93 4.09600019455
94 4.03200006485
95 3.9849998951
96 3.94000005722
97 3.8900001049
98 3.85700011253
99 3.78299999237
100 3.78600001335
101 3.80100011826
102 3.82800006866
103 3.84699988365
104 3.87400007248
105 3.91499996185
106 3.94799995422
107 3.94499993324
108 3.9279999733
109 3.89700007439
110 3.84999990463
111 3.81999993324
112 3.76399993896
113 3.74300003052
114 3.70499992371
115 3.66899991035
116 3.64499998093
117 3.60899996758
118 3.57500004768
119 3.53900003433
120 3.50699996948
121 3.48200011253
122 3.44799995422
123 3.42199993134
124 3.41199994087
125 3.40300011635
126 3.43899989128
127 3.46000003815
128 3.50200009346
129 3.53399991989
130 3.5759999752
131 3.62599992752
132 3.67300009727
133 4.02199983597
134 4.07299995422
135 4.10500001907
136 4.11199998856
137 4.17000007629
138 4.17899990082
139 4.20399999619
140 4.24300003052
141 4.29199981689
142 4.3220000267
143 4.35400009155
144 4.37900018692
145 4.43699979782
146 4.47100019455
147 4.46999979019
148 4.51000022888
149 4.53299999237
150 4.55499982834
151 4.19899988174
152 4.29899978638
153 4.49700021744
154 3.26699995995
155 3.41300010681
156 4.71000003815
157 4.59700012207
158 4.57000017166
159 4.80399990082
160 4.84600019455
161 4.87300014496
162 4.91800022125
163 4.93699979782
164 4.96099996567
165 5.01499986649
166 5.02899980545
167 5.04300022125
168 3.18400001526
169 3.22799992561
170 3.37700009346
171 4.11499977112
172 4.92999982834
173 4.87900018692
174 4.85300016403
175 4.82899999619
176 4.82800006866
177 4.82499980927
178 4.83900022507
179 4.85200023651
180 4.87599992752
181 4.91400003433
182 4.8140001297
183 5.33099985123
184 5.47900009155
185 5.48299980164
186 5.51399993896
187 5.52799987793
188 4.60300016403
189 4.59200000763
190 5.56199979782
191 5.60599994659
192 3.65400004387
193 3.52900004387
194 4.08900022507
195 4.05000019073
196 5.69600009918
197 5.70300006866
198 5.73799991608
199 5.74499988556
200 5.80000019073
201 5.82499980927
202 5.82999992371
203 5.84100008011
204 5.84299993515
205 5.84999990463
206 5.86000013351
207 5.87799978256
208 5.90799999237
209 5.91499996185
210 5.93300008774
211 5.9390001297
212 5.95300006866
213 5.97900009155
214 5.97700023651
215 6.01800012589
216 6.02500009537
217 6.05100011826
218 6.06599998474
219 6.07899999619
220 6.09200000763
221 6.07800006866
222 6.08099985123
223 6.11000013351
224 6.10300016403
225 6.11000013351
226 6.13000011444
227 6.13000011444
228 6.15100002289
229 6.15199995041
230 6.15899991989
231 6.16900014877
232 6.17199993134
233 6.19899988174
234 6.21400022507
235 6.21600008011
236 6.2389998436
237 6.22100019455
238 6.23199987411
239 6.22599983215
240 6.22900009155
241 6.21999979019
242 6.23299980164
243 6.22800016403
244 6.23299980164
245 6.24700021744
246 6.257999897
247 6.24800014496
248 6.23299980164
249 6.25299978256
250 6.24499988556
251 6.27600002289
252 6.27699995041
253 6.27400016785
254 6.28599977493
255 6.28800010681
256 6.27500009537
257 6.27400016785
258 6.27199983597
259 6.25
260 6.2389998436
261 6.23600006104
262 6.24499988556
263 6.21999979019
264 6.24800014496
265 6.23000001907
266 6.22499990463
267 6.21500015259
268 6.22700023651
269 6.21600008011
270 6.21400022507
271 6.21500015259
272 6.21199989319
273 6.15100002289
274 5.8639998436
275 5.78700017929
276 5.75400018692
277 5.742000103
278 5.72499990463
279 5.73199987411
280 5.74800014496
281 5.76800012589
282 5.80399990082
283 5.96500015259
284 6.10099983215
285 6.07700014114
286 6.07600021362
287 6.05399990082
288 6.05800008774
289 6.05900001526
290 6.04099988937
291 6.00600004196
292 6.00400018692
293 5.30000019073
294 5.05499982834
295 5.03200006485
296 5.02699995041
297 5.03399991989
298 2.43000006676
299 2.41899991035
300 2.42899990082
301 5.11600017548
302 5.6779999733
303 5.39799976349
304 5.24900007248
305 5.24100017548
306 5.21000003815
307 5.20200014114
308 5.23299980164
309 5.23299980164
310 5.32800006866
311 5.55499982834
312 5.64799976349
313 5.63100004196
314 5.61800003052
315 5.59200000763
316 5.57100009918
317 5.54600000381
318 5.52500009537
319 5.33599996567
320 5.11199998856
321 5.45200014114
322 5.45399999619
323 5.44500017166
324 5.42100000381
325 5.39900016785
326 5.3639998436
327 5.34000015259
328 5.30700016022
329 4.37900018692
330 4.04099988937
331 4.11299991608
332 5.03499984741
333 5.17000007629
334 5.14499998093
335 5.11299991608
336 5.08400011063
337 5.07700014114
338 5.04699993134
339 5.03200006485
340 4.95100021362
341 4.81300020218
342 4.96299982071
343 4.94299983978
344 4.90999984741
345 4.87599992752
346 4.83699989319
347 4.69299983978
348 4.5609998703
349 4.73299980164
350 4.71899986267
351 4.67399978638
352 4.65899991989
353 4.62699985504
354 4.59200000763
355 4.56500005722
356 4.3140001297
357 4.35599994659
358 4.49300003052
359 4.45599985123
360 4.4439997673
361 4.42600011826
362 4.40000009537
363 4.3639998436
364 4.32999992371
365 4.28200006485
366 4.25099992752
367 4.21400022507
368 4.17700004578
369 4.15700006485
370 4.10599994659
371 4.08699989319
372 4.05700016022
373 4.01399993896
374 3.99900007248
375 3.95799994469
376 3.92600011826
377 3.89700007439
378 3.89700007439
379 3.8599998951
380 3.83299994469
381 3.73300004005
382 3.63199996948
383 3.61100006104
384 3.56999993324
385 3.52200007439
386 3.4960000515
387 3.44899988174
388 3.4279999733
389 3.38599991798
390 3.37599992752
391 3.33299994469
392 3.30999994278
393 3.27399992943
394 3.27699995041
395 3.27600002289
396 3.28699994087
397 3.33200001717
398 3.38199996948
399 3.41700005531
400 3.44000005722
401 3.48200011253
402 3.51399993896
403 3.56299996376
404 3.59699988365
405 3.64700007439
406 3.68899989128
407 3.72900009155
408 3.7539999485
409 3.79600000381
410 3.83999991417
411 3.89100003242
412 3.94400000572
413 3.99499988556
414 4.0640001297
415 4.13100004196
416 4.18800020218
417 4.257999897
418 4.31199979782
419 4.37099981308
420 4.46299982071
421 4.52799987793
422 4.60699987411
423 4.66300010681
424 4.72599983215
425 4.82299995422
426 4.91499996185
427 5.02699995041
428 5.11999988556
429 5.21700000763
430 5.31599998474
431 5.4279999733
432 5.54099988937
433 5.64799976349
434 5.76800012589
435 5.89699983597
436 6.03700017929
437 6.17299985886
438 6.32700014114
439 6.46999979019
440 6.49900007248
441 6.60699987411
442 6.48999977112
443 3.09400010109
444 3.04600000381
445 3.04299998283
446 3.0490000248
447 3.03900003433
448 3.02999997139
449 3.02600002289
450 3.02399992943
451 2.99499988556
452 2.9849998951
453 2.98799991608
454 3.00300002098
455 2.98699998856
456 2.97600007057
457 2.96900010109
458 2.97499990463
459 2.97199988365
460 2.95199990273
461 2.95300006866
462 2.96099996567
463 2.9430000782
464 2.95199990273
465 2.93300008774
466 2.9430000782
467 2.9279999733
468 2.93000006676
469 2.9240000248
470 2.67300009727
471 2.63800001144
472 2.64299988747
473 2.65400004387
474 0.955999970436
475 0.705999970436
476 0.71899998188
477 0.933000028133
478 2.66199994087
479 2.65100002289
480 2.65499997139
481 2.66199994087
482 2.66100001335
483 2.65599989891
484 2.64800000191
485 2.66899991035
486 2.67700004578
487 2.68799996376
488 2.6740000248
489 2.69799995422
490 2.83500003815
491 2.95000004768
492 2.95499992371
493 2.93700003624
494 2.95300006866
495 2.96099996567
496 2.97399997711
497 2.95199990273
498 2.97099995613
499 2.97799992561
500 2.99099993706
501 2.99699997902
502 2.98000001907
503 2.98600006104
504 3.00699996948
505 3.01900005341
506 3.00200009346
507 3.01399993896
508 3.03399991989
509 3.02600002289
510 3.05200004578
511 3.06999993324
512 3.05800008774
513 3.08100008965
514 3.09200000763
515 3.08400011063
516 3.09299993515
517 3.10299992561
518 3.13599991798
519 3.132999897
520 3.13800001144
521 3.13800001144
522 3.17300009727
523 3.1779999733
524 0.927999973297
525 0.929000020027
526 0.917999982834
527 0.95300000906
528 3.03600001335
529 2.99099993706
530 2.92700004578
531 2.89299988747
532 2.84100008011
533 2.77300000191
534 2.73699998856
535 2.72900009155
536 1.14499998093
537 1.1210000515
538 1.0870000124
539 1.06400001049
540 1.0340000391
