0 4.52500009537
1 4.4279999733
2 4.43499994278
3 4.46700000763
4 4.53700017929
5 4.64799976349
6 4.67100000381
7 4.70399999619
8 4.73299980164
9 4.77199983597
10 4.78800010681
11 4.82800006866
12 4.86999988556
13 4.88899993896
14 4.92500019073
15 4.93699979782
16 4.84800004959
17 4.85400009155
18 4.8860001564
19 4.97100019455
20 5.14599990845
21 5.17700004578
22 5.22100019455
23 5.27099990845
24 5.30000019073
25 5.34700012207
26 5.40399980545
27 5.45200014114
28 5.49700021744
29 5.54799985886
30 5.59399986267
31 5.64799976349
32 5.67199993134
33 0.0
34 17.1650009155
35 17.1459999084
36 17.1609992981
37 0.0
38 0.0
39 0.0
40 17.2339992523
41 17.1609992981
42 17.0709991455
43 16.9969997406
44 16.5249996185
45 16.5340003967
46 16.5189990997
47 13.1750001907
48 13.0830001831
49 12.3380002975
50 11.9560003281
51 11.5959997177
52 11.595000267
53 11.6350002289
54 11.6120004654
55 11.3249998093
56 10.9989995956
57 10.4560003281
58 10.109000206
59 8.32600021362
60 8.34200000763
61 8.2110004425
62 7.92100000381
63 7.62900018692
64 7.45900011063
65 7.23999977112
66 7.06699991226
67 6.89900016785
68 6.79400014877
69 6.77299976349
70 6.80700016022
71 6.82800006866
72 6.85599994659
73 6.87300014496
74 6.78399991989
75 6.63700008392
76 6.52299976349
77 6.39400005341
78 6.26000022888
79 6.15500020981
80 5.21199989319
81 4.97700023651
82 4.86000013351
83 4.77400016785
84 4.68699979782
85 4.60599994659
86 4.54300022125
87 4.46700000763
88 4.40000009537
89 4.33799982071
90 4.25099992752
91 4.22300004959
92 4.13500022888
93 4.11199998856
94 4.04600000381
95 3.99699997902
96 3.93300008774
97 3.8710000515
98 3.84800004959
99 3.78999996185
100 3.77099990845
101 3.79200005531
102 3.8180000782
103 3.85700011253
104 3.882999897
105 3.89599990845
106 3.93000006676
107 3.94899988174
108 3.91700005531
109 3.89299988747
110 3.85100007057
111 3.79099988937
112 3.77300000191
113 3.71799993515
114 3.68400001526
115 3.65700006485
116 3.6210000515
117 3.57899999619
118 3.55200004578
119 3.53299999237
120 3.5039999485
121 3.47399997711
122 3.4470000267
123 3.41899991035
124 3.41199994087
125 3.3789999485
126 3.4240000248
127 3.43600010872
128 3.47499990463
129 3.53200006485
130 3.56999993324
131 3.61100006104
132 3.65599989891
133 4.01300001144
134 4.07100009918
135 4.07700014114
136 4.10699987411
137 4.15199995041
138 4.15999984741
139 4.21099996567
140 4.22900009155
141 4.28800010681
142 4.29799985886
143 4.33300018311
144 4.37900018692
145 4.42199993134
146 4.45800018311
147 4.492000103
148 4.52199983597
149 4.53299999237
150 4.53999996185
151 4.19799995422
152 4.29500007629
153 0.0
154 3.27900004387
155 3.41599988937
156 4.71600008011
157 4.59200000763
158 4.55200004578
159 4.80399990082
160 4.83400011063
161 4.86000013351
162 4.89699983597
163 4.93300008774
164 4.95800018311
165 5.00199985504
166 5.01900005341
167 5.03599977493
168 3.15599989891
169 3.20199990273
170 3.37299990654
171 4.10200023651
172 4.91900014877
173 4.8860001564
174 4.85900020599
175 4.84499979019
176 4.81300020218
177 4.80999994278
178 4.82800006866
179 4.84499979019
180 4.8639998436
181 4.89400005341
182 4.81699991226
183 5.30700016022
184 5.46000003815
185 5.48400020599
186 5.49800014496
187 5.52299976349
188 4.59800004959
189 4.55900001526
190 5.56199979782
191 5.58500003815
192 3.63899993896
193 3.51799988747
194 4.07700014114
195 4.0689997673
196 5.69999980927
197 5.71199989319
198 5.72900009155
199 5.76800012589
200 5.78399991989
201 5.80900001526
202 5.79799985886
203 5.84499979019
204 5.82899999619
205 5.86199998856
206 5.85300016403
207 5.88700008392
208 5.88700008392
209 5.88999986649
210 5.90500020981
211 5.9310002327
212 5.96199989319
213 5.96199989319
214 5.98600006104
215 5.99900007248
216 6.01499986649
217 6.01900005341
218 6.04600000381
219 6.06699991226
220 6.07600021362
221 6.08799982071
222 6.09000015259
223 6.10099983215
224 6.10300016403
225 6.10200023651
226 6.12200021744
227 6.12799978256
228 6.13000011444
229 6.15299987793
230 6.15199995041
231 6.17600011826
232 6.17600011826
233 6.17100000381
234 6.18800020218
235 6.21999979019
236 6.21099996567
237 6.22200012207
238 6.23199987411
239 6.22800016403
240 6.242000103
241 6.23299980164
242 6.23500013351
243 6.22900009155
244 6.24599981308
245 6.21799993515
246 6.23000001907
247 6.22900009155
248 6.257999897
249 6.23299980164
250 6.23799991608
251 6.26999998093
252 6.257999897
253 6.26300001144
254 6.28200006485
255 6.26599979401
256 6.26999998093
257 6.26999998093
258 6.242000103
259 6.22700023651
260 6.24800014496
261 6.21899986267
262 6.21600008011
263 6.22499990463
264 6.23299980164
265 6.22200012207
266 6.21500015259
267 6.22100019455
268 6.2389998436
269 6.19299983978
270 6.21299982071
271 6.20900011063
272 6.19000005722
273 6.14300012589
274 5.84100008011
275 5.78499984741
276 5.75899982452
277 5.74100017548
278 5.72300004959
279 5.72900009155
280 5.73600006104
281 5.76000022888
282 5.81300020218
283 5.97200012207
284 6.08799982071
285 6.07800006866
286 6.05700016022
287 6.06799983978
288 6.06799983978
289 6.03700017929
290 6.03100013733
291 6.01499986649
292 5.98600006104
293 5.28700017929
294 5.05999994278
295 5.03200006485
296 5.03000020981
297 5.02899980545
298 2.42000007629
299 2.39100003242
300 2.42100000381
301 5.09700012207
302 5.67999982834
303 5.38500022888
304 5.2389998436
305 5.23400020599
306 5.20300006866
307 5.18200016022
308 5.22100019455
309 5.21999979019
310 5.31300020218
311 5.52799987793
312 5.62900018692
313 5.63500022888
314 5.60500001907
315 5.59499979019
316 5.5640001297
317 5.54500007629
318 5.51800012589
319 5.30999994278
320 5.08400011063
321 5.45499992371
322 5.44099998474
323 5.4279999733
324 5.42199993134
325 5.39099979401
326 5.35900020599
327 5.33400011063
328 5.30499982834
329 4.38399982452
330 4.03800010681
331 4.09700012207
332 5.0110001564
333 5.17500019073
334 5.13399982452
335 5.10900020599
336 5.09700012207
337 5.0609998703
338 5.05000019073
339 5.02899980545
340 4.94299983978
341 4.79899978638
342 4.95599985123
343 4.93400001526
344 4.90999984741
345 4.867000103
346 4.83699989319
347 4.69199991226
348 4.5720000267
349 4.74399995804
350 4.70699977875
351 4.66800022125
352 4.63000011444
353 4.61999988556
354 4.59899997711
355 4.55499982834
356 4.31500005722
357 4.36800003052
358 4.50099992752
359 4.46099996567
360 4.43200016022
361 4.39200019836
362 4.375
363 4.33900022507
364 4.3220000267
365 4.26200008392
366 4.24900007248
367 4.21799993515
368 4.17999982834
369 4.14900016785
370 4.11499977112
371 4.07700014114
372 4.02899980545
373 4.0
374 3.98200011253
375 3.96799993515
376 3.93000006676
377 3.91199994087
378 3.867000103
379 3.85400009155
380 3.82100009918
381 3.70000004768
382 3.625
383 3.59500002861
384 3.56299996376
385 3.53999996185
386 3.49900007248
387 3.45600008965
388 3.43300008774
389 3.40300011635
390 3.36599993706
391 3.34400010109
392 3.31100010872
393 3.27200007439
394 3.26699995995
395 3.27500009537
396 3.3029999733
397 3.32800006866
398 3.35700011253
399 3.41199994087
400 3.44400000572
401 3.46199989319
402 3.50500011444
403 3.56399989128
404 3.59899997711
405 3.63100004196
406 3.68700003624
407 3.72300004959
408 3.72499990463
409 3.76699995995
410 3.82800006866
411 3.86199998856
412 3.94600009918
413 3.99699997902
414 4.06699991226
415 4.11299991608
416 4.16300010681
417 4.24599981308
418 4.3060002327
419 4.38199996948
420 4.42100000381
421 4.5
422 4.60300016403
423 4.66200017929
424 4.71899986267
425 4.82000017166
426 4.92100000381
427 5.01900005341
428 5.11199998856
429 5.21199989319
430 5.31199979782
431 5.42000007629
432 5.53100013733
433 5.64200019836
434 5.76599979401
435 5.89400005341
436 6.02099990845
437 6.16499996185
438 6.32499980927
439 6.48099994659
440 6.49300003052
441 6.60799980164
442 6.43200016022
443 3.0680000782
444 3.04500007629
445 3.03099989891
446 3.04200005531
447 3.02399992943
448 3.01399993896
449 3.01300001144
450 3.01799988747
451 2.98200011253
452 2.98699998856
453 2.97799992561
454 2.9849998951
455 2.96700000763
456 2.95300006866
457 2.95300006866
458 2.95199990273
459 2.9470000267
460 2.95600008965
461 2.94400000572
462 2.9509999752
463 2.9509999752
464 2.92899990082
465 2.9240000248
466 2.92000007629
467 2.93000006676
468 2.92300009727
469 2.90599989891
470 2.65499997139
471 2.63199996948
472 2.63400006294
473 2.64899992943
474 0.953999996185
475 0.703999996185
476 0.697000026703
477 0.917999982834
478 2.64899992943
479 2.62700009346
480 2.64800000191
481 2.66199994087
482 2.64599990845
483 2.65000009537
484 2.66100001335
485 2.66100001335
486 2.66700005531
487 2.66300010681
488 2.65300011635
489 2.6819999218
490 2.81999993324
491 2.92499995232
492 2.93099999428
493 2.95000004768
494 2.94899988174
495 2.9430000782
496 2.9430000782
497 2.94799995422
498 2.9509999752
499 2.96199989319
500 2.98699998856
501 2.97000002861
502 2.97300004959
503 2.97499990463
504 2.98600006104
505 2.99799990654
506 3.00200009346
507 3.00999999046
508 3.01799988747
509 3.03099989891
510 3.04600000381
511 3.02999997139
512 3.0569999218
513 3.07699990273
514 3.07899999619
515 3.09999990463
516 3.10500001907
517 3.10599994659
518 3.12199997902
519 3.10700011253
520 3.11599993706
521 3.12800002098
522 3.16700005531
523 3.17199993134
524 0.930000007153
525 0.911000013351
526 0.921000003815
527 0.934000015259
528 3.04600000381
529 2.97799992561
530 2.93300008774
531 2.88199996948
532 2.82100009918
533 2.78099989891
534 2.72300004959
535 2.70700001717
536 2.94799995422
537 1.10000002384
538 1.08399999142
539 1.05400002003
540 1.01499998569
