0 4.50600004196
1 4.4439997673
2 4.41900014877
3 4.46299982071
4 4.52299976349
5 4.63700008392
6 4.68499994278
7 4.70399999619
8 4.74399995804
9 4.76300001144
10 4.78599977493
11 4.82000017166
12 4.85099983215
13 4.89799976349
14 4.92700004578
15 4.9279999733
16 4.83699989319
17 4.84999990463
18 4.87900018692
19 4.96899986267
20 5.14900016785
21 5.1779999733
22 5.22499990463
23 5.26700019836
24 5.31799983978
25 5.35599994659
26 5.40399980545
27 5.45599985123
28 5.48600006104
29 5.55900001526
30 5.58199977875
31 5.6360001564
32 5.66499996185
33 0.0
34 17.1319999695
35 17.1480007172
36 17.1480007172
37 0.0
38 0.0
39 0.0
40 17.2299995422
41 17.1639995575
42 17.0520000458
43 16.9909992218
44 16.5289993286
45 16.5410003662
46 16.5200004578
47 13.156999588
48 13.0939998627
49 12.3190002441
50 11.9350004196
51 11.595000267
52 11.6000003815
53 11.607000351
54 11.6120004654
55 11.3369998932
56 10.9829998016
57 10.4429998398
58 10.1169996262
59 8.32699966431
60 8.33199977875
61 8.20400047302
62 7.92000007629
63 7.63199996948
64 7.44899988174
65 7.25
66 7.06500005722
67 6.90399980545
68 6.78800010681
69 6.78299999237
70 6.80000019073
71 6.83500003815
72 6.85200023651
73 6.875
74 6.78299999237
75 6.64900016785
76 6.51700019836
77 6.39599990845
78 6.25400018692
79 6.14799976349
80 5.23099994659
81 4.96899986267
82 4.86000013351
83 4.77799987793
84 4.66900014877
85 4.59299993515
86 4.5110001564
87 4.44999980927
88 4.39400005341
89 4.33400011063
90 4.26599979401
91 4.21899986267
92 4.16699981689
93 4.11199998856
94 4.05100011826
95 3.98000001907
96 3.92700004578
97 3.89400005341
98 3.83999991417
99 3.78200006485
100 3.76900005341
101 3.78399991989
102 3.81900000572
103 3.86599993706
104 3.89199995995
105 3.90300011635
106 3.91400003433
107 3.94799995422
108 3.90000009537
109 3.89400005341
110 3.83299994469
111 3.8029999733
112 3.77399992943
113 3.72799992561
114 3.68899989128
115 3.65799999237
116 3.625
117 3.57999992371
118 3.54699993134
119 3.53600001335
120 3.50099992752
121 3.47099995613
122 3.43799996376
123 3.41000008583
124 3.40400004387
125 3.38700008392
126 3.43099999428
127 3.4430000782
128 3.47699999809
129 3.52900004387
130 3.56399989128
131 3.6099998951
132 3.66799998283
133 4.02199983597
134 4.07299995422
135 4.07800006866
136 4.11999988556
137 4.15799999237
138 4.18300008774
139 4.22100019455
140 4.25299978256
141 4.27400016785
142 4.32100009918
143 4.35799980164
144 4.36100006104
145 4.39900016785
146 4.46400022507
147 4.49100017548
148 4.507999897
149 4.53200006485
150 4.53499984741
151 4.17500019073
152 4.28599977493
153 4.60300016403
154 3.25900006294
155 3.41400003433
156 4.71600008011
157 4.59899997711
158 4.55800008774
159 4.80000019073
160 4.82899999619
161 4.84299993515
162 4.89099979401
163 4.92700004578
164 4.96299982071
165 4.99900007248
166 5.02099990845
167 5.02899980545
168 3.11500000954
169 3.20900011063
170 3.35500001907
171 4.10400009155
172 4.92700004578
173 4.882999897
174 4.85300016403
175 4.83699989319
176 4.81199979782
177 4.80999994278
178 4.83500003815
179 4.85200023651
180 4.86999988556
181 4.91200017929
182 4.80999994278
183 5.31199979782
184 5.47200012207
185 5.48199987411
186 5.5
187 5.51499986649
188 4.60799980164
189 4.55999994278
190 5.56300020218
191 5.58699989319
192 3.6289999485
193 3.51900005341
194 4.07299995422
195 4.03599977493
196 5.70100021362
197 5.69999980927
198 5.72599983215
199 5.76200008392
200 5.79199981689
201 5.78999996185
202 5.82499980927
203 5.83400011063
204 5.82899999619
205 5.86299991608
206 5.86299991608
207 5.88100004196
208 5.89200019836
209 5.88700008392
210 5.91900014877
211 5.94000005722
212 5.95399999619
213 5.96999979019
214 5.98299980164
215 5.99499988556
216 6.02199983597
217 6.03399991989
218 6.05999994278
219 6.07000017166
220 6.08099985123
221 6.08199977875
222 6.09299993515
223 6.09899997711
224 6.08900022507
225 6.11299991608
226 6.12599992752
227 6.11499977112
228 6.13800001144
229 6.14900016785
230 6.1360001564
231 6.17199993134
232 6.18499994278
233 6.17600011826
234 6.18800020218
235 6.21799993515
236 6.21700000763
237 6.21500015259
238 6.22800016403
239 6.21400022507
240 6.2389998436
241 6.21400022507
242 6.21999979019
243 6.23600006104
244 6.20699977875
245 6.23500013351
246 6.23600006104
247 6.21899986267
248 6.24800014496
249 6.242000103
250 6.26200008392
251 6.26800012589
252 6.26900005341
253 6.25899982452
254 6.25400018692
255 6.26900005341
256 6.2610001564
257 6.26800012589
258 6.26300001144
259 6.25600004196
260 6.22800016403
261 6.23500013351
262 6.23099994659
263 6.22800016403
264 6.22800016403
265 6.21299982071
266 6.21199989319
267 6.23400020599
268 6.20800018311
269 6.20200014114
270 6.21600008011
271 6.20399999619
272 6.21700000763
273 6.12599992752
274 5.84800004959
275 5.78700017929
276 5.75299978256
277 5.74599981308
278 5.72499990463
279 5.72300004959
280 5.74100017548
281 5.75299978256
282 5.80900001526
283 5.94199991226
284 6.07600021362
285 6.08400011063
286 6.05800008774
287 6.05700016022
288 6.03499984741
289 6.0609998703
290 6.03200006485
291 6.0
292 5.99300003052
293 5.28700017929
294 5.06799983978
295 5.03700017929
296 5.03000020981
297 5.01499986649
298 2.41000008583
299 2.40499997139
300 2.42899990082
301 5.11199998856
302 5.69299983978
303 5.38700008392
304 5.24599981308
305 5.23199987411
306 5.19600009918
307 5.19600009918
308 5.21600008011
309 5.22399997711
310 5.30200004578
311 5.54099988937
312 5.63999986649
313 5.63500022888
314 5.59999990463
315 5.57899999619
316 5.5640001297
317 5.53900003433
318 5.52699995041
319 5.31599998474
320 5.09299993515
321 5.45800018311
322 5.45499992371
323 5.42899990082
324 5.39900016785
325 5.39900016785
326 5.35699987411
327 5.32299995422
328 5.28800010681
329 4.35099983215
330 4.06500005722
331 4.125
332 5.00199985504
333 5.16900014877
334 5.13800001144
335 5.12200021744
336 5.08799982071
337 5.06599998474
338 5.03700017929
339 5.03000020981
340 4.96000003815
341 4.80999994278
342 4.95599985123
343 4.94299983978
344 4.90299987793
345 4.86899995804
346 4.84200000763
347 4.70300006866
348 4.5560002327
349 4.72700023651
350 4.70100021362
351 4.66499996185
352 4.63999986649
353 4.617000103
354 4.58599996567
355 4.57000017166
356 4.31300020218
357 4.36100006104
358 4.4889998436
359 4.44299983978
360 4.43400001526
361 4.40799999237
362 4.38500022888
363 4.36000013351
364 4.32999992371
365 4.26599979401
366 4.22599983215
367 4.21700000763
368 4.15700006485
369 4.14599990845
370 4.09899997711
371 4.08799982071
372 4.04099988937
373 4.01800012589
374 3.9960000515
375 3.95700001717
376 3.92700004578
377 3.90899991989
378 3.87299990654
379 3.83599996567
380 3.81399989128
381 3.71799993515
382 3.63599991798
383 3.60599994659
384 3.5569999218
385 3.52099990845
386 3.49499988556
387 3.46900010109
388 3.41700005531
389 3.40400004387
390 3.36199998856
391 3.34500002861
392 3.3180000782
393 3.27699995041
394 3.24300003052
395 3.26399993896
396 3.30500006676
397 3.32999992371
398 3.35299992561
399 3.3900001049
400 3.44099998474
401 3.47799992561
402 3.52099990845
403 3.53999996185
404 3.60800004005
405 3.62800002098
406 3.67000007629
407 3.72600007057
408 3.7349998951
409 3.79299998283
410 3.83200001717
411 3.88400006294
412 3.93700003624
413 3.98300004005
414 4.05399990082
415 4.13000011444
416 4.18200016022
417 4.24700021744
418 4.3029999733
419 4.382999897
420 4.4470000267
421 4.49599981308
422 4.59000015259
423 4.66800022125
424 4.72599983215
425 4.80000019073
426 4.91300010681
427 5.00500011444
428 5.11000013351
429 5.21700000763
430 5.30800008774
431 5.41900014877
432 5.52600002289
433 5.64599990845
434 5.75600004196
435 5.88000011444
436 6.0110001564
437 6.16900014877
438 6.32100009918
439 6.47100019455
440 6.50099992752
441 6.59399986267
442 6.4470000267
443 3.06100010872
444 3.04099988937
445 3.03699994087
446 3.02999997139
447 3.02500009537
448 3.0039999485
449 3.00600004196
450 2.992000103
451 3.00900006294
452 2.99699997902
453 2.99300003052
454 2.98300004005
455 2.96600008011
456 2.97199988365
457 2.95399999619
458 2.96900010109
459 2.9430000782
460 2.94000005722
461 2.94000005722
462 2.93899989128
463 2.95499992371
464 2.9279999733
465 2.93799996376
466 2.92100000381
467 2.93000006676
468 2.92700004578
469 2.90700006485
470 2.68799996376
471 2.65199995041
472 2.64100003242
473 2.65199995041
474 0.940999984741
475 0.708999991417
476 0.700999975204
477 0.925000011921
478 2.66100001335
479 2.64499998093
480 2.64499998093
481 2.65100002289
482 2.64599990845
483 2.65100002289
484 2.66300010681
485 2.65899991989
486 2.66400003433
487 2.66599988937
488 2.66700005531
489 2.66400003433
490 2.81999993324
491 2.93700003624
492 2.93600010872
493 2.93499994278
494 2.95799994469
495 2.95700001717
496 2.94799995422
497 2.96099996567
498 2.94899988174
499 2.95499992371
500 2.97000002861
501 2.98399996758
502 2.97600007057
503 2.97699999809
504 2.98699998856
505 3.01300001144
506 3.0
507 3.007999897
508 3.01200008392
509 3.04200005531
510 3.04999995232
511 3.04299998283
512 3.05999994278
513 3.06100010872
514 3.08299994469
515 3.09400010109
516 3.10500001907
517 3.10599994659
518 3.1099998951
519 3.1210000515
520 3.13599991798
521 3.13499999046
522 3.13899993896
523 3.16700005531
524 0.912999987602
525 0.908999979496
526 0.899999976158
527 0.944000005722
528 3.04200005531
529 2.99399995804
530 2.92499995232
531 2.87800002098
532 2.83299994469
533 2.78699994087
534 2.72199988365
535 2.70799994469
536 2.94499993324
537 1.10599994659
538 1.10000002384
539 1.05200004578
540 1.01999998093
