0 4.49900007248
1 4.40399980545
2 4.44000005722
3 4.46099996567
4 4.52400016785
5 4.65799999237
6 4.6810002327
7 4.71099996567
8 4.73400020599
9 4.77600002289
10 4.79199981689
11 4.82100009918
12 4.86299991608
13 4.90000009537
14 4.92700004578
15 4.9390001297
16 4.85099983215
17 4.85200023651
18 4.87799978256
19 4.95599985123
20 5.14900016785
21 5.17600011826
22 5.22700023651
23 5.26300001144
24 5.30399990082
25 5.35699987411
26 5.39900016785
27 5.44999980927
28 5.48000001907
29 5.55200004578
30 5.59200000763
31 5.63899993896
32 5.66300010681
33 0.0
34 17.156999588
35 17.1410007477
36 17.1560001373
37 0.0
38 0.0
39 0.0
40 17.2469997406
41 17.1590003967
42 17.077999115
43 17.0100002289
44 16.5200004578
45 16.5410003662
46 16.5310001373
47 13.1529998779
48 13.0679998398
49 12.3280000687
50 11.9580001831
51 11.5979995728
52 11.5920000076
53 11.6280002594
54 11.625
55 11.345000267
56 10.9739999771
57 10.4589996338
58 10.0909996033
59 8.32400035858
60 8.33199977875
61 8.19600009918
62 7.92100000381
63 7.63800001144
64 7.44899988174
65 7.23600006104
66 7.0640001297
67 6.90199995041
68 6.78100013733
69 6.78299999237
70 6.80399990082
71 6.8220000267
72 6.85400009155
73 6.87099981308
74 6.78999996185
75 6.632999897
76 6.50500011444
77 6.38999986649
78 6.26200008392
79 6.13999986649
80 5.21400022507
81 4.95800018311
82 4.85799980164
83 4.75600004196
84 4.67299985886
85 4.59200000763
86 4.53200006485
87 4.46999979019
88 4.41400003433
89 4.33199977875
90 4.27400016785
91 4.21299982071
92 4.15999984741
93 4.10400009155
94 4.02099990845
95 3.96600008011
96 3.92499995232
97 3.89599990845
98 3.84299993515
99 3.79800009727
100 3.75900006294
101 3.79099988937
102 3.81699991226
103 3.85500001907
104 3.87400007248
105 3.89299988747
106 3.9319999218
107 3.95499992371
108 3.91300010681
109 3.88000011444
110 3.85299992561
111 3.80800008774
112 3.77099990845
113 3.72300004959
114 3.68899989128
115 3.63800001144
116 3.62800002098
117 3.60100007057
118 3.56699991226
119 3.54099988937
120 3.49499988556
121 3.47600007057
122 3.44099998474
123 3.41300010681
124 3.40700006485
125 3.39400005341
126 3.42100000381
127 3.45900011063
128 3.49099993706
129 3.52399992943
130 3.55500006676
131 3.60700011253
132 3.66899991035
133 4.02799987793
134 4.0560002327
135 4.09100008011
136 4.12900018692
137 4.14900016785
138 4.17700004578
139 4.21400022507
140 4.22499990463
141 4.27699995041
142 4.3109998703
143 4.33799982071
144 4.39900016785
145 4.4359998703
146 4.46199989319
147 4.48199987411
148 4.5110001564
149 4.51900005341
150 4.54799985886
151 4.1970000267
152 4.28999996185
153 4.61199998856
154 3.2460000515
155 3.40899991989
156 4.70800018311
157 4.59200000763
158 4.54199981689
159 4.79500007629
160 4.82700014114
161 4.86600017548
162 4.89099979401
163 4.92600011826
164 4.95300006866
165 4.98500013351
166 5.01800012589
167 5.02199983597
168 3.11999988556
169 3.23099994659
170 3.36899995804
171 4.10400009155
172 4.91300010681
173 4.86600017548
174 4.85500001907
175 4.83300018311
176 4.82000017166
177 4.81300020218
178 4.82499980927
179 4.85099983215
180 4.86800003052
181 4.89099979401
182 4.82800006866
183 5.32100009918
184 5.45599985123
185 5.46799993515
186 5.50099992752
187 5.50699996948
188 4.59700012207
189 4.57399988174
190 5.55399990082
191 5.59100008011
192 3.63800001144
193 3.51699995995
194 4.05900001526
195 4.03399991989
196 5.6939997673
197 5.70300006866
198 5.73000001907
199 5.76800012589
200 5.78399991989
201 5.80900001526
202 5.8140001297
203 5.82399988174
204 5.84200000763
205 5.83900022507
206 5.86000013351
207 5.88700008392
208 5.89799976349
209 5.91699981689
210 5.9279999733
211 5.92199993134
212 5.9439997673
213 5.95900011063
214 5.98400020599
215 5.9889998436
216 6.02099990845
217 6.04799985886
218 6.05900001526
219 6.07499980927
220 6.07499980927
221 6.0720000267
222 6.07399988174
223 6.08699989319
224 6.09899997711
225 6.12400007248
226 6.117000103
227 6.13500022888
228 6.13000011444
229 6.14300012589
230 6.16599988937
231 6.17100000381
232 6.1890001297
233 6.19199991226
234 6.1939997673
235 6.21400022507
236 6.23699998856
237 6.21400022507
238 6.21500015259
239 6.21999979019
240 6.22700023651
241 6.22800016403
242 6.22599983215
243 6.24599981308
244 6.22900009155
245 6.22700023651
246 6.23000001907
247 6.22100019455
248 6.24599981308
249 6.23299980164
250 6.25600004196
251 6.25600004196
252 6.25899982452
253 6.27699995041
254 6.2610001564
255 6.25500011444
256 6.24499988556
257 6.23999977112
258 6.24900007248
259 6.25299978256
260 6.23400020599
261 6.24499988556
262 6.22900009155
263 6.23099994659
264 6.21999979019
265 6.20100021362
266 6.20800018311
267 6.21899986267
268 6.21700000763
269 6.21199989319
270 6.23000001907
271 6.22399997711
272 6.21299982071
273 6.13000011444
274 5.83699989319
275 5.79899978638
276 5.73600006104
277 5.72900009155
278 5.71299982071
279 5.71799993515
280 5.74399995804
281 5.77699995041
282 5.79600000381
283 5.94799995422
284 6.09600019455
285 6.06300020218
286 6.0720000267
287 6.06599998474
288 6.07000017166
289 6.05700016022
290 6.03100013733
291 6.00400018692
292 5.98699998856
293 5.28399991989
294 5.0560002327
295 5.02099990845
296 5.02600002289
297 5.02199983597
298 2.41100001335
299 2.39400005341
300 2.43400001526
301 5.11499977112
302 5.67000007629
303 5.39599990845
304 5.24599981308
305 5.22800016403
306 5.21099996567
307 5.18800020218
308 5.20499992371
309 5.22700023651
310 5.3220000267
311 5.54500007629
312 5.62799978256
313 5.62099981308
314 5.60099983215
315 5.58300018311
316 5.55800008774
317 5.53800010681
318 5.51700019836
319 5.31199979782
320 5.10099983215
321 5.45499992371
322 5.44299983978
323 5.42999982834
324 5.40399980545
325 5.38700008392
326 5.35599994659
327 5.33300018311
328 5.30100011826
329 4.36199998856
330 4.03800010681
331 4.10200023651
332 5.00500011444
333 5.16200017929
334 5.14400005341
335 5.10900020599
336 5.08400011063
337 5.07100009918
338 5.04099988937
339 5.01499986649
340 4.94899988174
341 4.80900001526
342 4.95200014114
343 4.94099998474
344 4.89699983597
345 4.867000103
346 4.83300018311
347 4.70399999619
348 4.55399990082
349 4.72800016403
350 4.69899988174
351 4.67399978638
352 4.632999897
353 4.60900020599
354 4.60099983215
355 4.5529999733
356 4.32399988174
357 4.35300016403
358 4.492000103
359 4.45599985123
360 4.45100021362
361 4.41900014877
362 4.37099981308
363 4.35099983215
364 4.31500005722
365 4.28299999237
366 4.22300004959
367 4.21299982071
368 4.1779999733
369 4.14300012589
370 4.09399986267
371 4.05499982834
372 4.04899978638
373 4.01300001144
374 3.98699998856
375 3.95399999619
376 3.92100000381
377 3.91300010681
378 3.88800001144
379 3.84699988365
380 3.8259999752
381 3.7009999752
382 3.61899995804
383 3.59500002861
384 3.56500005722
385 3.53200006485
386 3.49099993706
387 3.45000004768
388 3.43300008774
389 3.39899992943
390 3.36800003052
391 3.33100008965
392 3.30200004578
393 3.29099988937
394 3.26399993896
395 3.26999998093
396 3.2990000248
397 3.32999992371
398 3.36800003052
399 3.39599990845
400 3.4240000248
401 3.4849998951
402 3.52099990845
403 3.5569999218
404 3.60299992561
405 3.62800002098
406 3.67499995232
407 3.70300006866
408 3.72099995613
409 3.78699994087
410 3.82899999619
411 3.88700008392
412 3.93799996376
413 4.0
414 4.05900001526
415 4.11100006104
416 4.17199993134
417 4.25500011444
418 4.30800008774
419 4.38000011444
420 4.45499992371
421 4.51000022888
422 4.58199977875
423 4.64699983597
424 4.72800016403
425 4.80999994278
426 4.91200017929
427 5.0110001564
428 5.11000013351
429 5.20699977875
430 5.31199979782
431 5.41099977493
432 5.53200006485
433 5.64099979401
434 5.76000022888
435 5.88199996948
436 6.02699995041
437 6.15999984741
438 6.30200004578
439 6.47900009155
440 6.49399995804
441 6.59800004959
442 6.45900011063
443 3.06299996376
444 3.04500007629
445 3.02500009537
446 3.02900004387
447 3.02999997139
448 3.00999999046
449 3.01699995995
450 2.9960000515
451 3.007999897
452 3.00200009346
453 2.99699997902
454 2.96700000763
455 2.96399998665
456 2.96900010109
457 2.96700000763
458 2.94899988174
459 2.96600008011
460 2.95199990273
461 2.96099996567
462 2.93899989128
463 2.92600011826
464 2.9279999733
465 2.92499995232
466 2.9319999218
467 2.92199993134
468 2.92000007629
469 2.91599988937
470 2.66300010681
471 2.64400005341
472 2.65899991989
473 2.6400001049
474 0.934000015259
475 0.717000007629
476 0.702000021935
477 0.922999978065
478 2.63599991798
479 2.63499999046
480 2.66000008583
481 2.64800000191
482 2.65000009537
483 2.65599989891
484 2.65400004387
485 2.63400006294
486 2.66100001335
487 2.67600011826
488 2.67499995232
489 2.66899991035
490 2.8259999752
491 2.95000004768
492 2.92499995232
493 2.93300008774
494 2.93499994278
495 2.94199991226
496 2.95700001717
497 2.95600008965
498 2.95199990273
499 2.97799992561
500 2.98000001907
501 2.97099995613
502 2.992000103
503 2.99300003052
504 2.98300004005
505 3.00099992752
506 3.01999998093
507 2.99799990654
508 3.00500011444
509 3.01999998093
510 3.01999998093
511 3.05200004578
512 3.05200004578
513 3.05200004578
514 3.06399989128
515 3.08899998665
516 3.08200001717
517 3.08800005913
518 3.1099998951
519 3.11500000954
520 3.12400007248
521 3.1400001049
522 3.15599989891
523 3.18000006676
524 0.925999999046
525 0.908999979496
526 0.911000013351
527 0.950999975204
528 3.02800011635
529 2.9849998951
530 2.92600011826
531 2.87199997902
532 2.82100009918
533 2.76799988747
534 2.74099993706
535 2.71399998665
536 2.9849998951
537 1.10899996758
538 1.08800005913
539 1.05799996853
540 1.02600002289
