0 4.51999998093
1 4.44600009918
2 4.42299985886
3 4.47200012207
4 4.53000020981
5 4.65600013733
6 4.68499994278
7 4.69999980927
8 4.74800014496
9 4.78000020981
10 4.79899978638
11 4.82899999619
12 4.86100006104
13 4.89400005341
14 4.92199993134
15 4.9279999733
16 4.84200000763
17 4.85599994659
18 4.86999988556
19 4.96400022507
20 5.15299987793
21 5.18800020218
22 5.23000001907
23 5.27099990845
24 5.3140001297
25 5.34700012207
26 5.40500020981
27 5.46099996567
28 5.49900007248
29 5.55200004578
30 5.59399986267
31 5.64900016785
32 5.65100002289
33 0.0
34 17.1200008392
35 17.1340007782
36 17.1560001373
37 0.0
38 0.0
39 0.0
40 17.2350006104
41 17.1739997864
42 17.0550003052
43 16.9960002899
44 16.5340003967
45 16.5370006561
46 16.517999649
47 13.1820001602
48 13.0979995728
49 12.3219995499
50 11.9289999008
51 11.5860004425
52 11.593000412
53 11.626999855
54 11.6309995651
55 11.3489999771
56 11.0100002289
57 10.4639997482
58 10.1239995956
59 8.33100032806
60 8.33100032806
61 8.20800018311
62 7.92299985886
63 7.64300012589
64 7.44999980927
65 7.25
66 7.05700016022
67 6.90500020981
68 6.78900003433
69 6.78599977493
70 6.81300020218
71 6.82600021362
72 6.85500001907
73 6.875
74 6.79300022125
75 6.62699985504
76 6.50500011444
77 6.382999897
78 6.26300001144
79 6.14499998093
80 5.22800016403
81 4.96600008011
82 4.85900020599
83 4.77500009537
84 4.66099977493
85 4.58500003815
86 4.52500009537
87 4.46999979019
88 4.41400003433
89 4.34700012207
90 4.25299978256
91 4.22300004959
92 4.13899993896
93 4.10799980164
94 4.03700017929
95 3.99000000954
96 3.91899991035
97 3.87400007248
98 3.84100008011
99 3.78200006485
100 3.77800011635
101 3.78399991989
102 3.81900000572
103 3.85800004005
104 3.8789999485
105 3.90100002289
106 3.9509999752
107 3.94899988174
108 3.92300009727
109 3.89400005341
110 3.84299993515
111 3.80999994278
112 3.77099990845
113 3.72799992561
114 3.68000006676
115 3.66899991035
116 3.617000103
117 3.58500003815
118 3.56200003624
119 3.53900003433
120 3.51200008392
121 3.47199988365
122 3.42899990082
123 3.40499997139
124 3.40400004387
125 3.38100004196
126 3.40300011635
127 3.44600009918
128 3.47900009155
129 3.52900004387
130 3.5720000267
131 3.61100006104
132 3.66899991035
133 4.007999897
134 4.05800008774
135 4.10500001907
136 4.12900018692
137 4.15999984741
138 4.17999982834
139 4.22200012207
140 4.23099994659
141 4.25899982452
142 4.3109998703
143 4.34999990463
144 4.38899993896
145 4.43699979782
146 4.47200012207
147 4.48600006104
148 4.51000022888
149 4.52799987793
150 4.53900003433
151 4.20100021362
152 4.31300020218
153 4.60900020599
154 3.24399995804
155 3.41599988937
156 4.72200012207
157 4.59399986267
158 4.55700016022
159 4.79699993134
160 4.83799982071
161 4.86499977112
162 4.90000009537
163 4.92299985886
164 4.97200012207
165 4.9889998436
166 5.01800012589
167 5.04500007629
168 3.125
169 3.21700000763
170 3.36199998856
171 4.12300014496
172 4.92600011826
173 4.882999897
174 4.85099983215
175 4.82999992371
176 4.81799983978
177 4.82600021362
178 4.82999992371
179 4.85799980164
180 4.87200021744
181 4.89200019836
182 4.8109998703
183 5.31300020218
184 5.46500015259
185 5.47399997711
186 5.48799991608
187 5.51700019836
188 4.60400009155
189 4.5720000267
190 5.54899978638
191 5.59700012207
192 3.63100004196
193 3.52800011635
194 4.0609998703
195 4.03999996185
196 5.6890001297
197 5.70100021362
198 5.7389998436
199 5.76499986649
200 5.79099988937
201 5.80999994278
202 5.83900022507
203 5.82899999619
204 5.84999990463
205 5.85599994659
206 5.86800003052
207 5.87699985504
208 5.90600013733
209 5.90700006485
210 5.9310002327
211 5.94299983978
212 5.96299982071
213 5.96999979019
214 5.96700000763
215 5.99100017548
216 6.02299976349
217 6.04600000381
218 6.03900003433
219 6.07399988174
220 6.08799982071
221 6.06500005722
222 6.07399988174
223 6.09999990463
224 6.09200000763
225 6.10900020599
226 6.12699985504
227 6.13100004196
228 6.132999897
229 6.15299987793
230 6.15399980545
231 6.16300010681
232 6.18300008774
233 6.1859998703
234 6.21299982071
235 6.21000003815
236 6.23099994659
237 6.22599983215
238 6.23299980164
239 6.22100019455
240 6.23000001907
241 6.21999979019
242 6.22300004959
243 6.22399997711
244 6.23400020599
245 6.23299980164
246 6.24800014496
247 6.24399995804
248 6.22399997711
249 6.24499988556
250 6.26999998093
251 6.25400018692
252 6.27600002289
253 6.27400016785
254 6.27600002289
255 6.26200008392
256 6.27400016785
257 6.27099990845
258 6.24900007248
259 6.24300003052
260 6.25400018692
261 6.22200012207
262 6.2389998436
263 6.22100019455
264 6.23999977112
265 6.21799993515
266 6.21799993515
267 6.23699998856
268 6.20200014114
269 6.21700000763
270 6.21600008011
271 6.21600008011
272 6.22800016403
273 6.13800001144
274 5.84100008011
275 5.77899980545
276 5.75500011444
277 5.73500013351
278 5.71000003815
279 5.71299982071
280 5.74399995804
281 5.76399993896
282 5.82299995422
283 5.95100021362
284 6.0689997673
285 6.0609998703
286 6.07399988174
287 6.05999994278
288 6.06500005722
289 6.05499982834
290 6.04699993134
291 6.02899980545
292 5.98999977112
293 5.28800010681
294 5.04500007629
295 5.03299999237
296 5.03200006485
297 5.0110001564
298 2.41499996185
299 2.41199994087
300 2.42700004578
301 5.10699987411
302 5.69500017166
303 5.39300012589
304 5.23000001907
305 5.24599981308
306 5.21500015259
307 5.19600009918
308 5.22100019455
309 5.21600008011
310 5.31199979782
311 5.54600000381
312 5.64400005341
313 5.60900020599
314 5.59600019455
315 5.58400011063
316 5.55800008774
317 5.54400014877
318 5.53000020981
319 5.31799983978
320 5.09600019455
321 5.46400022507
322 5.44600009918
323 5.43400001526
324 5.40799999237
325 5.39799976349
326 5.35400009155
327 5.33500003815
328 5.29699993134
329 4.36800003052
330 4.0529999733
331 4.11600017548
332 5.01200008392
333 5.16200017929
334 5.1360001564
335 5.11499977112
336 5.08900022507
337 5.05800008774
338 5.05100011826
339 5.01700019836
340 4.94899988174
341 4.81699991226
342 4.96000003815
343 4.94600009918
344 4.89499998093
345 4.875
346 4.84499979019
347 4.69899988174
348 4.5560002327
349 4.73099994659
350 4.71000003815
351 4.66699981689
352 4.64300012589
353 4.6139998436
354 4.57800006866
355 4.5560002327
356 4.32600021362
357 4.36299991608
358 4.49100017548
359 4.47200012207
360 4.44600009918
361 4.42399978638
362 4.39499998093
363 4.35799980164
364 4.30399990082
365 4.27600002289
366 4.24300003052
367 4.21500015259
368 4.16599988937
369 4.12599992752
370 4.11600017548
371 4.09000015259
372 4.04899978638
373 4.0
374 3.96900010109
375 3.9470000267
376 3.93400001526
377 3.91199994087
378 3.87599992752
379 3.85800004005
380 3.8180000782
381 3.72199988365
382 3.63100004196
383 3.60899996758
384 3.56399989128
385 3.5150001049
386 3.49399995804
387 3.46300005913
388 3.42899990082
389 3.38499999046
390 3.367000103
391 3.34299993515
392 3.32100009918
393 3.26999998093
394 3.25
395 3.26999998093
396 3.30100011826
397 3.34100008011
398 3.35599994659
399 3.40199995041
400 3.44899988174
401 3.46600008011
402 3.51099991798
403 3.56100010872
404 3.59800004959
405 3.64700007439
406 3.67300009727
407 3.72399997711
408 3.73699998856
409 3.79600000381
410 3.81200003624
411 3.88199996948
412 3.93000006676
413 3.99799990654
414 4.0640001297
415 4.13100004196
416 4.18499994278
417 4.25699996948
418 4.30399990082
419 4.37200021744
420 4.42700004578
421 4.52699995041
422 4.60500001907
423 4.66599988937
424 4.71999979019
425 4.8189997673
426 4.90999984741
427 5.01700019836
428 5.11000013351
429 5.22100019455
430 5.30700016022
431 5.41699981689
432 5.52699995041
433 5.65600013733
434 5.77400016785
435 5.89699983597
436 6.007999897
437 6.15999984741
438 6.31799983978
439 6.47599983215
440 6.492000103
441 6.60500001907
442 6.45599985123
443 3.09899997711
444 3.0529999733
445 3.04999995232
446 3.02699995041
447 3.00900006294
448 3.02200007439
449 3.02500009537
450 2.9960000515
451 2.99699997902
452 2.98699998856
453 2.97499990463
454 2.99499988556
455 2.97399997711
456 2.96499991417
457 2.97099995613
458 2.97799992561
459 2.94899988174
460 2.96199989319
461 2.94400000572
462 2.93799996376
463 2.94099998474
464 2.94899988174
465 2.9279999733
466 2.92700004578
467 2.9279999733
468 2.9279999733
469 2.90199995041
470 2.67000007629
471 2.64599990845
472 2.63800001144
473 2.66400003433
474 0.945999979973
475 0.704999983311
476 0.712000012398
477 0.938000023365
478 2.6400001049
479 2.63100004196
480 2.65300011635
481 2.66700005531
482 2.65400004387
483 2.66799998283
484 2.66599988937
485 2.67100000381
486 2.67499995232
487 2.66899991035
488 2.66599988937
489 2.68300008774
490 2.82999992371
491 2.93099999428
492 2.93799996376
493 2.95600008965
494 2.9430000782
495 2.9470000267
496 2.95300006866
497 2.9509999752
498 2.95000004768
499 2.98000001907
500 2.97900009155
501 2.96700000763
502 2.97499990463
503 2.99900007248
504 3.0039999485
505 3.0150001049
506 3.007999897
507 3.02300000191
508 3.04200005531
509 3.02999997139
510 3.02399992943
511 3.04200005531
512 3.06399989128
513 3.06699991226
514 3.09500002861
515 3.0720000267
516 3.08299994469
517 3.10800004005
518 3.12700009346
519 3.117000103
520 3.14199995995
521 3.13700008392
522 3.16700005531
523 3.15499997139
524 0.934000015259
525 0.915000021458
526 0.917999982834
527 0.944999992847
528 3.05500006676
529 2.99099993706
530 2.91899991035
531 2.86599993706
532 2.83599996567
533 2.79200005531
534 2.7349998951
535 2.72099995613
536 2.95799994469
537 1.09899997711
538 1.07299995422
539 1.05900001526
540 1.02699995041
