0 0.619000017643
1 0.634999990463
2 0.638000011444
3 0.643000006676
4 0.649999976158
5 0.648000001907
6 0.652999997139
7 0.658999979496
8 0.652999997139
9 0.653999984264
10 0.694999992847
11 0.713999986649
12 0.726000010967
13 0.73400002718
14 0.744000017643
15 4.9439997673
16 4.84399986267
17 4.85500001907
18 4.875
19 4.96000003815
20 5.13899993896
21 5.1859998703
22 5.23199987411
23 5.26900005341
24 5.32100009918
25 5.35300016403
26 5.41099977493
27 5.45300006866
28 5.50699996948
29 5.55800008774
30 5.59399986267
31 5.65899991989
32 5.64200019836
33 17.1149997711
34 17.1369991302
35 17.1369991302
36 17.1560001373
37 0.0
38 0.0
39 0.0
40 17.218000412
41 17.1749992371
42 17.0799999237
43 17.0189990997
44 16.5359992981
45 16.533000946
46 16.5209999084
47 13.1610002518
48 13.0740003586
49 12.3299999237
50 11.9149999619
51 11.5939998627
52 11.6099996567
53 11.6260004044
54 11.625
55 11.3509998322
56 11.001999855
57 10.4569997787
58 10.0889997482
59 8.34200000763
60 8.35200023651
61 8.20699977875
62 7.90399980545
63 7.64099979401
64 7.44600009918
65 7.25400018692
66 7.07299995422
67 6.90100002289
68 6.79400014877
69 6.78200006485
70 6.80800008774
71 6.84100008011
72 6.85599994659
73 6.86499977112
74 6.8029999733
75 6.63999986649
76 6.51800012589
77 6.39200019836
78 6.26200008392
79 6.14699983597
80 5.23500013351
81 4.97200012207
82 4.85300016403
83 4.76499986649
84 4.67999982834
85 4.60400009155
86 4.51599979401
87 4.46600008011
88 4.40600013733
89 4.31799983978
90 4.28499984741
91 4.23000001907
92 4.16499996185
93 4.1139998436
94 4.04400014877
95 3.98000001907
96 3.9319999218
97 3.89400005341
98 3.82500004768
99 3.78900003433
100 3.78200006485
101 3.79200005531
102 3.80599999428
103 3.84699988365
104 3.89800000191
105 3.91700005531
106 3.92899990082
107 3.95000004768
108 3.92199993134
109 3.88000011444
110 3.82800006866
111 3.81699991226
112 3.77300000191
113 3.74099993706
114 3.69499993324
115 3.66300010681
116 3.64199995995
117 3.59599995613
118 3.57399988174
119 3.52500009537
120 3.50699996948
121 3.48699998856
122 3.45300006866
123 3.42600011826
124 3.38899993896
125 3.39499998093
126 3.41499996185
127 3.4509999752
128 3.47900009155
129 3.53200006485
130 3.57699990273
131 3.6210000515
132 3.66100001335
133 4.02500009537
134 4.06699991226
135 4.10799980164
136 4.1139998436
137 4.16599988937
138 4.18800020218
139 4.23000001907
140 4.2610001564
141 4.29400014877
142 4.30800008774
143 4.33099985123
144 4.39499998093
145 4.42399978638
146 4.46299982071
147 4.49700021744
148 4.51999998093
149 4.54099988937
150 4.54600000381
151 4.17999982834
152 4.29099988937
153 4.52400016785
154 3.27500009537
155 3.41499996185
156 4.71299982071
157 4.59899997711
158 4.56699991226
159 4.79600000381
160 4.83900022507
161 4.8639998436
162 4.89699983597
163 4.94299983978
164 4.97100019455
165 4.99499988556
166 5.02500009537
167 5.03299999237
168 3.11800003052
169 3.22199988365
170 3.37400007248
171 4.11299991608
172 4.9310002327
173 4.882999897
174 4.84700012207
175 4.84399986267
176 4.82800006866
177 4.82299995422
178 4.83199977875
179 4.84700012207
180 4.86499977112
181 4.90500020981
182 4.82499980927
183 5.32499980927
184 5.45300006866
185 5.48500013351
186 5.50199985504
187 5.51999998093
188 4.59200000763
189 4.57100009918
190 5.56799983978
191 5.59899997711
192 3.64299988747
193 3.53699994087
194 4.08300018311
195 4.04699993134
196 5.70200014114
197 5.71700000763
198 5.73600006104
199 5.77400016785
200 5.79600000381
201 5.79400014877
202 5.82499980927
203 5.82600021362
204 5.84800004959
205 5.86800003052
206 5.88500022888
207 5.88000011444
208 5.89200019836
209 5.89200019836
210 5.92299985886
211 5.93499994278
212 5.95900011063
213 5.97100019455
214 5.992000103
215 6.00899982452
216 6.03299999237
217 6.02699995041
218 6.03700017929
219 6.07100009918
220 6.06500005722
221 6.08799982071
222 6.08099985123
223 6.10400009155
224 6.09200000763
225 6.09499979019
226 6.125
227 6.11800003052
228 6.14300012589
229 6.15500020981
230 6.15899991989
231 6.17000007629
232 6.18800020218
233 6.18499994278
234 6.19999980927
235 6.19999980927
236 6.21799993515
237 6.25199985504
238 6.22499990463
239 6.22800016403
240 6.22200012207
241 6.22599983215
242 6.23299980164
243 6.23400020599
244 6.242000103
245 6.24599981308
246 6.22599983215
247 6.24900007248
248 6.25400018692
249 6.25899982452
250 6.26300001144
251 6.27400016785
252 6.25099992752
253 6.26399993896
254 6.27600002289
255 6.27699995041
256 6.27199983597
257 6.27299976349
258 6.25899982452
259 6.26499986649
260 6.23999977112
261 6.21299982071
262 6.22900009155
263 6.24599981308
264 6.22100019455
265 6.22100019455
266 6.22399997711
267 6.22399997711
268 6.21299982071
269 6.22300004959
270 6.20200014114
271 6.21799993515
272 6.20300006866
273 6.15000009537
274 5.84899997711
275 5.79600000381
276 5.75500011444
277 5.73000001907
278 5.742000103
279 5.72200012207
280 5.73699998856
281 5.76499986649
282 5.79400014877
283 5.95100021362
284 6.08599996567
285 6.06199979782
286 6.08300018311
287 6.0689997673
288 6.05200004578
289 6.03599977493
290 6.02099990845
291 6.02199983597
292 6.00600004196
293 5.28999996185
294 5.05000019073
295 5.02400016785
296 5.02699995041
297 5.03399991989
298 2.43000006676
299 2.41000008583
300 2.43000006676
301 5.09800004959
302 5.68300008774
303 5.39400005341
304 5.25699996948
305 5.24499988556
306 5.21600008011
307 5.19299983978
308 5.22100019455
309 5.22800016403
310 5.3220000267
311 5.54899978638
312 5.65199995041
313 5.63199996948
314 5.59700012207
315 5.58699989319
316 5.55200004578
317 5.54199981689
318 5.51999998093
319 5.33500003815
320 5.09499979019
321 5.46500015259
322 5.45599985123
323 5.44500017166
324 5.41400003433
325 5.39400005341
326 5.36000013351
327 5.34000015259
328 5.30800008774
329 4.39699983597
330 4.05200004578
331 4.13800001144
332 5.00199985504
333 5.16800022125
334 5.13999986649
335 5.12599992752
336 5.09899997711
337 5.07000017166
338 5.04500007629
339 5.01999998093
340 4.96000003815
341 4.8029999733
342 4.96600008011
343 4.94600009918
344 4.89400005341
345 4.86999988556
346 4.84399986267
347 4.71899986267
348 4.5720000267
349 4.72499990463
350 4.70900011063
351 4.68400001526
352 4.65000009537
353 4.625
354 4.59200000763
355 4.55700016022
356 4.31599998474
357 4.37900018692
358 4.49599981308
359 4.44999980927
360 4.4470000267
361 4.41300010681
362 4.39699983597
363 4.36299991608
364 4.31500005722
365 4.29699993134
366 4.25199985504
367 4.20599985123
368 4.19000005722
369 4.12799978256
370 4.09299993515
371 4.08400011063
372 4.04799985886
373 4.02699995041
374 3.99699997902
375 3.97000002861
376 3.92199993134
377 3.91400003433
378 3.88700008392
379 3.84100008011
380 3.80999994278
381 3.72399997711
382 3.6289999485
383 3.60100007057
384 3.56699991226
385 3.53999996185
386 3.49300003052
387 3.46700000763
388 3.42700004578
389 3.39800000191
390 3.35100007057
391 3.32800006866
392 3.30599999428
393 3.30100011826
394 3.26399993896
395 3.27999997139
396 3.2990000248
397 3.31699991226
398 3.37299990654
399 3.41100001335
400 3.44099998474
401 3.48900008202
402 3.51900005341
403 3.5569999218
404 3.58699989319
405 3.65300011635
406 3.67199993134
407 3.70900011063
408 3.72600007057
409 3.78099989891
410 3.83599996567
411 3.86599993706
412 3.9470000267
413 3.9849998951
414 4.07000017166
415 4.10200023651
416 4.1939997673
417 4.24599981308
418 4.31500005722
419 4.38899993896
420 4.45599985123
421 4.52799987793
422 4.57100009918
423 4.64900016785
424 4.73199987411
425 4.81699991226
426 4.91400003433
427 5.02500009537
428 5.125
429 5.19899988174
430 5.32299995422
431 5.42899990082
432 5.52899980545
433 5.64400005341
434 5.76800012589
435 5.89200019836
436 6.02500009537
437 6.18300008774
438 6.32899999619
439 6.48600006104
440 6.5
441 6.60300016403
442 6.43699979782
443 3.07500004768
444 3.05599999428
445 3.03999996185
446 3.04600000381
447 3.04299998283
448 3.02800011635
449 3.01900005341
450 3.00500011444
451 3.007999897
452 2.99799990654
453 2.99699997902
454 2.96799993515
455 2.99300003052
456 2.97099995613
457 2.96099996567
458 2.95199990273
459 2.94899988174
460 2.95000004768
461 2.95499992371
462 2.94799995422
463 2.93799996376
464 2.93300008774
465 2.93700003624
466 2.92899990082
467 2.9319999218
468 2.91899991035
469 2.92100000381
470 2.66799998283
471 2.64800000191
472 2.6289999485
473 2.632999897
474 0.949999988079
475 0.722999989986
476 0.717000007629
477 0.925999999046
478 2.65100002289
479 2.65799999237
480 2.64299988747
481 2.64299988747
482 2.65799999237
483 2.65700006485
484 2.65799999237
485 2.66300010681
486 2.66700005531
487 2.66100001335
488 2.67600011826
489 2.68499994278
490 2.84100008011
491 2.93300008774
492 2.94000005722
493 2.95499992371
494 2.9470000267
495 2.9470000267
496 2.95300006866
497 2.95000004768
498 2.96799993515
499 2.97600007057
500 2.96900010109
501 2.98300004005
502 3.00300002098
503 2.99799990654
504 3.01300001144
505 2.99499988556
506 2.99699997902
507 3.03099989891
508 3.02600002289
509 3.02099990845
510 3.03999996185
511 3.04200005531
512 3.06299996376
513 3.06900000572
514 3.07100009918
515 3.07899999619
516 3.07999992371
517 3.10700011253
518 3.11100006104
519 3.1210000515
520 3.13199996948
521 3.15300011635
522 3.15400004387
523 3.16599988937
524 0.941999971867
525 0.919000029564
526 0.920000016689
527 0.955999970436
528 3.04500007629
529 2.98099994659
530 2.93000006676
531 2.89299988747
532 2.83500003815
533 2.78399991989
534 2.74099993706
535 2.72499990463
536 1.12699997425
537 1.08099997044
538 1.07299995422
539 1.04999995232
540 1.00800001621
