0 4.52199983597
1 4.41900014877
2 4.41599988937
3 4.45599985123
4 4.52699995041
5 4.65700006485
6 4.68300008774
7 4.70300006866
8 4.74499988556
9 4.76599979401
10 4.79300022125
11 4.82600021362
12 4.86800003052
13 4.89099979401
14 4.92299985886
15 4.92399978638
16 4.83099985123
17 4.85799980164
18 4.87300014496
19 4.96199989319
20 5.15100002289
21 5.1810002327
22 5.22800016403
23 5.27299976349
24 5.31599998474
25 5.36199998856
26 5.38999986649
27 5.4470000267
28 5.50299978256
29 5.54699993134
30 5.58900022507
31 5.63800001144
32 5.64300012589
33 0.0
34 17.1650009155
35 17.1380004883
36 17.1550006866
37 0.0
38 0.0
39 0.0
40 17.2369995117
41 17.1630001068
42 17.0650005341
43 17.0130004883
44 16.5209999084
45 16.5289993286
46 16.5189990997
47 13.1590003967
48 13.095000267
49 12.3249998093
50 11.9119997025
51 11.5780000687
52 11.6029996872
53 11.6129999161
54 11.6169996262
55 11.3420000076
56 10.9960002899
57 10.468000412
58 10.0839996338
59 8.32900047302
60 8.34300041199
61 8.19900035858
62 7.90600013733
63 7.64400005341
64 7.45900011063
65 7.24100017548
66 7.06699991226
67 6.90299987793
68 6.78499984741
69 6.78299999237
70 6.79300022125
71 6.82000017166
72 6.84200000763
73 6.875
74 6.79300022125
75 6.64099979401
76 6.50199985504
77 6.38199996948
78 6.26800012589
79 6.14400005341
80 5.23000001907
81 4.96199989319
82 4.83900022507
83 4.77099990845
84 4.68499994278
85 4.61199998856
86 4.53800010681
87 4.44999980927
88 4.39699983597
89 4.32700014114
90 4.24599981308
91 4.21600008011
92 4.14900016785
93 4.09399986267
94 4.04099988937
95 3.99300003052
96 3.93899989128
97 3.87800002098
98 3.82899999619
99 3.77699995041
100 3.77200007439
101 3.79699993134
102 3.8180000782
103 3.84899997711
104 3.88599991798
105 3.90899991989
106 3.9509999752
107 3.93400001526
108 3.89899992943
109 3.87800002098
110 3.83800005913
111 3.81100010872
112 3.76699995995
113 3.70900011063
114 3.6779999733
115 3.66000008583
116 3.62700009346
117 3.59899997711
118 3.54600000381
119 3.52800011635
120 3.49499988556
121 3.47000002861
122 3.44499993324
123 3.41700005531
124 3.40700006485
125 3.39599990845
126 3.4319999218
127 3.45600008965
128 3.492000103
129 3.50999999046
130 3.56500005722
131 3.61800003052
132 3.65799999237
133 4.02199983597
134 4.04500007629
135 4.06799983978
136 4.11899995804
137 4.15000009537
138 4.18499994278
139 4.22399997711
140 4.23500013351
141 4.27699995041
142 4.31199979782
143 4.32700014114
144 4.382999897
145 4.39900016785
146 4.45800018311
147 4.47499990463
148 4.51300001144
149 4.53800010681
150 4.54400014877
151 4.19199991226
152 4.29099988937
153 4.59399986267
154 3.26300001144
155 3.40799999237
156 4.69899988174
157 4.60200023651
158 4.56599998474
159 4.78900003433
160 4.83699989319
161 4.85200023651
162 4.88800001144
163 4.9310002327
164 4.96799993515
165 4.98299980164
166 5.02500009537
167 5.05000019073
168 3.12800002098
169 3.22600007057
170 3.36999988556
171 4.09899997711
172 4.91400003433
173 4.8639998436
174 4.84499979019
175 4.82600021362
176 4.81699991226
177 4.8189997673
178 4.84100008011
179 4.83699989319
180 4.86299991608
181 4.89400005341
182 4.80900001526
183 5.3060002327
184 5.45100021362
185 5.48999977112
186 5.49399995804
187 5.51900005341
188 4.60099983215
189 4.58300018311
190 5.56599998474
191 5.58500003815
192 3.632999897
193 3.5150001049
194 4.06199979782
195 4.05100011826
196 5.70599985123
197 5.70300006866
198 5.72800016403
199 5.75400018692
200 5.78399991989
201 5.80399990082
202 5.81699991226
203 5.84000015259
204 5.85400009155
205 5.86499977112
206 5.87699985504
207 5.88500022888
208 5.90100002289
209 5.89499998093
210 5.90799999237
211 5.92600011826
212 5.94299983978
213 5.96799993515
214 5.97399997711
215 6.01399993896
216 6.01200008392
217 6.02699995041
218 6.03499984741
219 6.07499980927
220 6.07499980927
221 6.08500003815
222 6.09499979019
223 6.09999990463
224 6.10799980164
225 6.11299991608
226 6.10500001907
227 6.10300016403
228 6.11999988556
229 6.14699983597
230 6.15600013733
231 6.15700006485
232 6.1779999733
233 6.17999982834
234 6.19600009918
235 6.19999980927
236 6.21000003815
237 6.25
238 6.22100019455
239 6.21400022507
240 6.22100019455
241 6.21999979019
242 6.22499990463
243 6.23600006104
244 6.22300004959
245 6.22300004959
246 6.22599983215
247 6.2389998436
248 6.23600006104
249 6.22499990463
250 6.2389998436
251 6.26200008392
252 6.26000022888
253 6.27199983597
254 6.25899982452
255 6.26900005341
256 6.27199983597
257 6.23999977112
258 6.24300003052
259 6.25199985504
260 6.24499988556
261 6.23799991608
262 6.23000001907
263 6.20900011063
264 6.21899986267
265 6.22499990463
266 6.20599985123
267 6.21000003815
268 6.20499992371
269 6.20699977875
270 6.23400020599
271 6.20599985123
272 6.22300004959
273 6.12200021744
274 5.85099983215
275 5.79199981689
276 5.75099992752
277 5.74300003052
278 5.73600006104
279 5.73799991608
280 5.742000103
281 5.76300001144
282 5.79899978638
283 5.96600008011
284 6.07499980927
285 6.08699989319
286 6.07600021362
287 6.07499980927
288 6.06300020218
289 6.04799985886
290 6.03800010681
291 5.98999977112
292 5.9889998436
293 5.30800008774
294 5.05000019073
295 5.03499984741
296 5.03399991989
297 5.02500009537
298 2.40100002289
299 2.38899993896
300 2.42300009727
301 5.11100006104
302 5.67999982834
303 5.38500022888
304 5.23799991608
305 5.23500013351
306 5.20699977875
307 5.1859998703
308 5.22499990463
309 5.22200012207
310 5.32000017166
311 5.52899980545
312 5.64599990845
313 5.62699985504
314 5.60599994659
315 5.5720000267
316 5.57299995422
317 5.55200004578
318 5.52500009537
319 5.32700014114
320 5.08799982071
321 5.45200014114
322 5.44600009918
323 5.43499994278
324 5.42000007629
325 5.39599990845
326 5.35699987411
327 5.33900022507
328 5.3109998703
329 4.37900018692
330 4.04199981689
331 4.11499977112
332 4.99700021744
333 5.15500020981
334 5.13700008392
335 5.11000013351
336 5.09299993515
337 5.0609998703
338 5.05200004578
339 5.01800012589
340 4.93499994278
341 4.80700016022
342 4.95200014114
343 4.93499994278
344 4.90299987793
345 4.86999988556
346 4.83300018311
347 4.71099996567
348 4.57000017166
349 4.73299980164
350 4.70599985123
351 4.67600011826
352 4.64300012589
353 4.62699985504
354 4.59299993515
355 4.5609998703
356 4.30499982834
357 4.35200023651
358 4.49599981308
359 4.47100019455
360 4.41800022125
361 4.40000009537
362 4.38700008392
363 4.35799980164
364 4.31199979782
365 4.27899980545
366 4.25500011444
367 4.21500015259
368 4.16900014877
369 4.13800001144
370 4.09700012207
371 4.05999994278
372 4.04199981689
373 4.02099990845
374 3.96600008011
375 3.96399998665
376 3.93099999428
377 3.91700005531
378 3.8599998951
379 3.84599995613
380 3.80599999428
381 3.69799995422
382 3.62800002098
383 3.59800004959
384 3.57100009918
385 3.53800010681
386 3.49399995804
387 3.46300005913
388 3.43300008774
389 3.3789999485
390 3.36999988556
391 3.33800005913
392 3.30500006676
393 3.27900004387
394 3.26099991798
395 3.26900005341
396 3.28900003433
397 3.33299994469
398 3.36999988556
399 3.38599991798
400 3.42300009727
401 3.48600006104
402 3.5150001049
403 3.54699993134
404 3.59899997711
405 3.63899993896
406 3.68400001526
407 3.71199989319
408 3.75099992752
409 3.77099990845
410 3.83699989319
411 3.88499999046
412 3.93700003624
413 4.00099992752
414 4.05999994278
415 4.09999990463
416 4.16699981689
417 4.23999977112
418 4.30800008774
419 4.382999897
420 4.42100000381
421 4.52099990845
422 4.59200000763
423 4.65399980545
424 4.73299980164
425 4.80399990082
426 4.90899991989
427 5.01700019836
428 5.11299991608
429 5.20699977875
430 5.3189997673
431 5.41800022125
432 5.52699995041
433 5.64599990845
434 5.7610001564
435 5.88800001144
436 6.03800010681
437 6.15500020981
438 6.30000019073
439 6.47499990463
440 6.50199985504
441 6.61199998856
442 6.42100000381
443 3.07100009918
444 3.03800010681
445 3.03699994087
446 3.02300000191
447 3.02300000191
448 3.02500009537
449 3.01999998093
450 3.00699996948
451 2.99099993706
452 2.97900009155
453 2.98600006104
454 2.97799992561
455 2.96099996567
456 2.96799993515
457 2.97900009155
458 2.97399997711
459 2.95499992371
460 2.93899989128
461 2.94199991226
462 2.95799994469
463 2.9430000782
464 2.9279999733
465 2.92600011826
466 2.93300008774
467 2.91199994087
468 2.92300009727
469 2.91199994087
470 2.66400003433
471 2.65499997139
472 2.61800003052
473 2.6400001049
474 0.939999997616
475 0.711000025272
476 0.705999970436
477 0.930999994278
478 2.65300011635
479 2.64599990845
480 2.65100002289
481 2.65000009537
482 2.6400001049
483 2.66000008583
484 2.64899992943
485 2.65400004387
486 2.66100001335
487 2.64199995995
488 2.6740000248
489 2.67600011826
490 2.82699990273
491 2.94199991226
492 2.9319999218
493 2.94899988174
494 2.95399999619
495 2.93700003624
496 2.94899988174
497 2.94799995422
498 2.95499992371
499 2.96600008011
500 2.96499991417
501 2.97000002861
502 2.96799993515
503 2.99099993706
504 2.9960000515
505 3.01300001144
506 3.0
507 3.02200007439
508 3.03099989891
509 3.03399991989
510 3.02300000191
511 3.04200005531
512 3.06599998474
513 3.05500006676
514 3.07999992371
515 3.09100008011
516 3.08599996567
517 3.11100006104
518 3.10199999809
519 3.10199999809
520 3.12400007248
521 3.13599991798
522 3.15499997139
523 3.16300010681
524 0.941999971867
525 0.920000016689
526 0.916999995708
527 0.947000026703
528 3.04399991035
529 2.98399996758
530 2.93300008774
531 2.88700008392
532 2.82100009918
533 2.77200007439
534 2.72300004959
535 2.70399999619
536 2.96000003815
537 1.10300004482
538 1.07899999619
539 1.04999995232
540 1.01300001144
