0 4.52099990845
1 4.44099998474
2 4.44600009918
3 4.44600009918
4 4.51200008392
5 4.65700006485
6 4.68300008774
7 4.71700000763
8 4.74300003052
9 4.76900005341
10 4.80700016022
11 4.83599996567
12 4.86299991608
13 4.89200019836
14 4.9310002327
15 4.94299983978
16 4.84899997711
17 4.85599994659
18 4.89300012589
19 4.97800016403
20 5.15100002289
21 5.20399999619
22 5.22900009155
23 5.28299999237
24 5.32499980927
25 5.37099981308
26 5.40299987793
27 5.46000003815
28 5.50600004196
29 5.54500007629
30 5.58599996567
31 5.64499998093
32 5.66099977493
33 0.0
34 17.1439990997
35 17.1399993896
36 17.158000946
37 0.0
38 0.0
39 0.0
40 17.2380008698
41 17.1630001068
42 17.0659999847
43 17.0289993286
44 16.5230007172
45 16.5489997864
46 16.5349998474
47 13.1630001068
48 13.0839996338
49 12.3339996338
50 11.9549999237
51 11.5889997482
52 11.6120004654
53 11.626999855
54 11.6319999695
55 11.3559999466
56 11.0010004044
57 10.4619998932
58 10.1129999161
59 8.32600021362
60 8.33699989319
61 8.20100021362
62 7.92500019073
63 7.64799976349
64 7.45100021362
65 7.23600006104
66 7.06500005722
67 6.89900016785
68 6.79600000381
69 6.77799987793
70 6.80100011826
71 6.82899999619
72 6.85099983215
73 6.87900018692
74 6.80100011826
75 6.64200019836
76 6.51399993896
77 6.38399982452
78 6.27500009537
79 6.15500020981
80 5.24599981308
81 4.96700000763
82 4.86499977112
83 4.77600002289
84 4.6890001297
85 4.6139998436
86 4.53900003433
87 4.46999979019
88 4.41300010681
89 4.34100008011
90 4.27500009537
91 4.19899988174
92 4.16099977493
93 4.10900020599
94 4.04500007629
95 4.00199985504
96 3.9470000267
97 3.89199995995
98 3.85100007057
99 3.80999994278
100 3.77900004387
101 3.78500008583
102 3.81500005722
103 3.86400008202
104 3.86500000954
105 3.92100000381
106 3.96499991417
107 3.95600008965
108 3.9319999218
109 3.87199997902
110 3.83699989319
111 3.81100010872
112 3.77900004387
113 3.73900008202
114 3.70199990273
115 3.65799999237
116 3.63899993896
117 3.60299992561
118 3.56699991226
119 3.54999995232
120 3.49499988556
121 3.48000001907
122 3.44400000572
123 3.42300009727
124 3.40400004387
125 3.39499998093
126 3.42700004578
127 3.46300005913
128 3.49799990654
129 3.52500009537
130 3.56399989128
131 3.61800003052
132 3.68700003624
133 4.03200006485
134 4.0720000267
135 4.09299993515
136 4.10200023651
137 4.13800001144
138 4.18499994278
139 4.21600008011
140 4.25500011444
141 4.29699993134
142 4.32700014114
143 4.35099983215
144 4.39699983597
145 4.41099977493
146 4.45699977875
147 4.47700023651
148 4.51499986649
149 4.52099990845
150 4.56599998474
151 4.22200012207
152 4.30900001526
153 4.60599994659
154 3.27099990845
155 3.41899991035
156 4.71999979019
157 4.59399986267
158 4.56500005722
159 4.80900001526
160 4.83199977875
161 4.86299991608
162 4.90000009537
163 4.94099998474
164 4.96899986267
165 5.00699996948
166 5.03100013733
167 5.0529999733
168 3.11800003052
169 3.22300004959
170 3.38499999046
171 4.10699987411
172 4.91800022125
173 4.88500022888
174 4.85300016403
175 4.84999990463
176 4.81699991226
177 4.82700014114
178 4.84299993515
179 4.84700012207
180 4.88000011444
181 4.90899991989
182 4.8189997673
183 5.32000017166
184 5.47300004959
185 5.47599983215
186 5.5
187 5.51599979401
188 4.60599994659
189 4.59999990463
190 5.57600021362
191 5.59499979019
192 3.64499998093
193 3.52900004387
194 4.07299995422
195 4.04300022125
196 5.69199991226
197 5.72499990463
198 5.74700021744
199 5.77199983597
200 5.77899980545
201 5.80800008774
202 5.83900022507
203 5.84499979019
204 5.84399986267
205 5.86199998856
206 5.87300014496
207 5.88999986649
208 5.90199995041
209 5.90999984741
210 5.92100000381
211 5.92700004578
212 5.95599985123
213 5.97200012207
214 5.99800014496
215 6.00899982452
216 6.00400018692
217 6.04199981689
218 6.0560002327
219 6.0640001297
220 6.07000017166
221 6.08300018311
222 6.08799982071
223 6.10300016403
224 6.10300016403
225 6.12200021744
226 6.13199996948
227 6.14400005341
228 6.12200021744
229 6.13100004196
230 6.17199993134
231 6.17899990082
232 6.18200016022
233 6.20499992371
234 6.21199989319
235 6.21899986267
236 6.22399997711
237 6.23000001907
238 6.22200012207
239 6.23000001907
240 6.23099994659
241 6.24900007248
242 6.25099992752
243 6.242000103
244 6.23500013351
245 6.22599983215
246 6.23000001907
247 6.2389998436
248 6.24300003052
249 6.25699996948
250 6.23799991608
251 6.27099990845
252 6.25899982452
253 6.28299999237
254 6.28100013733
255 6.26200008392
256 6.26000022888
257 6.25699996948
258 6.25699996948
259 6.23500013351
260 6.25099992752
261 6.24100017548
262 6.23999977112
263 6.24599981308
264 6.23400020599
265 6.22399997711
266 6.22399997711
267 6.22700023651
268 6.22300004959
269 6.22900009155
270 6.20499992371
271 6.22200012207
272 6.20300006866
273 6.14599990845
274 5.84899997711
275 5.79699993134
276 5.74700021744
277 5.73600006104
278 5.73500013351
279 5.73199987411
280 5.74300003052
281 5.75699996948
282 5.80499982834
283 5.95300006866
284 6.08099985123
285 6.08099985123
286 6.05900001526
287 6.07600021362
288 6.06599998474
289 6.0640001297
290 6.03399991989
291 6.01599979401
292 5.99100017548
293 5.29199981689
294 5.06500005722
295 5.03999996185
296 5.01999998093
297 5.03200006485
298 2.4240000248
299 2.42899990082
300 2.43600010872
301 5.11600017548
302 5.67600011826
303 5.40000009537
304 5.23999977112
305 5.242000103
306 5.21400022507
307 5.19999980927
308 5.21299982071
309 5.23799991608
310 5.32299995422
311 5.55800008774
312 5.66200017929
313 5.61600017548
314 5.61299991608
315 5.58300018311
316 5.56699991226
317 5.55200004578
318 5.52299976349
319 5.32299995422
320 5.11999988556
321 5.44600009918
322 5.44000005722
323 5.42500019073
324 5.42000007629
325 5.40199995041
326 5.37799978256
327 5.33099985123
328 5.3109998703
329 4.37099981308
330 4.05100011826
331 4.12300014496
332 5.03200006485
333 5.16699981689
334 5.14200019836
335 5.12799978256
336 5.08900022507
337 5.07100009918
338 5.05700016022
339 5.02400016785
340 4.96199989319
341 4.82100009918
342 4.95599985123
343 4.9439997673
344 4.90799999237
345 4.87400007248
346 4.84600019455
347 4.69299983978
348 4.56799983978
349 4.7389998436
350 4.72100019455
351 4.6890001297
352 4.65700006485
353 4.62300014496
354 4.58900022507
355 4.55800008774
356 4.3189997673
357 4.367000103
358 4.50600004196
359 4.47599983215
360 4.45100021362
361 4.42500019073
362 4.39900016785
363 4.35400009155
364 4.33199977875
365 4.26700019836
366 4.23099994659
367 4.21600008011
368 4.1779999733
369 4.132999897
370 4.125
371 4.08199977875
372 4.05999994278
373 4.01900005341
374 3.98099994659
375 3.96300005913
376 3.93600010872
377 3.90499997139
378 3.882999897
379 3.83999991417
380 3.83899998665
381 3.73000001907
382 3.6400001049
383 3.58800005913
384 3.55399990082
385 3.54500007629
386 3.5
387 3.47099995613
388 3.43799996376
389 3.40199995041
390 3.37599992752
391 3.34400010109
392 3.31200003624
393 3.29399991035
394 3.25200009346
395 3.27099990845
396 3.31200003624
397 3.34500002861
398 3.375
399 3.40199995041
400 3.4509999752
401 3.49000000954
402 3.52999997139
403 3.55100011826
404 3.61100006104
405 3.65799999237
406 3.69000005722
407 3.73699998856
408 3.74099993706
409 3.79099988937
410 3.83200001717
411 3.88199996948
412 3.9279999733
413 4.00699996948
414 4.04400014877
415 4.12400007248
416 4.1970000267
417 4.22700023651
418 4.29600000381
419 4.39300012589
420 4.45399999619
421 4.50099992752
422 4.59800004959
423 4.67700004578
424 4.73400020599
425 4.82800006866
426 4.9279999733
427 5.02099990845
428 5.12400007248
429 5.21500015259
430 5.32299995422
431 5.42700004578
432 5.53900003433
433 5.64200019836
434 5.76399993896
435 5.89300012589
436 6.03200006485
437 6.1779999733
438 6.31599998474
439 6.48000001907
440 6.50899982452
441 6.60699987411
442 6.44600009918
443 3.08500003815
444 3.05800008774
445 3.02999997139
446 3.05100011826
447 3.02399992943
448 3.01600003242
449 3.00699996948
450 3.00999999046
451 3.00300002098
452 2.99499988556
453 2.99300003052
454 2.98600006104
455 2.99099993706
456 2.96600008011
457 2.96399998665
458 2.95700001717
459 2.97399997711
460 2.96799993515
461 2.96099996567
462 2.94199991226
463 2.94199991226
464 2.94499993324
465 2.94099998474
466 2.93099999428
467 2.94000005722
468 2.92899990082
469 2.91499996185
470 2.67700004578
471 2.62800002098
472 2.62599992752
473 2.65899991989
474 0.950999975204
475 0.723999977112
476 0.700999975204
477 0.934000015259
478 2.66899991035
479 2.65300011635
480 2.65300011635
481 2.65400004387
482 2.65599989891
483 2.66300010681
484 2.66700005531
485 2.66899991035
486 2.65400004387
487 2.67499995232
488 2.6740000248
489 2.68499994278
490 2.83299994469
491 2.93600010872
492 2.96000003815
493 2.95399999619
494 2.9509999752
495 2.95300006866
496 2.97199988365
497 2.95499992371
498 2.96300005913
499 2.98600006104
500 2.96700000763
501 2.992000103
502 3.00300002098
503 2.99499988556
504 2.99000000954
505 3.00699996948
506 3.02200007439
507 3.02699995041
508 3.01799988747
509 3.02399992943
510 3.03699994087
511 3.06900000572
512 3.0490000248
513 3.06200003624
514 3.07699990273
515 3.08500003815
516 3.10599994659
517 3.10700011253
518 3.11299991608
519 3.12700009346
520 3.15199995041
521 3.15799999237
522 3.15499997139
523 3.16300010681
524 0.930000007153
525 0.916999995708
526 0.912999987602
527 0.959999978542
528 3.04299998283
529 2.99399995804
530 2.9279999733
531 2.88599991798
532 2.83400011063
533 2.78399991989
534 2.73099994659
535 2.70199990273
536 2.9430000782
537 1.11099994183
538 1.09200000763
539 1.06400001049
540 1.02100002766
