0 4.51599979401
1 4.4359998703
2 4.45100021362
3 4.47399997711
4 4.54199981689
5 4.64099979401
6 4.68699979782
7 4.69899988174
8 4.75099992752
9 4.76999998093
10 4.80200004578
11 4.84000015259
12 4.84800004959
13 4.88700008392
14 4.92199993134
15 4.93400001526
16 4.85099983215
17 4.85500001907
18 4.88199996948
19 4.97599983215
20 5.14499998093
21 5.19099998474
22 5.23699998856
23 1.93299996853
24 1.92200005054
25 1.92599999905
26 1.89600002766
27 1.89300000668
28 1.89699995518
29 1.90199995041
30 1.91400003433
31 1.93099999428
32 1.91100001335
33 1.9509999752
34 1.97200000286
35 2.09299993515
36 2.12400007248
37 2.13100004196
38 2.09800004959
39 2.09899997711
40 2.09899997711
41 2.13100004196
42 2.10400009155
43 2.09999990463
44 2.18099999428
45 16.547000885
46 16.5160007477
47 13.140999794
48 13.0839996338
49 12.3310003281
50 11.9619998932
51 11.6020002365
52 11.595000267
53 11.638999939
54 11.6129999161
55 11.3400001526
56 10.986000061
57 10.4289999008
58 10.1160001755
59 8.30099964142
60 8.32400035858
61 8.19900035858
62 7.90000009537
63 7.63899993896
64 7.45800018311
65 7.23600006104
66 7.05900001526
67 6.89200019836
68 6.78800010681
69 6.78599977493
70 6.80000019073
71 6.8189997673
72 6.84299993515
73 6.86899995804
74 6.80100011826
75 6.64599990845
76 6.51700019836
77 6.38199996948
78 6.27099990845
79 6.15000009537
80 5.23400020599
81 4.95499992371
82 4.85200023651
83 4.76900005341
84 4.67899990082
85 4.59899997711
86 4.54500007629
87 4.47800016403
88 4.40600013733
89 4.34899997711
90 4.27799987793
91 4.19999980927
92 4.14200019836
93 4.11299991608
94 4.02799987793
95 3.98300004005
96 3.94000005722
97 3.89700007439
98 3.82500004768
99 3.8029999733
100 3.77200007439
101 3.78600001335
102 3.80100011826
103 3.83999991417
104 3.86800003052
105 3.90700006485
106 3.93300008774
107 3.96600008011
108 3.92899990082
109 3.87299990654
110 3.82500004768
111 3.81299996376
112 3.76300001144
113 3.73000001907
114 3.69199991226
115 3.67100000381
116 3.632999897
117 3.59699988365
118 3.5680000782
119 3.52800011635
120 3.51099991798
121 3.47499990463
122 3.4509999752
123 3.42100000381
124 3.39100003242
125 3.3789999485
126 3.42899990082
127 3.45499992371
128 3.49499988556
129 3.52600002289
130 3.57399988174
131 3.60100007057
132 3.65799999237
133 4.02500009537
134 4.0689997673
135 4.09299993515
136 4.12599992752
137 4.15500020981
138 4.19299983978
139 4.1939997673
140 4.24499988556
141 4.28700017929
142 4.3189997673
143 4.35900020599
144 4.39300012589
145 4.43200016022
146 4.46099996567
147 4.46799993515
148 4.50600004196
149 4.507999897
150 4.54500007629
151 4.20300006866
152 4.29899978638
153 4.61600017548
154 3.26900005341
155 3.42700004578
156 4.71400022507
157 4.60099983215
158 4.55800008774
159 4.79600000381
160 4.83500003815
161 4.86800003052
162 4.90100002289
163 4.93300008774
164 4.95499992371
165 5.00500011444
166 5.01599979401
167 5.03100013733
168 3.13700008392
169 3.22499990463
170 3.37700009346
171 4.10599994659
172 4.92199993134
173 4.86299991608
174 4.85500001907
175 4.82499980927
176 4.82100009918
177 4.81300020218
178 4.82499980927
179 4.84899997711
180 4.875
181 4.90500020981
182 4.82000017166
183 5.32899999619
184 5.47700023651
185 5.48000001907
186 5.492000103
187 5.51300001144
188 4.60699987411
189 4.58099985123
190 5.54099988937
191 5.59999990463
192 3.65199995041
193 3.53200006485
194 4.06799983978
195 4.04099988937
196 5.67999982834
197 5.6939997673
198 5.73699998856
199 5.75299978256
200 5.78800010681
201 5.80900001526
202 5.83300018311
203 5.83199977875
204 5.84399986267
205 5.84800004959
206 5.87200021744
207 5.88100004196
208 5.89799976349
209 5.91599988937
210 5.92899990082
211 5.9359998703
212 5.94500017166
213 5.97100019455
214 5.97599983215
215 6.0
216 6.02199983597
217 6.04099988937
218 6.05399990082
219 6.07299995422
220 6.08799982071
221 6.08099985123
222 6.07700014114
223 6.07800006866
224 6.09499979019
225 6.12099981308
226 6.117000103
227 6.11199998856
228 6.14400005341
229 6.15000009537
230 6.15600013733
231 6.15999984741
232 6.18300008774
233 6.17100000381
234 6.1859998703
235 6.22100019455
236 6.23799991608
237 6.24900007248
238 6.24100017548
239 6.23400020599
240 6.22499990463
241 6.21999979019
242 6.21899986267
243 6.23500013351
244 6.21500015259
245 6.22700023651
246 6.24800014496
247 6.25
248 6.25099992752
249 6.242000103
250 6.24800014496
251 6.24499988556
252 6.2610001564
253 6.28399991989
254 6.27099990845
255 6.28599977493
256 6.257999897
257 6.26800012589
258 6.24900007248
259 6.25299978256
260 6.24100017548
261 6.23699998856
262 6.23199987411
263 6.20499992371
264 6.21899986267
265 6.21899986267
266 6.23999977112
267 6.21899986267
268 6.20900011063
269 6.20399999619
270 6.21700000763
271 6.21600008011
272 6.21799993515
273 6.12699985504
274 5.84600019455
275 5.80200004578
276 5.76300001144
277 5.73000001907
278 5.71299982071
279 5.72800016403
280 5.73000001907
281 5.76499986649
282 5.80900001526
283 5.94500017166
284 6.08900022507
285 6.07399988174
286 6.06199979782
287 6.06199979782
288 6.05999994278
289 6.03700017929
290 6.04799985886
291 6.01800012589
292 6.00500011444
293 5.30200004578
294 5.07399988174
295 5.02500009537
296 5.01700019836
297 5.02099990845
298 2.41100001335
299 2.41499996185
300 2.43600010872
301 5.11999988556
302 5.69500017166
303 5.40100002289
304 5.22800016403
305 5.23600006104
306 5.20800018311
307 5.19500017166
308 5.20900011063
309 5.21500015259
310 5.30499982834
311 5.5529999733
312 5.64300012589
313 5.62400007248
314 5.60400009155
315 5.58300018311
316 5.55800008774
317 5.53399991989
318 5.51399993896
319 5.31199979782
320 5.10900020599
321 5.45800018311
322 5.44099998474
323 5.42899990082
324 5.41699981689
325 5.40500020981
326 5.35099983215
327 5.34100008011
328 5.29500007629
329 4.37699985504
330 4.06300020218
331 4.09600019455
332 4.99800014496
333 5.15700006485
334 5.13700008392
335 5.12099981308
336 5.09899997711
337 5.07700014114
338 5.03399991989
339 5.02299976349
340 4.95800018311
341 4.82000017166
342 4.95699977875
343 4.92999982834
344 4.90500020981
345 4.87799978256
346 4.82800006866
347 4.70800018311
348 4.55999994278
349 4.72499990463
350 4.70100021362
351 4.68300008774
352 4.64300012589
353 4.62599992752
354 4.60400009155
355 4.55399990082
356 4.32700014114
357 4.36299991608
358 4.5
359 4.44899988174
360 4.44999980927
361 4.42000007629
362 4.39099979401
363 4.35799980164
364 4.31599998474
365 4.28100013733
366 4.25
367 4.19299983978
368 4.15500020981
369 4.12200021744
370 4.09999990463
371 4.09000015259
372 4.03999996185
373 4.01999998093
374 3.99699997902
375 3.96399998665
376 3.92700004578
377 3.90199995041
378 3.87400007248
379 3.83500003815
380 3.81299996376
381 3.69899988174
382 3.62599992752
383 3.60400009155
384 3.57500004768
385 3.52999997139
386 3.49699997902
387 3.46399998665
388 3.43700003624
389 3.40599989891
390 3.3710000515
391 3.33699989319
392 3.31500005722
393 3.29299998283
394 3.26699995995
395 3.26699995995
396 3.30599999428
397 3.34200000763
398 3.35899996758
399 3.40499997139
400 3.4470000267
401 3.48200011253
402 3.51600003242
403 3.55200004578
404 3.60100007057
405 3.64299988747
406 3.67000007629
407 3.70399999619
408 3.73200011253
409 3.79200005531
410 3.83800005913
411 3.88100004196
412 3.93000006676
413 3.992000103
414 4.04400014877
415 4.10400009155
416 4.17899990082
417 4.24499988556
418 4.31799983978
419 4.35099983215
420 4.45399999619
421 4.52699995041
422 4.56799983978
423 4.65799999237
424 4.72800016403
425 4.8140001297
426 4.90700006485
427 5.02600002289
428 5.11000013351
429 5.21199989319
430 5.3220000267
431 5.41900014877
432 5.54199981689
433 5.63800001144
434 5.77400016785
435 5.88199996948
436 6.01700019836
437 6.1779999733
438 6.30100011826
439 6.47900009155
440 6.492000103
441 6.60900020599
442 6.43400001526
443 3.07800006866
444 3.04699993134
445 3.02500009537
446 3.03800010681
447 3.03600001335
448 3.02900004387
449 3.0150001049
450 3.00300002098
451 2.99000000954
452 3.00099992752
453 2.99399995804
454 2.96900010109
455 2.97300004959
456 2.97900009155
457 2.98099994659
458 2.97000002861
459 2.96900010109
460 2.9470000267
461 2.93799996376
462 2.95000004768
463 2.93700003624
464 2.93700003624
465 2.94799995422
466 2.92700004578
467 2.93400001526
468 2.91599988937
469 2.92199993134
470 2.67499995232
471 2.65000009537
472 2.64299988747
473 2.64599990845
474 0.939999997616
475 0.714999973774
476 0.702000021935
477 0.910000026226
478 2.64800000191
479 2.64700007439
480 2.65499997139
481 2.65199995041
482 2.64599990845
483 2.66300010681
484 2.67600011826
485 2.65700006485
486 2.66100001335
487 2.65899991989
488 2.66499996185
489 2.6740000248
490 2.84400010109
491 2.9240000248
492 2.93899989128
493 2.93499994278
494 2.96099996567
495 2.95300006866
496 2.95399999619
497 2.95199990273
498 2.96399998665
499 2.97799992561
500 2.96900010109
501 2.96600008011
502 2.99399995804
503 2.98200011253
504 3.0
505 2.99499988556
506 2.99900007248
507 3.02399992943
508 3.02800011635
509 1.63699996471
510 1.40100002289
511 1.35500001907
512 1.35500001907
513 1.3409999609
514 1.32700002193
515 1.32899999619
516 1.31500005722
517 1.30200004578
518 1.32400000095
519 1.33000004292
520 1.35000002384
521 1.3789999485
522 1.50999999046
523 1.51400005817
524 1.00899994373
525 0.916999995708
526 0.941999971867
527 1.32700002193
528 1.47699999809
529 1.48099994659
530 1.47800004482
531 1.48599994183
532 1.49199998379
533 1.50699996948
534 1.55599999428
535 2.66199994087
536 2.95300006866
537 2.9240000248
538 0.0
539 0.0
540 0.0
