0 4.50400018692
1 4.42199993134
2 4.44799995422
3 4.46899986267
4 4.53999996185
5 4.66200017929
6 4.66900014877
7 4.70900011063
8 4.72700023651
9 4.77799987793
10 4.79699993134
11 4.82600021362
12 4.87200021744
13 4.89400005341
14 4.92500019073
15 4.9390001297
16 4.83300018311
17 4.84600019455
18 4.87799978256
19 4.96299982071
20 5.14699983597
21 5.1859998703
22 5.21899986267
23 5.27500009537
24 5.32000017166
25 5.35900020599
26 5.40899991989
27 5.4439997673
28 5.49900007248
29 5.54699993134
30 5.61000013351
31 5.63199996948
32 5.6890001297
33 0.0
34 17.1509990692
35 17.1499996185
36 17.158000946
37 0.0
38 0.0
39 0.0
40 17.2280006409
41 17.1749992371
42 17.0690002441
43 16.9930000305
44 16.5189990997
45 16.5259990692
46 16.5259990692
47 13.1689996719
48 13.0740003586
49 12.3269996643
50 11.9610004425
51 11.6040000916
52 11.5979995728
53 11.6079998016
54 11.6169996262
55 11.3240003586
56 10.9989995956
57 10.470000267
58 10.1190004349
59 8.3170003891
60 8.33899974823
61 8.19900035858
62 7.92199993134
63 7.64599990845
64 7.44299983978
65 7.24599981308
66 7.06699991226
67 6.89200019836
68 6.79199981689
69 6.77600002289
70 6.79500007629
71 6.82700014114
72 6.84000015259
73 6.86600017548
74 6.79199981689
75 6.632999897
76 6.5110001564
77 6.38399982452
78 6.27099990845
79 6.16099977493
80 5.21999979019
81 4.96199989319
82 4.85699987411
83 4.76599979401
84 4.67500019073
85 4.59899997711
86 4.53399991989
87 4.46899986267
88 4.39799976349
89 4.34200000763
90 4.27400016785
91 4.21700000763
92 4.16599988937
93 4.08500003815
94 4.01700019836
95 3.96700000763
96 3.92899990082
97 3.89400005341
98 3.83899998665
99 3.79500007629
100 3.75300002098
101 3.79500007629
102 3.8220000267
103 3.84599995613
104 3.86999988556
105 3.90000009537
106 3.93300008774
107 3.96499991417
108 3.9240000248
109 3.8789999485
110 3.83899998665
111 3.81200003624
112 3.76099991798
113 3.73300004005
114 3.70300006866
115 3.64499998093
116 3.61800003052
117 3.59200000763
118 3.57299995422
119 3.53999996185
120 3.49399995804
121 3.46199989319
122 3.44499993324
123 3.41199994087
124 3.40199995041
125 3.38700008392
126 3.40899991989
127 3.44199991226
128 3.492000103
129 3.53299999237
130 3.57100009918
131 3.60700011253
132 3.66100001335
133 4.03200006485
134 4.06199979782
135 4.07000017166
136 4.125
137 4.16900014877
138 4.19600009918
139 4.21099996567
140 4.257999897
141 4.26599979401
142 4.31500005722
143 4.34499979019
144 4.40100002289
145 4.40500020981
146 4.46700000763
147 4.492000103
148 4.51200008392
149 4.50899982452
150 4.54300022125
151 4.19299983978
152 4.3029999733
153 4.60900020599
154 3.26699995995
155 3.42899990082
156 4.71000003815
157 4.58599996567
158 4.54099988937
159 4.78800010681
160 4.81699991226
161 4.85799980164
162 4.88199996948
163 4.91900014877
164 4.96199989319
165 4.99100017548
166 5.01900005341
167 5.02799987793
168 3.1779999733
169 3.22300004959
170 3.36599993706
171 4.11600017548
172 4.91599988937
173 4.87599992752
174 4.85599994659
175 4.82299995422
176 4.80999994278
177 4.81799983978
178 4.83199977875
179 4.84299993515
180 4.86499977112
181 4.89799976349
182 4.81199979782
183 5.3029999733
184 5.46600008011
185 5.48400020599
186 5.49599981308
187 5.50699996948
188 4.60200023651
189 4.59100008011
190 5.5609998703
191 5.59399986267
192 3.64299988747
193 3.51099991798
194 4.08799982071
195 4.04500007629
196 5.68400001526
197 5.70499992371
198 5.73500013351
199 5.75500011444
200 5.78000020981
201 5.82100009918
202 5.82299995422
203 5.82999992371
204 5.84299993515
205 5.85200023651
206 5.86499977112
207 5.867000103
208 5.8860001564
209 5.90399980545
210 5.91800022125
211 5.94000005722
212 5.94600009918
213 5.97900009155
214 5.98400020599
215 5.99599981308
216 6.00400018692
217 6.01599979401
218 6.05399990082
219 6.06799983978
220 6.07700014114
221 6.08900022507
222 6.10099983215
223 6.09100008011
224 6.10200023651
225 6.117000103
226 6.12900018692
227 6.11499977112
228 6.1360001564
229 6.15600013733
230 6.15799999237
231 6.17100000381
232 6.18400001526
233 6.17899990082
234 6.17999982834
235 6.19199991226
236 6.23099994659
237 6.21600008011
238 6.22499990463
239 6.23199987411
240 6.22200012207
241 6.23000001907
242 6.22399997711
243 6.22200012207
244 6.22499990463
245 6.23099994659
246 6.25400018692
247 6.23600006104
248 6.23299980164
249 6.2610001564
250 6.25099992752
251 6.26200008392
252 6.25400018692
253 6.26499986649
254 6.27799987793
255 6.27799987793
256 6.27600002289
257 6.24100017548
258 6.23999977112
259 6.25500011444
260 6.21899986267
261 6.22499990463
262 6.242000103
263 6.22100019455
264 6.21400022507
265 6.21899986267
266 6.23400020599
267 6.22800016403
268 6.21400022507
269 6.20499992371
270 6.22100019455
271 6.19999980927
272 6.21999979019
273 6.117000103
274 5.84399986267
275 5.78999996185
276 5.75899982452
277 5.72499990463
278 5.72499990463
279 5.72399997711
280 5.7389998436
281 5.76300001144
282 5.80399990082
283 5.95599985123
284 6.06199979782
285 6.08400011063
286 6.07899999619
287 6.05999994278
288 6.05499982834
289 6.03499984741
290 6.00899982452
291 6.01399993896
292 5.99499988556
293 5.28000020981
294 5.0689997673
295 5.03100013733
296 5.02299976349
297 5.01599979401
298 2.40700006485
299 2.39100003242
300 2.42700004578
301 5.10300016403
302 5.68400001526
303 5.39300012589
304 5.23999977112
305 5.23400020599
306 5.20300006866
307 5.19999980927
308 5.21099996567
309 5.21999979019
310 5.3109998703
311 5.54699993134
312 5.65999984741
313 5.632999897
314 5.60400009155
315 5.58099985123
316 5.56199979782
317 5.54300022125
318 5.52500009537
319 5.3220000267
320 5.09899997711
321 5.45100021362
322 5.44999980927
323 5.43699979782
324 5.41200017929
325 5.38700008392
326 5.35599994659
327 5.34100008011
328 5.3029999733
329 4.36100006104
330 4.05100011826
331 4.11800003052
332 5.02400016785
333 5.15500020981
334 5.14499998093
335 5.125
336 5.09399986267
337 5.07000017166
338 5.03800010681
339 5.02299976349
340 4.94999980927
341 4.82299995422
342 4.95300006866
343 4.94099998474
344 4.90299987793
345 4.86499977112
346 4.83400011063
347 4.70399999619
348 4.57000017166
349 4.73400020599
350 4.70800018311
351 4.67100000381
352 4.64599990845
353 4.61999988556
354 4.58599996567
355 4.56199979782
356 4.31199979782
357 4.37099981308
358 4.4889998436
359 4.45699977875
360 4.42199993134
361 4.40600013733
362 4.38800001144
363 4.36000013351
364 4.32700014114
365 4.28399991989
366 4.25299978256
367 4.21600008011
368 4.18800020218
369 4.13199996948
370 4.09200000763
371 4.06300020218
372 4.03599977493
373 4.02600002289
374 3.98799991608
375 3.96499991417
376 3.91300010681
377 3.91300010681
378 3.87800002098
379 3.85500001907
380 3.80999994278
381 3.71099996567
382 3.62599992752
383 3.59999990463
384 3.56999993324
385 3.53600001335
386 3.47900009155
387 3.4509999752
388 3.41100001335
389 3.39299988747
390 3.36100006104
391 3.3259999752
392 3.30100011826
393 3.28200006485
394 3.26999998093
395 3.27399992943
396 3.29500007629
397 3.33299994469
398 3.37299990654
399 3.40400004387
400 3.44499993324
401 3.47799992561
402 3.50300002098
403 3.56399989128
404 3.60899996758
405 3.632999897
406 3.6970000267
407 3.71700000763
408 3.74099993706
409 3.79600000381
410 3.83299994469
411 3.88199996948
412 3.93099999428
413 3.99300003052
414 4.06799983978
415 4.11199998856
416 4.18800020218
417 4.23799991608
418 4.30999994278
419 4.36600017548
420 4.45900011063
421 4.52699995041
422 4.58199977875
423 4.65000009537
424 4.73099994659
425 4.80499982834
426 4.90700006485
427 5.01399993896
428 5.11100006104
429 5.21199989319
430 5.31599998474
431 5.42399978638
432 5.52400016785
433 5.63399982452
434 5.75400018692
435 5.87599992752
436 6.01700019836
437 6.17500019073
438 6.32700014114
439 6.46099996567
440 6.49599981308
441 6.60300016403
442 0.0
443 3.05999994278
444 3.04200005531
445 3.03299999237
446 3.03200006485
447 3.01300001144
448 3.01200008392
449 3.00600004196
450 3.00999999046
451 2.9960000515
452 2.98300004005
453 2.98000001907
454 2.99000000954
455 2.97300004959
456 2.95499992371
457 2.95300006866
458 2.94199991226
459 2.94499993324
460 2.93899989128
461 2.93600010872
462 2.9319999218
463 2.96000003815
464 2.93499994278
465 2.92600011826
466 2.93099999428
467 2.92100000381
468 2.91700005531
469 2.90400004387
470 2.66100001335
471 2.63199996948
472 2.63499999046
473 2.65000009537
474 0.953999996185
475 0.697000026703
476 0.712000012398
477 0.920000016689
478 2.63599991798
479 2.63100004196
480 2.65000009537
481 2.63899993896
482 2.64499998093
483 2.64400005341
484 2.65599989891
485 2.66499996185
486 2.66000008583
487 2.66899991035
488 2.65400004387
489 2.66799998283
490 2.82500004768
491 2.95000004768
492 2.94000005722
493 2.93499994278
494 2.9509999752
495 2.94600009918
496 2.96300005913
497 2.95000004768
498 2.96199989319
499 2.96300005913
500 2.98300004005
501 2.98699998856
502 2.98399996758
503 2.98200011253
504 2.99000000954
505 3.01099991798
506 3.01699995995
507 3.01600003242
508 3.01900005341
509 3.02300000191
510 3.04299998283
511 3.0569999218
512 3.04800009727
513 3.06500005722
514 3.07800006866
515 3.0759999752
516 3.07999992371
517 3.08999991417
518 3.11299991608
519 3.12700009346
520 3.12599992752
521 3.13599991798
522 3.16300010681
523 3.17199993134
524 0.944000005722
525 0.911000013351
526 0.920000016689
527 0.933000028133
528 3.04299998283
529 2.98200011253
530 2.93899989128
531 2.8789999485
532 2.82899999619
533 2.76799988747
534 2.72900009155
535 2.70499992371
536 2.95499992371
537 1.10199999809
538 1.0870000124
539 1.03999996185
540 1.01100003719
