0 4.50400018692
1 4.4310002327
2 4.4439997673
3 4.45200014114
4 4.52600002289
5 4.64200019836
6 4.68800020218
7 4.70599985123
8 4.742000103
9 4.76200008392
10 4.80000019073
11 4.81599998474
12 4.85799980164
13 4.88000011444
14 4.92100000381
15 4.92500019073
16 4.84499979019
17 4.84999990463
18 4.86800003052
19 4.96500015259
20 5.14300012589
21 5.18300008774
22 5.22399997711
23 5.27500009537
24 5.31199979782
25 5.35200023651
26 5.39699983597
27 5.45599985123
28 5.49399995804
29 5.53999996185
30 5.59499979019
31 5.64099979401
32 5.66300010681
33 0.0
34 17.1149997711
35 17.1439990997
36 17.1529998779
37 0.0
38 0.0
39 0.0
40 17.2339992523
41 17.172000885
42 17.0739994049
43 17.0030002594
44 16.517999649
45 16.5389995575
46 16.5130004883
47 13.156999588
48 13.0839996338
49 12.3299999237
50 11.9309997559
51 11.5970001221
52 11.6149997711
53 11.6120004654
54 11.626999855
55 11.3509998322
56 10.998000145
57 10.4549999237
58 10.1020002365
59 8.34700012207
60 8.34700012207
61 8.19699954987
62 7.91200017929
63 7.64099979401
64 7.46000003815
65 7.23199987411
66 7.06799983978
67 6.88899993896
68 6.78599977493
69 6.78700017929
70 6.80399990082
71 6.8189997673
72 6.86100006104
73 6.87200021744
74 6.78399991989
75 6.6360001564
76 6.51599979401
77 6.38800001144
78 6.26499986649
79 6.14200019836
80 5.20900011063
81 4.96799993515
82 4.84200000763
83 4.77799987793
84 4.6859998703
85 4.61000013351
86 4.52699995041
87 4.46600008011
88 4.40600013733
89 4.32899999619
90 4.27299976349
91 4.21299982071
92 4.16200017929
93 4.09999990463
94 4.03800010681
95 3.96099996567
96 3.93899989128
97 3.87199997902
98 3.84200000763
99 3.80599999428
100 3.757999897
101 3.80599999428
102 3.82500004768
103 3.84299993515
104 3.86199998856
105 3.89100003242
106 3.91799998283
107 3.95700001717
108 3.91400003433
109 3.8789999485
110 3.85199999809
111 3.80500006676
112 3.76300001144
113 3.72199988365
114 3.68000006676
115 3.64299988747
116 3.61500000954
117 3.60500001907
118 3.55500006676
119 3.51399993896
120 3.50699996948
121 3.47499990463
122 3.44499993324
123 3.41599988937
124 3.40300011635
125 3.39499998093
126 3.41499996185
127 3.45799994469
128 3.49000000954
129 3.52800011635
130 3.5569999218
131 3.61100006104
132 3.65799999237
133 4.01000022888
134 4.04799985886
135 4.08799982071
136 4.12900018692
137 4.13999986649
138 4.18800020218
139 4.19099998474
140 4.22200012207
141 4.26499986649
142 4.31699991226
143 4.34899997711
144 4.36800003052
145 4.42999982834
146 4.46400022507
147 4.46199989319
148 4.492000103
149 4.52500009537
150 4.54300022125
151 4.20300006866
152 4.29899978638
153 4.59299993515
154 3.27600002289
155 3.41100001335
156 4.71899986267
157 4.57499980927
158 4.55000019073
159 4.80499982834
160 4.84100008011
161 4.86499977112
162 4.90799999237
163 4.92399978638
164 4.96199989319
165 4.99300003052
166 5.0110001564
167 5.03100013733
168 3.132999897
169 3.21499991417
170 3.36299991608
171 4.11600017548
172 4.91300010681
173 4.86299991608
174 4.85500001907
175 4.82499980927
176 4.8189997673
177 4.8109998703
178 4.83199977875
179 4.84899997711
180 4.87099981308
181 4.90600013733
182 4.80800008774
183 5.33500003815
184 5.45800018311
185 5.47599983215
186 5.49800014496
187 5.51900005341
188 4.61199998856
189 4.58300018311
190 5.55499982834
191 5.59399986267
192 3.64199995995
193 3.50999999046
194 4.05999994278
195 4.03800010681
196 5.69600009918
197 5.70499992371
198 5.73400020599
199 5.75400018692
200 5.77799987793
201 5.80800008774
202 5.8220000267
203 5.82700014114
204 5.84000015259
205 5.84299993515
206 5.87200021744
207 5.88500022888
208 5.90100002289
209 5.91400003433
210 5.92000007629
211 5.91800022125
212 5.94899988174
213 5.95599985123
214 5.98600006104
215 5.98699998856
216 6.01999998093
217 6.01700019836
218 6.05100011826
219 6.06599998474
220 6.06699991226
221 6.07299995422
222 6.07600021362
223 6.09100008011
224 6.10900020599
225 6.117000103
226 6.12799978256
227 6.13800001144
228 6.13000011444
229 6.12799978256
230 6.13700008392
231 6.15899991989
232 6.1810002327
233 6.1859998703
234 6.21700000763
235 6.20900011063
236 6.23400020599
237 6.21799993515
238 6.23299980164
239 6.21600008011
240 6.22200012207
241 6.21299982071
242 6.23000001907
243 6.25099992752
244 6.2389998436
245 6.23400020599
246 6.22200012207
247 6.23799991608
248 6.24700021744
249 6.25
250 6.26599979401
251 6.257999897
252 6.24900007248
253 6.27899980545
254 6.28499984741
255 6.25299978256
256 6.24900007248
257 6.27199983597
258 6.25099992752
259 6.25500011444
260 6.24399995804
261 6.25400018692
262 6.24300003052
263 6.20100021362
264 6.21400022507
265 6.22499990463
266 6.21299982071
267 6.23699998856
268 6.20399999619
269 6.21799993515
270 6.22599983215
271 6.22200012207
272 6.20300006866
273 6.12799978256
274 5.85300016403
275 5.78900003433
276 5.75099992752
277 5.72900009155
278 5.72300004959
279 5.73500013351
280 5.75
281 5.76000022888
282 5.79199981689
283 5.94500017166
284 6.08799982071
285 6.07700014114
286 6.07700014114
287 6.06699991226
288 6.05499982834
289 6.04199981689
290 6.03700017929
291 6.00699996948
292 5.97800016403
293 5.28200006485
294 5.0560002327
295 5.01399993896
296 5.01399993896
297 5.03900003433
298 2.4240000248
299 2.40400004387
300 2.44000005722
301 5.12099981308
302 5.66699981689
303 5.38000011444
304 5.24100017548
305 5.24599981308
306 5.20699977875
307 5.19299983978
308 5.21700000763
309 5.21199989319
310 5.32899999619
311 5.53700017929
312 5.632999897
313 5.62200021744
314 5.60799980164
315 5.58500003815
316 5.55900001526
317 5.54300022125
318 5.52699995041
319 5.32700014114
320 5.09200000763
321 5.44999980927
322 5.44799995422
323 5.43499994278
324 5.41300010681
325 5.38399982452
326 5.36600017548
327 5.33099985123
328 5.29600000381
329 4.36899995804
330 4.04500007629
331 4.10799980164
332 5.02600002289
333 5.17199993134
334 5.14499998093
335 5.11999988556
336 5.09499979019
337 5.07100009918
338 5.05000019073
339 5.02199983597
340 4.93499994278
341 4.8140001297
342 4.96099996567
343 4.9390001297
344 4.90600013733
345 4.85799980164
346 4.82399988174
347 4.6939997673
348 4.57399988174
349 4.73400020599
350 4.69500017166
351 4.65899991989
352 4.63800001144
353 4.60300016403
354 4.58599996567
355 4.55700016022
356 4.32299995422
357 4.37599992752
358 4.4889998436
359 4.46299982071
360 4.43300008774
361 4.41099977493
362 4.38800001144
363 4.35200023651
364 4.31300020218
365 4.25500011444
366 4.242000103
367 4.1939997673
368 4.1859998703
369 4.14699983597
370 4.08500003815
371 4.07800006866
372 4.03999996185
373 4.01399993896
374 3.99099993706
375 3.95700001717
376 3.94000005722
377 3.90100002289
378 3.87199997902
379 3.82999992371
380 3.80900001526
381 3.72900009155
382 3.62400007248
383 3.59699988365
384 3.56399989128
385 3.53099989891
386 3.49300003052
387 3.45900011063
388 3.4279999733
389 3.39400005341
390 3.36999988556
391 3.3259999752
392 3.30800008774
393 3.27500009537
394 3.26699995995
395 3.25099992752
396 3.28399991989
397 3.33599996567
398 3.35899996758
399 3.39299988747
400 3.43799996376
401 3.4849998951
402 3.52900004387
403 3.53999996185
404 3.59999990463
405 3.65000009537
406 3.68499994278
407 3.73300004005
408 3.73099994659
409 3.78500008583
410 3.83299994469
411 3.88199996948
412 3.94600009918
413 3.99399995804
414 4.03200006485
415 4.11999988556
416 4.17999982834
417 4.23500013351
418 4.31699991226
419 4.37699985504
420 4.45100021362
421 4.49599981308
422 4.57899999619
423 4.65399980545
424 4.71600008011
425 4.82000017166
426 4.90999984741
427 5.02600002289
428 5.10300016403
429 5.21199989319
430 5.30900001526
431 5.42299985886
432 5.53000020981
433 5.64499998093
434 5.73799991608
435 5.86899995804
436 6.01999998093
437 6.17100000381
438 6.32899999619
439 6.44999980927
440 6.50899982452
441 6.59600019455
442 6.45399999619
443 3.0680000782
444 3.03999996185
445 3.02399992943
446 3.02200007439
447 3.03099989891
448 3.01799988747
449 3.00600004196
450 3.01900005341
451 2.9960000515
452 2.99799990654
453 2.98200011253
454 2.99000000954
455 2.96000003815
456 2.97699999809
457 2.96499991417
458 2.9509999752
459 2.96600008011
460 2.95499992371
461 2.94400000572
462 2.9509999752
463 2.94000005722
464 2.92700004578
465 2.94199991226
466 2.95000004768
467 2.91799998283
468 2.92499995232
469 2.90899991989
470 2.66799998283
471 2.64499998093
472 2.63800001144
473 2.64400005341
474 0.939999997616
475 0.721000015736
476 0.714999973774
477 0.925000011921
478 2.66700005531
479 2.64100003242
480 2.65499997139
481 2.66100001335
482 2.64700007439
483 2.64800000191
484 2.65799999237
485 2.65499997139
486 2.65199995041
487 2.6779999733
488 2.66799998283
489 2.68000006676
490 2.82699990273
491 2.92499995232
492 2.93000006676
493 2.93600010872
494 2.94400000572
495 2.93799996376
496 2.95499992371
497 2.96000003815
498 2.96499991417
499 2.96799993515
500 2.97600007057
501 2.96700000763
502 2.97699999809
503 2.98099994659
504 3.00500011444
505 3.00099992752
506 2.9960000515
507 3.02500009537
508 3.00699996948
509 3.02999997139
510 3.04999995232
511 3.02999997139
512 3.05999994278
513 3.07299995422
514 3.07299995422
515 3.06699991226
516 3.09500002861
517 3.08299994469
518 3.11500000954
519 3.13199996948
520 3.12199997902
521 3.13000011444
522 3.15799999237
523 3.15700006485
524 0.922999978065
525 0.916999995708
526 0.908999979496
527 0.945999979973
528 3.04200005531
529 2.98300004005
530 2.93400001526
531 2.86899995804
532 2.83100008965
533 2.78399991989
534 2.73699998856
535 2.70300006866
536 2.96000003815
537 1.10099995136
538 1.08200001717
539 1.04600000381
540 1.00699996948
