0 4.51800012589
1 4.40600013733
2 4.44899988174
3 4.47599983215
4 4.53200006485
5 4.65000009537
6 4.69099998474
7 4.71199989319
8 4.73299980164
9 4.77299976349
10 4.80499982834
11 4.82999992371
12 4.85300016403
13 4.88700008392
14 4.92500019073
15 4.9390001297
16 4.83199977875
17 4.83900022507
18 4.88899993896
19 4.97599983215
20 5.14300012589
21 5.17500019073
22 5.22399997711
23 5.26800012589
24 5.3029999733
25 5.36199998856
26 5.39300012589
27 5.4310002327
28 5.50299978256
29 5.54699993134
30 5.60200023651
31 5.64799976349
32 5.66599988937
33 0.0
34 17.1159992218
35 17.1240005493
36 17.142999649
37 0.0
38 0.0
39 0.0
40 17.2229995728
41 17.158000946
42 17.0540008545
43 17.0130004883
44 16.5130004883
45 16.545999527
46 16.5310001373
47 13.1669998169
48 13.0970001221
49 12.3319997787
50 11.9399995804
51 11.5839996338
52 11.5900001526
53 11.6319999695
54 11.609000206
55 11.3360004425
56 10.9989995956
57 10.4409999847
58 10.095000267
59 8.30599975586
60 8.32600021362
61 8.20199966431
62 7.91200017929
63 7.63999986649
64 7.45300006866
65 7.25099992752
66 7.0609998703
67 6.90100002289
68 6.79099988937
69 6.78399991989
70 6.80399990082
71 6.82100009918
72 6.85799980164
73 6.86800003052
74 6.78399991989
75 6.632999897
76 6.50299978256
77 6.38199996948
78 6.26300001144
79 6.15100002289
80 5.24499988556
81 4.95300006866
82 4.85200023651
83 4.75600004196
84 4.6779999733
85 4.60099983215
86 4.54500007629
87 4.47700023651
88 4.39200019836
89 4.32800006866
90 4.27799987793
91 4.21500015259
92 4.15999984741
93 4.10400009155
94 4.03700017929
95 3.98200011253
96 3.94600009918
97 3.87299990654
98 3.83999991417
99 3.78800010681
100 3.77500009537
101 3.80200004578
102 3.82899999619
103 3.85299992561
104 3.87199997902
105 3.91899991035
106 3.93700003624
107 3.94499993324
108 3.92199993134
109 3.86299991608
110 3.84999990463
111 3.8029999733
112 3.77200007439
113 3.73000001907
114 3.69899988174
115 3.66499996185
116 3.61599993706
117 3.58899998665
118 3.5680000782
119 3.51799988747
120 3.48699998856
121 3.46499991417
122 3.44000005722
123 3.41100001335
124 3.40300011635
125 3.38800001144
126 3.42499995232
127 3.45799994469
128 3.49000000954
129 3.51600003242
130 3.56500005722
131 3.61299991608
132 3.67700004578
133 4.00400018692
134 4.06300020218
135 4.09100008011
136 4.09299993515
137 4.15600013733
138 4.16499996185
139 4.22100019455
140 4.25299978256
141 4.28000020981
142 4.31799983978
143 4.34800004959
144 4.38899993896
145 4.42399978638
146 4.46899986267
147 4.49499988556
148 4.51499986649
149 4.51200008392
150 4.54699993134
151 4.21500015259
152 4.30100011826
153 4.50899982452
154 3.26600003242
155 3.42300009727
156 4.71500015259
157 4.59899997711
158 4.55499982834
159 4.80399990082
160 4.8220000267
161 4.85300016403
162 4.90000009537
163 4.91800022125
164 4.95699977875
165 5.00299978256
166 5.01599979401
167 5.04099988937
168 3.11400008202
169 3.21399998665
170 3.367000103
171 4.11100006104
172 4.91599988937
173 4.87300014496
174 4.83900022507
175 4.82899999619
176 4.82899999619
177 4.82499980927
178 4.83099985123
179 4.83500003815
180 4.86499977112
181 4.89699983597
182 4.82600021362
183 5.32700014114
184 5.46600008011
185 5.48299980164
186 5.48600006104
187 5.5110001564
188 4.6139998436
189 4.57399988174
190 5.5689997673
191 5.59100008011
192 3.63100004196
193 3.53900003433
194 4.07499980927
195 4.03900003433
196 5.69600009918
197 5.71700000763
198 5.74499988556
199 5.75
200 5.77899980545
201 5.80200004578
202 5.80999994278
203 5.81300020218
204 5.82999992371
205 5.83799982071
206 5.86499977112
207 5.88800001144
208 5.90000009537
209 5.90600013733
210 5.92700004578
211 5.94099998474
212 5.94500017166
213 5.96500015259
214 5.98799991608
215 6.00199985504
216 6.02600002289
217 6.03299999237
218 6.05000019073
219 6.05200004578
220 6.0560002327
221 6.09299993515
222 6.09000015259
223 6.07899999619
224 6.10599994659
225 6.12099981308
226 6.12699985504
227 6.11999988556
228 6.1139998436
229 6.14699983597
230 6.14400005341
231 6.15799999237
232 6.16900014877
233 6.19500017166
234 6.1810002327
235 6.21099996567
236 6.21899986267
237 6.23500013351
238 6.21099996567
239 6.22800016403
240 6.21299982071
241 6.23000001907
242 6.23400020599
243 6.21700000763
244 6.24499988556
245 6.21799993515
246 6.22599983215
247 6.23999977112
248 6.2389998436
249 6.25
250 6.25199985504
251 6.26700019836
252 6.26900005341
253 6.27899980545
254 6.27699995041
255 6.28399991989
256 6.25600004196
257 6.24599981308
258 6.25299978256
259 6.25
260 6.24900007248
261 6.24599981308
262 6.24100017548
263 6.21000003815
264 6.21899986267
265 6.22100019455
266 6.20900011063
267 6.2389998436
268 6.21299982071
269 6.23000001907
270 6.23299980164
271 6.22100019455
272 6.21799993515
273 6.12799978256
274 5.84600019455
275 5.78900003433
276 5.73099994659
277 5.73000001907
278 5.71899986267
279 5.73699998856
280 5.73600006104
281 5.76300001144
282 5.79300022125
283 5.95100021362
284 6.09100008011
285 6.06599998474
286 6.07399988174
287 6.05999994278
288 6.04400014877
289 6.05100011826
290 6.02799987793
291 6.01399993896
292 5.99300003052
293 5.28599977493
294 5.06199979782
295 5.03200006485
296 5.03200006485
297 5.02299976349
298 2.42600011826
299 2.40199995041
300 2.4279999733
301 5.10200023651
302 5.70499992371
303 5.39099979401
304 5.23799991608
305 5.23400020599
306 5.21400022507
307 5.19999980927
308 5.22200012207
309 5.21999979019
310 5.31599998474
311 5.54699993134
312 5.64599990845
313 5.60699987411
314 5.60099983215
315 5.58599996567
316 5.55900001526
317 5.54600000381
318 5.51599979401
319 5.33400011063
320 5.09299993515
321 5.45399999619
322 5.44099998474
323 5.42700004578
324 5.41300010681
325 5.39699983597
326 5.3639998436
327 5.33500003815
328 5.29500007629
329 4.38199996948
330 4.05900001526
331 4.10699987411
332 5.01900005341
333 5.15999984741
334 5.13399982452
335 5.10599994659
336 5.08500003815
337 5.06300020218
338 5.03399991989
339 5.02500009537
340 4.95300006866
341 4.81699991226
342 4.94600009918
343 4.92600011826
344 4.90799999237
345 4.87599992752
346 4.83400011063
347 4.70100021362
348 4.55700016022
349 4.73699998856
350 4.70699977875
351 4.67700004578
352 4.65100002289
353 4.60900020599
354 4.58199977875
355 4.55800008774
356 4.31500005722
357 4.35699987411
358 4.48400020599
359 4.46899986267
360 4.42899990082
361 4.41900014877
362 4.39300012589
363 4.33099985123
364 4.29600000381
365 4.27899980545
366 4.24599981308
367 4.20399999619
368 4.17500019073
369 4.125
370 4.1139998436
371 4.07899999619
372 4.05499982834
373 4.01599979401
374 3.97499990463
375 3.95000004768
376 3.93499994278
377 3.90499997139
378 3.87800002098
379 3.83899998665
380 3.80900001526
381 3.71199989319
382 3.63499999046
383 3.60500001907
384 3.5490000248
385 3.52500009537
386 3.492000103
387 3.46499991417
388 3.43300008774
389 3.40300011635
390 3.35700011253
391 3.34400010109
392 3.30999994278
393 3.28500008583
394 3.26699995995
395 3.26099991798
396 3.30399990082
397 3.33100008965
398 3.367000103
399 3.39899992943
400 3.45000004768
401 3.48000001907
402 3.5039999485
403 3.55800008774
404 3.60199999809
405 3.64700007439
406 3.67899990082
407 3.72300004959
408 3.73200011253
409 3.78500008583
410 3.84299993515
411 3.88599991798
412 3.9430000782
413 3.99499988556
414 4.0689997673
415 4.12200021744
416 4.1859998703
417 4.25699996948
418 4.28599977493
419 4.375
420 4.44600009918
421 4.52500009537
422 4.59899997711
423 4.64300012589
424 4.73799991608
425 4.81300020218
426 4.90899991989
427 5.02299976349
428 5.10799980164
429 5.20399999619
430 5.3140001297
431 5.42000007629
432 5.52799987793
433 5.64400005341
434 5.76999998093
435 5.87799978256
436 6.02500009537
437 6.15799999237
438 6.30800008774
439 6.47599983215
440 6.5
441 6.59999990463
442 6.47700023651
443 3.07399988174
444 3.04200005531
445 3.03299999237
446 3.02600002289
447 3.03500008583
448 3.01099991798
449 3.01999998093
450 3.0
451 3.0
452 2.99499988556
453 2.97300004959
454 2.97699999809
455 2.96799993515
456 2.95499992371
457 2.96600008011
458 2.94600009918
459 2.95499992371
460 2.95000004768
461 2.93600010872
462 2.9319999218
463 2.93300008774
464 2.94000005722
465 2.93799996376
466 2.92899990082
467 2.91799998283
468 2.91300010681
469 2.91799998283
470 2.66400003433
471 2.625
472 2.62199997902
473 2.64199995995
474 0.954999983311
475 0.708999991417
476 0.699000000954
477 0.92199999094
478 2.65499997139
479 2.6400001049
480 2.64599990845
481 2.65100002289
482 2.64599990845
483 2.65700006485
484 2.66100001335
485 2.65100002289
486 2.64599990845
487 2.67300009727
488 2.66599988937
489 2.68000006676
490 2.84699988365
491 2.9279999733
492 2.9319999218
493 2.95199990273
494 2.94099998474
495 2.94799995422
496 2.95000004768
497 2.94199991226
498 2.96900010109
499 2.95900011063
500 2.95900011063
501 2.97499990463
502 2.9849998951
503 2.98200011253
504 2.97000002861
505 2.99499988556
506 3.01799988747
507 3.02600002289
508 3.01300001144
509 3.02999997139
510 3.03299999237
511 3.03299999237
512 3.04800009727
513 3.0680000782
514 3.06100010872
515 3.08599996567
516 3.09400010109
517 3.10599994659
518 3.11100006104
519 3.12400007248
520 3.14499998093
521 3.14899992943
522 3.13899993896
523 3.16799998283
524 0.930999994278
525 0.901000022888
526 0.925999999046
527 0.948000013828
528 3.03800010681
529 2.992000103
530 2.93300008774
531 2.86100006104
532 2.83400011063
533 2.76699995995
534 2.74300003052
535 2.70000004768
536 2.95600008965
537 1.11099994183
538 1.09000003338
539 1.0490000248
540 1.02300000191
