0 4.48699998856
1 4.40799999237
2 4.44099998474
3 4.46199989319
4 4.50899982452
5 4.65299987793
6 4.6810002327
7 4.71500015259
8 4.74800014496
9 4.76300001144
10 4.78900003433
11 4.82399988174
12 4.86999988556
13 4.89200019836
14 4.93499994278
15 4.9390001297
16 4.82600021362
17 4.85599994659
18 4.88199996948
19 4.96700000763
20 5.14699983597
21 5.17899990082
22 5.23000001907
23 5.27400016785
24 5.32499980927
25 5.36100006104
26 5.41800022125
27 5.44999980927
28 5.50299978256
29 5.56799983978
30 5.61499977112
31 5.63399982452
32 5.66499996185
33 0.0
34 17.1480007172
35 17.1499996185
36 17.1730003357
37 0.0
38 0.0
39 0.0
40 17.2569999695
41 17.1730003357
42 17.0569992065
43 17.0069999695
44 16.5160007477
45 16.5389995575
46 16.5119991302
47 13.140999794
48 13.0760002136
49 12.3489999771
50 11.9090003967
51 11.579000473
52 11.5970001221
53 11.6330003738
54 11.611000061
55 11.3559999466
56 11.0170001984
57 10.468000412
58 10.1169996262
59 8.35000038147
60 8.33399963379
61 8.20800018311
62 7.91400003433
63 7.64599990845
64 7.45800018311
65 7.23199987411
66 7.05399990082
67 6.90199995041
68 6.78700017929
69 6.77600002289
70 6.80499982834
71 6.83099985123
72 6.85500001907
73 6.86000013351
74 6.78700017929
75 6.64099979401
76 6.50299978256
77 6.38199996948
78 6.27500009537
79 6.14099979401
80 5.25
81 4.96199989319
82 4.85200023651
83 4.75699996948
84 4.66800022125
85 4.60900020599
86 4.53200006485
87 4.46700000763
88 4.40000009537
89 4.34000015259
90 4.28499984741
91 4.21199989319
92 4.13899993896
93 4.10300016403
94 4.02400016785
95 3.96000003815
96 3.91899991035
97 3.87700009346
98 3.86199998856
99 3.81299996376
100 3.78200006485
101 3.79800009727
102 3.8180000782
103 3.84400010109
104 3.86999988556
105 3.90700006485
106 3.93300008774
107 3.96000003815
108 3.92600011826
109 3.88899993896
110 3.85400009155
111 3.81500005722
112 3.76799988747
113 3.73200011253
114 3.68400001526
115 3.64899992943
116 3.61899995804
117 3.59200000763
118 3.57299995422
119 3.53699994087
120 3.50200009346
121 3.47499990463
122 3.4470000267
123 3.42100000381
124 3.40499997139
125 3.39100003242
126 3.43499994278
127 3.45000004768
128 3.49000000954
129 3.53200006485
130 3.56299996376
131 3.61999988556
132 3.66700005531
133 4.00699996948
134 4.0640001297
135 4.09299993515
136 4.12599992752
137 4.16300010681
138 4.19299983978
139 4.21799993515
140 4.24800014496
141 4.29400014877
142 4.32499980927
143 4.34999990463
144 4.38999986649
145 4.41499996185
146 4.47499990463
147 4.49499988556
148 4.50699996948
149 4.50699996948
150 4.55900001526
151 4.18800020218
152 4.32000017166
153 0.0
154 3.26900005341
155 3.41000008583
156 4.70900011063
157 4.60500001907
158 4.53999996185
159 4.79300022125
160 4.82999992371
161 4.86299991608
162 4.89799976349
163 4.9359998703
164 4.95599985123
165 5.00400018692
166 5.02099990845
167 5.03599977493
168 3.16599988937
169 3.23399996758
170 3.3710000515
171 4.12300014496
172 4.92600011826
173 4.88800001144
174 4.85799980164
175 4.82800006866
176 4.82700014114
177 4.82800006866
178 4.82899999619
179 4.84499979019
180 4.87799978256
181 4.89599990845
182 4.82299995422
183 5.31599998474
184 5.46299982071
185 5.46299982071
186 5.48999977112
187 5.51200008392
188 4.59600019455
189 4.59499979019
190 5.56199979782
191 5.59299993515
192 3.64400005341
193 3.52399992943
194 4.07600021362
195 4.04500007629
196 5.68400001526
197 5.70599985123
198 5.72200012207
199 5.75600004196
200 5.76599979401
201 5.8140001297
202 5.82700014114
203 5.84600019455
204 5.83900022507
205 5.85699987411
206 5.87699985504
207 5.87099981308
208 5.88700008392
209 5.90700006485
210 5.91699981689
211 5.93300008774
212 5.96199989319
213 5.96899986267
214 5.98799991608
215 6.01599979401
216 6.00099992752
217 6.03599977493
218 6.05800008774
219 6.07100009918
220 6.09100008011
221 6.07700014114
222 6.08400011063
223 6.09999990463
224 6.1139998436
225 6.10200023651
226 6.125
227 6.132999897
228 6.14499998093
229 6.13700008392
230 6.13700008392
231 6.17100000381
232 6.1890001297
233 6.19500017166
234 6.19899988174
235 6.20699977875
236 6.22399997711
237 6.24800014496
238 6.22700023651
239 6.23500013351
240 6.22100019455
241 6.22499990463
242 6.22399997711
243 6.22599983215
244 6.21899986267
245 6.24399995804
246 6.25600004196
247 6.25899982452
248 6.23999977112
249 6.25600004196
250 6.23999977112
251 6.25299978256
252 6.26300001144
253 6.26900005341
254 6.26599979401
255 6.28800010681
256 6.24900007248
257 6.26499986649
258 6.23500013351
259 6.23699998856
260 6.26000022888
261 6.24399995804
262 6.23500013351
263 6.22499990463
264 6.23999977112
265 6.23299980164
266 6.20599985123
267 6.21500015259
268 6.21899986267
269 6.19799995422
270 6.20300006866
271 6.21299982071
272 6.19600009918
273 6.14699983597
274 5.86199998856
275 5.80000019073
276 5.7610001564
277 5.73799991608
278 5.70900011063
279 5.70699977875
280 5.72700023651
281 5.76700019836
282 5.79199981689
283 5.96799993515
284 6.0720000267
285 6.08500003815
286 6.06300020218
287 6.0529999733
288 6.04799985886
289 6.0640001297
290 6.03299999237
291 6.02600002289
292 5.98000001907
293 5.29799985886
294 5.06599998474
295 5.01200008392
296 5.03000020981
297 5.03299999237
298 2.43000006676
299 2.41100001335
300 2.4240000248
301 5.09899997711
302 5.68499994278
303 5.38700008392
304 5.24599981308
305 5.24800014496
306 5.21000003815
307 5.20100021362
308 5.22200012207
309 5.22800016403
310 5.32700014114
311 5.55399990082
312 5.65100002289
313 5.62200021744
314 5.61999988556
315 5.57399988174
316 5.54400014877
317 5.54899978638
318 5.52600002289
319 5.34100008011
320 5.10900020599
321 5.46299982071
322 5.44600009918
323 5.43300008774
324 5.42500019073
325 5.39400005341
326 5.367000103
327 5.33400011063
328 5.30399990082
329 4.367000103
330 4.03200006485
331 4.10500001907
332 5.02400016785
333 5.17299985886
334 5.13399982452
335 5.11499977112
336 5.10099983215
337 5.06199979782
338 5.05200004578
339 5.02199983597
340 4.94899988174
341 4.82299995422
342 4.96099996567
343 4.9439997673
344 4.91699981689
345 4.86600017548
346 4.82399988174
347 4.70800018311
348 4.55900001526
349 4.73199987411
350 4.71099996567
351 4.67700004578
352 4.65500020981
353 4.61899995804
354 4.59800004959
355 4.5560002327
356 4.29799985886
357 4.36000013351
358 4.48600006104
359 4.46600008011
360 4.4390001297
361 4.41400003433
362 4.40100002289
363 4.35799980164
364 4.32100009918
365 4.27799987793
366 4.22200012207
367 4.20100021362
368 4.17000007629
369 4.14400005341
370 4.09700012207
371 4.08400011063
372 4.03100013733
373 4.02500009537
374 3.98900008202
375 3.95300006866
376 3.91300010681
377 3.91499996185
378 3.88199996948
379 3.85599994659
380 3.83400011063
381 3.71900010109
382 3.62599992752
383 3.59800004959
384 3.56699991226
385 3.52999997139
386 3.492000103
387 3.4509999752
388 3.42899990082
389 3.40100002289
390 3.37599992752
391 3.34599995613
392 3.29399991035
393 3.29500007629
394 3.26900005341
395 3.26900005341
396 3.29299998283
397 3.33699989319
398 3.36500000954
399 3.41100001335
400 3.44400000572
401 3.47199988365
402 3.51699995995
403 3.55900001526
404 3.58899998665
405 3.6400001049
406 3.6930000782
407 3.70799994469
408 3.74000000954
409 3.76699995995
410 3.82800006866
411 3.88899993896
412 3.9240000248
413 4.00600004196
414 4.06199979782
415 4.11800003052
416 4.17899990082
417 4.21899986267
418 4.32100009918
419 4.36000013351
420 4.45300006866
421 4.52600002289
422 4.59299993515
423 4.64300012589
424 4.72599983215
425 4.82000017166
426 4.90299987793
427 5.02199983597
428 5.10900020599
429 5.20699977875
430 5.30700016022
431 5.42600011826
432 5.51399993896
433 5.63100004196
434 5.75299978256
435 5.89599990845
436 6.02199983597
437 6.15899991989
438 6.32100009918
439 6.47599983215
440 6.5
441 6.60799980164
442 6.46600008011
443 3.05200004578
444 3.03900003433
445 3.05399990082
446 3.02600002289
447 3.02999997139
448 3.02999997139
449 3.02399992943
450 2.98900008202
451 2.992000103
452 2.992000103
453 2.97199988365
454 2.99699997902
455 2.96700000763
456 2.96600008011
457 2.96199989319
458 2.96600008011
459 2.95799994469
460 2.95199990273
461 2.96600008011
462 2.94099998474
463 2.94799995422
464 2.92499995232
465 2.93799996376
466 2.92499995232
467 2.9279999733
468 2.92199993134
469 2.91499996185
470 2.67000007629
471 2.66199994087
472 2.63800001144
473 2.6289999485
474 0.947000026703
475 0.700999975204
476 0.722000002861
477 0.919000029564
478 2.65000009537
479 2.64599990845
480 2.64599990845
481 2.64899992943
482 2.66000008583
483 2.64599990845
484 2.65599989891
485 2.66700005531
486 2.67100000381
487 2.65700006485
488 2.6740000248
489 2.68099999428
490 2.82999992371
491 2.92700004578
492 2.93400001526
493 2.94199991226
494 2.96099996567
495 2.94499993324
496 2.96300005913
497 2.96700000763
498 2.95799994469
499 2.96099996567
500 2.98600006104
501 2.97300004959
502 2.9960000515
503 2.97499990463
504 2.99699997902
505 2.992000103
506 3.01200008392
507 3.02399992943
508 3.03099989891
509 3.04600000381
510 3.03500008583
511 3.0529999733
512 3.04699993134
513 3.06500005722
514 3.08299994469
515 3.08599996567
516 3.09100008011
517 3.10899996758
518 3.09599995613
519 3.11400008202
520 3.13800001144
521 3.15400004387
522 3.14199995995
523 3.15899991989
524 0.925000011921
525 0.922999978065
526 0.90499997139
527 0.934000015259
528 3.05100011826
529 2.96900010109
530 2.93300008774
531 2.88400006294
532 2.83100008965
533 2.78699994087
534 2.74399995804
535 2.71000003815
536 2.95499992371
537 1.10399997234
538 1.08500003815
539 1.0529999733
540 1.02600002289
