359 4.46700000763 0
358 4.50099992752 0
357 4.35500001907 0
356 4.31799983978 0
355 4.5640001297 1
354 4.59200000763 1
353 4.61000013351 1
352 4.64599990845 1
351 4.6779999733 1
350 4.71600008011 1
349 4.742000103 1
348 2.49099993706 2
347 2.48300004005 2
346 2.25200009346 3
345 2.18600010872 3
344 2.18300008774 3
343 2.18300008774 3
342 2.22900009155 3
341 2.31500005722 3
340 2.29800009727 3
339 2.31100010872 3
338 2.28800010681 3
337 2.29299998283 3
336 2.33500003815 3
335 2.33100008965 3
334 2.29999995232 3
333 2.1779999733 4
332 2.17499995232 4
331 2.18000006676 4
330 2.20199990273 4
329 2.34599995613 5
328 2.47300004959 6
327 2.07899999619 7
326 2.03900003433 7
325 2.04299998283 7
324 2.01300001144 7
323 2.03500008583 7
322 2.02399992943 7
321 2.03200006485 7
320 2.0150001049 7
319 2.02300000191 7
318 2.04200005531 7
317 2.03999996185 7
316 2.02999997139 7
315 2.03299999237 7
314 2.03099989891 7
313 2.04500007629 7
312 2.03600001335 7
311 2.03099989891 7
310 2.04399991035 7
309 2.06500005722 7
308 2.08200001717 7
307 5.77500009537 8
