359 4.47200012207 0
358 4.49100017548 0
357 4.36299991608 0
356 4.33099985123 0
355 4.55800008774 1
354 4.59200000763 1
353 4.61100006104 1
352 4.62799978256 1
351 4.67500019073 1
350 4.71400022507 1
349 4.75400018692 1
348 2.49499988556 2
347 2.47499990463 2
346 2.22699999809 3
345 2.18099999428 3
344 2.18300008774 3
343 2.18400001526 3
342 2.23699998856 3
341 2.32399988174 3
340 2.31900000572 3
339 2.28999996185 3
338 2.29800009727 3
337 2.31200003624 3
336 2.31500005722 3
335 2.30399990082 3
334 2.29800009727 3
333 2.1970000267 3
332 2.17000007629 3
331 2.18099999428 3
330 2.20600008965 3
329 2.367000103 4
328 2.47900009155 4
327 2.10100007057 5
326 2.007999897 5
325 2.02399992943 5
324 2.02600002289 5
323 2.02500009537 5
322 2.02500009537 5
321 2.02600002289 5
320 2.01600003242 5
319 2.01600003242 5
318 2.03999996185 5
317 2.03500008583 5
316 2.04399991035 5
315 2.02300000191 5
314 2.03800010681 5
313 2.03699994087 5
312 2.05999994278 5
311 2.04399991035 5
310 2.03900003433 5
309 2.06500005722 5
308 2.07500004768 5
307 5.76499986649 6
