355 4.55800008774 0
354 4.59100008011 0
353 4.61899995804 0
352 4.64400005341 0
351 4.68699979782 0
350 4.70499992371 0
349 4.74900007248 0
348 2.47799992561 1
347 2.49000000954 1
346 2.21900010109 2
345 2.18300008774 2
344 2.15199995041 2
343 2.1779999733 2
342 2.22799992561 2
341 2.29999995232 2
340 2.30599999428 2
339 2.31900000572 2
338 2.29699993134 2
337 2.31100010872 2
336 2.32100009918 2
335 2.32299995422 2
334 2.27300000191 2
333 2.16300010681 3
332 2.18799996376 3
331 2.17600011826 3
330 2.20700001717 3
329 2.35500001907 4
328 2.46799993515 4
327 2.11100006104 5
326 2.02999997139 5
325 2.03500008583 5
324 2.02800011635 5
323 2.02200007439 5
322 2.03399991989 5
321 2.02999997139 5
320 2.01699995995 5
319 2.01200008392 5
318 2.04399991035 5
317 2.01600003242 5
316 2.02699995041 5
315 2.03999996185 5
314 2.03800010681 5
313 2.0490000248 5
312 2.04500007629 5
311 2.05200004578 5
310 2.03800010681 5
309 2.05999994278 5
