359 4.45399999619 0
358 4.48000001907 0
357 4.37900018692 0
356 4.31699991226 0
355 4.5609998703 1
354 4.58599996567 1
353 4.60400009155 1
352 4.64400005341 1
351 4.66400003433 1
350 4.70699977875 1
349 4.73999977112 1
348 2.48799991608 2
347 2.49300003052 2
346 2.22499990463 3
345 2.20499992371 3
344 2.17199993134 3
343 2.14499998093 3
342 2.20300006866 3
341 2.30399990082 3
340 2.29200005531 3
339 2.29500007629 3
338 2.28200006485 3
337 2.30800008774 3
336 2.32699990273 3
335 2.3180000782 3
334 2.27300000191 3
333 2.17100000381 3
332 2.18300008774 3
331 2.16300010681 3
330 2.18000006676 3
329 2.35100007057 4
328 2.46399998665 4
327 2.08500003815 5
326 2.02500009537 5
325 2.02200007439 5
324 2.0039999485 5
323 2.01799988747 5
322 2.03099989891 5
321 2.03699994087 5
320 2.02399992943 5
319 2.03600001335 5
318 2.01300001144 5
317 2.01399993896 5
316 2.02200007439 5
315 2.02500009537 5
314 2.03600001335 5
313 2.05100011826 5
312 2.05100011826 5
311 2.04500007629 5
310 2.03999996185 5
309 2.05399990082 5
308 2.05800008774 5
307 5.76000022888 6
