359 4.46999979019 0
358 4.50099992752 0
357 4.37099981308 0
356 4.28999996185 0
355 4.5720000267 1
354 4.58699989319 1
353 4.61999988556 1
352 4.63700008392 1
351 4.67399978638 1
350 4.69999980927 1
349 4.75299978256 1
348 2.48200011253 2
347 2.48699998856 2
346 2.22000002861 3
345 2.19799995422 3
344 2.16700005531 3
343 2.15599989891 3
342 2.22099995613 3
341 2.3180000782 3
340 2.28800010681 3
339 2.31699991226 3
338 2.30100011826 3
337 2.30900001526 3
336 2.32800006866 3
335 2.31500005722 3
334 2.30200004578 3
333 2.16400003433 4
332 2.18400001526 4
331 2.16000008583 4
330 2.19199991226 4
329 2.35199999809 5
328 2.48200011253 6
327 2.08500003815 7
326 2.02600002289 7
325 2.02800011635 7
324 2.02900004387 7
323 2.02300000191 7
322 2.00999999046 7
321 2.03699994087 7
320 2.02399992943 7
319 2.01399993896 7
318 2.03600001335 7
317 2.02200007439 7
316 2.03800010681 7
315 2.04399991035 7
314 2.03800010681 7
313 2.03299999237 7
312 2.05100011826 7
311 2.04800009727 7
310 2.05200004578 7
309 2.06399989128 7
308 2.07399988174 7
307 5.76800012589 8
