359 4.46999979019 0
358 4.49300003052 0
357 4.36000013351 0
356 4.3029999733 0
355 4.54600000381 1
354 4.57700014114 1
353 4.62400007248 1
352 4.64499998093 1
351 4.67999982834 1
350 4.71899986267 1
349 4.74599981308 1
348 2.4849998951 2
347 2.47600007057 2
346 2.21600008011 3
345 2.17899990082 3
344 2.15599989891 3
343 2.18000006676 3
342 2.23099994659 3
341 2.30800008774 3
340 2.30200004578 3
339 2.29999995232 3
338 2.29999995232 3
337 2.30900001526 3
336 2.31299996376 3
335 2.31299996376 3
334 2.28099989891 3
333 2.19499993324 3
332 2.18600010872 3
331 2.17199993134 3
330 2.20700001717 3
329 2.34899997711 4
328 2.47699999809 5
327 2.09100008011 6
326 2.02200007439 6
325 2.02300000191 6
324 2.02600002289 6
323 2.02600002289 6
322 2.02600002289 6
321 2.00999999046 6
320 2.03099989891 6
319 2.01900005341 6
318 2.03600001335 6
317 2.03800010681 6
316 2.02800011635 6
315 2.04399991035 6
314 2.04600000381 6
313 2.04299998283 6
312 2.04399991035 6
311 2.05100011826 6
310 2.03900003433 6
309 2.0569999218 6
308 2.07800006866 6
307 5.77500009537 7
306 5.79199981689 7
305 5.79600000381 7
304 5.80000019073 7
