355 4.55700016022 0
354 4.60099983215 0
353 4.62799978256 0
352 4.65799999237 0
351 4.68200016022 0
350 4.70100021362 0
349 4.74700021744 0
348 2.4849998951 1
347 2.45700001717 1
346 2.21799993515 2
345 2.19799995422 2
344 2.15899991989 2
343 2.17600011826 2
342 2.21600008011 2
341 2.31100010872 2
340 2.29800009727 2
339 2.28200006485 2
338 2.28800010681 2
337 2.32800006866 2
336 2.33800005913 2
335 2.3180000782 2
334 2.27900004387 2
333 2.19499993324 2
332 2.1740000248 2
331 2.17199993134 2
330 2.18799996376 2
329 2.34800004959 3
328 2.48200011253 4
327 2.08400011063 5
326 2.03600001335 5
325 2.01200008392 5
324 2.01999998093 5
323 2.00600004196 5
322 2.03099989891 5
321 2.01799988747 5
320 2.03399991989 5
319 2.02300000191 5
318 2.03699994087 5
317 2.04099988937 5
316 2.03500008583 5
315 2.02300000191 5
314 2.03699994087 5
313 2.03200006485 5
312 2.03399991989 5
311 2.0490000248 5
310 2.0490000248 5
309 2.05100011826 5
