360 4.42700004578 0
359 4.45900011063 0
358 4.48500013351 0
357 4.34700012207 0
356 4.30000019073 0
355 4.55700016022 1
354 4.59499979019 1
353 4.632999897 1
352 4.64799976349 1
351 4.68200016022 1
350 4.71000003815 1
349 4.7389998436 1
348 2.47199988365 2
347 2.46700000763 2
346 2.22399997711 3
345 2.20700001717 3
344 2.15799999237 3
343 2.18799996376 3
342 2.22699999809 3
341 2.31500005722 3
340 2.30100011826 3
339 2.29399991035 3
338 2.28699994087 3
337 2.30599999428 3
336 2.32699990273 3
335 2.34299993515 3
334 2.27999997139 3
333 2.19199991226 3
332 2.18499994278 3
331 2.16599988937 3
330 2.20700001717 3
329 2.36500000954 4
328 2.46900010109 4
327 2.09200000763 5
326 2.03699994087 5
325 2.01600003242 5
324 2.01600003242 5
323 2.007999897 5
322 2.01200008392 5
321 2.00999999046 5
320 2.0150001049 5
319 2.02699995041 5
318 2.02900004387 5
317 2.0150001049 5
316 2.03800010681 5
315 2.01999998093 5
314 2.03099989891 5
313 2.04399991035 5
312 2.03099989891 5
311 2.03699994087 5
