357 4.35599994659 0
356 4.29899978638 0
355 4.5529999733 1
354 4.56500005722 1
353 4.61499977112 1
352 4.65199995041 1
351 4.67199993134 1
350 4.71500015259 1
349 4.75 1
348 2.48000001907 2
347 2.48000001907 2
346 2.21900010109 3
345 2.19899988174 3
344 2.18099999428 3
343 2.18499994278 3
342 2.22499990463 3
341 2.3069999218 3
340 2.32500004768 3
339 2.29299998283 3
338 2.28399991989 3
337 2.29999995232 3
336 2.31299996376 3
335 2.32100009918 3
334 2.26900005341 3
333 2.18700003624 3
332 2.17700004578 3
331 2.18000006676 3
330 2.18400001526 3
329 2.36500000954 4
328 2.48900008202 5
327 2.09200000763 6
326 2.01900005341 6
325 2.03399991989 6
324 2.03200006485 6
323 2.00999999046 6
322 2.00900006294 6
321 2.01099991798 6
320 2.01399993896 6
319 2.03200006485 6
318 2.03299999237 6
317 2.02800011635 6
316 2.04600000381 6
315 2.01999998093 6
314 2.02699995041 6
313 2.02699995041 6
312 2.03200006485 6
311 2.04800009727 6
310 2.04200005531 6
309 2.07899999619 6
308 2.08500003815 6
307 5.75500011444 7
