355 4.57600021362 0
354 4.57600021362 0
353 4.60900020599 0
352 4.65799999237 0
351 4.67500019073 0
350 4.70800018311 0
349 4.74599981308 0
348 2.48099994659 1
347 2.47099995613 1
346 2.23399996758 2
345 2.20399999619 2
344 2.17000007629 2
343 2.16000008583 2
342 2.20700001717 2
341 2.31100010872 2
340 2.31399989128 2
339 2.31900000572 2
338 2.31100010872 2
337 2.30800008774 2
336 2.33699989319 2
335 2.32399988174 2
334 2.28999996185 2
333 2.16599988937 3
332 2.18000006676 3
331 2.16700005531 3
330 2.18300008774 3
329 2.33299994469 4
328 2.48399996758 5
327 2.08500003815 6
326 2.03900003433 6
325 2.0150001049 6
324 2.03099989891 6
323 2.01999998093 6
322 2.03099989891 6
321 2.03600001335 6
320 2.03600001335 6
319 2.01399993896 6
318 2.04299998283 6
317 2.01699995995 6
316 2.0529999733 6
315 2.03999996185 6
314 2.0490000248 6
313 2.03600001335 6
312 2.05100011826 6
311 2.05900001526 6
310 2.04500007629 6
309 2.06100010872 6
