359 4.45399999619 0
358 4.46999979019 0
357 4.36600017548 0
356 4.32600021362 0
355 4.56500005722 1
354 4.57299995422 1
353 4.61600017548 1
352 4.63199996948 1
351 4.68200016022 1
350 4.70300006866 1
349 4.73600006104 1
348 2.48300004005 2
347 2.47799992561 2
346 2.24399995804 3
345 2.20799994469 3
344 2.17600011826 3
343 2.15700006485 3
342 2.22000002861 3
341 2.3180000782 3
340 2.30100011826 3
339 2.29699993134 3
338 2.29500007629 3
337 2.31399989128 3
336 2.32399988174 3
335 2.33100008965 3
334 2.27800011635 3
333 2.15899991989 4
332 2.15199995041 4
331 2.16300010681 4
330 2.1819999218 4
329 2.35700011253 5
328 2.46499991417 5
327 2.08200001717 6
326 2.04800009727 6
325 2.01200008392 6
324 2.03200006485 6
323 2.0150001049 6
322 2.02500009537 6
321 2.03500008583 6
320 2.03999996185 6
319 2.02399992943 6
318 2.03600001335 6
317 2.01699995995 6
316 2.03399991989 6
315 2.03600001335 6
314 2.02500009537 6
313 2.02399992943 6
312 2.05399990082 6
311 2.0529999733 6
310 2.05100011826 6
309 2.06299996376 6
308 2.05500006676 6
307 5.76700019836 7
