359 4.46899986267 0
358 4.46799993515 0
357 4.36499977112 0
356 4.33099985123 0
355 4.56699991226 1
354 4.60400009155 1
353 4.61299991608 1
352 4.65999984741 1
351 4.67000007629 1
350 4.70300006866 1
349 4.74900007248 1
348 2.48600006104 2
347 2.46700000763 2
346 2.24499988556 3
345 2.17199993134 3
344 2.17100000381 3
343 2.16599988937 3
342 2.20499992371 3
341 2.30500006676 3
340 2.30500006676 3
339 2.31999993324 3
338 2.29699993134 3
337 2.33200001717 3
336 2.31999993324 3
335 2.33899998665 3
334 2.28200006485 3
333 2.18600010872 3
332 2.14800000191 3
331 2.17300009727 3
330 2.21600008011 3
329 2.35700011253 4
328 2.48300004005 5
327 2.09400010109 6
326 2.01699995995 6
325 2.01099991798 6
324 2.02800011635 6
323 2.02900004387 6
322 2.03299999237 6
321 2.01999998093 6
320 2.03399991989 6
319 2.03099989891 6
318 2.01399993896 6
317 2.01799988747 6
316 2.02300000191 6
315 2.02200007439 6
314 2.04699993134 6
313 2.04399991035 6
312 2.04500007629 6
311 2.03500008583 6
310 2.05200004578 6
309 2.05999994278 6
308 2.08800005913 6
307 5.76900005341 7
