355 4.55800008774 0
354 4.60099983215 0
353 4.61199998856 0
352 4.64699983597 0
351 4.6810002327 0
350 4.70200014114 0
349 4.75099992752 0
348 2.48699998856 1
347 2.48300004005 1
346 2.22399997711 2
345 2.17100000381 2
344 2.1819999218 2
343 2.17899990082 2
342 2.2009999752 2
341 2.31100010872 3
340 2.29699993134 3
339 2.28399991989 3
338 2.31699991226 3
337 2.32800006866 3
336 2.31900000572 3
335 2.32399988174 3
334 2.28600001335 3
333 2.18499994278 3
332 2.1779999733 3
331 2.18600010872 3
330 2.20700001717 3
329 2.35599994659 4
328 2.48200011253 5
327 2.08699989319 6
326 2.02999997139 6
325 2.00500011444 6
324 2.03200006485 6
323 2.01799988747 6
322 2.03200006485 6
321 2.02399992943 6
320 2.01699995995 6
319 2.007999897 6
318 2.02800011635 6
317 2.0150001049 6
316 2.01900005341 6
315 2.02200007439 6
314 2.03600001335 6
313 2.04600000381 6
312 2.03399991989 6
311 2.05599999428 6
310 2.05399990082 6
309 2.08800005913 6
