355 4.5720000267 0
354 4.59700012207 0
353 4.62400007248 0
352 4.65500020981 0
351 4.6779999733 0
350 4.69799995422 0
349 4.742000103 0
348 2.47099995613 1
347 2.48600006104 1
346 2.21399998665 2
345 2.18700003624 2
344 2.18300008774 2
343 2.18300008774 2
342 2.22300004959 2
341 2.32699990273 2
340 2.29399991035 2
339 2.3029999733 2
338 2.31699991226 2
337 2.31500005722 2
336 2.31599998474 2
335 2.33299994469 2
334 2.27200007439 2
333 2.18400001526 2
332 2.17899990082 2
331 2.16799998283 2
330 2.17499995232 2
329 2.35800004005 3
328 2.47399997711 4
327 2.09200000763 5
326 2.02900004387 5
325 2.02099990845 5
324 2.02600002289 5
323 2.02800011635 5
322 2.00999999046 5
321 2.02300000191 5
320 2.02399992943 5
319 2.01300001144 5
318 2.03500008583 5
317 2.02699995041 5
316 2.02399992943 5
315 2.02300000191 5
314 2.02699995041 5
313 2.02699995041 5
312 2.04600000381 5
311 2.05399990082 5
310 2.05200004578 5
309 2.07399988174 5
