355 4.5720000267 0
354 4.59200000763 0
353 4.62900018692 0
352 4.65799999237 0
351 4.68300008774 0
350 4.69999980927 0
349 4.75199985504 0
348 2.47199988365 1
347 2.47199988365 1
346 2.22099995613 2
345 2.17499995232 2
344 2.19099998474 2
343 2.16199994087 2
342 2.21600008011 2
341 2.30999994278 2
340 2.29699993134 2
339 2.28099989891 2
338 2.29200005531 2
337 2.30399990082 2
336 2.34800004959 2
335 2.31999993324 2
334 2.27900004387 2
333 2.16400003433 3
332 2.16799998283 3
331 2.16599988937 3
330 2.1970000267 3
329 2.36400008202 4
328 2.47499990463 4
327 2.10100007057 5
326 2.02699995041 5
325 2.03900003433 5
324 2.00900006294 5
323 2.03099989891 5
322 2.01399993896 5
321 2.02399992943 5
320 2.0150001049 5
319 2.01799988747 5
318 2.01799988747 5
317 2.02999997139 5
316 2.02800011635 5
315 2.01999998093 5
314 2.02600002289 5
313 2.02800011635 5
312 2.05500006676 5
311 2.04800009727 5
310 2.04099988937 5
309 2.07299995422 5
