356 4.31799983978 0
355 4.5609998703 1
354 4.58799982071 1
353 4.62599992752 1
352 4.65899991989 1
351 4.67999982834 1
350 4.70100021362 1
349 4.73799991608 1
348 2.47600007057 2
347 2.48399996758 2
346 2.22699999809 3
345 2.18899989128 3
344 2.18600010872 3
343 2.17499995232 3
342 2.2009999752 3
341 2.30900001526 4
340 2.30399990082 4
339 2.3180000782 4
338 2.29800009727 4
337 2.30999994278 4
336 2.33699989319 4
335 2.31699991226 4
334 2.28600001335 4
333 2.16100001335 5
332 2.18700003624 5
331 2.19600009918 5
330 2.20700001717 5
329 2.36199998856 6
328 2.46799993515 6
327 2.07899999619 7
326 2.02600002289 7
325 2.01300001144 7
324 2.00900006294 7
323 2.01600003242 7
322 2.007999897 7
321 2.02999997139 7
320 2.02200007439 7
319 2.00500011444 7
318 2.01799988747 7
317 2.03999996185 7
316 2.03600001335 7
315 2.03200006485 7
314 2.03800010681 7
313 2.05100011826 7
312 2.05599999428 7
311 2.04500007629 7
310 2.05999994278 7
