355 4.56699991226 0
354 4.57600021362 0
353 4.61899995804 0
352 4.64799976349 0
351 4.66599988937 0
350 4.69500017166 0
349 4.73500013351 0
348 2.4849998951 1
347 2.48900008202 1
346 2.21399998665 2
345 2.20300006866 2
344 2.18400001526 2
343 2.17499995232 2
342 2.20399999619 2
341 2.29800009727 2
340 2.30900001526 2
339 2.29200005531 2
338 2.29600000381 2
337 2.29600000381 2
336 2.32800006866 2
335 2.30900001526 2
334 2.26999998093 2
333 2.16100001335 3
332 2.18400001526 3
331 2.18300008774 3
330 2.19899988174 3
329 2.35100007057 4
328 2.4849998951 5
327 2.07800006866 6
326 2.03600001335 6
325 2.02500009537 6
324 2.00900006294 6
323 2.00900006294 6
322 2.02600002289 6
321 2.02699995041 6
320 2.01900005341 6
319 2.04200005531 6
318 2.01900005341 6
317 2.01399993896 6
316 2.02800011635 6
315 2.02500009537 6
314 2.02500009537 6
313 2.05100011826 6
312 2.04800009727 6
311 2.04699993134 6
310 2.03600001335 6
309 2.06200003624 6
