355 4.56599998474 0
354 4.59499979019 0
353 4.61899995804 0
352 4.64499998093 0
351 4.67899990082 0
350 4.70100021362 0
349 4.74700021744 0
348 2.47699999809 1
347 2.4849998951 1
346 2.22399997711 2
345 2.17700004578 2
344 2.1779999733 2
343 2.15599989891 2
342 2.2009999752 2
341 2.31200003624 3
340 2.29699993134 3
339 2.29800009727 3
338 2.29099988937 3
337 2.29800009727 3
336 2.31200003624 3
335 2.32399988174 3
334 2.27399992943 3
333 2.17600011826 3
332 2.16700005531 3
331 2.1779999733 3
330 2.19000005722 3
329 2.36299991608 4
328 2.47799992561 4
327 2.09299993515 5
326 2.01699995995 5
325 2.01399993896 5
324 2.01699995995 5
323 2.02300000191 5
322 2.007999897 5
321 2.02600002289 5
320 2.02999997139 5
319 2.02200007439 5
318 2.03399991989 5
317 2.0150001049 5
316 2.01300001144 5
315 2.0150001049 5
314 2.04299998283 5
313 2.03800010681 5
312 2.02900004387 5
311 2.0569999218 5
310 2.05100011826 5
309 2.05900001526 5
