355 4.56300020218 0
354 4.59100008011 0
353 4.617000103 0
352 4.64599990845 0
351 4.66900014877 0
350 4.70599985123 0
349 4.74900007248 0
348 2.48000001907 1
347 2.49300003052 1
346 2.23600006104 2
345 2.19499993324 2
344 2.1779999733 2
343 2.15499997139 2
342 2.2009999752 2
341 2.30399990082 2
340 2.31900000572 2
339 2.28900003433 2
338 2.29399991035 2
337 2.30900001526 2
336 2.33200001717 2
335 2.31999993324 2
334 2.28399991989 2
333 2.19600009918 2
332 2.16499996185 2
331 2.19899988174 2
330 2.20900011063 2
329 2.35299992561 3
328 2.48200011253 4
327 2.08800005913 5
326 2.05999994278 5
325 2.01099991798 5
324 2.00999999046 5
323 2.01600003242 5
322 2.01300001144 5
321 2.03099989891 5
320 2.03600001335 5
319 2.01900005341 5
318 2.0150001049 5
317 2.02099990845 5
316 2.02500009537 5
315 2.04099988937 5
314 2.04099988937 5
313 2.05399990082 5
312 2.05200004578 5
311 2.05200004578 5
310 2.04600000381 5
309 2.05800008774 5
