358 4.49599981308 0
357 4.36299991608 0
356 4.33199977875 0
355 4.57499980927 1
354 4.60099983215 1
353 4.62400007248 1
352 4.64599990845 1
351 4.66200017929 1
350 4.70900011063 1
349 4.73199987411 1
348 2.47199988365 2
347 2.45900011063 2
346 2.2460000515 3
345 2.19499993324 3
344 2.17199993134 3
343 2.16100001335 3
342 2.2349998951 3
341 2.3029999733 3
340 2.3029999733 3
339 2.30500006676 3
338 2.29500007629 3
337 2.3069999218 3
336 2.34800004959 3
335 2.32699990273 3
334 2.28500008583 3
333 2.16799998283 4
332 2.15899991989 4
331 2.17199993134 4
330 2.2009999752 4
329 2.31900000572 5
328 2.48000001907 6
327 2.08899998665 7
326 2.03200006485 7
325 2.01200008392 7
324 2.03900003433 7
323 2.02600002289 7
322 2.02699995041 7
321 2.02399992943 7
320 2.03500008583 7
319 2.01799988747 7
318 2.03699994087 7
317 2.01699995995 7
316 2.04699993134 7
315 2.04200005531 7
314 2.03200006485 7
313 2.02099990845 7
312 2.0490000248 7
311 2.05200004578 7
310 2.05900001526 7
309 2.06200003624 7
308 2.05399990082 7
307 5.76599979401 8
306 5.78599977493 8
