355 4.5689997673 0
354 4.59299993515 0
353 4.6139998436 0
352 4.64400005341 0
351 4.66900014877 0
350 4.69899988174 0
349 4.74100017548 0
348 2.4849998951 1
347 2.48399996758 1
346 2.22000002861 2
345 2.20000004768 2
344 2.1740000248 2
343 2.17700004578 2
342 2.22799992561 2
341 2.31100010872 2
340 2.3069999218 2
339 2.31999993324 2
338 2.30800008774 2
337 2.31500005722 2
336 2.31500005722 2
335 2.34599995613 2
334 2.27600002289 2
333 2.16100001335 3
332 2.1740000248 3
331 2.16300010681 3
330 2.19899988174 3
329 2.3710000515 4
328 2.46600008011 4
327 2.09500002861 5
326 2.03500008583 5
325 2.01999998093 5
324 2.00999999046 5
323 2.01799988747 5
322 2.01300001144 5
321 2.00900006294 5
320 2.02800011635 5
319 2.01600003242 5
318 2.01600003242 5
317 2.01399993896 5
316 2.01999998093 5
315 2.03999996185 5
314 2.02500009537 5
313 2.04299998283 5
312 2.04699993134 5
311 2.03500008583 5
310 2.03600001335 5
309 2.07100009918 5
