355 4.5560002327 0
354 4.59100008011 0
353 4.63000011444 0
352 4.65399980545 0
351 4.68499994278 0
350 4.72100019455 0
349 4.757999897 0
348 2.4960000515 1
347 2.46600008011 1
346 2.23000001907 2
345 2.17100000381 2
344 2.16599988937 2
343 2.1740000248 2
342 2.22199988365 2
341 2.31599998474 2
340 2.3029999733 2
339 2.29200005531 2
338 2.29699993134 2
337 2.30800008774 2
336 2.34299993515 2
335 2.34599995613 2
334 2.28900003433 2
333 2.19199991226 2
332 2.17100000381 2
331 2.18400001526 2
330 2.20000004768 2
329 2.35400009155 3
328 2.48399996758 4
327 2.10400009155 5
326 2.04099988937 5
325 2.02800011635 5
324 2.01600003242 5
323 2.00900006294 5
322 2.03200006485 5
321 2.03500008583 5
320 2.03699994087 5
319 2.03699994087 5
318 2.04200005531 5
317 2.03900003433 5
316 2.02900004387 5
315 2.02399992943 5
314 2.02900004387 5
313 2.02900004387 5
312 2.05800008774 5
311 2.0490000248 5
310 2.04600000381 5
309 2.05999994278 5
