355 4.55900001526 0
354 4.59299993515 0
353 4.61999988556 0
352 4.64499998093 0
351 4.65299987793 0
350 4.70499992371 0
349 4.75600004196 0
348 2.48699998856 1
347 2.4849998951 1
346 2.22199988365 2
345 2.17499995232 2
344 2.16599988937 2
343 2.18899989128 2
342 2.2009999752 2
341 2.31500005722 3
340 2.31999993324 3
339 2.31500005722 3
338 2.29500007629 3
337 2.30599999428 3
336 2.32100009918 3
335 2.31900000572 3
334 2.28200006485 3
333 2.16599988937 4
332 2.17100000381 4
331 2.18099999428 4
330 2.21499991417 4
329 2.36199998856 5
328 2.48099994659 6
327 2.09599995613 7
326 2.03500008583 7
325 2.03200006485 7
324 2.00999999046 7
323 2.03200006485 7
322 2.01900005341 7
321 2.01099991798 7
320 2.04200005531 7
319 2.0150001049 7
318 2.01600003242 7
317 2.02600002289 7
316 2.01900005341 7
315 2.0490000248 7
314 2.04500007629 7
313 2.05200004578 7
312 2.05399990082 7
311 2.04399991035 7
310 2.04399991035 7
309 2.0759999752 7
