359 4.44899988174 0
358 4.49900007248 0
357 4.35300016403 0
356 4.31500005722 0
355 4.55499982834 1
354 4.59200000763 1
353 4.61899995804 1
352 4.64099979401 1
351 4.67700004578 1
350 4.70599985123 1
349 4.74499988556 1
348 2.48600006104 2
347 2.47099995613 2
346 2.23099994659 3
345 2.18600010872 3
344 2.17899990082 3
343 2.17499995232 3
342 2.22399997711 3
341 2.2990000248 3
340 2.31699991226 3
339 2.31699991226 3
338 2.28999996185 3
337 2.30399990082 3
336 2.34699988365 3
335 2.30800008774 3
334 2.26799988747 3
333 2.17600011826 3
332 2.17700004578 3
331 2.19899988174 3
330 2.21000003815 3
329 2.36199998856 4
328 2.47600007057 4
327 2.09200000763 5
326 2.03299999237 5
325 2.01699995995 5
324 2.02600002289 5
323 2.01999998093 5
322 2.03500008583 5
321 2.03699994087 5
320 2.01300001144 5
319 2.02999997139 5
318 2.01200008392 5
317 2.02300000191 5
316 2.02800011635 5
315 2.04600000381 5
314 2.02800011635 5
313 2.05200004578 5
312 2.05399990082 5
311 2.0490000248 5
310 2.03500008583 5
309 2.07399988174 5
308 2.05500006676 5
307 5.75600004196 6
