355 4.57299995422 0
354 4.59299993515 0
353 4.617000103 0
352 4.64300012589 0
351 4.67999982834 0
350 4.70599985123 0
349 4.74399995804 0
348 2.49699997902 1
347 2.48200011253 1
346 2.22600007057 2
345 2.20000004768 2
344 2.17899990082 2
343 2.16300010681 2
342 2.21700000763 2
341 2.30500006676 2
340 2.30399990082 2
339 2.29099988937 2
338 2.31599998474 2
337 2.3029999733 2
336 2.32399988174 2
335 2.32800006866 2
334 2.28699994087 2
333 2.19600009918 2
332 2.16199994087 2
331 2.17499995232 2
330 2.21499991417 2
329 2.35800004005 3
328 2.47499990463 4
327 2.08699989319 5
326 2.03600001335 5
325 2.01399993896 5
324 2.02200007439 5
323 2.01699995995 5
322 2.02399992943 5
321 2.03200006485 5
320 2.03200006485 5
319 2.04200005531 5
318 2.02900004387 5
317 2.02399992943 5
316 2.04200005531 5
315 2.02800011635 5
314 2.04099988937 5
313 2.02500009537 5
312 2.05200004578 5
311 2.02900004387 5
310 2.05900001526 5
309 2.06399989128 5
