357 4.36299991608 0
356 4.31799983978 0
355 4.56500005722 1
354 4.59100008011 1
353 4.61800003052 1
352 4.65000009537 1
351 4.6779999733 1
350 4.71099996567 1
349 4.75600004196 1
348 2.5 2
347 2.4849998951 2
346 2.23900008202 3
345 2.18700003624 3
344 2.16100001335 3
343 2.18600010872 3
342 2.22600007057 3
341 2.30900001526 3
340 2.31500005722 3
339 2.29999995232 3
338 2.29800009727 3
337 2.32699990273 3
336 2.32299995422 3
335 2.31699991226 3
334 2.28099989891 3
333 2.1970000267 3
332 2.19000005722 3
331 2.17600011826 3
330 2.20700001717 3
329 2.30900001526 3
328 2.46300005913 4
327 2.09400010109 5
326 2.03099989891 5
325 2.03500008583 5
324 2.03399991989 5
323 2.01099991798 5
322 2.02699995041 5
321 2.02399992943 5
320 2.0150001049 5
319 2.03299999237 5
318 2.02500009537 5
317 2.03699994087 5
316 2.02500009537 5
315 2.03900003433 5
314 2.02699995041 5
313 2.04500007629 5
312 2.04099988937 5
311 2.05100011826 5
310 2.0490000248 5
