354 4.59499979019 0
353 4.61600017548 0
352 4.66300010681 0
351 4.67399978638 0
350 4.71999979019 0
349 4.73699998856 0
348 2.48399996758 1
347 2.48300004005 1
346 2.242000103 2
345 2.1970000267 2
344 2.17199993134 2
343 2.1779999733 2
342 2.20499992371 2
341 2.30500006676 2
340 2.29800009727 2
339 2.2990000248 2
338 2.3220000267 2
337 2.30900001526 2
336 2.32899999619 2
335 2.3259999752 2
334 2.27600002289 2
333 2.17000007629 2
332 2.15199995041 2
331 2.18300008774 2
330 2.21600008011 2
329 2.34599995613 3
328 2.47199988365 4
327 2.1099998951 5
326 2.02200007439 5
325 2.00900006294 5
324 2.00900006294 5
323 2.02399992943 5
322 2.007999897 5
321 2.01099991798 5
320 2.03600001335 5
319 2.03099989891 5
318 2.02500009537 5
317 2.03900003433 5
316 2.02099990845 5
315 2.04800009727 5
314 2.04699993134 5
313 2.04099988937 5
312 2.05399990082 5
311 2.05500006676 5
310 2.0569999218 5
309 2.05100011826 5
