355 4.53900003433 0
354 4.58199977875 0
353 4.63100004196 0
352 4.66200017929 0
351 4.6779999733 0
350 4.71799993515 0
349 4.74100017548 0
348 2.48000001907 1
347 2.45600008965 1
346 2.22399997711 2
345 2.20700001717 2
344 2.15799999237 2
343 2.1740000248 2
342 2.1970000267 2
341 2.32699990273 3
340 2.28600001335 3
339 2.31699991226 3
338 2.29399991035 3
337 2.30900001526 3
336 2.31699991226 3
335 2.3220000267 3
334 2.30800008774 3
333 2.16899991035 4
332 2.16499996185 4
331 2.16300010681 4
330 2.18600010872 4
329 2.32100009918 5
328 2.45799994469 6
327 2.09400010109 7
326 2.02999997139 7
325 2.01399993896 7
324 2.01099991798 7
323 2.00099992752 7
322 2.03500008583 7
321 2.00600004196 7
320 2.02600002289 7
319 2.02999997139 7
318 2.03200006485 7
317 2.04200005531 7
316 2.03399991989 7
315 2.04500007629 7
314 2.01900005341 7
313 2.04800009727 7
312 2.05100011826 7
311 2.05100011826 7
310 2.04299998283 7
309 2.08599996567 7
