360 4.42500019073 0
359 4.46899986267 0
358 4.48699998856 0
357 4.34000015259 0
356 4.32100009918 0
355 4.56199979782 1
354 4.58300018311 1
353 4.61199998856 1
352 4.65500020981 1
351 4.67299985886 1
350 4.70900011063 1
349 4.74700021744 1
348 2.48699998856 2
347 2.47900009155 2
346 2.2349998951 3
345 2.18700003624 3
344 2.17600011826 3
343 2.15799999237 3
342 2.21900010109 3
341 2.31200003624 3
340 2.30500006676 3
339 2.29200005531 3
338 2.28600001335 3
337 2.30100011826 3
336 2.33800005913 3
335 2.31999993324 3
334 2.28500008583 3
333 2.20199990273 3
332 2.17000007629 3
331 2.17600011826 3
330 2.19899988174 3
329 2.31599998474 4
328 2.48200011253 5
327 2.08999991417 6
326 2.02999997139 6
325 2.01200008392 6
324 2.01200008392 6
323 2.02699995041 6
322 2.01999998093 6
321 2.03099989891 6
320 2.02600002289 6
319 2.01399993896 6
318 2.03399991989 6
317 2.02800011635 6
316 2.04299998283 6
315 2.02099990845 6
314 2.02200007439 6
313 2.03999996185 6
312 2.04800009727 6
311 2.05500006676 6
