357 4.35300016403 0
356 4.29500007629 0
355 4.55100011826 1
354 4.58900022507 1
353 4.62799978256 1
352 4.65299987793 1
351 4.6810002327 1
350 4.70399999619 1
349 4.74499988556 1
348 2.47499990463 2
347 2.45799994469 2
346 2.21000003815 3
345 2.18000006676 3
344 2.18499994278 3
343 2.18400001526 3
342 2.23399996758 3
341 2.31200003624 3
340 2.28900003433 3
339 2.30100011826 3
338 2.28200006485 3
337 2.3029999733 3
336 2.31200003624 3
335 2.32699990273 3
334 2.28600001335 3
333 2.19600009918 3
332 2.19099998474 3
331 2.20000004768 3
330 2.1819999218 3
329 2.34400010109 4
328 2.47000002861 5
327 2.1099998951 6
326 2.03699994087 6
325 2.01799988747 6
324 2.00900006294 6
323 2.02200007439 6
322 2.02300000191 6
321 2.01300001144 6
320 2.03600001335 6
319 2.01600003242 6
318 2.03999996185 6
317 2.03900003433 6
316 2.03099989891 6
315 2.01999998093 6
314 2.03299999237 6
313 2.04600000381 6
312 2.04999995232 6
311 2.03999996185 6
310 2.05900001526 6
309 2.06599998474 6
308 2.06999993324 6
307 5.7610001564 7
306 5.77500009537 7
305 5.78999996185 7
