355 4.5529999733 0
354 4.58699989319 0
353 4.62900018692 0
352 4.63800001144 0
351 4.67299985886 0
350 4.70200014114 0
349 4.76000022888 0
348 2.47499990463 1
347 2.48399996758 1
346 2.21799993515 2
345 2.20199990273 2
344 2.15899991989 2
343 2.14499998093 2
342 2.23200011253 2
341 2.30900001526 2
340 2.30200004578 2
339 2.31100010872 2
338 2.28999996185 2
337 2.31100010872 2
336 2.32399988174 2
335 2.34599995613 2
334 2.2650001049 2
333 2.18700003624 2
332 2.19000005722 2
331 2.1779999733 2
330 2.20799994469 2
329 2.34800004959 3
328 2.4960000515 4
327 2.06699991226 5
326 2.02099990845 5
325 2.01399993896 5
324 2.00500011444 5
323 2.02200007439 5
322 2.02699995041 5
321 2.02699995041 5
320 2.03299999237 5
319 2.00999999046 5
318 2.01799988747 5
317 2.01699995995 5
316 2.03600001335 5
315 2.02600002289 5
314 2.04500007629 5
313 2.04999995232 5
312 2.03999996185 5
311 2.04699993134 5
310 2.03699994087 5
309 2.06100010872 5
