358 4.49399995804 0
357 4.36899995804 0
356 4.29500007629 0
355 4.55800008774 1
354 4.57600021362 1
353 4.62099981308 1
352 4.63999986649 1
351 4.67600011826 1
350 4.70800018311 1
349 4.74700021744 1
348 2.48300004005 2
347 2.49099993706 2
346 2.2349998951 3
345 2.17100000381 3
344 2.16199994087 3
343 2.16300010681 3
342 2.20700001717 3
341 2.29399991035 3
340 2.29399991035 3
339 2.30200004578 3
338 2.2990000248 3
337 2.31599998474 3
336 2.31699991226 3
335 2.33299994469 3
334 2.27500009537 3
333 2.19600009918 3
332 2.17700004578 3
331 2.18899989128 3
330 2.20499992371 3
329 2.3710000515 4
328 2.48200011253 4
327 2.10199999809 5
326 2.02699995041 5
325 2.02699995041 5
324 2.02999997139 5
323 2.02699995041 5
322 2.02800011635 5
321 2.01600003242 5
320 2.0150001049 5
319 2.04099988937 5
318 2.01699995995 5
317 2.03699994087 5
316 2.02300000191 5
315 2.03399991989 5
314 2.04600000381 5
313 2.03800010681 5
312 2.02999997139 5
311 2.04800009727 5
310 2.04299998283 5
309 2.06999993324 5
