359 4.47100019455 0
358 4.47900009155 0
357 4.33799982071 0
356 4.3109998703 0
355 4.55800008774 1
354 4.59499979019 1
353 4.60799980164 1
352 4.65500020981 1
351 4.67600011826 1
350 4.71400022507 1
349 4.74499988556 1
348 2.46700000763 2
347 2.48699998856 2
346 2.22000002861 3
345 2.1970000267 3
344 2.17600011826 3
343 2.17300009727 3
342 2.22099995613 3
341 2.29600000381 3
340 2.29500007629 3
339 2.29800009727 3
338 2.28800010681 3
337 2.32899999619 3
336 2.31399989128 3
335 2.32100009918 3
334 2.29099988937 3
333 2.17700004578 4
332 2.16499996185 4
331 2.17300009727 4
330 2.20499992371 4
329 2.3180000782 5
328 2.47600007057 6
327 2.08500003815 7
326 2.02999997139 7
325 2.01300001144 7
324 2.01399993896 7
323 2.00900006294 7
322 2.01300001144 7
321 2.00900006294 7
320 2.00999999046 7
319 2.03500008583 7
318 2.01799988747 7
317 2.03200006485 7
316 2.02300000191 7
315 2.03399991989 7
314 2.01799988747 7
313 2.03900003433 7
312 2.04600000381 7
311 2.0529999733 7
310 2.06200003624 7
309 2.06200003624 7
308 2.0680000782 7
307 5.76300001144 8
