355 4.55900001526 0
354 4.59100008011 0
353 4.60099983215 0
352 4.64499998093 0
351 4.67000007629 0
350 4.70399999619 0
349 4.73999977112 0
348 2.47900009155 1
347 2.48200011253 1
346 2.23099994659 2
345 2.20000004768 2
344 2.1779999733 2
343 2.15100002289 2
342 2.19499993324 2
341 2.29600000381 2
340 2.30599999428 2
339 2.29600000381 2
338 2.29500007629 2
337 2.31200003624 2
336 2.31599998474 2
335 2.33100008965 2
334 2.27699995041 2
333 2.16199994087 3
332 2.15000009537 3
331 2.18099999428 3
330 2.21399998665 3
329 2.33800005913 4
328 2.46900010109 5
327 2.10400009155 6
326 2.04699993134 6
325 2.00999999046 6
324 2.01799988747 6
323 2.01699995995 6
322 2.01799988747 6
321 2.02300000191 6
320 2.03299999237 6
319 2.02900004387 6
318 2.0150001049 6
317 2.03099989891 6
316 2.01799988747 6
315 2.02600002289 6
314 2.04500007629 6
313 2.01799988747 6
312 2.04500007629 6
311 2.04399991035 6
310 2.05200004578 6
309 2.05599999428 6
