359 4.47300004959 0
358 4.49300003052 0
357 4.35799980164 0
356 4.30999994278 0
355 4.55700016022 1
354 4.57700014114 1
353 4.61100006104 1
352 4.64099979401 1
351 4.67399978638 1
350 4.71500015259 1
349 4.7389998436 1
348 2.4849998951 2
347 2.47600007057 2
346 2.22699999809 3
345 2.17300009727 3
344 2.17899990082 3
343 2.18099999428 3
342 2.23000001907 3
341 2.32999992371 3
340 2.29999995232 3
339 2.29600000381 3
338 2.28200006485 3
337 2.29500007629 3
336 2.31900000572 3
335 2.32299995422 3
334 2.28999996185 3
333 2.17700004578 4
332 2.17499995232 4
331 2.18600010872 4
330 2.1930000782 4
329 2.31299996376 5
328 2.48200011253 6
327 2.08599996567 7
326 2.02900004387 7
325 2.02099990845 7
324 1.9960000515 7
323 2.0 7
322 2.03099989891 7
321 2.01900005341 7
320 2.00999999046 7
319 2.01300001144 7
318 2.02500009537 7
317 2.03099989891 7
316 2.02699995041 7
315 2.04800009727 7
314 2.03399991989 7
313 2.03800010681 7
312 2.02600002289 7
311 2.04800009727 7
310 2.03600001335 7
309 2.06100010872 7
308 2.0759999752 7
307 5.77099990845 8
