354 4.58500003815 0
353 4.60699987411 0
352 4.64099979401 0
351 4.67700004578 0
350 4.70499992371 0
349 4.75099992752 0
348 2.47399997711 1
347 2.46700000763 1
346 2.22799992561 2
345 2.17499995232 2
344 2.15799999237 2
343 2.18700003624 2
342 2.22399997711 2
341 2.32899999619 2
340 2.30800008774 2
339 2.29399991035 2
338 2.3029999733 2
337 2.30500006676 2
336 2.33500003815 2
335 2.31599998474 2
334 2.28299999237 2
333 2.18600010872 2
332 2.17199993134 2
331 2.17700004578 2
330 2.19099998474 2
329 2.33299994469 3
328 2.47300004959 4
327 2.08500003815 5
326 2.02500009537 5
325 2.00600004196 5
324 2.02900004387 5
323 2.03099989891 5
322 2.03099989891 5
321 2.01600003242 5
320 2.00999999046 5
319 2.01200008392 5
318 2.03299999237 5
317 2.0150001049 5
316 2.04600000381 5
315 2.04200005531 5
314 2.04699993134 5
313 2.03500008583 5
312 2.02999997139 5
311 2.03600001335 5
310 2.04200005531 5
309 2.07299995422 5
