357 4.34600019455 0
356 4.31300020218 0
355 4.55700016022 1
354 4.59200000763 1
353 4.625 1
352 4.66099977493 1
351 4.67100000381 1
350 4.71899986267 1
349 4.73799991608 1
348 2.47600007057 2
347 2.48300004005 2
346 2.22199988365 3
345 2.19499993324 3
344 2.19000005722 3
343 2.17899990082 3
342 2.23000001907 3
341 2.31200003624 3
340 2.30500006676 3
339 2.31100010872 3
338 2.29600000381 3
337 2.33400011063 3
336 2.31500005722 3
335 2.33599996567 3
334 2.29200005531 3
333 2.19199991226 3
332 2.17300009727 3
331 2.1970000267 3
330 2.18700003624 3
329 2.31999993324 4
328 2.47699999809 5
327 2.08100008965 6
326 2.04099988937 6
325 2.00999999046 6
324 2.01300001144 6
323 2.02699995041 6
322 2.03399991989 6
321 2.007999897 6
320 2.01900005341 6
319 2.02999997139 6
318 2.04399991035 6
317 2.03699994087 6
316 2.04099988937 6
315 2.03600001335 6
314 2.01999998093 6
313 2.04600000381 6
312 2.03900003433 6
311 2.0529999733 6
310 2.04699993134 6
309 2.05599999428 6
308 2.07999992371 6
307 5.77500009537 7
306 5.76800012589 7
305 5.79400014877 7
