359 4.45499992371 0
358 4.48099994659 0
357 4.37099981308 0
356 4.30900001526 0
355 4.56199979782 1
354 4.59399986267 1
353 4.60799980164 1
352 4.63899993896 1
351 4.6779999733 1
350 4.71299982071 1
349 4.742000103 1
348 2.47399997711 2
347 2.47799992561 2
346 2.22399997711 3
345 2.17000007629 3
344 2.18600010872 3
343 2.18700003624 3
342 2.22300004959 3
341 2.32100009918 3
340 2.30100011826 3
339 2.28399991989 3
338 2.27999997139 3
337 2.31299996376 3
336 2.32800006866 3
335 2.32299995422 3
334 2.28999996185 3
333 2.18300008774 4
332 2.16899991035 4
331 2.17899990082 4
330 2.19600009918 4
329 2.34500002861 5
328 2.48099994659 6
327 2.09999990463 7
326 2.02800011635 7
325 2.02300000191 7
324 2.03399991989 7
323 2.03099989891 7
322 2.02300000191 7
321 2.00699996948 7
320 2.01200008392 7
319 2.01600003242 7
318 2.00999999046 7
317 2.03399991989 7
316 2.03500008583 7
315 2.0490000248 7
314 2.03999996185 7
313 2.03699994087 7
312 2.02699995041 7
311 2.03099989891 7
310 2.04699993134 7
309 2.06500005722 7
308 2.08299994469 7
307 5.78100013733 8
