360 4.41699981689 0
359 4.45499992371 0
358 4.48600006104 0
357 4.34600019455 0
356 4.29500007629 0
355 4.5640001297 1
354 4.59000015259 1
353 4.61000013351 1
352 4.64599990845 1
351 4.67999982834 1
350 4.71199989319 1
349 4.74300003052 1
348 2.47699999809 2
347 2.46199989319 2
346 2.22600007057 3
345 2.19400000572 3
344 2.18499994278 3
343 2.15100002289 3
342 2.23200011253 3
341 2.30399990082 3
340 2.29299998283 3
339 2.29500007629 3
338 2.28299999237 3
337 2.30900001526 3
336 2.34500002861 3
335 2.30900001526 3
334 2.27600002289 3
333 2.18099999428 3
332 2.18099999428 3
331 2.20499992371 3
330 2.18600010872 3
329 2.37299990654 4
328 2.48699998856 4
327 2.08100008965 5
326 2.04299998283 5
325 2.01399993896 5
324 2.02500009537 5
323 2.01399993896 5
322 2.03200006485 5
321 2.02200007439 5
320 2.01399993896 5
319 2.01200008392 5
318 2.03900003433 5
317 2.01600003242 5
316 2.02099990845 5
315 2.03900003433 5
314 2.01799988747 5
313 2.04600000381 5
312 2.02900004387 5
311 2.03500008583 5
