360 4.44000005722 0
359 4.46999979019 0
358 4.48400020599 0
357 4.36299991608 0
356 4.31199979782 0
355 4.54699993134 1
354 4.58500003815 1
353 4.61899995804 1
352 4.65600013733 1
351 4.67600011826 1
350 4.71400022507 1
349 4.75299978256 1
348 2.47300004959 2
347 2.48200011253 2
346 2.22499990463 3
345 2.19600009918 3
344 2.16000008583 3
343 2.18000006676 3
342 2.20199990273 3
341 2.30900001526 3
340 2.29600000381 3
339 2.29699993134 3
338 2.28999996185 3
337 2.30999994278 3
336 2.31299996376 3
335 2.33400011063 3
334 2.3029999733 3
333 2.17700004578 4
332 2.18799996376 4
331 2.17600011826 4
330 2.19499993324 4
329 2.34100008011 5
328 2.47399997711 6
327 2.09899997711 7
326 2.01900005341 7
325 2.03099989891 7
324 2.02200007439 7
323 2.02999997139 7
322 2.01200008392 7
321 2.01399993896 7
320 2.02600002289 7
319 2.01600003242 7
318 2.02200007439 7
317 2.02999997139 7
316 2.02999997139 7
315 2.03699994087 7
314 2.02600002289 7
313 2.03999996185 7
312 2.02999997139 7
311 2.04500007629 7
