355 4.56199979782 0
354 4.58900022507 0
353 4.617000103 0
352 4.66200017929 0
351 4.67199993134 0
350 4.71600008011 0
349 4.73799991608 0
348 2.47799992561 1
347 2.47199988365 1
346 2.21799993515 2
345 2.1930000782 2
344 2.19199991226 2
343 2.18099999428 2
342 2.22499990463 2
341 2.30599999428 2
340 2.30399990082 2
339 2.29200005531 2
338 2.29800009727 2
337 2.31399989128 2
336 2.31999993324 2
335 2.32500004768 2
334 2.30599999428 2
333 2.18499994278 3
332 2.17600011826 3
331 2.1779999733 3
330 2.19899988174 3
329 2.33100008965 4
328 2.46799993515 5
327 2.09299993515 6
326 2.01900005341 6
325 2.02699995041 6
324 2.03500008583 6
323 2.00600004196 6
322 2.00500011444 6
321 2.00999999046 6
320 2.00999999046 6
319 2.01300001144 6
318 2.03399991989 6
317 2.0150001049 6
316 2.03999996185 6
315 2.01999998093 6
314 2.02300000191 6
313 2.04500007629 6
312 2.03900003433 6
311 2.03200006485 6
310 2.0569999218 6
309 2.06599998474 6
