357 4.35400009155 0
356 4.31599998474 0
355 4.56799983978 1
354 4.59000015259 1
353 4.61199998856 1
352 4.65799999237 1
351 4.66800022125 1
350 4.70599985123 1
349 4.74499988556 1
348 2.48399996758 2
347 2.45600008965 2
346 2.21799993515 3
345 2.19099998474 3
344 2.16199994087 3
343 2.17199993134 3
342 2.1970000267 3
341 2.30500006676 4
340 2.31599998474 4
339 2.3180000782 4
338 2.29399991035 4
337 2.31900000572 4
336 2.32899999619 4
335 2.31100010872 4
334 2.29399991035 4
333 2.1970000267 4
332 2.16899991035 4
331 2.20000004768 4
330 2.18700003624 4
329 2.36899995804 5
328 2.46600008011 5
327 2.06999993324 6
326 2.02099990845 6
325 2.01699995995 6
324 2.02999997139 6
323 2.00600004196 6
322 2.02999997139 6
321 2.01399993896 6
320 2.02200007439 6
319 2.00999999046 6
318 2.04399991035 6
317 2.02099990845 6
316 2.03699994087 6
315 2.03800010681 6
314 2.04999995232 6
313 2.05100011826 6
312 2.04500007629 6
311 2.05999994278 6
310 2.03600001335 6
309 2.06399989128 6
308 2.06200003624 6
307 5.76599979401 7
