0 4.50199985504
1 4.42199993134
2 4.45399999619
3 4.46799993515
4 4.53599977493
5 4.65199995041
6 4.66599988937
7 4.71400022507
8 4.73099994659
9 4.75699996948
10 4.79300022125
11 4.8109998703
12 4.86999988556
13 4.88800001144
14 4.9359998703
15 4.93499994278
16 4.84100008011
17 4.84999990463
18 4.87900018692
19 4.96199989319
20 5.14099979401
21 5.18800020218
22 5.21799993515
23 5.27199983597
24 5.3189997673
25 5.35500001907
26 5.40000009537
27 5.44600009918
28 5.49900007248
29 5.54099988937
30 5.57299995422
31 5.64799976349
32 5.65299987793
33 0.0
34 17.1520004272
35 17.1420001984
36 17.1560001373
37 0.0
38 0.0
39 0.0
40 17.2310009003
41 17.172000885
42 17.0830001831
43 17.0030002594
44 16.5249996185
45 16.545999527
46 16.513999939
47 13.1529998779
48 13.0659999847
49 12.3350000381
50 11.9650001526
51 11.5939998627
52 11.5989999771
53 11.6459999084
54 11.6180000305
55 11.3380002975
56 10.998000145
57 10.4720001221
58 10.111000061
59 8.30500030518
60 8.34599971771
61 8.20499992371
62 7.92399978638
63 7.64300012589
64 7.44600009918
65 7.24100017548
66 7.06799983978
67 6.91699981689
68 6.79500007629
69 6.77299976349
70 6.80499982834
71 6.82899999619
72 6.84399986267
73 6.86000013351
74 6.78800010681
75 6.63100004196
76 1.69799995422
77 1.66999995708
78 1.66700005531
79 1.71800005436
80 5.24300003052
81 4.96999979019
82 4.84600019455
83 4.76399993896
84 4.67600011826
85 4.59899997711
86 4.53499984741
87 4.48099994659
88 4.40899991989
89 4.32800006866
90 4.27199983597
91 4.21700000763
92 4.16599988937
93 4.11600017548
94 4.01999998093
95 3.97300004959
96 3.93600010872
97 3.89499998093
98 3.83500003815
99 3.79999995232
100 3.77699995041
101 3.79299998283
102 3.83599996567
103 3.84500002861
104 3.87299990654
105 3.89800000191
106 3.92199993134
107 3.9430000782
108 3.93300008774
109 3.89400005341
110 3.85599994659
111 3.7990000248
112 3.75999999046
113 3.72600007057
114 3.6970000267
115 3.66199994087
116 3.61100006104
117 3.60400009155
118 3.56500005722
119 3.52699995041
120 3.50500011444
121 3.48000001907
122 3.4279999733
123 3.40100002289
124 3.41100001335
125 3.39199995995
126 3.42899990082
127 3.45499992371
128 3.49300003052
129 3.52999997139
130 3.56699991226
131 3.60299992561
132 3.66599988937
133 4.02299976349
134 4.06300020218
135 4.0689997673
136 4.10900020599
137 4.14599990845
138 4.17999982834
139 4.19899988174
140 4.23699998856
141 4.26999998093
142 4.3109998703
143 4.35699987411
144 4.39300012589
145 4.43300008774
146 4.45499992371
147 4.4889998436
148 4.48199987411
149 4.52799987793
150 4.53999996185
151 4.1939997673
152 4.29400014877
153 4.53000020981
154 3.27800011635
155 3.39700007439
156 4.70200014114
157 4.59299993515
158 4.5529999733
159 4.80100011826
160 4.83300018311
161 4.85599994659
162 4.89799976349
163 4.9310002327
164 4.96299982071
165 4.98600006104
166 5.02099990845
167 5.04300022125
168 3.132999897
169 3.21900010109
170 3.35899996758
171 4.11299991608
172 4.91499996185
173 4.867000103
174 4.83799982071
175 4.82999992371
176 4.80700016022
177 4.80900001526
178 4.83300018311
179 4.84700012207
180 4.87300014496
181 4.90299987793
182 4.80999994278
183 5.33799982071
184 5.45200014114
185 5.48600006104
186 5.50199985504
187 5.50699996948
188 4.59399986267
189 4.58699989319
190 5.57000017166
191 5.59600019455
192 3.65199995041
193 3.52699995041
194 4.05800008774
195 4.02899980545
196 5.67700004578
197 5.71000003815
198 5.73099994659
199 2.06399989128
200 2.03600001335
201 2.03099989891
202 2.03099989891
203 2.01300001144
204 2.007999897
205 2.02500009537
206 2.02699995041
207 2.0150001049
208 2.01699995995
209 2.01399993896
210 1.9960000515
211 2.0039999485
212 2.00300002098
213 2.0
214 2.02500009537
215 2.00999999046
216 2.01699995995
217 2.02600002289
218 2.04600000381
219 2.26099991798
220 2.49000000954
221 2.48900008202
222 2.3900001049
223 2.3180000782
224 2.27800011635
225 2.29200005531
226 2.27600002289
227 2.2650001049
228 2.23099994659
229 2.25999999046
230 2.27399992943
231 2.30599999428
232 2.27900004387
233 2.27200007439
234 2.30200004578
235 2.3180000782
236 2.34299993515
237 2.47199988365
238 2.51900005341
239 2.50099992752
240 6.24100017548
241 6.23099994659
242 6.22399997711
243 6.22700023651
244 6.22599983215
245 6.23699998856
246 6.23199987411
247 6.21999979019
248 6.22499990463
249 6.23699998856
250 6.2389998436
251 6.25400018692
252 6.26700019836
253 6.27899980545
254 6.26399993896
255 6.27699995041
256 6.26999998093
257 6.257999897
258 6.23500013351
259 6.2610001564
260 6.22700023651
261 6.24100017548
262 6.22200012207
263 6.21000003815
264 6.23000001907
265 6.20699977875
266 6.22200012207
267 6.23000001907
268 6.20900011063
269 6.20499992371
270 6.20699977875
271 6.23299980164
272 6.21899986267
273 6.12400007248
274 5.83599996567
275 5.77799987793
276 5.75899982452
277 5.742000103
278 5.72499990463
279 5.71799993515
280 5.75099992752
281 5.75500011444
282 5.80700016022
283 5.9439997673
284 6.06500005722
285 6.07100009918
286 6.05000019073
287 6.05900001526
288 6.04799985886
289 6.05999994278
290 6.02099990845
291 6.01499986649
292 5.97800016403
293 5.97100019455
294 5.94099998474
295 5.92600011826
296 5.91699981689
297 5.90899991989
298 5.88000011444
299 5.86800003052
300 5.84999990463
301 5.83799982071
302 5.82999992371
303 5.82399988174
304 5.79600000381
305 5.78800010681
306 5.78999996185
307 5.77299976349
308 5.73199987411
309 5.72900009155
310 5.69000005722
311 5.67199993134
312 5.63899993896
313 5.61100006104
314 5.59200000763
315 5.58500003815
316 5.5640001297
317 5.53599977493
318 5.52600002289
319 5.33500003815
320 5.09800004959
321 5.46099996567
322 5.45100021362
323 5.41699981689
324 5.40799999237
325 5.39099979401
326 5.36000013351
327 5.32700014114
328 5.29199981689
329 4.35799980164
330 4.03800010681
331 4.1139998436
332 5.02299976349
333 5.16900014877
334 5.14099979401
335 5.11600017548
336 5.08699989319
337 5.0609998703
338 5.04199981689
339 5.02699995041
340 4.94199991226
341 4.81300020218
342 4.95200014114
343 4.92700004578
344 4.90299987793
345 4.86299991608
346 4.82899999619
347 4.6970000267
348 4.5560002327
349 4.73099994659
350 4.70200014114
351 4.68400001526
352 4.64200019836
353 4.61100006104
354 4.58400011063
355 4.54600000381
356 4.31199979782
357 4.35599994659
358 4.49800014496
359 4.46899986267
360 4.42899990082
361 4.42100000381
362 4.38999986649
363 4.33300018311
364 4.29199981689
365 4.27099990845
366 4.24399995804
367 4.20499992371
368 4.17000007629
369 4.12799978256
370 4.10699987411
371 4.07899999619
372 4.03800010681
373 3.99900007248
374 3.9960000515
375 3.9430000782
376 3.92899990082
377 3.91000008583
378 3.86899995804
379 3.83100008965
380 3.83200001717
381 3.70399999619
382 3.63899993896
383 3.59999990463
384 3.56699991226
385 3.52500009537
386 3.47900009155
387 3.46499991417
388 3.43400001526
389 3.39499998093
390 3.367000103
391 3.33800005913
392 3.30200004578
393 3.27900004387
394 3.24699997902
395 3.26300001144
396 3.29600000381
397 3.33899998665
398 3.35100007057
399 3.39800000191
400 3.4430000782
401 3.47699999809
402 3.51600003242
403 3.54800009727
404 3.60299992561
405 3.63700008392
406 3.6779999733
407 3.72399997711
408 3.73900008202
409 3.78500008583
410 3.82399988174
411 3.85899996758
412 3.93899989128
413 3.99300003052
414 4.05999994278
415 4.12799978256
416 4.17899990082
417 4.23299980164
418 4.28900003433
419 4.35900020599
420 4.44000005722
421 4.52600002289
422 4.59999990463
423 4.65799999237
424 4.71899986267
425 4.81699991226
426 4.89900016785
427 5.0110001564
428 5.11299991608
429 5.21000003815
430 5.31199979782
431 5.40500020981
432 5.51700019836
433 5.64499998093
434 5.76000022888
435 5.875
436 6.01800012589
437 6.16499996185
438 6.30399990082
439 6.47200012207
440 6.49499988556
441 6.60599994659
442 6.42999982834
443 3.07999992371
444 3.05500006676
445 3.02500009537
446 3.0490000248
447 3.02800011635
448 3.007999897
449 3.00500011444
450 3.00500011444
451 3.00099992752
452 2.98399996758
453 2.97799992561
454 2.99000000954
455 2.97000002861
456 2.96900010109
457 2.95199990273
458 2.95300006866
459 2.96300005913
460 2.93799996376
461 2.9509999752
462 2.93099999428
463 2.95199990273
464 2.95199990273
465 2.92700004578
466 2.92000007629
467 2.94099998474
468 2.9319999218
469 2.90799999237
470 2.65100002289
471 2.61999988556
472 2.63599991798
473 2.64299988747
474 0.948000013828
475 0.702000021935
476 0.705999970436
477 0.921000003815
478 1.47200000286
479 1.24199998379
480 1.18099999428
481 1.17200005054
482 1.14499998093
483 1.13399994373
484 1.16100001335
485 1.13800001144
486 1.14499998093
487 1.12999999523
488 1.13999998569
489 1.14800000191
490 1.18099999428
491 1.19099998474
492 1.2840000391
493 1.55700004101
494 1.51600003242
495 1.26300001144
496 1.14400005341
497 1.12399995327
498 1.10000002384
499 1.09899997711
500 1.08899998665
501 1.06299996376
502 1.07000005245
503 1.06500005722
504 1.0720000267
505 1.0759999752
506 1.09300005436
507 1.0759999752
508 1.09700000286
509 1.09899997711
510 1.15400004387
511 1.3220000267
512 3.05999994278
513 3.06900000572
514 3.07399988174
515 3.09299993515
516 3.09100008011
517 3.09100008011
518 3.1210000515
519 3.12800002098
520 3.13100004196
521 3.125
522 3.15400004387
523 3.1779999733
524 0.931999981403
525 0.899999976158
526 0.912000000477
527 0.930999994278
528 3.04299998283
529 2.99099993706
530 2.93600010872
531 2.87800002098
532 2.83599996567
533 2.77300000191
534 2.72499990463
535 2.71700000763
536 2.95399999619
537 2.91199994087
538 0.0
539 0.0
540 0.0
