0 4.507999897
1 4.4310002327
2 4.44000005722
3 4.47399997711
4 4.51000022888
5 4.65000009537
6 4.67199993134
7 4.70399999619
8 4.74100017548
9 4.77199983597
10 4.79099988937
11 4.82899999619
12 4.86199998856
13 4.90100002289
14 4.92500019073
15 4.93200016022
16 4.83400011063
17 4.85300016403
18 4.882999897
19 4.96999979019
20 5.1360001564
21 5.18400001526
22 5.22399997711
23 5.26800012589
24 5.31199979782
25 5.34700012207
26 5.40100002289
27 5.45100021362
28 5.47800016403
29 5.5560002327
30 5.60300016403
31 5.64799976349
32 5.66900014877
33 0.0
34 17.1350002289
35 17.1329994202
36 17.1459999084
37 0.0
38 0.0
39 0.0
40 17.2290000916
41 17.1790008545
42 17.0569992065
43 17.0049991608
44 16.5219993591
45 16.5359992981
46 16.5109996796
47 13.1660003662
48 13.0769996643
49 12.3269996643
50 11.9469995499
51 11.5889997482
52 11.5909996033
53 11.6099996567
54 11.6190004349
55 11.3400001526
56 10.9809999466
57 10.4650001526
58 10.1120004654
59 8.32600021362
60 8.33899974823
61 8.19499969482
62 7.89499998093
63 7.62099981308
64 7.43699979782
65 7.23000001907
66 7.07000017166
67 6.88700008392
68 6.78800010681
69 6.77799987793
70 6.81199979782
71 6.8140001297
72 6.83900022507
73 6.875
74 6.79699993134
75 6.63899993896
76 1.69299995899
77 1.67499995232
78 1.68099999428
79 1.73599994183
80 5.22900009155
81 4.95599985123
82 4.85099983215
83 4.76399993896
84 4.68200016022
85 4.60699987411
86 4.53700017929
87 4.46999979019
88 4.41699981689
89 4.33400011063
90 4.2610001564
91 4.21600008011
92 4.15999984741
93 4.09100008011
94 4.03399991989
95 3.98200011253
96 3.92700004578
97 3.89299988747
98 3.85199999809
99 3.79399991035
100 3.77099990845
101 3.79099988937
102 3.82399988174
103 3.82899999619
104 3.88000011444
105 3.88899993896
106 3.94600009918
107 3.9470000267
108 3.91599988937
109 3.882999897
110 3.83299994469
111 3.8029999733
112 3.76399993896
113 3.73799991608
114 3.68099999428
115 3.66100001335
116 3.60599994659
117 3.59599995613
118 3.54999995232
119 3.53200006485
120 3.5
121 3.46600008011
122 3.4240000248
123 3.40599989891
124 3.40300011635
125 3.38800001144
126 3.42899990082
127 3.45399999619
128 3.49000000954
129 3.52999997139
130 3.55900001526
131 3.61599993706
132 3.66100001335
133 4.01900005341
134 4.0689997673
135 4.09200000763
136 4.12099981308
137 4.13500022888
138 4.1939997673
139 4.20499992371
140 4.25500011444
141 4.26900005341
142 4.31300020218
143 4.35699987411
144 4.39799976349
145 4.42600011826
146 4.46500015259
147 4.47499990463
148 4.5
149 4.53399991989
150 4.53200006485
151 4.20300006866
152 4.3060002327
153 4.60799980164
154 3.27200007439
155 3.39599990845
156 4.70200014114
157 4.59999990463
158 4.54799985886
159 4.80499982834
160 4.83799982071
161 4.867000103
162 4.88899993896
163 4.92700004578
164 4.95399999619
165 4.98999977112
166 5.01300001144
167 5.03499984741
168 3.13199996948
169 3.22000002861
170 3.36899995804
171 4.11800003052
172 4.91800022125
173 4.875
174 4.84600019455
175 4.83199977875
176 4.82499980927
177 4.83099985123
178 4.83599996567
179 4.84499979019
180 4.87400007248
181 4.88100004196
182 4.81699991226
183 5.29600000381
184 5.45599985123
185 5.47800016403
186 5.50299978256
187 5.49900007248
188 4.60200023651
189 4.58199977875
190 5.54600000381
191 5.60300016403
192 3.63000011444
193 3.50500011444
194 4.06199979782
195 4.03299999237
196 5.67299985886
197 5.71999979019
198 5.74300003052
199 2.07999992371
200 2.04399991035
201 2.02600002289
202 2.04500007629
203 2.03200006485
204 2.01099991798
205 2.01600003242
206 2.02600002289
207 2.02699995041
208 2.007999897
209 2.01900005341
210 2.0039999485
211 2.00099992752
212 2.00900006294
213 2.02300000191
214 2.01900005341
215 2.01799988747
216 2.02699995041
217 2.00500011444
218 2.02800011635
219 2.23200011253
220 2.45600008965
221 2.47399997711
222 2.37199997902
223 2.29600000381
224 2.27399992943
225 2.26900005341
226 2.27600002289
227 2.2460000515
228 2.25999999046
229 2.23900008202
230 2.27399992943
231 2.29299998283
232 2.27399992943
233 2.27500009537
234 2.2990000248
235 2.31500005722
236 2.34400010109
237 2.46499991417
238 2.52099990845
239 2.52999997139
240 6.21899986267
241 6.22800016403
242 6.22599983215
243 6.22399997711
244 6.24399995804
245 6.23199987411
246 6.22599983215
247 6.22100019455
248 6.21899986267
249 6.257999897
250 6.26200008392
251 6.25400018692
252 6.26499986649
253 6.25699996948
254 6.25600004196
255 6.28399991989
256 6.25199985504
257 6.24599981308
258 6.23400020599
259 6.25400018692
260 6.24599981308
261 6.24300003052
262 6.24300003052
263 6.23600006104
264 6.21299982071
265 6.1970000267
266 6.20399999619
267 6.21199989319
268 6.20900011063
269 6.20699977875
270 6.20599985123
271 6.23000001907
272 6.19999980927
273 6.12699985504
274 5.85300016403
275 5.77299976349
276 5.75500011444
277 5.73999977112
278 5.71099996567
279 5.71799993515
280 5.73600006104
281 5.76399993896
282 5.79799985886
283 5.94299983978
284 6.08699989319
285 6.09000015259
286 6.07600021362
287 6.05900001526
288 6.04500007629
289 6.04500007629
290 6.03800010681
291 6.01900005341
292 5.99700021744
293 5.97200012207
294 5.9470000267
295 5.93499994278
296 5.93400001526
297 5.90399980545
298 5.8860001564
299 5.875
300 5.8639998436
301 5.83599996567
302 5.83199977875
303 5.82600021362
304 5.80399990082
305 5.78100013733
306 5.76900005341
307 5.74900007248
308 5.74300003052
309 5.72399997711
310 5.67700004578
311 5.67100000381
312 5.63899993896
313 5.62599992752
314 5.61499977112
315 5.57000017166
316 5.54899978638
317 5.54799985886
318 5.51700019836
319 5.31199979782
320 5.09000015259
321 5.45200014114
322 5.44999980927
323 5.42899990082
324 5.39699983597
325 5.39799976349
326 5.36499977112
327 5.33300018311
328 5.29699993134
329 4.36000013351
330 4.05000019073
331 4.11299991608
332 5.01700019836
333 5.15899991989
334 5.12900018692
335 5.10900020599
336 5.09299993515
337 5.05900001526
338 5.04600000381
339 5.00899982452
340 4.95599985123
341 4.8189997673
342 4.95699977875
343 4.94299983978
344 4.89799976349
345 4.85799980164
346 4.82499980927
347 4.67999982834
348 4.5609998703
349 4.72300004959
350 4.69899988174
351 4.67700004578
352 4.65799999237
353 4.61899995804
354 4.59800004959
355 4.53999996185
356 4.29400014877
357 4.37099981308
358 4.48199987411
359 4.45800018311
360 4.42299985886
361 4.41599988937
362 4.39400005341
363 4.36100006104
364 4.32399988174
365 4.28900003433
366 4.24100017548
367 4.20300006866
368 4.17600011826
369 4.13500022888
370 4.11000013351
371 4.08400011063
372 4.05499982834
373 4.01999998093
374 3.97900009155
375 3.93600010872
376 3.91799998283
377 3.90000009537
378 3.86800003052
379 3.85100007057
380 3.81500005722
381 3.72499990463
382 3.61400008202
383 3.59899997711
384 3.56200003624
385 3.51200008392
386 3.47600007057
387 3.44899988174
388 3.42300009727
389 3.40499997139
390 3.367000103
391 3.34500002861
392 3.3029999733
393 3.28600001335
394 3.26999998093
395 3.27600002289
396 3.28999996185
397 3.33200001717
398 3.3599998951
399 3.40000009537
400 3.4279999733
401 3.47600007057
402 3.50500011444
403 3.54999995232
404 3.58899998665
405 3.64100003242
406 3.68499994278
407 3.70300006866
408 3.73600006104
409 3.78299999237
410 3.81699991226
411 3.87599992752
412 3.93099999428
413 3.98300004005
414 4.0560002327
415 4.117000103
416 4.16900014877
417 4.24700021744
418 4.3140001297
419 4.375
420 4.4279999733
421 4.50699996948
422 4.58799982071
423 4.66099977493
424 4.71899986267
425 4.82600021362
426 4.90000009537
427 5.01700019836
428 5.10200023651
429 5.21299982071
430 5.3029999733
431 5.42399978638
432 5.51900005341
433 5.64599990845
434 5.76000022888
435 5.89699983597
436 6.01800012589
437 6.16300010681
438 6.32700014114
439 6.47499990463
440 6.50099992752
441 6.61299991608
442 6.4279999733
443 3.08100008965
444 3.03699994087
445 3.04800009727
446 3.03900003433
447 3.03999996185
448 3.01699995995
449 3.01699995995
450 3.01300001144
451 2.98300004005
452 2.992000103
453 2.97499990463
454 2.98699998856
455 2.96300005913
456 2.95499992371
457 2.96399998665
458 2.97000002861
459 2.95600008965
460 2.93700003624
461 2.93000006676
462 2.93099999428
463 2.94199991226
464 2.92499995232
465 2.92700004578
466 2.92499995232
467 2.93700003624
468 2.91700005531
469 2.91799998283
470 2.65199995041
471 2.64700007439
472 2.62700009346
473 2.62599992752
474 0.938000023365
475 0.72000002861
476 0.693000018597
477 0.921000003815
478 1.34899997711
479 1.22899997234
480 1.20399999619
481 1.17900002003
482 1.15499997139
483 1.17299997807
484 1.14900004864
485 1.17299997807
486 1.14499998093
487 1.15400004387
488 1.1740000248
489 1.17700004578
490 1.18099999428
491 1.19599997997
492 1.33000004292
493 1.50300002098
494 1.25999999046
495 1.14699995518
496 1.10000002384
497 1.09000003338
498 1.08399999142
499 1.09500002861
500 1.06900000572
501 1.06799995899
502 1.07299995422
503 1.08000004292
504 1.07400000095
505 1.07099997997
506 1.08599996567
507 1.09200000763
508 1.10899996758
509 1.21099996567
510 1.1779999733
511 3.04299998283
512 3.03999996185
513 3.0720000267
514 3.0680000782
515 3.06599998474
516 3.07699990273
517 3.08800005913
518 3.11800003052
519 3.13199996948
520 3.11199998856
521 3.14599990845
522 3.16199994087
523 3.16899991035
524 0.930000007153
525 0.908999979496
526 0.907000005245
527 0.955999970436
528 3.03800010681
529 2.97799992561
530 2.9319999218
531 2.88400006294
532 2.81500005722
533 2.77399992943
534 2.742000103
535 2.71799993515
536 2.95300006866
537 2.90199995041
538 0.0
539 0.0
540 0.0
