0 4.50199985504
1 4.42299985886
2 4.44099998474
3 4.46099996567
4 4.53399991989
5 4.64400005341
6 4.66800022125
7 4.71500015259
8 4.7389998436
9 4.75
10 4.80200004578
11 4.81500005722
12 4.85200023651
13 4.88999986649
14 4.93499994278
15 4.9359998703
16 4.84299993515
17 4.84899997711
18 4.88000011444
19 4.95800018311
20 5.12799978256
21 5.18800020218
22 5.21999979019
23 5.27099990845
24 5.30999994278
25 5.35699987411
26 5.41300010681
27 5.45100021362
28 5.50299978256
29 5.52799987793
30 5.59299993515
31 5.63000011444
32 5.65700006485
33 0.0
34 17.1280002594
35 17.1439990997
36 17.1550006866
37 0.0
38 0.0
39 0.0
40 17.2259998322
41 17.1749992371
42 17.0480003357
43 17.0030002594
44 16.5240001678
45 16.531999588
46 16.5259990692
47 13.1529998779
48 13.0670003891
49 12.3170003891
50 11.9490003586
51 11.5729999542
52 11.5939998627
53 11.6359996796
54 11.6219997406
55 11.3439998627
56 10.9969997406
57 10.4429998398
58 10.0869998932
59 8.32699966431
60 8.34700012207
61 8.18200016022
62 7.91300010681
63 7.63800001144
64 7.44199991226
65 7.22700023651
66 7.04699993134
67 6.88999986649
68 6.79300022125
69 6.78000020981
70 6.80200004578
71 6.8140001297
72 6.84800004959
73 6.87300014496
74 6.79899978638
75 6.63199996948
76 1.70500004292
77 1.67700004578
78 1.67700004578
79 1.74199998379
80 5.22900009155
81 4.97800016403
82 4.86299991608
83 4.76200008392
84 4.67700004578
85 4.60300016403
86 4.54199981689
87 4.44500017166
88 4.40799999237
89 4.32899999619
90 4.28499984741
91 4.22499990463
92 4.16800022125
93 4.10900020599
94 4.01800012589
95 3.97000002861
96 3.94000005722
97 3.88400006294
98 3.83200001717
99 3.78699994087
100 3.76799988747
101 3.76900005341
102 3.82500004768
103 3.85100007057
104 3.86899995804
105 3.90799999237
106 3.93400001526
107 3.94499993324
108 3.9240000248
109 3.88100004196
110 3.84299993515
111 3.80800008774
112 3.77699995041
113 3.72499990463
114 3.67700004578
115 3.65300011635
116 3.6099998951
117 3.57999992371
118 3.56100010872
119 3.53200006485
120 3.50200009346
121 3.47399997711
122 3.43899989128
123 3.41100001335
124 3.39400005341
125 3.38100004196
126 3.4240000248
127 3.44400000572
128 3.48699998856
129 3.51300001144
130 3.55800008774
131 3.60299992561
132 3.66199994087
133 4.00199985504
134 4.05000019073
135 4.08799982071
136 4.11299991608
137 4.14499998093
138 4.19000005722
139 4.21899986267
140 4.23699998856
141 4.27699995041
142 4.30100011826
143 4.35099983215
144 4.38500022888
145 4.41499996185
146 4.45599985123
147 4.47499990463
148 4.50500011444
149 4.51900005341
150 4.52799987793
151 4.19299983978
152 4.29400014877
153 4.60300016403
154 3.25699996948
155 3.40000009537
156 4.70399999619
157 4.59899997711
158 4.55100011826
159 4.79699993134
160 4.8220000267
161 4.86299991608
162 4.89599990845
163 4.92199993134
164 4.96000003815
165 4.9889998436
166 5.00400018692
167 5.03599977493
168 3.16000008583
169 3.22099995613
170 3.36400008202
171 4.10500001907
172 4.90999984741
173 4.87300014496
174 4.85099983215
175 4.82800006866
176 4.80800008774
177 4.82100009918
178 4.8189997673
179 4.83799982071
180 4.86800003052
181 4.89900016785
182 4.8220000267
183 5.31199979782
184 5.46000003815
185 5.48099994659
186 5.50099992752
187 5.50899982452
188 4.60099983215
189 4.57499980927
190 5.55399990082
191 5.58900022507
192 3.625
193 3.52500009537
194 4.07700014114
195 4.03999996185
196 5.68300008774
197 5.70300006866
198 5.72300004959
199 2.07500004768
200 2.03600001335
201 2.0529999733
202 2.03699994087
203 2.01399993896
204 2.03099989891
205 2.01999998093
206 2.007999897
207 2.00699996948
208 2.00300002098
209 2.01799988747
210 2.02099990845
211 2.01600003242
212 1.9960000515
213 2.01799988747
214 2.00900006294
215 2.00200009346
216 1.99800002575
217 2.00500011444
218 2.01300001144
219 2.22699999809
220 2.48099994659
221 2.47300004959
222 2.36999988556
223 2.28800010681
224 2.27800011635
225 2.2650001049
226 2.26300001144
227 2.26200008392
228 2.24099993706
229 2.25699996948
230 2.29600000381
231 2.30100011826
232 2.2460000515
233 2.27699995041
234 2.28999996185
235 2.28800010681
236 2.33500003815
237 2.46600008011
238 2.52099990845
239 2.52600002289
240 6.22700023651
241 6.22700023651
242 6.21899986267
243 6.21700000763
244 6.22399997711
245 6.21400022507
246 6.22599983215
247 6.21899986267
248 6.25500011444
249 6.25299978256
250 6.23600006104
251 6.2610001564
252 6.26800012589
253 6.257999897
254 6.27799987793
255 6.26200008392
256 6.26499986649
257 6.26800012589
258 6.23500013351
259 6.24499988556
260 6.25
261 6.23099994659
262 6.23199987411
263 6.22399997711
264 6.20599985123
265 6.22200012207
266 6.23000001907
267 6.20399999619
268 6.20900011063
269 6.21500015259
270 6.21000003815
271 6.20599985123
272 6.20499992371
273 6.132999897
274 5.83300018311
275 5.79699993134
276 5.74900007248
277 5.72900009155
278 5.71700000763
279 5.72100019455
280 5.7389998436
281 5.75600004196
282 5.80000019073
283 5.95499992371
284 6.05999994278
285 6.08300018311
286 6.06699991226
287 6.05800008774
288 6.03800010681
289 6.03599977493
290 6.02600002289
291 6.01300001144
292 5.99800014496
293 5.97900009155
294 5.94299983978
295 5.92999982834
296 5.92100000381
297 5.89499998093
298 5.875
299 5.87900018692
300 5.85900020599
301 5.84399986267
302 5.83400011063
303 5.83099985123
304 5.79699993134
305 5.79099988937
306 5.76700019836
307 5.75400018692
308 5.73000001907
309 5.71099996567
310 5.69600009918
311 5.67100000381
312 5.65999984741
313 5.62400007248
314 5.60200023651
315 5.57899999619
316 5.55499982834
317 5.53900003433
318 5.50899982452
319 5.31699991226
320 5.09899997711
321 5.46000003815
322 5.44299983978
323 5.42500019073
324 5.40799999237
325 5.382999897
326 5.35599994659
327 5.32299995422
328 5.29099988937
329 4.36299991608
330 4.06199979782
331 4.09899997711
332 4.99499988556
333 5.15299987793
334 5.132999897
335 5.11600017548
336 5.08699989319
337 5.06599998474
338 5.03999996185
339 5.02299976349
340 4.94199991226
341 4.81699991226
342 4.95300006866
343 4.92999982834
344 4.90000009537
345 4.86999988556
346 4.83500003815
347 4.6890001297
348 4.55000019073
349 4.72200012207
350 4.71500015259
351 4.67000007629
352 4.64400005341
353 4.60599994659
354 4.57999992371
355 4.56699991226
356 4.31799983978
357 4.35099983215
358 4.46899986267
359 4.4470000267
360 4.44000005722
361 4.40500020981
362 4.382999897
363 4.35500001907
364 4.3220000267
365 4.28800010681
366 4.23400020599
367 4.21500015259
368 4.15600013733
369 4.12699985504
370 4.11100006104
371 4.0720000267
372 4.04799985886
373 4.02899980545
374 3.99399995804
375 3.9509999752
376 3.91899991035
377 3.88800001144
378 3.86299991608
379 3.84800004959
380 3.82699990273
381 3.70600008965
382 3.63400006294
383 3.59500002861
384 3.56200003624
385 3.53099989891
386 3.49099993706
387 3.45499992371
388 3.42499995232
389 3.39299988747
390 3.35800004005
391 3.33699989319
392 3.31200003624
393 3.29099988937
394 3.24399995804
395 3.26600003242
396 3.29699993134
397 3.30999994278
398 3.35400009155
399 3.38899993896
400 3.42300009727
401 3.47699999809
402 3.4960000515
403 3.55399990082
404 3.59400010109
405 3.63800001144
406 3.66499996185
407 3.71300005913
408 3.74000000954
409 3.78999996185
410 3.8220000267
411 3.86800003052
412 3.92199993134
413 3.98300004005
414 4.04099988937
415 4.11499977112
416 4.16699981689
417 4.24900007248
418 4.3140001297
419 4.37599992752
420 4.44999980927
421 4.49399995804
422 4.59100008011
423 4.66800022125
424 4.72599983215
425 4.8060002327
426 4.91699981689
427 5.00600004196
428 5.10500001907
429 5.21199989319
430 5.30100011826
431 5.40299987793
432 5.52500009537
433 5.63100004196
434 5.75
435 5.87699985504
436 6.00400018692
437 6.15299987793
438 6.30399990082
439 6.44999980927
440 6.49700021744
441 6.59600019455
442 6.48799991608
443 3.05500006676
444 3.03699994087
445 3.03900003433
446 3.03699994087
447 3.01399993896
448 3.00999999046
449 2.99399995804
450 3.00900006294
451 2.99799990654
452 2.97499990463
453 2.98000001907
454 2.97099995613
455 2.97499990463
456 2.96099996567
457 2.94799995422
458 2.94799995422
459 2.96199989319
460 2.94799995422
461 2.94199991226
462 2.9430000782
463 2.94000005722
464 2.93300008774
465 2.93400001526
466 2.9240000248
467 2.92499995232
468 2.92499995232
469 2.90599989891
470 2.66899991035
471 2.65300011635
472 2.63700008392
473 2.64299988747
474 0.945999979973
475 0.707000017166
476 0.699000000954
477 0.915000021458
478 1.24300003052
479 1.20000004768
480 1.17599999905
481 1.16400003433
482 1.13199996948
483 1.15299999714
484 1.15600001812
485 1.14499998093
486 1.1590000391
487 1.13199996948
488 1.14499998093
489 1.16600000858
490 1.17900002003
491 1.23000001907
492 1.40499997139
493 2.94000005722
494 1.30799996853
495 1.1629999876
496 1.13699996471
497 1.10500001907
498 1.11600005627
499 1.10599994659
500 1.10699999332
501 1.08299994469
502 1.08399999142
503 1.06799995899
504 1.08899998665
505 1.10099995136
506 1.08500003815
507 1.11600005627
508 1.10500001907
509 1.11500000954
510 1.2539999485
511 3.05800008774
512 3.04099988937
513 3.06900000572
514 3.07299995422
515 3.06699991226
516 3.09699988365
517 3.10700011253
518 3.10400009155
519 3.13199996948
520 3.117000103
521 3.13100004196
522 3.16100001335
523 3.17499995232
524 0.916000008583
525 0.913999974728
526 0.911000013351
527 0.944000005722
528 3.03500008583
529 2.96799993515
530 2.92300009727
531 2.87700009346
532 2.82899999619
533 2.77999997139
534 2.73600006104
535 2.70900011063
536 2.95700001717
537 2.90499997139
538 0.0
539 0.0
540 0.0
