0 4.50600004196
1 4.43499994278
2 4.45200014114
3 4.46700000763
4 4.51999998093
5 4.65600013733
6 4.68400001526
7 4.70200014114
8 4.72399997711
9 4.76300001144
10 4.8029999733
11 4.82100009918
12 4.85699987411
13 4.89499998093
14 4.91499996185
15 4.93300008774
16 4.83099985123
17 4.84700012207
18 4.87400007248
19 4.95800018311
20 5.15000009537
21 5.17600011826
22 5.23000001907
23 5.26800012589
24 5.31300020218
25 5.35400009155
26 5.39900016785
27 5.44600009918
28 5.49399995804
29 5.54099988937
30 5.57899999619
31 5.63899993896
32 5.65199995041
33 0.0
34 17.1660003662
35 17.1520004272
36 17.1520004272
37 0.0
38 0.0
39 0.0
40 17.2240009308
41 17.1590003967
42 17.0650005341
43 17.0030002594
44 16.5189990997
45 16.5359992981
46 16.5109996796
47 13.1680002213
48 13.1120004654
49 12.3369998932
50 11.9589996338
51 11.5819997787
52 11.6059999466
53 11.6339998245
54 11.6190004349
55 11.3479995728
56 10.9930000305
57 10.454000473
58 10.1210002899
59 8.32900047302
60 8.34899997711
61 8.19699954987
62 7.91699981689
63 7.63500022888
64 7.44600009918
65 7.25199985504
66 7.06199979782
67 6.90000009537
68 6.79199981689
69 6.78399991989
70 6.8060002327
71 6.83799982071
72 6.85300016403
73 6.86499977112
74 6.78499984741
75 6.63999986649
76 1.68700003624
77 1.67200005054
78 1.69099998474
79 1.75100004673
80 5.24700021744
81 4.96199989319
82 4.84800004959
83 4.77600002289
84 4.68800020218
85 4.58300018311
86 4.52199983597
87 4.48000001907
88 4.40799999237
89 4.32800006866
90 4.27400016785
91 4.21799993515
92 4.14599990845
93 4.07899999619
94 4.01999998093
95 3.98600006104
96 3.93899989128
97 3.89899992943
98 3.83299994469
99 3.80900001526
100 3.76399993896
101 3.78200006485
102 3.80800008774
103 3.83400011063
104 3.85800004005
105 3.91000008583
106 3.93899989128
107 3.96799993515
108 3.91100001335
109 3.87700009346
110 3.84200000763
111 3.80500006676
112 3.75
113 3.72000002861
114 3.68600010872
115 3.65799999237
116 3.62800002098
117 3.60100007057
118 3.57500004768
119 3.50900006294
120 3.50500011444
121 3.46900010109
122 3.44000005722
123 3.40599989891
124 3.40100002289
125 3.38599991798
126 3.42499995232
127 3.45000004768
128 3.49399995804
129 3.53600001335
130 3.56999993324
131 3.60100007057
132 3.65300011635
133 4.02600002289
134 4.03800010681
135 4.07700014114
136 4.13100004196
137 4.14699983597
138 4.16200017929
139 4.19899988174
140 4.24499988556
141 4.28700017929
142 4.31199979782
143 4.33900022507
144 4.39099979401
145 4.43300008774
146 4.46500015259
147 4.47200012207
148 4.50199985504
149 4.53399991989
150 4.53599977493
151 4.1859998703
152 4.30800008774
153 4.59000015259
154 3.27800011635
155 3.40100002289
156 4.71299982071
157 4.59499979019
158 4.5609998703
159 4.79799985886
160 4.82999992371
161 4.87300014496
162 4.89200019836
163 4.92199993134
164 4.96199989319
165 4.99100017548
166 5.01399993896
167 5.04199981689
168 3.13499999046
169 3.21099996567
170 3.35299992561
171 4.12099981308
172 4.90500020981
173 4.87799978256
174 4.84200000763
175 4.82600021362
176 4.83699989319
177 4.82899999619
178 4.83900022507
179 4.85200023651
180 4.87099981308
181 4.89400005341
182 4.8220000267
183 5.30100011826
184 5.46600008011
185 5.46899986267
186 5.49800014496
187 5.49499988556
188 4.60200023651
189 4.57000017166
190 5.5640001297
191 5.59499979019
192 3.64700007439
193 3.52099990845
194 4.06500005722
195 4.04199981689
196 5.66900014877
197 5.70300006866
198 5.72499990463
199 2.07100009918
200 2.05399990082
201 2.04099988937
202 2.02099990845
203 2.04399991035
204 2.01300001144
205 2.02500009537
206 2.02699995041
207 2.02300000191
208 2.02399992943
209 2.02699995041
210 2.01300001144
211 2.00999999046
212 2.01600003242
213 2.00600004196
214 2.01099991798
215 2.02099990845
216 2.01799988747
217 2.02099990845
218 2.03999996185
219 2.20499992371
220 2.48799991608
221 2.47399997711
222 2.37800002098
223 2.30200004578
224 2.28600001335
225 2.26900005341
226 2.26099991798
227 2.26900005341
228 2.24799990654
229 2.23900008202
230 2.28500008583
231 2.31299996376
232 2.25999999046
233 2.27300000191
234 2.28299999237
235 2.30999994278
236 2.33100008965
237 2.4470000267
238 2.52999997139
239 2.52200007439
240 6.23199987411
241 6.22499990463
242 6.23400020599
243 6.242000103
244 6.23799991608
245 6.23099994659
246 6.22800016403
247 6.21199989319
248 6.23999977112
249 6.26300001144
250 6.23299980164
251 6.257999897
252 6.27400016785
253 6.27600002289
254 6.28399991989
255 6.25699996948
256 6.27500009537
257 6.27099990845
258 6.26499986649
259 6.25600004196
260 6.24399995804
261 6.23099994659
262 6.24499988556
263 6.22700023651
264 6.19799995422
265 6.21600008011
266 6.20599985123
267 6.21799993515
268 6.21199989319
269 6.21000003815
270 6.23400020599
271 6.20499992371
272 6.20200014114
273 6.13000011444
274 5.84499979019
275 5.78299999237
276 5.7389998436
277 5.73699998856
278 5.71999979019
279 5.72800016403
280 5.73799991608
281 5.78100013733
282 5.79500007629
283 5.94899988174
284 6.09299993515
285 6.05999994278
286 6.07600021362
287 6.0640001297
288 6.05499982834
289 6.0560002327
290 6.03900003433
291 6.01200008392
292 5.9889998436
293 5.97800016403
294 5.94099998474
295 5.94099998474
296 5.9359998703
297 5.90600013733
298 5.88199996948
299 5.8860001564
300 5.86199998856
301 5.84999990463
302 5.84000015259
303 5.80700016022
304 5.80499982834
305 5.79799985886
306 5.79300022125
307 5.75600004196
308 5.74700021744
309 5.71000003815
310 5.69299983978
311 5.67199993134
312 5.64699983597
313 5.61000013351
314 5.60300016403
315 5.57999992371
316 5.56799983978
317 5.53399991989
318 5.52400016785
319 5.30399990082
320 5.08599996567
321 5.45699977875
322 5.44799995422
323 5.43300008774
324 5.40799999237
325 5.40000009537
326 5.36600017548
327 5.33300018311
328 5.29799985886
329 4.37300014496
330 4.03000020981
331 4.10599994659
332 5.00500011444
333 5.16300010681
334 5.14099979401
335 5.11800003052
336 5.08799982071
337 5.0689997673
338 5.04099988937
339 5.02199983597
340 4.95699977875
341 4.81599998474
342 4.94799995422
343 4.93699979782
344 4.91200017929
345 4.87599992752
346 4.83300018311
347 4.69899988174
348 4.54899978638
349 4.742000103
350 4.69999980927
351 4.67100000381
352 4.64200019836
353 4.62799978256
354 4.58500003815
355 4.5560002327
356 4.30499982834
357 4.34700012207
358 4.49399995804
359 4.47200012207
360 4.44600009918
361 4.41200017929
362 4.38899993896
363 4.34000015259
364 4.32999992371
365 4.28000020981
366 4.24499988556
367 4.20699977875
368 4.15399980545
369 4.13399982452
370 4.12099981308
371 4.07499980927
372 4.03299999237
373 3.99699997902
374 3.97000002861
375 3.94600009918
376 3.91899991035
377 3.91400003433
378 3.86400008202
379 3.86400008202
380 3.8220000267
381 3.7009999752
382 3.61899995804
383 3.58299994469
384 3.54699993134
385 3.52900004387
386 3.50999999046
387 3.46300005913
388 3.43000006676
389 3.39700007439
390 3.37400007248
391 3.32899999619
392 3.31599998474
393 3.26900005341
394 3.26200008392
395 3.25200009346
396 3.30100011826
397 3.32999992371
398 3.367000103
399 3.39599990845
400 3.43400001526
401 3.46600008011
402 3.52099990845
403 3.55599999428
404 3.60500001907
405 3.63499999046
406 3.68300008774
407 3.72300004959
408 3.74000000954
409 3.77500009537
410 3.82699990273
411 3.88400006294
412 3.93799996376
413 4.0
414 4.04799985886
415 4.1139998436
416 4.1810002327
417 4.22700023651
418 4.30399990082
419 4.37699985504
420 4.4470000267
421 4.50400018692
422 4.59899997711
423 4.65700006485
424 4.72200012207
425 4.80999994278
426 4.90199995041
427 5.01700019836
428 5.10900020599
429 5.21799993515
430 5.30700016022
431 5.42199993134
432 5.52799987793
433 5.63399982452
434 5.75699996948
435 5.88700008392
436 6.01700019836
437 6.17600011826
438 6.32399988174
439 6.47700023651
440 6.49599981308
441 6.60900020599
442 6.44199991226
443 3.05100011826
444 3.03999996185
445 3.02399992943
446 3.03600001335
447 3.03200006485
448 3.00999999046
449 3.01999998093
450 3.00300002098
451 3.0
452 2.98799991608
453 2.97300004959
454 2.97000002861
455 2.97499990463
456 2.97799992561
457 2.96300005913
458 2.95700001717
459 2.9509999752
460 2.94600009918
461 2.94400000572
462 2.94499993324
463 2.95000004768
464 2.93300008774
465 2.9319999218
466 2.94000005722
467 2.92499995232
468 2.92000007629
469 2.90599989891
470 2.65599989891
471 2.63599991798
472 2.63800001144
473 2.64499998093
474 0.948000013828
475 0.698000013828
476 0.703999996185
477 0.912000000477
478 1.42700004578
479 1.24800002575
480 1.18099999428
481 1.17100000381
482 1.13699996471
483 1.1590000391
484 1.14999997616
485 1.15100002289
486 1.13399994373
487 1.14699995518
488 1.15299999714
489 1.16199994087
490 1.15699994564
491 1.19000005722
492 1.29600000381
493 1.57400000095
494 1.52199995518
495 1.24800002575
496 1.14800000191
497 1.10899996758
498 1.11500000954
499 1.10599994659
500 1.0759999752
501 1.08299994469
502 1.09200000763
503 1.07899999619
504 1.0759999752
505 1.05499994755
506 1.08200001717
507 1.08500003815
508 1.09200000763
509 1.10300004482
510 1.14800000191
511 1.31900000572
512 3.07100009918
513 3.04999995232
514 3.06599998474
515 3.08899998665
516 3.09200000763
517 3.09899997711
518 3.1210000515
519 3.10299992561
520 3.12299990654
521 3.14899992943
522 3.15499997139
523 3.17700004578
524 0.922999978065
525 0.912999987602
526 0.903999984264
527 0.938000023365
528 3.04699993134
529 2.9849998951
530 2.92100000381
531 2.88700008392
532 2.83500003815
533 2.77699995041
534 2.73099994659
535 2.7009999752
536 2.94199991226
537 2.91700005531
538 0.0
539 0.0
540 0.0
