0 4.50099992752
1 4.41499996185
2 4.43499994278
3 4.46500015259
4 4.51599979401
5 4.64400005341
6 4.67199993134
7 4.69799995422
8 4.72100019455
9 4.75099992752
10 4.78800010681
11 4.81699991226
12 4.84999990463
13 4.89799976349
14 4.9359998703
15 4.90799999237
16 4.83599996567
17 4.83199977875
18 4.87699985504
19 4.96400022507
20 5.13800001144
21 5.18400001526
22 5.21999979019
23 5.257999897
24 5.30200004578
25 5.34100008011
26 5.40100002289
27 5.44600009918
28 5.50099992752
29 5.53900003433
30 5.58799982071
31 5.64200019836
32 5.67899990082
33 0.0
34 17.170999527
35 17.125
36 17.142999649
37 0.0
38 0.0
39 0.0
40 17.2310009003
41 17.1790008545
42 17.0669994354
43 17.0020008087
44 16.5149993896
45 16.5270004272
46 16.5109996796
47 13.1450004578
48 13.0710000992
49 12.3190002441
50 11.9399995804
51 11.5850000381
52 11.6000003815
53 11.6169996262
54 11.611000061
55 11.3319997787
56 10.9799995422
57 10.4490003586
58 10.0979995728
59 8.35700035095
60 8.32600021362
61 8.20300006866
62 7.92000007629
63 7.64099979401
64 7.44199991226
65 7.2389998436
66 7.04799985886
67 6.89799976349
68 6.78700017929
69 6.77899980545
70 6.80200004578
71 6.81300020218
72 6.83400011063
73 6.85799980164
74 6.77600002289
75 6.63100004196
76 1.67200005054
77 1.67200005054
78 1.66700005531
79 1.74399995804
80 5.24300003052
81 4.96999979019
82 4.84200000763
83 4.75600004196
84 4.66400003433
85 4.57000017166
86 4.53999996185
87 4.47100019455
88 4.41800022125
89 4.32899999619
90 4.27799987793
91 4.22200012207
92 4.16400003433
93 4.10900020599
94 4.02099990845
95 3.96499991417
96 3.91599988937
97 3.86599993706
98 3.83800005913
99 3.78800010681
100 3.76399993896
101 3.79399991035
102 3.82399988174
103 3.84200000763
104 3.85700011253
105 3.882999897
106 3.93000006676
107 3.95000004768
108 3.92000007629
109 3.88400006294
110 3.83200001717
111 3.79299998283
112 3.75900006294
113 3.72799992561
114 3.69499993324
115 3.66400003433
116 3.63000011444
117 3.59500002861
118 3.54399991035
119 3.52999997139
120 3.49699997902
121 3.46499991417
122 3.4319999218
123 3.40899991989
124 3.37800002098
125 3.39199995995
126 3.42700004578
127 3.4509999752
128 3.48099994659
129 3.52399992943
130 3.56500005722
131 3.60299992561
132 3.64599990845
133 4.00699996948
134 4.06300020218
135 4.09899997711
136 4.12099981308
137 4.13700008392
138 4.16200017929
139 4.20200014114
140 4.25
141 4.27500009537
142 4.31500005722
143 4.35699987411
144 4.38500022888
145 4.42999982834
146 4.45499992371
147 4.47300004959
148 4.5
149 4.52199983597
150 4.54699993134
151 4.18699979782
152 4.30800008774
153 4.61499977112
154 3.27099990845
155 3.39800000191
156 4.70300006866
157 4.59499979019
158 4.54400014877
159 4.79500007629
160 4.82499980927
161 4.86800003052
162 4.89099979401
163 4.92000007629
164 4.95200014114
165 4.98999977112
166 5.00899982452
167 5.03800010681
168 3.1400001049
169 3.20900011063
170 3.367000103
171 4.13000011444
172 4.92199993134
173 4.87900018692
174 4.84999990463
175 4.8220000267
176 4.80700016022
177 4.82399988174
178 4.82800006866
179 4.85300016403
180 4.86999988556
181 4.88999986649
182 4.81199979782
183 5.30499982834
184 5.45399999619
185 5.48000001907
186 5.48999977112
187 5.49499988556
188 4.59800004959
189 4.57800006866
190 5.55900001526
191 5.58799982071
192 3.63899993896
193 3.51600003242
194 4.0560002327
195 4.03700017929
196 5.67600011826
197 5.70499992371
198 5.7389998436
199 2.0720000267
200 2.04699993134
201 2.04099988937
202 2.01600003242
203 2.01200008392
204 2.007999897
205 2.01699995995
206 2.02500009537
207 2.0039999485
208 2.0150001049
209 2.02099990845
210 2.01799988747
211 2.007999897
212 2.01300001144
213 1.99500000477
214 2.01099991798
215 2.02300000191
216 2.01999998093
217 2.00200009346
218 2.03900003433
219 2.20499992371
220 2.46600008011
221 2.48300004005
222 2.37700009346
223 2.29099988937
224 2.28999996185
225 2.28800010681
226 2.26399993896
227 2.25600004196
228 2.21700000763
229 2.24399995804
230 2.27399992943
231 2.30100011826
232 2.25900006294
233 2.25600004196
234 2.26999998093
235 2.30200004578
236 2.32999992371
237 2.45000004768
238 2.52200007439
239 2.52099990845
240 6.22300004959
241 6.22700023651
242 6.23600006104
243 6.22399997711
244 6.22300004959
245 6.22700023651
246 6.21199989319
247 6.23400020599
248 6.23299980164
249 6.24700021744
250 6.25
251 6.25699996948
252 6.27299976349
253 6.25299978256
254 6.28299999237
255 6.24800014496
256 6.24900007248
257 6.24700021744
258 6.24499988556
259 6.23099994659
260 6.23999977112
261 6.24399995804
262 6.242000103
263 6.20399999619
264 6.21700000763
265 6.22399997711
266 6.21400022507
267 6.20800018311
268 6.21700000763
269 6.1970000267
270 6.21600008011
271 6.20699977875
272 6.20399999619
273 6.12300014496
274 5.83799982071
275 5.78200006485
276 5.72800016403
277 5.72700023651
278 5.71700000763
279 5.72700023651
280 5.73999977112
281 5.75400018692
282 5.79199981689
283 5.94199991226
284 6.06199979782
285 6.06500005722
286 6.0689997673
287 6.0560002327
288 6.05399990082
289 6.0529999733
290 6.02500009537
291 6.00400018692
292 5.99900007248
293 5.97300004959
294 5.94199991226
295 5.93800020218
296 5.92500019073
297 5.90399980545
298 5.87400007248
299 5.867000103
300 5.85099983215
301 5.84100008011
302 5.8109998703
303 5.79699993134
304 5.8029999733
305 5.78900003433
306 5.76900005341
307 5.77199983597
308 5.74800014496
309 5.71000003815
310 5.69000005722
311 5.65399980545
312 5.63899993896
313 5.61600017548
314 5.60099983215
315 5.56199979782
316 5.5609998703
317 5.53599977493
318 5.51399993896
319 5.32600021362
320 5.08599996567
321 5.44899988174
322 5.44299983978
323 5.41699981689
324 5.40999984741
325 5.38399982452
326 5.35900020599
327 5.33400011063
328 5.29500007629
329 4.35699987411
330 4.04600000381
331 4.10400009155
332 5.007999897
333 5.15999984741
334 5.13399982452
335 5.11000013351
336 5.08400011063
337 5.0720000267
338 5.03800010681
339 5.01800012589
340 4.94899988174
341 4.80399990082
342 4.94299983978
343 4.92999982834
344 4.89400005341
345 4.86299991608
346 4.82899999619
347 4.69999980927
348 4.54600000381
349 4.73099994659
350 4.70200014114
351 4.66200017929
352 4.6360001564
353 4.61199998856
354 4.5720000267
355 4.55000019073
356 4.28399991989
357 4.35099983215
358 4.48400020599
359 4.45900011063
360 4.4439997673
361 4.42100000381
362 4.39599990845
363 4.33599996567
364 4.30100011826
365 4.26300001144
366 4.23799991608
367 4.20499992371
368 4.16900014877
369 4.14400005341
370 4.11199998856
371 4.07800006866
372 4.03100013733
373 4.0
374 3.98600006104
375 3.94000005722
376 3.91599988937
377 3.90599989891
378 3.87299990654
379 3.83999991417
380 3.81900000572
381 3.71600008011
382 3.63100004196
383 3.58500003815
384 3.55200004578
385 3.53200006485
386 3.49799990654
387 3.45900011063
388 3.4240000248
389 3.40100002289
390 3.36999988556
391 3.3220000267
392 3.29699993134
393 3.26399993896
394 3.25500011444
395 3.2650001049
396 3.3029999733
397 3.33100008965
398 3.36299991608
399 3.39899992943
400 3.42700004578
401 3.47000002861
402 3.50900006294
403 3.54099988937
404 3.59699988365
405 3.64499998093
406 3.69000005722
407 3.70799994469
408 3.73300004005
409 3.77500009537
410 3.8259999752
411 3.88599991798
412 3.93700003624
413 3.99399995804
414 4.05900001526
415 4.10200023651
416 4.15700006485
417 4.22300004959
418 4.28900003433
419 4.36600017548
420 4.4470000267
421 4.52099990845
422 4.59100008011
423 4.65700006485
424 4.71799993515
425 4.8109998703
426 4.90799999237
427 5.00699996948
428 5.09800004959
429 5.21500015259
430 5.30999994278
431 5.41699981689
432 5.52899980545
433 5.64300012589
434 5.76599979401
435 5.88800001144
436 6.01599979401
437 6.15399980545
438 6.3220000267
439 6.47200012207
440 6.49700021744
441 6.60799980164
442 6.44000005722
443 3.07299995422
444 3.04600000381
445 3.04200005531
446 3.02300000191
447 3.02800011635
448 3.01699995995
449 3.01600003242
450 3.00200009346
451 3.00999999046
452 2.98600006104
453 2.99300003052
454 2.98600006104
455 2.97099995613
456 2.97199988365
457 2.95199990273
458 2.95199990273
459 2.95399999619
460 2.95399999619
461 2.93600010872
462 2.94000005722
463 2.93000006676
464 2.92899990082
465 2.91899991035
466 2.93499994278
467 2.91300010681
468 2.90100002289
469 2.90400004387
470 2.64499998093
471 2.632999897
472 2.63499999046
473 2.64299988747
474 0.950999975204
475 0.714999973774
476 0.716000020504
477 0.916999995708
478 1.42100000381
479 1.23500001431
480 1.15499997139
481 1.14400005341
482 1.16199994087
483 1.13699996471
484 1.15199995041
485 1.14999997616
486 1.12800002098
487 1.14800000191
488 1.14999997616
489 1.15199995041
490 1.17100000381
491 1.16700005531
492 1.28600001335
493 1.58299994469
494 1.4960000515
495 1.25199997425
496 1.13399994373
497 1.10899996758
498 1.10099995136
499 1.07299995422
500 1.0870000124
501 1.05400002003
502 1.07700002193
503 1.0870000124
504 1.06299996376
505 1.06900000572
506 1.0759999752
507 1.07099997997
508 1.06299996376
509 1.10099995136
510 1.14199995995
511 1.30999994278
512 3.03900003433
513 3.06999993324
514 3.06999993324
515 3.08400011063
516 3.10100007057
517 3.09200000763
518 3.09100008011
519 3.12299990654
520 3.13000011444
521 3.12400007248
522 3.14199995995
523 3.15100002289
524 0.922999978065
525 0.898000001907
526 0.907999992371
527 0.938000023365
528 3.03200006485
529 2.9849998951
530 2.91100001335
531 2.86299991608
532 2.81599998474
533 2.77800011635
534 2.73000001907
535 2.70499992371
536 2.94099998474
537 2.89899992943
538 0.0
539 0.0
540 0.0
