0 4.50699996948
1 4.44099998474
2 4.44299983978
3 4.46600008011
4 4.50899982452
5 4.65700006485
6 4.68200016022
7 4.69899988174
8 4.72700023651
9 4.75699996948
10 4.79600000381
11 4.82600021362
12 4.85200023651
13 4.89400005341
14 4.9310002327
15 4.92600011826
16 4.83799982071
17 4.84600019455
18 4.86999988556
19 4.95900011063
20 5.13399982452
21 5.18699979782
22 5.22900009155
23 5.27400016785
24 5.29799985886
25 5.35900020599
26 5.39599990845
27 5.44099998474
28 5.50099992752
29 5.54400014877
30 5.59999990463
31 5.632999897
32 5.66699981689
33 0.0
34 17.1520004272
35 17.1289997101
36 17.1299991608
37 0.0
38 0.0
39 0.0
40 17.2220001221
41 17.170999527
42 17.0680007935
43 16.9839992523
44 16.5219993591
45 16.5279998779
46 16.5200004578
47 13.1590003967
48 13.0780000687
49 12.3420000076
50 11.9709997177
51 11.595000267
52 11.6009998322
53 11.6289997101
54 11.625
55 11.329000473
56 11.0089998245
57 10.4580001831
58 10.1099996567
59 8.36100006104
60 8.33399963379
61 8.20600032806
62 7.91599988937
63 7.62900018692
64 7.44099998474
65 7.242000103
66 7.0640001297
67 6.90299987793
68 6.78000020981
69 6.78200006485
70 6.80900001526
71 6.81599998474
72 6.85400009155
73 6.85599994659
74 6.79099988937
75 6.62799978256
76 1.68599998951
77 1.66799998283
78 1.69099998474
79 1.73300004005
80 5.24399995804
81 4.97800016403
82 4.84200000763
83 4.757999897
84 4.67100000381
85 4.6139998436
86 4.54099988937
87 4.47599983215
88 4.40399980545
89 4.33400011063
90 4.2610001564
91 4.21400022507
92 4.17100000381
93 4.10200023651
94 4.04400014877
95 3.96799993515
96 3.9279999733
97 3.8900001049
98 3.84200000763
99 3.77900004387
100 3.7650001049
101 3.79200005531
102 3.8220000267
103 3.83500003815
104 3.87700009346
105 3.89299988747
106 3.9430000782
107 3.94199991226
108 3.91599988937
109 3.89400005341
110 3.84100008011
111 3.79999995232
112 3.75200009346
113 3.71300005913
114 3.69099998474
115 3.65599989891
116 3.63400006294
117 3.59800004959
118 3.5490000248
119 3.52600002289
120 3.49699997902
121 3.47499990463
122 3.4470000267
123 3.40199995041
124 3.39899992943
125 3.38700008392
126 3.42499995232
127 3.45300006866
128 3.48900008202
129 3.52399992943
130 3.56299996376
131 3.59800004959
132 3.66799998283
133 4.01200008392
134 4.06300020218
135 4.09600019455
136 4.125
137 4.14200019836
138 4.1890001297
139 4.19199991226
140 4.22800016403
141 4.28100013733
142 4.31799983978
143 4.35300016403
144 4.39200019836
145 4.42899990082
146 4.45699977875
147 4.48400020599
148 4.50600004196
149 4.52299976349
150 4.54099988937
151 4.18499994278
152 4.29400014877
153 0.0
154 3.27200007439
155 3.40000009537
156 4.70100021362
157 4.58699989319
158 4.55200004578
159 4.79899978638
160 4.83799982071
161 4.84899997711
162 4.89499998093
163 4.92500019073
164 4.95300006866
165 4.98500013351
166 5.0110001564
167 5.03700017929
168 3.15100002289
169 3.21499991417
170 3.36199998856
171 4.09700012207
172 4.91900014877
173 4.86999988556
174 4.84399986267
175 4.82499980927
176 4.81199979782
177 4.80800008774
178 4.83900022507
179 4.84499979019
180 4.875
181 4.90199995041
182 4.81300020218
183 5.3220000267
184 5.45800018311
185 5.47700023651
186 5.49900007248
187 5.50099992752
188 4.60099983215
189 4.58199977875
190 5.55999994278
191 5.59399986267
192 3.64599990845
193 3.51600003242
194 4.06500005722
195 4.03200006485
196 5.67700004578
197 5.69799995422
198 5.73299980164
199 2.08200001717
200 2.06500005722
201 2.02699995041
202 2.02500009537
203 2.01799988747
204 2.0150001049
205 2.0150001049
206 2.02399992943
207 2.007999897
208 2.01099991798
209 2.02099990845
210 2.00600004196
211 2.02500009537
212 2.00300002098
213 2.01399993896
214 2.00500011444
215 2.01300001144
216 2.02099990845
217 2.03299999237
218 2.02999997139
219 2.20300006866
220 2.47499990463
221 2.47600007057
222 2.36199998856
223 2.31200003624
224 2.27300000191
225 2.26900005341
226 2.25500011444
227 2.24799990654
228 2.26399993896
229 2.24099993706
230 2.27800011635
231 2.29699993134
232 2.25999999046
233 2.27099990845
234 2.26999998093
235 2.27999997139
236 2.33899998665
237 2.4509999752
238 2.51200008392
239 2.51999998093
240 6.22399997711
241 6.21999979019
242 6.22900009155
243 6.23999977112
244 6.21500015259
245 6.23299980164
246 6.21400022507
247 6.23699998856
248 6.23299980164
249 6.25699996948
250 6.26200008392
251 6.257999897
252 6.2610001564
253 6.26900005341
254 6.26599979401
255 6.27600002289
256 6.25699996948
257 6.25199985504
258 6.23999977112
259 6.25500011444
260 6.25199985504
261 6.23799991608
262 6.23799991608
263 6.22700023651
264 6.23099994659
265 6.21199989319
266 6.21400022507
267 6.19799995422
268 6.20499992371
269 6.20599985123
270 6.23099994659
271 6.22599983215
272 6.22300004959
273 6.12400007248
274 5.83300018311
275 5.78200006485
276 5.73699998856
277 5.73299980164
278 5.71500015259
279 5.72499990463
280 5.73999977112
281 5.77400016785
282 5.79799985886
283 5.94899988174
284 6.08300018311
285 6.08500003815
286 6.06699991226
287 6.06599998474
288 6.04699993134
289 6.03700017929
290 6.03000020981
291 6.00699996948
292 5.99100017548
293 5.99499988556
294 5.93699979782
295 5.9310002327
296 5.91200017929
297 5.90500020981
298 5.89900016785
299 5.86999988556
300 5.85799980164
301 5.83400011063
302 5.83699989319
303 5.80200004578
304 5.79600000381
305 5.79400014877
306 5.79099988937
307 5.76700019836
308 5.73099994659
309 5.71099996567
310 5.6890001297
311 5.67399978638
312 5.63199996948
313 5.63199996948
314 5.59999990463
315 5.58400011063
316 5.56199979782
317 5.52899980545
318 5.51399993896
319 5.33400011063
320 5.09000015259
321 5.44299983978
322 5.43200016022
323 5.42399978638
324 5.41499996185
325 5.37799978256
326 5.36000013351
327 5.3220000267
328 5.29099988937
329 4.3639998436
330 4.05000019073
331 4.13199996948
332 5.01900005341
333 5.16099977493
334 5.132999897
335 5.11199998856
336 5.08099985123
337 5.06799983978
338 5.03700017929
339 5.01700019836
340 4.95599985123
341 4.81199979782
342 4.95499992371
343 4.9310002327
344 4.89900016785
345 4.86199998856
346 4.83199977875
347 4.69600009918
348 4.55200004578
349 4.72399997711
350 4.69799995422
351 4.66800022125
352 4.64400005341
353 4.60500001907
354 4.58500003815
355 4.54500007629
356 4.31300020218
357 4.35099983215
358 4.49399995804
359 4.45599985123
360 4.4470000267
361 4.40899991989
362 4.39400005341
363 4.34499979019
364 4.3220000267
365 4.28100013733
366 4.24300003052
367 4.21400022507
368 4.18300008774
369 4.14599990845
370 4.09999990463
371 4.05499982834
372 4.03000020981
373 4.00299978256
374 3.99399995804
375 3.9430000782
376 3.91300010681
377 3.90599989891
378 3.88000011444
379 3.84800004959
380 3.82399988174
381 3.72099995613
382 3.63899993896
383 3.58400011063
384 3.56699991226
385 3.52200007439
386 3.49799990654
387 3.45900011063
388 3.41799998283
389 3.39700007439
390 3.36500000954
391 3.32800006866
392 3.31299996376
393 3.26200008392
394 3.26200008392
395 3.24900007248
396 3.30100011826
397 3.31699991226
398 3.37199997902
399 3.40100002289
400 3.4470000267
401 3.47699999809
402 3.51200008392
403 3.56299996376
404 3.59500002861
405 3.64700007439
406 3.68300008774
407 3.71000003815
408 3.74099993706
409 3.76600003242
410 3.82399988174
411 3.86400008202
412 3.9319999218
413 3.99699997902
414 4.06699991226
415 4.1139998436
416 4.17199993134
417 4.23000001907
418 4.28499984741
419 4.367000103
420 4.45100021362
421 4.51200008392
422 4.58599996567
423 4.65199995041
424 4.73699998856
425 4.81500005722
426 4.90799999237
427 5.007999897
428 5.10799980164
429 5.20100021362
430 5.31199979782
431 5.41599988937
432 5.53399991989
433 5.63500022888
434 5.77099990845
435 5.89200019836
436 6.02299976349
437 6.15500020981
438 6.3220000267
439 6.47499990463
440 6.49900007248
441 6.60099983215
442 6.47599983215
443 3.07299995422
444 3.03600001335
445 3.04200005531
446 3.01900005341
447 3.02399992943
448 3.02699995041
449 3.0
450 3.01399993896
451 2.98300004005
452 2.97900009155
453 2.98099994659
454 2.96199989319
455 2.96700000763
456 2.97900009155
457 2.97699999809
458 2.96499991417
459 2.95799994469
460 2.95700001717
461 2.93799996376
462 2.95000004768
463 2.9509999752
464 2.93099999428
465 2.92100000381
466 2.92600011826
467 2.92000007629
468 2.92600011826
469 2.90199995041
470 2.66700005531
471 2.6289999485
472 2.63499999046
473 2.64499998093
474 0.95300000906
475 0.704999983311
476 0.704999983311
477 0.915000021458
478 1.43499994278
479 1.25600004196
480 1.17900002003
481 1.18599998951
482 1.16499996185
483 1.16900002956
484 1.15600001812
485 1.15699994564
486 1.15199995041
487 1.15600001812
488 1.16999995708
489 1.17499995232
490 1.16199994087
491 1.16999995708
492 1.28999996185
493 1.53299999237
494 1.29999995232
495 1.15100002289
496 1.13600003719
497 1.11800003052
498 1.10300004482
499 1.07899999619
500 1.08399999142
501 1.10599994659
502 1.10099995136
503 1.08800005913
504 1.06700003147
505 1.0909999609
506 1.08399999142
507 1.08599996567
508 1.08800005913
509 1.14999997616
510 1.31099998951
511 3.06100010872
512 3.04299998283
513 3.04800009727
514 3.06599998474
515 3.09299993515
516 3.07999992371
517 3.1099998951
518 3.09699988365
519 3.12199997902
520 3.125
521 3.14299988747
522 3.15899991989
523 3.15300011635
524 0.927999973297
525 0.916000008583
526 0.917999982834
527 0.93900001049
528 3.04699993134
529 2.97499990463
530 2.93099999428
531 2.87700009346
532 2.81900000572
533 2.76799988747
534 2.72199988365
535 2.72099995613
536 2.94000005722
537 2.91100001335
538 0.0
539 0.0
540 0.0
