0 4.52299976349
1 4.42299985886
2 4.44899988174
3 4.44500017166
4 4.52600002289
5 4.63800001144
6 4.6779999733
7 4.71400022507
8 4.73299980164
9 4.75600004196
10 4.79400014877
11 4.8220000267
12 4.85099983215
13 4.88500022888
14 4.91200017929
15 4.92999982834
16 4.83500003815
17 4.85300016403
18 4.88399982452
19 4.95599985123
20 5.13999986649
21 5.17600011826
22 5.22399997711
23 5.26700019836
24 5.30800008774
25 5.36000013351
26 5.3860001564
27 5.45100021362
28 5.4889998436
29 5.54600000381
30 5.59299993515
31 5.62699985504
32 5.64799976349
33 0.0
34 17.1539993286
35 17.1369991302
36 17.1520004272
37 0.0
38 0.0
39 0.0
40 17.2220001221
41 17.1770000458
42 17.0799999237
43 16.9950008392
44 16.5279998779
45 16.5389995575
46 16.5130004883
47 13.1680002213
48 13.0719995499
49 12.3240003586
50 11.904999733
51 11.5810003281
52 11.5989999771
53 11.625
54 11.6149997711
55 11.3420000076
56 11.0030002594
57 10.4630002975
58 10.0939998627
59 8.32600021362
60 8.35400009155
61 8.19600009918
62 7.91800022125
63 7.63999986649
64 7.44299983978
65 7.242000103
66 7.06599998474
67 6.89799976349
68 6.78999996185
69 6.77400016785
70 6.78800010681
71 6.82600021362
72 6.84899997711
73 6.86800003052
74 6.80200004578
75 6.63899993896
76 1.68799996376
77 1.66900002956
78 1.68799996376
79 1.70200002193
80 5.22200012207
81 4.96299982071
82 4.85900020599
83 4.77799987793
84 4.67999982834
85 4.59700012207
86 4.52400016785
87 4.46899986267
88 4.40999984741
89 4.31500005722
90 4.26200008392
91 4.22200012207
92 4.15500020981
93 4.10599994659
94 4.01300001144
95 3.97600007057
96 3.94099998474
97 3.875
98 3.84500002861
99 3.77999997139
100 3.76699995995
101 3.77999997139
102 3.81299996376
103 3.84599995613
104 3.867000103
105 3.90199995041
106 3.95300006866
107 3.96300005913
108 3.92600011826
109 3.88000011444
110 3.84200000763
111 3.79699993134
112 3.76099991798
113 3.72499990463
114 3.67499995232
115 3.66400003433
116 3.61199998856
117 3.57899999619
118 3.56200003624
119 3.53200006485
120 3.50200009346
121 3.47499990463
122 3.43799996376
123 3.40300011635
124 3.39199995995
125 3.382999897
126 3.42499995232
127 3.44799995422
128 3.48699998856
129 3.53099989891
130 3.56999993324
131 3.61100006104
132 3.67199993134
133 4.00299978256
134 4.06300020218
135 4.07800006866
136 4.11999988556
137 4.14400005341
138 4.18499994278
139 4.21799993515
140 4.24399995804
141 4.28700017929
142 4.29300022125
143 4.33599996567
144 4.37799978256
145 4.41900014877
146 4.46799993515
147 4.48699998856
148 4.5
149 4.52500009537
150 4.53900003433
151 4.1859998703
152 4.28800010681
153 4.51800012589
154 3.25900006294
155 3.41400003433
156 4.72200012207
157 4.59399986267
158 4.5529999733
159 4.78700017929
160 4.82999992371
161 4.86000013351
162 4.87900018692
163 4.92299985886
164 4.95499992371
165 4.99300003052
166 5.01200008392
167 5.03800010681
168 3.15400004387
169 3.22199988365
170 3.36800003052
171 4.10500001907
172 4.91599988937
173 4.87599992752
174 4.84299993515
175 4.82299995422
176 4.8140001297
177 4.80999994278
178 4.83099985123
179 4.84399986267
180 4.87300014496
181 4.90299987793
182 4.8060002327
183 5.28999996185
184 5.45499992371
185 5.48000001907
186 5.49599981308
187 5.51399993896
188 4.60400009155
189 4.57800006866
190 5.54199981689
191 5.59000015259
192 3.63899993896
193 3.52399992943
194 4.06500005722
195 4.03000020981
196 5.68699979782
197 5.71500015259
198 5.71999979019
199 2.05999994278
200 2.0490000248
201 2.0529999733
202 2.03800010681
203 2.03600001335
204 2.02500009537
205 2.02800011635
206 2.02099990845
207 2.00900006294
208 2.02099990845
209 2.02800011635
210 2.0150001049
211 2.01999998093
212 2.02600002289
213 2.00999999046
214 2.0039999485
215 2.0
216 2.00200009346
217 2.01300001144
218 2.0490000248
219 2.22699999809
220 2.4849998951
221 2.49000000954
222 2.35800004005
223 2.29099988937
224 2.27800011635
225 2.27600002289
226 2.257999897
227 2.25900006294
228 2.257999897
229 2.25
230 2.29399991035
231 2.28900003433
232 2.26399993896
233 2.25900006294
234 2.28500008583
235 2.28200006485
236 2.33999991417
237 2.44499993324
238 2.52900004387
239 2.52500009537
240 6.24499988556
241 6.24900007248
242 6.23000001907
243 6.21999979019
244 6.22200012207
245 6.23099994659
246 6.22800016403
247 6.22100019455
248 6.25400018692
249 6.22700023651
250 6.25199985504
251 6.26399993896
252 6.26700019836
253 6.26499986649
254 6.27400016785
255 6.27899980545
256 6.24900007248
257 6.26200008392
258 6.24800014496
259 6.22399997711
260 6.23099994659
261 6.24100017548
262 6.23400020599
263 6.22700023651
264 6.21799993515
265 6.21600008011
266 6.21099996567
267 6.21199989319
268 6.20399999619
269 6.21000003815
270 6.21199989319
271 6.20599985123
272 6.21899986267
273 6.13800001144
274 5.86000013351
275 5.78299999237
276 5.76000022888
277 5.73699998856
278 5.71199989319
279 5.72300004959
280 5.73299980164
281 5.757999897
282 5.8109998703
283 5.93800020218
284 6.07000017166
285 6.07499980927
286 6.07700014114
287 6.0560002327
288 6.03599977493
289 6.03900003433
290 6.03299999237
291 6.01999998093
292 5.99599981308
293 5.96999979019
294 5.94500017166
295 5.92199993134
296 5.90700006485
297 5.90199995041
298 5.88899993896
299 5.87799978256
300 5.84899997711
301 5.84200000763
302 5.82800006866
303 5.81199979782
304 5.79300022125
305 5.77799987793
306 5.77799987793
307 5.76000022888
308 5.74499988556
309 5.71999979019
310 5.68800020218
311 5.65799999237
312 5.63999986649
313 5.63000011444
314 5.59700012207
315 5.56500005722
316 5.56500005722
317 5.53299999237
318 5.52199983597
319 5.30800008774
320 5.08300018311
321 5.44799995422
322 5.4470000267
323 5.43800020218
324 5.42100000381
325 5.38800001144
326 5.36000013351
327 5.33799982071
328 5.29500007629
329 4.35799980164
330 4.02699995041
331 4.10699987411
332 5.03200006485
333 5.16099977493
334 5.132999897
335 5.11600017548
336 5.08799982071
337 5.0689997673
338 5.03000020981
339 5.02400016785
340 4.94299983978
341 4.81500005722
342 4.94799995422
343 4.92999982834
344 4.8860001564
345 4.86999988556
346 4.82399988174
347 4.70900011063
348 4.54600000381
349 4.72399997711
350 4.71000003815
351 4.66699981689
352 4.65100002289
353 4.62200021744
354 4.58799982071
355 4.54899978638
356 4.30399990082
357 4.35599994659
358 4.47900009155
359 4.46099996567
360 4.4390001297
361 4.40000009537
362 4.37400007248
363 4.33400011063
364 4.29699993134
365 4.26999998093
366 4.25199985504
367 4.21199989319
368 4.16699981689
369 4.14200019836
370 4.12300014496
371 4.0689997673
372 4.05399990082
373 4.02600002289
374 3.98699998856
375 3.9430000782
376 3.92700004578
377 3.90899991989
378 3.87599992752
379 3.83800005913
380 3.83599996567
381 3.71300005913
382 3.632999897
383 3.58699989319
384 3.5529999733
385 3.52600002289
386 3.49300003052
387 3.45900011063
388 3.4279999733
389 3.3900001049
390 3.34999990463
391 3.33299994469
392 3.31299996376
393 3.27300000191
394 3.2460000515
395 3.25200009346
396 3.29200005531
397 3.33500003815
398 3.36299991608
399 3.39499998093
400 3.4430000782
401 3.47199988365
402 3.50500011444
403 3.54399991035
404 3.59100008011
405 3.64199995995
406 3.67600011826
407 3.71499991417
408 3.72799992561
409 3.78299999237
410 3.80999994278
411 3.88199996948
412 3.9319999218
413 3.98699998856
414 4.06199979782
415 4.12200021744
416 4.17399978638
417 4.24700021744
418 4.29400014877
419 4.36999988556
420 4.44600009918
421 4.51900005341
422 4.59100008011
423 4.66599988937
424 4.72399997711
425 4.8109998703
426 4.90600013733
427 5.00899982452
428 5.11199998856
429 5.21199989319
430 5.29899978638
431 5.41300010681
432 5.51900005341
433 5.65399980545
434 5.75600004196
435 5.88000011444
436 6.01800012589
437 6.16200017929
438 6.30800008774
439 6.47100019455
440 6.49599981308
441 6.60200023651
442 6.44799995422
443 3.05599999428
444 3.04399991035
445 3.04500007629
446 3.02900004387
447 3.01600003242
448 3.02600002289
449 3.00900006294
450 3.01399993896
451 3.00099992752
452 2.97600007057
453 2.98099994659
454 2.98099994659
455 2.98900008202
456 2.96199989319
457 2.95399999619
458 2.96099996567
459 2.94799995422
460 2.95300006866
461 2.93499994278
462 2.93400001526
463 2.93000006676
464 2.93099999428
465 2.9279999733
466 2.91400003433
467 2.91400003433
468 2.91199994087
469 2.90700006485
470 2.67100000381
471 2.6210000515
472 2.65000009537
473 2.64899992943
474 0.944000005722
475 0.695999979973
476 0.708000004292
477 0.915000021458
478 1.3370000124
479 1.22399997711
480 1.19500005245
481 1.1779999733
482 1.15999996662
483 1.1629999876
484 1.15199995041
485 1.14600002766
486 1.16400003433
487 1.1590000391
488 1.14999997616
489 1.17599999905
490 1.17999994755
491 1.1740000248
492 1.31799995899
493 1.36899995804
494 1.22300004959
495 1.13600003719
496 1.11300003529
497 1.11300003529
498 1.10300004482
499 1.09000003338
500 1.06799995899
501 1.06599998474
502 1.07299995422
503 1.08299994469
504 1.08200001717
505 1.05999994278
506 1.08000004292
507 1.08500003815
508 1.10800004005
509 1.22699999809
510 3.03900003433
511 3.06100010872
512 3.04500007629
513 3.0490000248
514 3.06999993324
515 3.08100008965
516 3.0759999752
517 3.10299992561
518 3.10500001907
519 3.10599994659
520 3.12299990654
521 3.15700006485
522 3.15799999237
523 3.15899991989
524 0.930999994278
525 0.915000021458
526 0.916000008583
527 0.938000023365
528 3.04500007629
529 2.97600007057
530 2.93400001526
531 2.87199997902
532 2.81500005722
533 2.76600003242
534 2.73000001907
535 2.70199990273
536 2.94400000572
537 2.91100001335
538 0.0
539 0.0
540 0.0
