0 4.50099992752
1 4.41800022125
2 4.44999980927
3 4.46999979019
4 4.53800010681
5 4.64799976349
6 4.67999982834
7 4.70800018311
8 4.72499990463
9 4.77400016785
10 4.80000019073
11 4.80900001526
12 4.86600017548
13 4.88700008392
14 4.91099977493
15 4.92700004578
16 4.84100008011
17 4.85500001907
18 4.882999897
19 4.96199989319
20 5.14499998093
21 5.17500019073
22 5.22700023651
23 5.26800012589
24 5.3060002327
25 5.34700012207
26 5.40199995041
27 5.44600009918
28 5.49399995804
29 5.54899978638
30 5.59800004959
31 5.6360001564
32 5.67700004578
33 0.0
34 17.1490001678
35 17.1359996796
36 17.1459999084
37 0.0
38 0.0
39 0.0
40 17.232000351
41 17.1690006256
42 17.0659999847
43 16.9979991913
44 16.5310001373
45 16.533000946
46 16.5060005188
47 13.154999733
48 13.0699996948
49 12.3409996033
50 11.9479999542
51 11.5889997482
52 11.607000351
53 11.6330003738
54 11.6180000305
55 11.3470001221
56 10.9919996262
57 10.4790000916
58 10.107000351
59 8.30000019073
60 8.32699966431
61 8.1829996109
62 7.89300012589
63 7.64099979401
64 7.4390001297
65 7.23299980164
66 7.06699991226
67 6.89499998093
68 6.78399991989
69 6.77099990845
70 6.81199979782
71 6.8140001297
72 6.85200023651
73 6.87099981308
74 6.79899978638
75 6.63199996948
76 1.68099999428
77 1.68599998951
78 1.69299995899
79 1.72300004959
80 5.22100019455
81 4.97599983215
82 4.85099983215
83 4.76900005341
84 4.68400001526
85 4.59899997711
86 4.53399991989
87 4.47300004959
88 4.40799999237
89 4.31699991226
90 4.27699995041
91 4.19799995422
92 4.15700006485
93 4.10300016403
94 4.03700017929
95 3.98200011253
96 3.93799996376
97 3.89700007439
98 3.84200000763
99 3.78699994087
100 3.76699995995
101 3.78099989891
102 3.82100009918
103 3.85199999809
104 3.87599992752
105 3.90599989891
106 3.93300008774
107 3.95499992371
108 3.9279999733
109 3.88499999046
110 3.84800004959
111 3.81200003624
112 3.75999999046
113 3.73699998856
114 3.69799995422
115 3.66000008583
116 3.62700009346
117 3.59599995613
118 3.56699991226
119 3.52999997139
120 3.48300004005
121 3.46499991417
122 3.44199991226
123 3.41700005531
124 3.40499997139
125 3.38400006294
126 3.4240000248
127 3.44799995422
128 3.49000000954
129 3.51900005341
130 3.56200003624
131 3.61100006104
132 3.66899991035
133 4.02099990845
134 4.0529999733
135 4.07600021362
136 4.10400009155
137 4.15999984741
138 4.15500020981
139 4.20699977875
140 4.24399995804
141 4.26900005341
142 4.3189997673
143 4.34700012207
144 4.3639998436
145 4.40399980545
146 4.45900011063
147 4.48699998856
148 4.51499986649
149 4.53599977493
150 4.53599977493
151 4.20300006866
152 4.28000020981
153 4.47599983215
154 3.26300001144
155 3.41000008583
156 4.72200012207
157 4.58199977875
158 4.54699993134
159 4.80499982834
160 4.82399988174
161 4.86199998856
162 4.88999986649
163 4.9279999733
164 4.96600008011
165 4.99800014496
166 5.02199983597
167 5.03399991989
168 3.16400003433
169 3.21900010109
170 3.367000103
171 4.09800004959
172 4.91699981689
173 4.875
174 4.84000015259
175 4.83599996567
176 4.8109998703
177 4.8140001297
178 4.83799982071
179 4.84899997711
180 4.86899995804
181 4.89400005341
182 4.82000017166
183 5.31300020218
184 5.44899988174
185 5.47399997711
186 5.5
187 5.51900005341
188 4.60099983215
189 4.56500005722
190 5.56300020218
191 5.59100008011
192 3.632999897
193 3.52800011635
194 4.06699991226
195 4.04400014877
196 5.67299985886
197 5.71500015259
198 5.72900009155
199 2.07699990273
200 2.04200005531
201 2.04999995232
202 2.03399991989
203 2.03399991989
204 2.02999997139
205 2.01600003242
206 2.00699996948
207 2.01699995995
208 2.02600002289
209 2.007999897
210 2.01300001144
211 1.99800002575
212 2.02600002289
213 2.02999997139
214 2.03200006485
215 2.01300001144
216 2.00200009346
217 2.01099991798
218 2.02099990845
219 2.22600007057
220 2.48200011253
221 2.48000001907
222 2.40199995041
223 2.3029999733
224 2.26200008392
225 2.27200007439
226 2.28200006485
227 2.25099992752
228 2.25600004196
229 2.24300003052
230 2.30399990082
231 2.3220000267
232 2.26699995995
233 2.27300000191
234 2.27200007439
235 2.28299999237
236 2.33699989319
237 2.45399999619
238 2.53099989891
239 2.52399992943
240 6.23299980164
241 6.23000001907
242 6.23400020599
243 6.23799991608
244 6.21600008011
245 6.23099994659
246 6.23500013351
247 6.23000001907
248 6.24599981308
249 6.257999897
250 6.26200008392
251 6.25099992752
252 6.25600004196
253 6.25400018692
254 6.27299976349
255 6.26700019836
256 6.26499986649
257 6.26300001144
258 6.25699996948
259 6.25099992752
260 6.21700000763
261 6.22200012207
262 6.21400022507
263 6.22499990463
264 6.22100019455
265 6.21700000763
266 6.23000001907
267 6.22499990463
268 6.20399999619
269 6.20300006866
270 6.22700023651
271 6.1970000267
272 6.21700000763
273 6.13800001144
274 5.83900022507
275 5.78599977493
276 5.75099992752
277 5.73500013351
278 5.73000001907
279 5.73000001907
280 5.7389998436
281 5.77099990845
282 5.80700016022
283 5.94999980927
284 6.08699989319
285 6.07999992371
286 6.05700016022
287 6.0560002327
288 6.0560002327
289 6.04199981689
290 6.03999996185
291 6.00299978256
292 5.99499988556
293 5.98000001907
294 5.96199989319
295 5.94099998474
296 5.91800022125
297 5.91699981689
298 5.88899993896
299 5.87200021744
300 5.87900018692
301 5.85500001907
302 5.83099985123
303 5.82899999619
304 5.80900001526
305 5.80700016022
306 5.77799987793
307 5.75099992752
308 5.73799991608
309 5.70900011063
310 5.69899988174
311 5.66599988937
312 5.64799976349
313 5.62599992752
314 5.59100008011
315 5.58300018311
316 5.5529999733
317 5.54400014877
318 5.51599979401
319 5.33400011063
320 5.09899997711
321 5.46299982071
322 5.43699979782
323 5.42899990082
324 5.41599988937
325 5.38800001144
326 5.36499977112
327 5.32700014114
328 5.30399990082
329 4.36899995804
330 4.02699995041
331 4.11100006104
332 5.01800012589
333 5.16800022125
334 5.132999897
335 5.11600017548
336 5.08400011063
337 5.06799983978
338 5.04400014877
339 5.02099990845
340 4.94799995422
341 4.80200004578
342 4.95900011063
343 4.93499994278
344 4.90899991989
345 4.87099981308
346 4.82299995422
347 4.68800020218
348 4.54199981689
349 4.73299980164
350 4.6970000267
351 4.66800022125
352 4.64799976349
353 4.59200000763
354 4.59000015259
355 4.57100009918
356 4.29199981689
357 4.35200023651
358 4.49300003052
359 4.45499992371
360 4.44600009918
361 4.39900016785
362 4.37900018692
363 4.35500001907
364 4.30999994278
365 4.28299999237
366 4.22200012207
367 4.1939997673
368 4.17399978638
369 4.14200019836
370 4.10900020599
371 4.05999994278
372 4.03599977493
373 4.02299976349
374 3.98699998856
375 3.94099998474
376 3.93499994278
377 3.91400003433
378 3.86400008202
379 3.84899997711
380 3.82800006866
381 3.71199989319
382 3.63800001144
383 3.59599995613
384 3.55999994278
385 3.52200007439
386 3.47699999809
387 3.46399998665
388 3.4279999733
389 3.40400004387
390 3.3710000515
391 3.32899999619
392 3.30900001526
393 3.28699994087
394 3.26200008392
395 3.26999998093
396 3.30200004578
397 3.31599998474
398 3.35400009155
399 3.40799999237
400 3.42499995232
401 3.47900009155
402 3.51799988747
403 3.54200005531
404 3.58500003815
405 3.64400005341
406 3.69000005722
407 3.71799993515
408 3.74099993706
409 3.78500008583
410 3.82500004768
411 3.867000103
412 3.92300009727
413 3.99099993706
414 4.05800008774
415 4.11800003052
416 4.1890001297
417 4.25299978256
418 4.29799985886
419 4.38399982452
420 4.43200016022
421 4.5110001564
422 4.59600019455
423 4.66200017929
424 4.73000001907
425 4.8109998703
426 4.90299987793
427 5.00500011444
428 5.10200023651
429 5.21999979019
430 5.30800008774
431 5.41800022125
432 5.52799987793
433 5.632999897
434 5.76300001144
435 5.89599990845
436 6.01200008392
437 6.15799999237
438 6.31300020218
439 6.46999979019
440 6.50699996948
441 6.60400009155
442 6.44899988174
443 3.07699990273
444 3.05399990082
445 3.02999997139
446 3.02699995041
447 3.01200008392
448 3.01900005341
449 2.992000103
450 3.00600004196
451 2.99300003052
452 2.99300003052
453 2.98699998856
454 2.97499990463
455 2.96600008011
456 2.96099996567
457 2.95499992371
458 2.94799995422
459 2.94600009918
460 2.9509999752
461 2.9470000267
462 2.93300008774
463 2.93300008774
464 2.95499992371
465 2.92199993134
466 2.92899990082
467 2.92000007629
468 2.91799998283
469 2.91400003433
470 2.66300010681
471 2.62700009346
472 2.62199997902
473 2.64199995995
474 0.954999983311
475 0.712999999523
476 0.703999996185
477 0.930999994278
478 1.46099996567
479 1.24899995327
480 1.16900002956
481 1.17100000381
482 1.15999996662
483 1.14900004864
484 1.13900005817
485 1.15299999714
486 1.14800000191
487 1.13699996471
488 1.14800000191
489 1.14699995518
490 1.15999996662
491 1.17700004578
492 1.2990000248
493 1.51199996471
494 1.54200005531
495 1.25499999523
496 1.13499999046
497 1.11800003052
498 1.09800004959
499 1.08800005913
500 1.09300005436
501 1.0759999752
502 1.06599998474
503 1.05700004101
504 1.0720000267
505 1.08200001717
506 1.05900001526
507 1.07400000095
508 1.08899998665
509 1.10199999809
510 1.13499999046
511 1.29400002956
512 3.05100011826
513 3.06100010872
514 3.05500006676
515 3.08400011063
516 3.09500002861
517 3.09400010109
518 3.11899995804
519 3.1289999485
520 3.12199997902
521 3.13800001144
522 3.15700006485
523 3.15400004387
524 0.933000028133
525 0.901000022888
526 0.907999992371
527 0.933000028133
528 3.04500007629
529 2.98699998856
530 2.93499994278
531 2.87700009346
532 2.81999993324
533 2.76900005341
534 2.72099995613
535 2.71900010109
536 2.94899988174
537 2.91300010681
538 0.0
539 0.0
540 0.0
