0 4.49700021744
1 4.4439997673
2 4.44799995422
3 4.47300004959
4 4.53399991989
5 4.65600013733
6 4.66699981689
7 4.6939997673
8 4.72200012207
9 4.76900005341
10 4.79500007629
11 4.8189997673
12 4.84700012207
13 4.89099979401
14 4.92999982834
15 4.92600011826
16 4.82899999619
17 4.84600019455
18 4.87699985504
19 4.96600008011
20 5.14300012589
21 5.1779999733
22 5.21199989319
23 5.257999897
24 5.30900001526
25 5.36199998856
26 5.39499998093
27 5.4439997673
28 5.49800014496
29 5.52400016785
30 5.59999990463
31 5.63800001144
32 5.65999984741
33 0.0
34 17.1520004272
35 17.1280002594
36 17.1499996185
37 0.0
38 0.0
39 0.0
40 17.232000351
41 17.1679992676
42 17.0709991455
43 16.9960002899
44 16.5109996796
45 16.5410003662
46 16.5209999084
47 13.1560001373
48 13.0550003052
49 12.3280000687
50 11.9510002136
51 11.5830001831
52 11.5959997177
53 11.6239995956
54 11.6079998016
55 11.3149995804
56 10.998000145
57 10.4499998093
58 10.0729999542
59 8.33699989319
60 8.32800006866
61 8.18999958038
62 7.90799999237
63 7.62099981308
64 7.43499994278
65 7.23000001907
66 7.0560002327
67 6.88899993896
68 6.78000020981
69 6.77799987793
70 6.79899978638
71 6.81300020218
72 6.84499979019
73 6.85699987411
74 6.79300022125
75 6.62900018692
76 1.68700003624
77 1.65999996662
78 1.67999994755
79 1.72300004959
80 5.22300004959
81 4.97700023651
82 4.84299993515
83 4.76200008392
84 4.6859998703
85 4.60699987411
86 4.54099988937
87 4.46999979019
88 4.40999984741
89 4.33699989319
90 4.26300001144
91 4.22100019455
92 4.16800022125
93 4.09700012207
94 4.02699995041
95 3.97799992561
96 3.93600010872
97 3.89100003242
98 3.85100007057
99 3.79200005531
100 3.75500011444
101 3.77500009537
102 3.80999994278
103 3.84899997711
104 3.8710000515
105 3.91499996185
106 3.93099999428
107 3.93600010872
108 3.91599988937
109 3.86100006104
110 3.84699988365
111 3.78399991989
112 3.74399995804
113 3.73000001907
114 3.68400001526
115 3.65899991989
116 3.62700009346
117 3.57999992371
118 3.55800008774
119 3.52300000191
120 3.49300003052
121 3.46000003815
122 3.42199993134
123 3.40499997139
124 3.39700007439
125 3.38899993896
126 3.42300009727
127 3.44199991226
128 3.49099993706
129 3.53500008583
130 3.56100010872
131 3.60400009155
132 3.66100001335
133 4.01200008392
134 4.05000019073
135 4.09299993515
136 4.117000103
137 4.14200019836
138 4.17100000381
139 4.22100019455
140 4.242000103
141 4.28800010681
142 4.30900001526
143 4.35099983215
144 4.38800001144
145 4.40399980545
146 4.45800018311
147 4.49100017548
148 4.49800014496
149 4.53499984741
150 4.52699995041
151 4.19500017166
152 4.30399990082
153 4.59399986267
154 3.27300000191
155 3.40799999237
156 4.70499992371
157 4.58799982071
158 4.5529999733
159 4.78800010681
160 4.84000015259
161 4.85300016403
162 4.88500022888
163 4.91900014877
164 4.96299982071
165 4.97800016403
166 5.0110001564
167 5.04300022125
168 3.11199998856
169 3.21799993515
170 3.35800004005
171 4.10099983215
172 4.90799999237
173 4.86499977112
174 4.84100008011
175 4.82700014114
176 4.82700014114
177 4.82700014114
178 4.82600021362
179 4.84200000763
180 4.85799980164
181 4.90000009537
182 4.81599998474
183 5.3189997673
184 5.45900011063
185 5.46999979019
186 5.49800014496
187 5.50600004196
188 4.58500003815
189 4.57700014114
190 5.55000019073
191 5.57899999619
192 3.63100004196
193 3.51399993896
194 4.0609998703
195 4.04300022125
196 5.69799995422
197 5.71700000763
198 5.73299980164
199 2.06399989128
200 2.03500008583
201 2.02600002289
202 2.01600003242
203 2.00900006294
204 2.01900005341
205 2.00900006294
206 2.02699995041
207 2.00699996948
208 2.02200007439
209 2.01999998093
210 2.00099992752
211 2.0
212 2.007999897
213 2.01900005341
214 2.01900005341
215 2.02300000191
216 2.00500011444
217 2.007999897
218 2.03699994087
219 2.22099995613
220 2.48000001907
221 2.46799993515
222 2.35599994659
223 2.3069999218
224 2.27600002289
225 2.27399992943
226 2.25200009346
227 2.22799992561
228 2.2349998951
229 2.24699997902
230 2.28299999237
231 2.2990000248
232 2.26799988747
233 2.2539999485
234 2.29299998283
235 2.2990000248
236 2.33100008965
237 2.45600008965
238 2.51399993896
239 2.51799988747
240 6.23199987411
241 6.23199987411
242 6.22399997711
243 6.22399997711
244 6.21799993515
245 6.21400022507
246 6.23600006104
247 6.25099992752
248 6.24900007248
249 6.24700021744
250 6.24599981308
251 6.26999998093
252 6.25500011444
253 6.27199983597
254 6.27299976349
255 6.25299978256
256 6.24399995804
257 6.26399993896
258 6.24900007248
259 6.25299978256
260 6.24399995804
261 6.23999977112
262 6.22700023651
263 6.23600006104
264 6.21000003815
265 6.20300006866
266 6.23000001907
267 6.21099996567
268 6.21299982071
269 6.23000001907
270 6.20699977875
271 6.20499992371
272 6.20599985123
273 6.14099979401
274 5.84399986267
275 5.77899980545
276 5.75500011444
277 5.71700000763
278 5.72900009155
279 5.71600008011
280 5.73699998856
281 5.757999897
282 5.79699993134
283 5.92899990082
284 6.07700014114
285 6.07299995422
286 6.05999994278
287 6.06300020218
288 6.0529999733
289 6.03800010681
290 6.03100013733
291 5.99599981308
292 5.97700023651
293 5.97200012207
294 5.96199989319
295 5.94199991226
296 5.92299985886
297 5.90600013733
298 5.88800001144
299 5.87200021744
300 5.86299991608
301 5.84800004959
302 5.82700014114
303 5.80999994278
304 5.81199979782
305 5.80000019073
306 5.78900003433
307 5.76300001144
308 5.73699998856
309 5.71500015259
310 5.69299983978
311 5.65700006485
312 5.64699983597
313 5.61999988556
314 5.59899997711
315 5.57600021362
316 5.5560002327
317 5.53499984741
318 5.52400016785
319 5.32399988174
320 5.10200023651
321 5.4390001297
322 5.44000005722
323 5.42700004578
324 5.41400003433
325 5.38199996948
326 5.35500001907
327 5.33199977875
328 5.29699993134
329 4.36199998856
330 4.04500007629
331 4.11299991608
332 5.00400018692
333 5.16699981689
334 5.13100004196
335 5.10900020599
336 5.09200000763
337 5.06300020218
338 5.03000020981
339 5.02299976349
340 4.93499994278
341 4.80900001526
342 4.94799995422
343 4.9279999733
344 4.89200019836
345 4.85699987411
346 4.83199977875
347 4.69999980927
348 4.56300020218
349 4.72599983215
350 4.69799995422
351 4.66900014877
352 4.64099979401
353 4.62599992752
354 4.58799982071
355 4.5529999733
356 4.3109998703
357 4.3639998436
358 4.48799991608
359 4.46700000763
360 4.41499996185
361 4.41599988937
362 4.375
363 4.33799982071
364 4.30800008774
365 4.27699995041
366 4.23799991608
367 4.21099996567
368 4.17500019073
369 4.14699983597
370 4.08699989319
371 4.08500003815
372 4.0529999733
373 4.02099990845
374 3.98699998856
375 3.95300006866
376 3.90799999237
377 3.89299988747
378 3.86500000954
379 3.84299993515
380 3.83299994469
381 3.71199989319
382 3.625
383 3.57899999619
384 3.5720000267
385 3.51799988747
386 3.48600006104
387 3.45499992371
388 3.41700005531
389 3.39700007439
390 3.35500001907
391 3.31699991226
392 3.29999995232
393 3.28299999237
394 3.23699998856
395 3.27099990845
396 3.27500009537
397 3.33500003815
398 3.36899995804
399 3.40300011635
400 3.4279999733
401 3.46199989319
402 3.51600003242
403 3.5529999733
404 3.58200001717
405 3.625
406 3.66499996185
407 3.70000004768
408 3.73600006104
409 3.76799988747
410 3.82500004768
411 3.86500000954
412 3.92700004578
413 3.97000002861
414 4.04799985886
415 4.13000011444
416 4.16499996185
417 4.23600006104
418 4.30100011826
419 4.38399982452
420 4.44099998474
421 4.51200008392
422 4.58799982071
423 4.64599990845
424 4.71500015259
425 4.80000019073
426 4.91599988937
427 5.00699996948
428 5.10900020599
429 5.19500017166
430 5.30399990082
431 5.42500019073
432 5.52199983597
433 5.64400005341
434 5.76200008392
435 5.89300012589
436 6.01800012589
437 6.16499996185
438 6.3140001297
439 6.47499990463
440 6.50500011444
441 6.60300016403
442 6.45300006866
443 3.06200003624
444 3.05399990082
445 3.03600001335
446 3.01300001144
447 3.01799988747
448 3.02800011635
449 3.00900006294
450 2.98900008202
451 2.99699997902
452 2.98099994659
453 2.98799991608
454 2.97499990463
455 2.97199988365
456 2.95799994469
457 2.94799995422
458 2.94400000572
459 2.94099998474
460 2.93300008774
461 2.95499992371
462 2.94499993324
463 2.9240000248
464 2.93400001526
465 2.91499996185
466 2.91700005531
467 2.92300009727
468 2.91199994087
469 2.90899991989
470 2.64700007439
471 2.64700007439
472 2.63700008392
473 2.64100003242
474 0.949999988079
475 0.694000005722
476 0.708000004292
477 0.910000026226
478 1.41100001335
479 1.25
480 1.15400004387
481 1.16199994087
482 1.14999997616
483 1.14699995518
484 1.14100003242
485 1.15100002289
486 1.14100003242
487 1.13199996948
488 1.13800001144
489 1.13499999046
490 1.15799999237
491 1.17599999905
492 1.28699994087
493 1.5759999752
494 1.48500001431
495 1.24399995804
496 1.11600005627
497 1.11500000954
498 1.10000002384
499 1.0720000267
500 1.07799994946
501 1.0759999752
502 1.07400000095
503 1.05499994755
504 1.05200004578
505 1.07299995422
506 1.08000004292
507 1.08299994469
508 1.06500005722
509 1.10199999809
510 1.15100002289
511 1.33099997044
512 3.03900003433
513 3.04800009727
514 3.05800008774
515 3.07299995422
516 3.09699988365
517 3.09299993515
518 3.09299993515
519 3.12400007248
520 3.12599992752
521 3.13899993896
522 3.14499998093
523 3.16700005531
524 0.926999986172
525 0.896000027657
526 0.90600001812
527 0.944000005722
528 3.04500007629
529 2.96700000763
530 2.93099999428
531 2.86500000954
532 2.82100009918
533 2.78299999237
534 2.73900008202
535 2.70399999619
536 2.9430000782
537 2.91899991035
538 0.0
539 0.0
540 0.0
