0 4.50400018692
1 4.44000005722
2 4.4359998703
3 4.45300006866
4 4.52799987793
5 4.64799976349
6 4.68400001526
7 4.69899988174
8 4.73199987411
9 4.77699995041
10 4.79099988937
11 4.84000015259
12 4.84800004959
13 4.89300012589
14 4.93499994278
15 4.94799995422
16 4.84399986267
17 4.83599996567
18 4.89400005341
19 4.96600008011
20 5.14599990845
21 5.17399978638
22 5.22700023651
23 5.26000022888
24 5.3029999733
25 5.34100008011
26 5.40500020981
27 5.45200014114
28 5.49399995804
29 5.55200004578
30 5.59600019455
31 5.63999986649
32 5.66599988937
33 0.0
34 17.158000946
35 17.1459999084
36 17.1509990692
37 0.0
38 0.0
39 0.0
40 17.2269992828
41 17.1669998169
42 17.0720005035
43 17.0109996796
44 16.5100002289
45 16.5279998779
46 16.5090007782
47 13.1479997635
48 13.0810003281
49 12.3240003586
50 11.9390001297
51 11.5889997482
52 11.6079998016
53 11.6309995651
54 11.6180000305
55 11.3470001221
56 10.9969997406
57 10.4650001526
58 10.1120004654
59 8.35999965668
60 8.35099983215
61 8.19400024414
62 7.91599988937
63 7.63500022888
64 7.44799995422
65 7.24499988556
66 7.0689997673
67 6.89799976349
68 6.79099988937
69 6.76399993896
70 6.80800008774
71 6.82100009918
72 6.83799982071
73 6.86299991608
74 6.78000020981
75 6.63700008392
76 1.69299995899
77 1.68599998951
78 1.69400000572
79 1.75
80 5.22599983215
81 4.96999979019
82 4.84600019455
83 4.76999998093
84 4.67199993134
85 4.59700012207
86 4.53000020981
87 4.46299982071
88 4.39099979401
89 4.32600021362
90 4.28599977493
91 4.22700023651
92 4.15700006485
93 4.09499979019
94 4.02500009537
95 3.97099995613
96 3.93700003624
97 3.89299988747
98 3.84500002861
99 3.80399990082
100 3.77699995041
101 3.78200006485
102 3.81399989128
103 3.83100008965
104 3.86199998856
105 3.90100002289
106 3.94199991226
107 3.94799995422
108 3.9319999218
109 3.89100003242
110 3.84200000763
111 3.80599999428
112 3.75300002098
113 3.73399996758
114 3.68000006676
115 3.65300011635
116 3.61299991608
117 3.59999990463
118 3.54600000381
119 3.53299999237
120 3.50699996948
121 3.46900010109
122 3.43799996376
123 3.40000009537
124 3.40499997139
125 3.39499998093
126 3.41599988937
127 3.44799995422
128 3.49699997902
129 3.51999998093
130 3.56999993324
131 3.61199998856
132 3.65000009537
133 4.01599979401
134 4.07299995422
135 4.08900022507
136 4.13100004196
137 4.15399980545
138 4.16499996185
139 4.19099998474
140 4.23999977112
141 4.28000020981
142 4.3140001297
143 4.35200023651
144 4.39300012589
145 4.42999982834
146 4.45800018311
147 4.47800016403
148 4.50400018692
149 4.53599977493
150 4.53800010681
151 4.19099998474
152 4.33099985123
153 4.61600017548
154 3.26699995995
155 3.40899991989
156 4.70499992371
157 4.59299993515
158 4.55100011826
159 4.8029999733
160 4.82000017166
161 4.86999988556
162 4.90399980545
163 4.91800022125
164 4.95300006866
165 4.98600006104
166 5.01499986649
167 5.03900003433
168 3.14599990845
169 3.21300005913
170 3.37400007248
171 4.10699987411
172 4.90399980545
173 4.86899995804
174 4.86199998856
175 4.82299995422
176 4.8140001297
177 4.81500005722
178 4.83300018311
179 4.85300016403
180 4.88000011444
181 4.90100002289
182 4.82499980927
183 5.31300020218
184 5.45399999619
185 5.48600006104
186 5.49300003052
187 5.50099992752
188 4.60099983215
189 4.57600021362
190 5.5720000267
191 5.59700012207
192 3.63599991798
193 3.51999998093
194 4.0640001297
195 4.02600002289
196 5.67399978638
197 5.69899988174
198 5.73999977112
199 2.08299994469
200 2.06599998474
201 2.03099989891
202 2.02200007439
203 2.01900005341
204 2.01799988747
205 2.03399991989
206 2.03299999237
207 2.02699995041
208 2.02600002289
209 2.00900006294
210 2.01900005341
211 2.02699995041
212 1.99800002575
213 2.0
214 2.01200008392
215 2.00900006294
216 2.02800011635
217 2.00999999046
218 2.00500011444
219 2.2009999752
220 2.47699999809
221 2.47099995613
222 2.37700009346
223 2.3029999733
224 2.28699994087
225 2.29299998283
226 2.28099989891
227 2.2650001049
228 2.22300004959
229 2.23699998856
230 2.3069999218
231 2.2990000248
232 2.26099991798
233 2.27699995041
234 2.28999996185
235 2.31500005722
236 2.34599995613
237 2.45399999619
238 2.51900005341
239 2.52300000191
240 6.23000001907
241 6.22800016403
242 6.22900009155
243 6.25500011444
244 6.24399995804
245 6.22399997711
246 6.22100019455
247 6.23199987411
248 6.24700021744
249 6.24900007248
250 6.26599979401
251 6.26700019836
252 6.27299976349
253 6.27799987793
254 6.28000020981
255 6.26000022888
256 6.24599981308
257 6.27299976349
258 6.24700021744
259 6.25
260 6.242000103
261 6.24100017548
262 6.242000103
263 6.22700023651
264 6.21000003815
265 6.21999979019
266 6.20800018311
267 6.21700000763
268 6.21400022507
269 6.20800018311
270 6.21000003815
271 6.23199987411
272 6.22200012207
273 6.13000011444
274 5.83799982071
275 5.78599977493
276 5.75899982452
277 5.74599981308
278 5.72399997711
279 5.73199987411
280 5.74100017548
281 5.77699995041
282 5.79099988937
283 5.95100021362
284 6.08500003815
285 6.08199977875
286 6.0609998703
287 6.07000017166
288 6.04400014877
289 6.04199981689
290 6.03200006485
291 6.0110001564
292 5.98799991608
293 5.98299980164
294 5.96899986267
295 5.93300008774
296 5.92600011826
297 5.91200017929
298 5.88199996948
299 5.88500022888
300 5.86199998856
301 5.85099983215
302 5.81599998474
303 5.81699991226
304 5.79899978638
305 5.80499982834
306 5.78299999237
307 5.77400016785
308 5.73699998856
309 5.72100019455
310 5.69000005722
311 5.67899990082
312 5.65100002289
313 5.6139998436
314 5.60900020599
315 5.57999992371
316 5.56799983978
317 5.53900003433
318 5.51499986649
319 5.31799983978
320 5.11800003052
321 5.4439997673
322 5.4470000267
323 5.4310002327
324 5.42199993134
325 5.38899993896
326 5.35300016403
327 5.32999992371
328 5.29500007629
329 4.35699987411
330 4.0560002327
331 4.11499977112
332 5.01399993896
333 5.16300010681
334 5.13500022888
335 5.1139998436
336 5.08300018311
337 5.06599998474
338 5.05000019073
339 5.02799987793
340 4.94999980927
341 4.80700016022
342 4.94999980927
343 4.9439997673
344 4.89300012589
345 4.87200021744
346 4.83099985123
347 4.70599985123
348 4.5689997673
349 4.73799991608
350 4.70599985123
351 4.68300008774
352 4.64699983597
353 4.61299991608
354 4.58799982071
355 4.55499982834
356 4.30999994278
357 4.35500001907
358 4.49399995804
359 4.45900011063
360 4.45300006866
361 4.39200019836
362 4.37200021744
363 4.35400009155
364 4.32899999619
365 4.27400016785
366 4.2389998436
367 4.21999979019
368 4.17899990082
369 4.1360001564
370 4.10099983215
371 4.05800008774
372 4.02799987793
373 4.02600002289
374 3.98699998856
375 3.95799994469
376 3.91199994087
377 3.91000008583
378 3.88599991798
379 3.84999990463
380 3.81599998474
381 3.70600008965
382 3.62299990654
383 3.58599996567
384 3.55800008774
385 3.54099988937
386 3.47600007057
387 3.45499992371
388 3.41300010681
389 3.3900001049
390 3.36599993706
391 3.32500004768
392 3.30100011826
393 3.28200006485
394 3.26099991798
395 3.26200008392
396 3.3029999733
397 3.32800006866
398 3.36999988556
399 3.40400004387
400 3.42499995232
401 3.46799993515
402 3.51699995995
403 3.5569999218
404 3.59500002861
405 3.625
406 3.66799998283
407 3.72000002861
408 3.73099994659
409 3.78099989891
410 3.83100008965
411 3.88800001144
412 3.93799996376
413 4.00299978256
414 4.0529999733
415 4.12300014496
416 4.15399980545
417 4.23699998856
418 4.3029999733
419 4.36999988556
420 4.42500019073
421 4.51999998093
422 4.59100008011
423 4.65899991989
424 4.72499990463
425 4.8060002327
426 4.91499996185
427 5.00500011444
428 5.11199998856
429 5.21299982071
430 5.31699991226
431 5.41800022125
432 5.51200008392
433 5.63700008392
434 5.76900005341
435 5.87400007248
436 6.01800012589
437 6.15700006485
438 6.32499980927
439 6.48099994659
440 6.48400020599
441 6.61999988556
442 6.40999984741
443 3.09400010109
444 3.03900003433
445 3.03900003433
446 3.02200007439
447 3.02500009537
448 3.0039999485
449 3.00099992752
450 2.99699997902
451 2.98600006104
452 2.99300003052
453 2.97799992561
454 2.9849998951
455 2.97099995613
456 2.98200011253
457 2.95300006866
458 2.95199990273
459 2.96499991417
460 2.95300006866
461 2.94899988174
462 2.9509999752
463 2.93300008774
464 2.94600009918
465 2.93400001526
466 2.93499994278
467 2.92300009727
468 2.90700006485
469 2.90799999237
470 2.65300011635
471 2.64199995995
472 2.62599992752
473 2.64800000191
474 0.955999970436
475 0.721000015736
476 0.699000000954
477 0.925000011921
478 1.44200003147
479 1.24000000954
480 1.16100001335
481 1.16499996185
482 1.15999996662
483 1.14199995995
484 1.15199995041
485 1.14999997616
486 1.14199995995
487 1.15600001812
488 1.14600002766
489 1.17700004578
490 1.15999996662
491 1.17700004578
492 1.28699994087
493 1.52999997139
494 1.53299999237
495 1.26100003719
496 1.12699997425
497 1.11399996281
498 1.09700000286
499 1.10099995136
500 1.08200001717
501 1.09399998188
502 1.07299995422
503 1.08099997044
504 1.06400001049
505 1.07500004768
506 1.09599995613
507 1.08399999142
508 1.0759999752
509 1.10199999809
510 1.14900004864
511 1.3029999733
512 3.06399989128
513 3.07399988174
514 3.06200003624
515 3.09800004959
516 3.09699988365
517 3.09599995613
518 3.10100007057
519 3.12599992752
520 3.12299990654
521 3.15000009537
522 3.14700007439
523 3.16899991035
524 0.939999997616
525 0.907000005245
526 0.912000000477
527 0.931999981403
528 3.04399991035
529 2.98000001907
530 2.92499995232
531 2.87299990654
532 2.82699990273
533 2.77900004387
534 2.72900009155
535 2.71000003815
536 2.9509999752
537 2.90400004387
538 0.0
539 0.0
540 0.0
