0 4.51700019836
1 4.44000005722
2 4.44600009918
3 4.47100019455
4 4.53200006485
5 4.65600013733
6 4.6810002327
7 4.70300006866
8 4.74399995804
9 4.76900005341
10 4.8060002327
11 4.8189997673
12 4.86100006104
13 4.88500022888
14 4.92500019073
15 4.9359998703
16 4.84800004959
17 4.84800004959
18 4.87300014496
19 4.96899986267
20 5.13500022888
21 5.18300008774
22 5.22599983215
23 5.27199983597
24 5.31799983978
25 5.35400009155
26 5.40999984741
27 5.45399999619
28 5.50500011444
29 5.53700017929
30 5.59800004959
31 5.65600013733
32 5.64099979401
33 0.0
34 17.1469993591
35 17.1499996185
36 17.1539993286
37 0.0
38 0.0
39 0.0
40 17.2380008698
41 17.1800003052
42 17.0669994354
43 17.0200004578
44 16.5380001068
45 16.5389995575
46 16.5219993591
47 13.1669998169
48 13.0889997482
49 12.3269996643
50 11.9390001297
51 11.5979995728
52 11.593000412
53 11.6350002289
54 11.6160001755
55 11.3489999771
56 11.0030002594
57 10.4519996643
58 10.1029996872
59 8.33500003815
60 8.34000015259
61 8.19999980927
62 7.92500019073
63 7.64099979401
64 7.45599985123
65 7.24900007248
66 7.07299995422
67 6.90199995041
68 6.78299999237
69 6.78800010681
70 6.8109998703
71 6.82499980927
72 6.86000013351
73 6.87300014496
74 6.78200006485
75 6.64699983597
76 1.68900001049
77 1.66799998283
78 1.68400001526
79 1.75300002098
80 5.23199987411
81 4.98199987411
82 4.875
83 4.76999998093
84 4.68800020218
85 4.617000103
86 4.54199981689
87 4.46600008011
88 4.40000009537
89 4.34200000763
90 4.29199981689
91 4.21600008011
92 4.16099977493
93 4.11499977112
94 4.03999996185
95 3.9960000515
96 3.91599988937
97 3.882999897
98 3.85400009155
99 3.80599999428
100 3.76999998093
101 3.79999995232
102 3.82999992371
103 3.84299993515
104 3.86400008202
105 3.8900001049
106 3.94400000572
107 3.95300006866
108 3.9279999733
109 3.89100003242
110 3.84599995613
111 3.79500007629
112 3.76600003242
113 3.72600007057
114 3.68099999428
115 3.64499998093
116 3.62299990654
117 3.60199999809
118 3.56699991226
119 3.52999997139
120 3.49900007248
121 3.47600007057
122 3.45000004768
123 3.42300009727
124 3.40400004387
125 3.39700007439
126 3.41700005531
127 3.45799994469
128 3.48099994659
129 3.53200006485
130 3.57100009918
131 3.61100006104
132 3.66799998283
133 4.01999998093
134 4.06300020218
135 4.09399986267
136 4.10599994659
137 4.16800022125
138 4.19000005722
139 4.21199989319
140 4.23099994659
141 4.27400016785
142 4.30800008774
143 4.35799980164
144 4.39699983597
145 4.4310002327
146 4.46999979019
147 4.47900009155
148 4.50899982452
149 4.52699995041
150 4.55000019073
151 4.19799995422
152 4.28399991989
153 4.61800003052
154 3.24900007248
155 3.42000007629
156 4.70800018311
157 4.60200023651
158 4.55100011826
159 4.79300022125
160 4.83699989319
161 4.86100006104
162 4.89499998093
163 4.92899990082
164 4.95100021362
165 5.00400018692
166 5.01700019836
167 5.03399991989
168 3.14400005341
169 3.22199988365
170 3.36899995804
171 4.12200021744
172 4.91699981689
173 4.867000103
174 4.85500001907
175 4.83199977875
176 4.81500005722
177 4.81300020218
178 4.83900022507
179 4.84899997711
180 4.88500022888
181 4.89900016785
182 4.83300018311
183 5.32800006866
184 5.48000001907
185 5.48699998856
186 5.50099992752
187 5.50299978256
188 4.59600019455
189 4.57700014114
190 5.55900001526
191 5.59499979019
192 3.63899993896
193 3.52900004387
194 4.07299995422
195 4.03800010681
196 5.67500019073
197 5.71000003815
198 5.73600006104
199 2.09200000763
200 2.06599998474
201 2.04600000381
202 2.02500009537
203 2.02200007439
204 2.03900003433
205 2.03900003433
206 2.02500009537
207 2.01399993896
208 2.02500009537
209 2.03500008583
210 2.03399991989
211 2.00300002098
212 2.00900006294
213 2.00300002098
214 2.01300001144
215 2.02300000191
216 2.02800011635
217 2.00699996948
218 2.03800010681
219 2.20499992371
220 2.46000003815
221 2.48900008202
222 2.40199995041
223 2.29500007629
224 2.28500008583
225 2.29600000381
226 2.27800011635
227 2.242000103
228 2.22600007057
229 2.26300001144
230 2.29200005531
231 2.29800009727
232 2.27300000191
233 2.26300001144
234 2.30599999428
235 2.28600001335
236 2.32100009918
237 2.45499992371
238 2.51900005341
239 2.53099989891
240 6.23600006104
241 6.24800014496
242 6.23000001907
243 6.23400020599
244 6.22599983215
245 6.24900007248
246 6.21799993515
247 6.25099992752
248 6.25299978256
249 6.24599981308
250 6.25600004196
251 6.26399993896
252 6.2610001564
253 6.28000020981
254 6.27199983597
255 6.25400018692
256 6.27899980545
257 6.24700021744
258 6.26000022888
259 6.24499988556
260 6.24900007248
261 6.24599981308
262 6.23400020599
263 6.22100019455
264 6.21600008011
265 6.23699998856
266 6.21500015259
267 6.20699977875
268 6.22300004959
269 6.23299980164
270 6.21700000763
271 6.21600008011
272 6.21400022507
273 6.12300014496
274 5.84700012207
275 5.80100011826
276 5.74300003052
277 5.74300003052
278 5.72200012207
279 5.73299980164
280 5.74499988556
281 5.75500011444
282 5.80900001526
283 5.95900011063
284 6.08599996567
285 6.07899999619
286 6.07499980927
287 6.07800006866
288 6.0560002327
289 6.0560002327
290 6.03800010681
291 6.00699996948
292 6.00500011444
293 5.96700000763
294 5.95200014114
295 5.9390001297
296 5.9310002327
297 5.91099977493
298 5.89099979401
299 5.88000011444
300 5.86199998856
301 5.85300016403
302 5.84299993515
303 5.82899999619
304 5.82499980927
305 5.80100011826
306 5.79600000381
307 5.75
308 5.75099992752
309 5.71999979019
310 5.6810002327
311 5.66599988937
312 5.64400005341
313 5.625
314 5.60900020599
315 5.57000017166
316 5.5640001297
317 5.53900003433
318 5.52400016785
319 5.32000017166
320 5.09999990463
321 5.46099996567
322 5.45800018311
323 5.44000005722
324 5.42399978638
325 5.38100004196
326 5.35900020599
327 5.33799982071
328 5.3109998703
329 4.36000013351
330 4.05499982834
331 4.11899995804
332 5.02199983597
333 5.15999984741
334 5.14200019836
335 5.11199998856
336 5.09200000763
337 5.07399988174
338 5.04600000381
339 5.02199983597
340 4.9439997673
341 4.81699991226
342 4.95699977875
343 4.94099998474
344 4.90500020981
345 4.875
346 4.84000015259
347 4.71999979019
348 4.56199979782
349 4.72700023651
350 4.69999980927
351 4.67000007629
352 4.65399980545
353 4.617000103
354 4.58500003815
355 4.57600021362
356 4.32800006866
357 4.37099981308
358 4.48999977112
359 4.44899988174
360 4.44000005722
361 4.40999984741
362 4.39499998093
363 4.36600017548
364 4.3189997673
365 4.29300022125
366 4.25400018692
367 4.20699977875
368 4.1810002327
369 4.13800001144
370 4.09600019455
371 4.06599998474
372 4.05000019073
373 4.01999998093
374 3.98399996758
375 3.96199989319
376 3.94799995422
377 3.90599989891
378 3.867000103
379 3.83500003815
380 3.8220000267
381 3.71700000763
382 3.64800000191
383 3.59899997711
384 3.56999993324
385 3.53299999237
386 3.49099993706
387 3.45799994469
388 3.42199993134
389 3.38800001144
390 3.36999988556
391 3.34100008011
392 3.31500005722
393 3.28999996185
394 3.25
395 3.25600004196
396 3.29800009727
397 3.33200001717
398 3.35599994659
399 3.40199995041
400 3.44199991226
401 3.48399996758
402 3.52099990845
403 3.56500005722
404 3.60599994659
405 3.632999897
406 3.66899991035
407 3.72300004959
408 3.74799990654
409 3.78600001335
410 3.82800006866
411 3.89700007439
412 3.93899989128
413 3.99799990654
414 4.0720000267
415 4.12200021744
416 4.17999982834
417 4.24700021744
418 4.31199979782
419 4.37699985504
420 4.42899990082
421 4.49900007248
422 4.59999990463
423 4.65199995041
424 4.72499990463
425 4.81300020218
426 4.92500019073
427 5.00199985504
428 5.11600017548
429 5.20900011063
430 5.32399988174
431 5.41900014877
432 5.53200006485
433 5.66699981689
434 5.77500009537
435 5.89599990845
436 6.03000020981
437 6.16800022125
438 6.3189997673
439 6.46899986267
440 6.51399993896
441 6.60200023651
442 6.47700023651
443 3.0720000267
444 3.04399991035
445 3.02999997139
446 3.04999995232
447 3.01099991798
448 3.01099991798
449 3.01399993896
450 2.99900007248
451 2.99300003052
452 2.98600006104
453 3.00099992752
454 2.97300004959
455 2.96600008011
456 2.98000001907
457 2.96600008011
458 2.95700001717
459 2.95900011063
460 2.93600010872
461 2.9470000267
462 2.9430000782
463 2.94499993324
464 2.94099998474
465 2.9240000248
466 2.91899991035
467 2.92499995232
468 2.92000007629
469 2.91599988937
470 2.67300009727
471 2.64499998093
472 2.63800001144
473 2.66499996185
474 0.959999978542
475 0.705999970436
476 0.712999999523
477 0.913999974728
478 1.50199997425
479 1.28100001812
480 1.18499994278
481 1.16100001335
482 1.1629999876
483 1.16799998283
484 1.1590000391
485 1.14900004864
486 1.16400003433
487 1.1629999876
488 1.14999997616
489 1.16900002956
490 1.17900002003
491 1.17700004578
492 1.2879999876
493 1.52900004387
494 1.20899999142
495 1.27300000191
496 1.13900005817
497 1.12600004673
498 1.11699998379
499 1.10800004005
500 1.09000003338
501 1.0870000124
502 1.10399997234
503 1.08000004292
504 1.07299995422
505 1.08099997044
506 1.08800005913
507 1.08200001717
508 1.09500002861
509 1.09399998188
510 1.1590000391
511 1.32099997997
512 3.05800008774
513 3.0490000248
514 3.08500003815
515 3.09100008011
516 3.10100007057
517 3.11500000954
518 3.10199999809
519 3.12700009346
520 3.12599992752
521 3.14800000191
522 3.16000008583
523 3.15799999237
524 0.924000024796
525 0.912000000477
526 0.926999986172
527 0.953999996185
528 3.03999996185
529 2.992000103
530 2.9319999218
531 2.87800002098
532 2.83400011063
533 2.79200005531
534 2.72799992561
535 2.70000004768
536 2.97600007057
537 2.91400003433
538 0.0
539 0.0
540 0.0
