0 4.49900007248
1 4.40000009537
2 4.44199991226
3 4.45399999619
4 4.53800010681
5 4.64900016785
6 4.66900014877
7 4.69799995422
8 4.73099994659
9 4.76700019836
10 4.79300022125
11 4.82499980927
12 4.86899995804
13 4.90000009537
14 4.92899990082
15 4.92399978638
16 4.83099985123
17 4.84200000763
18 4.8860001564
19 4.96899986267
20 5.14699983597
21 5.17700004578
22 5.22300004959
23 5.27699995041
24 5.30900001526
25 5.36199998856
26 5.40299987793
27 5.44600009918
28 5.49599981308
29 5.54799985886
30 5.59399986267
31 5.63999986649
32 5.67299985886
33 0.0
34 17.142999649
35 17.1480007172
36 17.1310005188
37 0.0
38 0.0
39 0.0
40 17.2280006409
41 17.1760005951
42 17.0729999542
43 17.0100002289
44 16.5100002289
45 16.533000946
46 16.5109996796
47 13.1440000534
48 13.0880002975
49 12.3219995499
50 11.9449996948
51 11.5819997787
52 11.595000267
53 11.611000061
54 11.6190004349
55 11.3269996643
56 10.9890003204
57 10.4650001526
58 10.1059999466
59 8.32100009918
60 8.32600021362
61 8.19900035858
62 7.88899993896
63 7.63700008392
64 7.44099998474
65 7.24499988556
66 7.05999994278
67 6.89099979401
68 6.78100013733
69 6.76599979401
70 6.79199981689
71 6.81300020218
72 6.84399986267
73 6.86899995804
74 6.79500007629
75 6.63899993896
76 1.69099998474
77 1.66100001335
78 1.69099998474
79 1.73699998856
80 5.21199989319
81 4.95800018311
82 4.85099983215
83 4.7610001564
84 4.67100000381
85 4.59600019455
86 4.53200006485
87 4.45699977875
88 4.3860001564
89 4.3220000267
90 4.25199985504
91 4.20800018311
92 4.14599990845
93 4.1139998436
94 4.03200006485
95 3.97600007057
96 3.9279999733
97 3.88000011444
98 3.82800006866
99 3.78399991989
100 3.76799988747
101 3.77300000191
102 3.82500004768
103 3.86100006104
104 3.87199997902
105 3.90300011635
106 3.9470000267
107 3.95700001717
108 3.91700005531
109 3.87800002098
110 3.82699990273
111 3.79800009727
112 3.75900006294
113 3.72900009155
114 3.69899988174
115 3.66400003433
116 3.62700009346
117 3.58299994469
118 3.5529999733
119 3.51999998093
120 3.50300002098
121 3.46099996567
122 3.43000006676
123 3.41499996185
124 3.39700007439
125 3.38499999046
126 3.4279999733
127 3.44799995422
128 3.47300004959
129 3.52900004387
130 3.55800008774
131 3.59800004959
132 3.66700005531
133 4.03299999237
134 4.05999994278
135 4.08199977875
136 4.10500001907
137 4.14300012589
138 4.17299985886
139 4.20699977875
140 4.23199987411
141 4.28299999237
142 4.32100009918
143 4.33799982071
144 4.37699985504
145 4.40199995041
146 4.45699977875
147 4.47900009155
148 4.50099992752
149 4.52600002289
150 4.54699993134
151 4.1890001297
152 4.32000017166
153 4.57700014114
154 3.25600004196
155 3.41400003433
156 4.70800018311
157 4.59499979019
158 4.56699991226
159 4.80000019073
160 4.82499980927
161 4.85500001907
162 4.88399982452
163 4.92700004578
164 4.96099996567
165 4.99399995804
166 5.02400016785
167 5.04400014877
168 3.14599990845
169 3.22799992561
170 3.375
171 4.09299993515
172 4.91400003433
173 4.87099981308
174 4.83900022507
175 4.82499980927
176 4.82800006866
177 4.80900001526
178 4.82999992371
179 4.84000015259
180 4.85200023651
181 4.88800001144
182 4.80999994278
183 5.32499980927
184 5.45599985123
185 5.47599983215
186 5.49599981308
187 5.50400018692
188 4.60099983215
189 4.57600021362
190 5.55000019073
191 5.58599996567
192 3.63599991798
193 3.52300000191
194 4.0609998703
195 4.04099988937
196 5.67399978638
197 5.71099996567
198 5.72499990463
199 2.06399989128
200 2.03800010681
201 2.03299999237
202 2.02399992943
203 2.02800011635
204 2.03600001335
205 2.03099989891
206 2.03699994087
207 2.00500011444
208 2.03299999237
209 2.00099992752
210 2.01900005341
211 1.9960000515
212 2.01699995995
213 2.00500011444
214 2.02699995041
215 2.00200009346
216 2.0
217 2.02800011635
218 2.02099990845
219 2.22199988365
220 2.48000001907
221 2.47300004959
222 2.35599994659
223 2.29999995232
224 2.27800011635
225 2.27600002289
226 2.24300003052
227 2.25200009346
228 2.23300004005
229 2.25
230 2.29200005531
231 2.3029999733
232 2.27399992943
233 2.27500009537
234 2.27099990845
235 2.28099989891
236 2.34100008011
237 2.45300006866
238 2.52699995041
239 2.53699994087
240 6.24399995804
241 6.22499990463
242 6.22399997711
243 6.22800016403
244 6.23400020599
245 6.22399997711
246 6.24300003052
247 6.23600006104
248 6.23500013351
249 6.25
250 6.26200008392
251 6.26300001144
252 6.26999998093
253 6.25199985504
254 6.25699996948
255 6.26200008392
256 6.24900007248
257 6.26000022888
258 6.25899982452
259 6.242000103
260 6.24800014496
261 6.23199987411
262 6.22300004959
263 6.23099994659
264 6.22200012207
265 6.21600008011
266 6.20599985123
267 6.22700023651
268 6.20800018311
269 6.20800018311
270 6.20300006866
271 6.23099994659
272 6.19500017166
273 6.13899993896
274 5.84200000763
275 5.78200006485
276 5.75500011444
277 5.73699998856
278 5.71299982071
279 5.71999979019
280 5.7389998436
281 5.76599979401
282 5.78299999237
283 5.93499994278
284 6.07899999619
285 6.08099985123
286 6.07600021362
287 6.06799983978
288 6.04199981689
289 6.03000020981
290 6.01200008392
291 5.99499988556
292 5.98999977112
293 5.97800016403
294 5.94999980927
295 5.93300008774
296 5.92000007629
297 5.90600013733
298 5.88100004196
299 5.87099981308
300 5.867000103
301 5.84100008011
302 5.83500003815
303 5.82600021362
304 5.81300020218
305 5.78599977493
306 5.78200006485
307 5.76200008392
308 5.73400020599
309 5.70100021362
310 5.68800020218
311 5.66599988937
312 5.65299987793
313 5.63100004196
314 5.60400009155
315 5.57499980927
316 5.5640001297
317 5.52299976349
318 5.51999998093
319 5.30800008774
320 5.10699987411
321 5.4470000267
322 5.45300006866
323 5.41599988937
324 5.41099977493
325 5.39200019836
326 5.36100006104
327 5.32800006866
328 5.28399991989
329 4.34600019455
330 4.04600000381
331 4.11499977112
332 5.02299976349
333 5.15700006485
334 5.14099979401
335 5.11100006104
336 5.09700012207
337 5.0640001297
338 5.03399991989
339 5.01200008392
340 4.95800018311
341 4.80900001526
342 4.96099996567
343 4.9359998703
344 4.89400005341
345 4.86100006104
346 4.82499980927
347 4.69899988174
348 4.55399990082
349 4.71999979019
350 4.70800018311
351 4.67299985886
352 4.64599990845
353 4.60799980164
354 4.58599996567
355 4.56799983978
356 4.32000017166
357 4.36100006104
358 4.46799993515
359 4.44099998474
360 4.4310002327
361 4.41099977493
362 4.38000011444
363 4.34800004959
364 4.32399988174
365 4.28900003433
366 4.23600006104
367 4.21400022507
368 4.15399980545
369 4.12599992752
370 4.10900020599
371 4.08199977875
372 4.04899978638
373 4.01399993896
374 3.99000000954
375 3.96799993515
376 3.9279999733
377 3.88700008392
378 3.88000011444
379 3.83699989319
380 3.81699991226
381 3.71099996567
382 3.63000011444
383 3.59400010109
384 3.55599999428
385 3.52699995041
386 3.49699997902
387 3.45499992371
388 3.42100000381
389 3.39599990845
390 3.35299992561
391 3.33200001717
392 3.31200003624
393 3.27800011635
394 3.24699997902
395 3.26099991798
396 3.30100011826
397 3.32899999619
398 3.36100006104
399 3.38599991798
400 3.42199993134
401 3.47699999809
402 3.52300000191
403 3.54399991035
404 3.59800004959
405 3.6400001049
406 3.68899989128
407 3.71199989319
408 3.73900008202
409 3.78999996185
410 3.83200001717
411 3.86500000954
412 3.9279999733
413 3.98200011253
414 4.04699993134
415 4.13000011444
416 4.17500019073
417 4.24700021744
418 4.3140001297
419 4.36899995804
420 4.45499992371
421 4.50600004196
422 4.58400011063
423 4.66300010681
424 4.73299980164
425 4.80499982834
426 4.90399980545
427 5.00099992752
428 5.10500001907
429 5.22300004959
430 5.3109998703
431 5.40100002289
432 5.52799987793
433 5.63399982452
434 5.75899982452
435 5.8860001564
436 6.01399993896
437 6.17600011826
438 6.31199979782
439 6.45800018311
440 6.48799991608
441 6.60200023651
442 6.44799995422
443 3.04800009727
444 3.03800010681
445 3.03200006485
446 3.03200006485
447 3.03500008583
448 3.02300000191
449 3.01399993896
450 2.99300003052
451 2.98200011253
452 2.98200011253
453 2.99000000954
454 2.98600006104
455 2.98000001907
456 2.96300005913
457 2.95600008965
458 2.94799995422
459 2.95799994469
460 2.93600010872
461 2.94600009918
462 2.95499992371
463 2.93400001526
464 2.93099999428
465 2.92199993134
466 2.9240000248
467 2.93000006676
468 2.91799998283
469 2.91499996185
470 2.67600011826
471 2.65400004387
472 2.63499999046
473 2.64199995995
474 0.945999979973
475 0.699000000954
476 0.708999991417
477 0.912999987602
478 1.45700001717
479 1.2460000515
480 1.2009999752
481 1.18599998951
482 1.17900002003
483 1.15100002289
484 1.16199994087
485 1.14400005341
486 1.14199995995
487 1.15400004387
488 1.1629999876
489 1.1629999876
490 1.18499994278
491 1.19799995422
492 1.29200005531
493 1.53999996185
494 1.29499995708
495 1.14800000191
496 1.12399995327
497 1.10899996758
498 1.08599996567
499 1.09599995613
500 1.09500002861
501 1.07700002193
502 1.09000003338
503 1.08599996567
504 1.06400001049
505 1.07299995422
506 1.09200000763
507 1.08500003815
508 1.09399998188
509 1.14699995518
510 1.32000005245
511 3.03699994087
512 3.05900001526
513 3.06699991226
514 3.07699990273
515 3.06699991226
516 3.10100007057
517 3.09599995613
518 3.10700011253
519 3.10899996758
520 3.11800003052
521 3.15000009537
522 3.15499997139
523 3.15300011635
524 0.927999973297
525 0.910000026226
526 0.917999982834
527 0.92199999094
528 3.03800010681
529 2.98900008202
530 2.92600011826
531 2.867000103
532 2.81699991226
533 2.78699994087
534 2.73300004005
535 2.69600009918
536 2.95300006866
537 2.90199995041
538 0.0
539 0.0
540 0.0
