0 4.5
1 4.42899990082
2 4.45100021362
3 4.47599983215
4 4.52899980545
5 4.65799999237
6 4.67399978638
7 4.70200014114
8 4.73299980164
9 4.76800012589
10 4.80000019073
11 4.82700014114
12 4.8639998436
13 4.90100002289
14 4.91099977493
15 4.93300008774
16 4.83799982071
17 4.84899997711
18 4.87200021744
19 4.97499990463
20 5.13100004196
21 5.1890001297
22 5.22200012207
23 5.25199985504
24 5.32499980927
25 5.34999990463
26 5.40999984741
27 5.4390001297
28 5.50299978256
29 5.54500007629
30 5.61199998856
31 5.64900016785
32 5.66800022125
33 0.0
34 17.1539993286
35 17.1340007782
36 17.1560001373
37 0.0
38 0.0
39 0.0
40 17.2390003204
41 17.1690006256
42 17.0690002441
43 17.0060005188
44 16.513999939
45 16.5279998779
46 16.5160007477
47 13.1590003967
48 13.0690002441
49 12.3420000076
50 11.9630002975
51 11.5889997482
52 11.6029996872
53 11.626999855
54 11.6079998016
55 11.3529996872
56 10.9899997711
57 10.4610004425
58 10.1199998856
59 8.28499984741
60 8.34599971771
61 8.19999980927
62 7.89200019836
63 7.63399982452
64 7.44999980927
65 7.2389998436
66 7.05200004578
67 6.90500020981
68 6.77699995041
69 6.78800010681
70 6.79300022125
71 6.82000017166
72 6.83900022507
73 6.87400007248
74 6.78000020981
75 6.64699983597
76 1.70799994469
77 1.68299996853
78 1.68799996376
79 1.74399995804
80 5.23799991608
81 4.96000003815
82 4.84299993515
83 4.77299976349
84 4.67100000381
85 4.60300016403
86 4.53999996185
87 4.46500015259
88 4.40899991989
89 4.33799982071
90 4.26200008392
91 4.19899988174
92 4.15500020981
93 4.09399986267
94 4.03000020981
95 3.98300004005
96 3.93300008774
97 3.89499998093
98 3.84800004959
99 3.80599999428
100 3.76900005341
101 3.77300000191
102 3.81500005722
103 3.83800005913
104 3.88100004196
105 3.91100001335
106 3.93000006676
107 3.97099995613
108 3.91700005531
109 3.87599992752
110 3.83699989319
111 3.81299996376
112 3.77900004387
113 3.72699999809
114 3.68700003624
115 3.65599989891
116 3.62700009346
117 3.58699989319
118 3.55900001526
119 3.53600001335
120 3.49499988556
121 3.4509999752
122 3.42899990082
123 3.41300010681
124 3.39400005341
125 3.38899993896
126 3.42700004578
127 3.45300006866
128 3.48000001907
129 3.52900004387
130 3.55100011826
131 3.59899997711
132 3.66899991035
133 4.00199985504
134 4.0689997673
135 4.08699989319
136 4.10200023651
137 4.12799978256
138 4.15799999237
139 4.20499992371
140 4.22200012207
141 4.26999998093
142 4.3220000267
143 4.35400009155
144 4.37300014496
145 4.40199995041
146 4.45300006866
147 4.492000103
148 4.50899982452
149 4.53800010681
150 4.53100013733
151 4.20599985123
152 4.29899978638
153 4.59899997711
154 3.25300002098
155 3.42899990082
156 4.71700000763
157 4.59399986267
158 4.54500007629
159 4.80000019073
160 4.84200000763
161 4.86499977112
162 4.89099979401
163 4.92700004578
164 4.94999980927
165 5.00099992752
166 5.01700019836
167 5.02699995041
168 3.13599991798
169 3.21199989319
170 3.37299990654
171 4.10699987411
172 4.90700006485
173 4.88100004196
174 4.85300016403
175 4.83799982071
176 4.82700014114
177 4.81599998474
178 4.84000015259
179 4.84499979019
180 4.87300014496
181 4.90399980545
182 4.8140001297
183 5.31300020218
184 5.46299982071
185 5.48000001907
186 5.48199987411
187 5.51300001144
188 4.61199998856
189 4.57399988174
190 5.5560002327
191 5.58199977875
192 3.63400006294
193 3.52200007439
194 4.0609998703
195 4.03200006485
196 5.69099998474
197 5.71700000763
198 5.74800014496
199 2.05999994278
200 2.0490000248
201 2.02900004387
202 2.02699995041
203 2.02200007439
204 2.01200008392
205 2.02300000191
206 2.00999999046
207 2.00699996948
208 2.02900004387
209 2.01099991798
210 2.02300000191
211 2.00300002098
212 2.01300001144
213 1.9960000515
214 2.02999997139
215 2.00900006294
216 2.00300002098
217 2.02399992943
218 2.02600002289
219 2.20900011063
220 2.47799992561
221 2.47799992561
222 2.39400005341
223 2.3180000782
224 2.27500009537
225 2.26099991798
226 2.25999999046
227 2.24799990654
228 2.24300003052
229 2.25999999046
230 2.28299999237
231 2.30800008774
232 2.26600003242
233 2.28099989891
234 2.27800011635
235 2.29200005531
236 2.31399989128
237 2.45600008965
238 2.52699995041
239 2.51699995995
240 6.22599983215
241 6.22100019455
242 6.22200012207
243 6.22499990463
244 6.21500015259
245 6.22300004959
246 6.23099994659
247 6.23199987411
248 6.23500013351
249 6.22499990463
250 6.26900005341
251 6.25600004196
252 6.24700021744
253 6.27699995041
254 6.28100013733
255 6.25899982452
256 6.26999998093
257 6.25199985504
258 6.23400020599
259 6.2389998436
260 6.24599981308
261 6.23199987411
262 6.21799993515
263 6.23000001907
264 6.21700000763
265 6.21400022507
266 6.21500015259
267 6.20900011063
268 6.22700023651
269 6.20699977875
270 6.20499992371
271 6.22300004959
272 6.20100021362
273 6.13199996948
274 5.84100008011
275 5.78000020981
276 5.75299978256
277 5.72200012207
278 5.72300004959
279 5.70900011063
280 5.72900009155
281 5.77099990845
282 5.79099988937
283 5.94500017166
284 6.08099985123
285 6.06199979782
286 6.07600021362
287 6.04600000381
288 6.06500005722
289 6.03299999237
290 6.00899982452
291 6.01200008392
292 5.99800014496
293 5.98199987411
294 5.96299982071
295 5.94500017166
296 5.92000007629
297 5.89400005341
298 5.88100004196
299 5.88500022888
300 5.86100006104
301 5.84200000763
302 5.84700012207
303 5.82899999619
304 5.81599998474
305 5.79600000381
306 5.78200006485
307 5.76700019836
308 5.73500013351
309 5.70499992371
310 5.67700004578
311 5.67399978638
312 5.64599990845
313 5.625
314 5.60400009155
315 5.57899999619
316 5.55999994278
317 5.53900003433
318 5.507999897
319 5.31199979782
320 5.09999990463
321 5.4470000267
322 5.44500017166
323 5.42899990082
324 5.41400003433
325 5.39900016785
326 5.36299991608
327 5.32999992371
328 5.29899978638
329 4.35300016403
330 4.06599998474
331 4.11000013351
332 5.00400018692
333 5.16300010681
334 5.13399982452
335 5.12200021744
336 5.08900022507
337 5.0689997673
338 5.03900003433
339 5.01499986649
340 4.95100021362
341 4.8109998703
342 4.94600009918
343 4.9310002327
344 4.89900016785
345 4.86999988556
346 4.83400011063
347 4.70300006866
348 4.55100011826
349 4.7389998436
350 4.69999980927
351 4.67100000381
352 4.64499998093
353 4.62599992752
354 4.59399986267
355 4.5560002327
356 4.32100009918
357 4.34899997711
358 4.48600006104
359 4.44099998474
360 4.43499994278
361 4.40999984741
362 4.39099979401
363 4.32800006866
364 4.3109998703
365 4.28000020981
366 4.24300003052
367 4.19600009918
368 4.1810002327
369 4.14599990845
370 4.10099983215
371 4.06599998474
372 4.03700017929
373 4.02299976349
374 3.97900009155
375 3.95799994469
376 3.93000006676
377 3.88499999046
378 3.85700011253
379 3.86199998856
380 3.81200003624
381 3.71799993515
382 3.63599991798
383 3.59599995613
384 3.56100010872
385 3.52300000191
386 3.4960000515
387 3.44799995422
388 3.41100001335
389 3.38800001144
390 3.35400009155
391 3.32500004768
392 3.31399989128
393 3.26099991798
394 3.26600003242
395 3.26399993896
396 3.29600000381
397 3.31699991226
398 3.36800003052
399 3.40599989891
400 3.44499993324
401 3.48099994659
402 3.5150001049
403 3.55999994278
404 3.58999991417
405 3.64599990845
406 3.67600011826
407 3.71600008011
408 3.742000103
409 3.76600003242
410 3.8180000782
411 3.87800002098
412 3.9240000248
413 3.96900010109
414 4.0560002327
415 4.12799978256
416 4.1890001297
417 4.23299980164
418 4.30999994278
419 4.38000011444
420 4.44299983978
421 4.50699996948
422 4.58400011063
423 4.65500020981
424 4.73699998856
425 4.8140001297
426 4.91599988937
427 5.01599979401
428 5.10699987411
429 5.20200014114
430 5.30900001526
431 5.41400003433
432 5.53299999237
433 5.63800001144
434 5.76599979401
435 5.8860001564
436 6.01300001144
437 6.15399980545
438 6.31799983978
439 6.47300004959
440 6.48000001907
441 6.61800003052
442 6.47399997711
443 3.0720000267
444 3.04800009727
445 3.03800010681
446 3.04399991035
447 3.0150001049
448 3.01699995995
449 3.02399992943
450 3.00300002098
451 2.99799990654
452 2.97600007057
453 2.9849998951
454 2.96900010109
455 2.96799993515
456 2.98000001907
457 2.95499992371
458 2.97000002861
459 2.94899988174
460 2.93700003624
461 2.94400000572
462 2.93700003624
463 2.94499993324
464 2.94099998474
465 2.9279999733
466 2.92899990082
467 2.9319999218
468 2.91899991035
469 2.9279999733
470 2.64800000191
471 2.64800000191
472 2.63199996948
473 2.63000011444
474 0.95300000906
475 0.709999978542
476 0.703999996185
477 0.916999995708
478 1.41400003433
479 1.23800003529
480 1.18299996853
481 1.14999997616
482 1.14699995518
483 1.14100003242
484 1.14499998093
485 1.12000000477
486 1.14999997616
487 1.15999996662
488 1.14400005341
489 1.16600000858
490 1.17499995232
491 1.17599999905
492 1.28999996185
493 1.56900000572
494 1.50199997425
495 1.2539999485
496 1.13100004196
497 1.11000001431
498 1.10399997234
499 1.10300004482
500 1.08000004292
501 1.0909999609
502 1.08299994469
503 1.08200001717
504 1.05700004101
505 1.07299995422
506 1.08899998665
507 1.08299994469
508 1.09700000286
509 1.09599995613
510 1.14800000191
511 1.3370000124
512 3.05599999428
513 3.05100011826
514 3.06599998474
515 3.08599996567
516 3.09200000763
517 3.08699989319
518 3.10100007057
519 3.11100006104
520 3.14100003242
521 3.14499998093
522 3.14199995995
523 3.17300009727
524 0.927999973297
525 0.90600001812
526 0.913999974728
527 0.936999976635
528 3.03600001335
529 2.99300003052
530 2.92600011826
531 2.86199998856
532 2.83200001717
533 2.76999998093
534 2.72600007057
535 2.71000003815
536 2.96099996567
537 2.91300010681
538 0.0
539 0.0
540 0.0
