0 4.51499986649
1 4.42600011826
2 4.4470000267
3 4.46400022507
4 4.52299976349
5 4.632999897
6 4.66900014877
7 4.69600009918
8 4.72800016403
9 4.76399993896
10 4.78999996185
11 4.8140001297
12 4.86000013351
13 4.89200019836
14 4.91699981689
15 4.94099998474
16 4.83900022507
17 4.85400009155
18 4.87400007248
19 4.94999980927
20 5.13100004196
21 5.1890001297
22 5.22499990463
23 5.26599979401
24 5.30499982834
25 5.34999990463
26 5.39799976349
27 5.4439997673
28 5.49800014496
29 5.53399991989
30 5.59600019455
31 5.63800001144
32 5.66900014877
33 0.0
34 17.1450004578
35 17.1329994202
36 17.1350002289
37 0.0
38 0.0
39 0.0
40 17.2450008392
41 17.1560001373
42 17.0650005341
43 17.0039997101
44 16.517999649
45 16.5389995575
46 16.5200004578
47 13.1560001373
48 13.0769996643
49 12.3269996643
50 11.9309997559
51 11.5659999847
52 11.5979995728
53 11.626999855
54 11.6120004654
55 11.3439998627
56 10.9879999161
57 10.4589996338
58 10.0900001526
59 8.35000038147
60 8.32800006866
61 8.20499992371
62 7.90799999237
63 7.65000009537
64 7.44000005722
65 7.24100017548
66 7.04799985886
67 6.88700008392
68 6.78000020981
69 6.77500009537
70 6.80399990082
71 6.8220000267
72 6.84800004959
73 6.85900020599
74 6.78000020981
75 6.625
76 1.69299995899
77 1.67700004578
78 1.67700004578
79 1.73300004005
80 5.23299980164
81 4.96899986267
82 4.84700012207
83 4.74800014496
84 4.67600011826
85 4.60500001907
86 4.52400016785
87 4.48199987411
88 4.39699983597
89 4.32700014114
90 4.26599979401
91 4.20699977875
92 4.15799999237
93 4.09399986267
94 4.02799987793
95 3.97600007057
96 3.93099999428
97 3.87299990654
98 3.83899998665
99 3.79699993134
100 3.77399992943
101 3.78600001335
102 3.81999993324
103 3.84500002861
104 3.86299991608
105 3.90300011635
106 3.94000005722
107 3.94199991226
108 3.91400003433
109 3.89100003242
110 3.84200000763
111 3.79600000381
112 3.77399992943
113 3.72499990463
114 3.69000005722
115 3.64899992943
116 3.6289999485
117 3.58500003815
118 3.54999995232
119 3.53600001335
120 3.50600004196
121 3.46399998665
122 3.4319999218
123 3.42000007629
124 3.39599990845
125 3.382999897
126 3.43300008774
127 3.43600010872
128 3.49799990654
129 3.53099989891
130 3.5529999733
131 3.59899997711
132 3.65000009537
133 4.00099992752
134 4.05900001526
135 4.07999992371
136 4.10799980164
137 4.14900016785
138 4.18400001526
139 4.21999979019
140 4.24100017548
141 4.27199983597
142 4.28700017929
143 4.34299993515
144 4.38000011444
145 4.42500019073
146 4.47200012207
147 4.48999977112
148 4.507999897
149 4.51900005341
150 4.54199981689
151 4.18300008774
152 4.32700014114
153 4.5529999733
154 3.2650001049
155 3.40499997139
156 4.71500015259
157 4.59200000763
158 4.53999996185
159 4.78399991989
160 4.8189997673
161 4.85400009155
162 4.89200019836
163 4.92399978638
164 4.95699977875
165 4.992000103
166 5.01200008392
167 5.04400014877
168 3.13899993896
169 3.22000002861
170 3.36100006104
171 4.08799982071
172 4.90600013733
173 4.86199998856
174 4.85400009155
175 4.8220000267
176 4.82000017166
177 4.82399988174
178 4.83799982071
179 4.83900022507
180 4.87200021744
181 4.90299987793
182 4.8220000267
183 5.30100011826
184 5.46400022507
185 5.47800016403
186 5.49599981308
187 5.51000022888
188 4.59600019455
189 4.57800006866
190 5.56300020218
191 5.57899999619
192 3.62299990654
193 3.51799988747
194 4.07299995422
195 4.03800010681
196 5.67700004578
197 5.69899988174
198 5.71700000763
199 2.07800006866
200 2.04999995232
201 2.0490000248
202 2.03800010681
203 2.02699995041
204 2.00699996948
205 2.00099992752
206 2.01200008392
207 2.03099989891
208 2.00200009346
209 2.02699995041
210 2.02500009537
211 2.01799988747
212 2.01200008392
213 1.99800002575
214 1.99300003052
215 2.00300002098
216 2.00600004196
217 2.00600004196
218 2.03500008583
219 2.21300005913
220 2.49300003052
221 2.47199988365
222 2.35700011253
223 2.28299999237
224 2.25999999046
225 2.26999998093
226 2.26600003242
227 2.242000103
228 2.24900007248
229 2.26900005341
230 2.27800011635
231 2.30100011826
232 2.26699995995
233 2.2650001049
234 2.26799988747
235 2.30599999428
236 2.3259999752
237 2.45000004768
238 2.51900005341
239 2.51600003242
240 6.22499990463
241 6.23799991608
242 6.21799993515
243 6.23999977112
244 6.21999979019
245 6.22800016403
246 6.22499990463
247 6.23000001907
248 6.23999977112
249 6.25199985504
250 6.25699996948
251 6.24100017548
252 6.24700021744
253 6.25500011444
254 6.27099990845
255 6.27099990845
256 6.26900005341
257 6.25699996948
258 6.25299978256
259 6.24300003052
260 6.22100019455
261 6.23999977112
262 6.22800016403
263 6.22599983215
264 6.21099996567
265 6.21899986267
266 6.22499990463
267 6.22800016403
268 6.21000003815
269 6.19999980927
270 6.20599985123
271 6.1970000267
272 6.20200014114
273 6.13800001144
274 5.83799982071
275 5.78599977493
276 5.76000022888
277 5.72399997711
278 5.71500015259
279 5.72100019455
280 5.71600008011
281 5.76599979401
282 5.80000019073
283 5.93800020218
284 6.08099985123
285 6.07399988174
286 6.05100011826
287 6.04699993134
288 6.04699993134
289 6.03599977493
290 6.02799987793
291 5.99700021744
292 5.98500013351
293 5.97700023651
294 5.96099996567
295 5.9279999733
296 5.91300010681
297 5.8860001564
298 5.88000011444
299 5.87599992752
300 5.85699987411
301 5.84000015259
302 5.8109998703
303 5.8140001297
304 5.80000019073
305 5.78599977493
306 5.78000020981
307 5.76599979401
308 5.73500013351
309 5.71799993515
310 5.69799995422
311 5.66699981689
312 5.63199996948
313 5.61800003052
314 5.58300018311
315 5.57899999619
316 5.5529999733
317 5.51999998093
318 5.51499986649
319 5.31199979782
320 5.10099983215
321 5.43499994278
322 5.4470000267
323 5.43200016022
324 5.41599988937
325 5.38199996948
326 5.35799980164
327 5.32899999619
328 5.29600000381
329 4.38199996948
330 4.02500009537
331 4.09200000763
332 4.99499988556
333 5.15999984741
334 5.13999986649
335 5.11299991608
336 5.09299993515
337 5.06300020218
338 5.04199981689
339 5.01900005341
340 4.94299983978
341 4.80800008774
342 4.95499992371
343 4.92899990082
344 4.89699983597
345 4.86999988556
346 4.83099985123
347 4.70499992371
348 4.53999996185
349 4.72700023651
350 4.6970000267
351 4.66699981689
352 4.65100002289
353 4.62099981308
354 4.59999990463
355 4.5609998703
356 4.3060002327
357 4.36100006104
358 4.48099994659
359 4.43699979782
360 4.4310002327
361 4.38700008392
362 4.367000103
363 4.35900020599
364 4.31699991226
365 4.26399993896
366 4.23600006104
367 4.18200016022
368 4.16400003433
369 4.12900018692
370 4.09899997711
371 4.0689997673
372 4.04300022125
373 4.01999998093
374 3.99300003052
375 3.95799994469
376 3.91000008583
377 3.89100003242
378 3.85500001907
379 3.83500003815
380 3.82100009918
381 3.72099995613
382 3.632999897
383 3.59400010109
384 3.56599998474
385 3.53500008583
386 3.47099995613
387 3.46099996567
388 3.42899990082
389 3.39299988747
390 3.35400009155
391 3.33400011063
392 3.30399990082
393 3.26799988747
394 3.2650001049
395 3.24900007248
396 3.28099989891
397 3.31699991226
398 3.35299992561
399 3.41000008583
400 3.43600010872
401 3.47000002861
402 3.5150001049
403 3.54399991035
404 3.57899999619
405 3.62400007248
406 3.68300008774
407 3.71799993515
408 3.72499990463
409 3.75900006294
410 3.82500004768
411 3.88599991798
412 3.91300010681
413 3.98799991608
414 4.06799983978
415 4.11800003052
416 4.17199993134
417 4.24599981308
418 4.30900001526
419 4.34800004959
420 4.4470000267
421 4.5110001564
422 4.59100008011
423 4.66300010681
424 4.72700023651
425 4.80000019073
426 4.90899991989
427 5.01300001144
428 5.10400009155
429 5.1970000267
430 5.30999994278
431 5.41499996185
432 5.53100013733
433 5.63800001144
434 5.75400018692
435 5.88500022888
436 6.01800012589
437 6.15199995041
438 6.30200004578
439 6.45399999619
440 6.49100017548
441 6.60099983215
442 6.47599983215
443 3.0680000782
444 3.03200006485
445 3.04500007629
446 3.03099989891
447 3.02500009537
448 3.00500011444
449 3.01399993896
450 3.00600004196
451 2.97300004959
452 2.98900008202
453 2.99399995804
454 2.97099995613
455 2.96199989319
456 2.98099994659
457 2.94799995422
458 2.96799993515
459 2.9509999752
460 2.93899989128
461 2.94899988174
462 2.94400000572
463 2.9279999733
464 2.93899989128
465 2.92600011826
466 2.93799996376
467 2.92899990082
468 2.91300010681
469 2.91400003433
470 2.66599988937
471 2.61599993706
472 2.63499999046
473 2.64299988747
474 0.938000023365
475 0.695999979973
476 0.708999991417
477 0.921000003815
478 1.42299997807
479 1.22899997234
480 1.18099999428
481 1.1740000248
482 1.1629999876
483 1.15299999714
484 1.13699996471
485 1.15100002289
486 1.12300002575
487 1.13600003719
488 1.16199994087
489 1.13600003719
490 1.16900002956
491 1.17700004578
492 1.2879999876
493 1.53299999237
494 1.50899994373
495 1.24500000477
496 1.11699998379
497 1.11000001431
498 1.09200000763
499 1.09300005436
500 1.07899999619
501 1.08299994469
502 1.08899998665
503 1.0529999733
504 1.07099997997
505 1.07000005245
506 1.08299994469
507 1.07500004768
508 1.08200001717
509 1.09899997711
510 1.14199995995
511 1.30999994278
512 3.06200003624
513 3.06399989128
514 3.0759999752
515 3.07100009918
516 3.08400011063
517 3.10700011253
518 3.12199997902
519 3.10899996758
520 3.11199998856
521 3.15100002289
522 3.14899992943
523 3.16499996185
524 0.925999999046
525 0.907000005245
526 0.907999992371
527 0.936999976635
528 3.02999997139
529 2.99000000954
530 2.92499995232
531 2.87800002098
532 2.8180000782
533 2.76900005341
534 2.72199988365
535 2.71000003815
536 2.95199990273
537 2.90499997139
538 0.0
539 0.0
540 0.0
