0 4.51900005341
1 4.44099998474
2 4.42700004578
3 4.46199989319
4 4.52899980545
5 4.64900016785
6 4.67700004578
7 4.71999979019
8 4.73500013351
9 4.77099990845
10 4.79199981689
11 4.82399988174
12 4.85900020599
13 4.88700008392
14 4.91900014877
15 4.94500017166
16 4.83400011063
17 4.84800004959
18 4.88199996948
19 4.95800018311
20 5.15000009537
21 5.17999982834
22 5.22100019455
23 5.26999998093
24 5.31199979782
25 5.35699987411
26 5.40399980545
27 5.44500017166
28 5.49900007248
29 5.55000019073
30 5.59600019455
31 5.63999986649
32 5.67500019073
33 0.0
34 17.1509990692
35 17.1399993896
36 17.1490001678
37 0.0
38 0.0
39 0.0
40 17.2409992218
41 17.1749992371
42 17.0680007935
43 17.0090007782
44 16.5400009155
45 16.5410003662
46 16.5230007172
47 13.156999588
48 13.0909996033
49 12.3249998093
50 11.9549999237
51 11.593000412
52 11.5920000076
53 11.6339998245
54 11.623000145
55 11.3319997787
56 10.9940004349
57 10.4449996948
58 10.0900001526
59 8.32100009918
60 8.35599994659
61 8.19299983978
62 7.91099977493
63 7.63899993896
64 7.45499992371
65 7.24499988556
66 7.07000017166
67 6.91400003433
68 6.79400014877
69 6.77899980545
70 6.80399990082
71 6.82700014114
72 6.85500001907
73 6.882999897
74 6.79699993134
75 6.64499998093
76 1.69000005722
77 1.68799996376
78 1.66700005531
79 1.73500001431
80 5.21999979019
81 4.96899986267
82 4.86899995804
83 4.76499986649
84 4.68300008774
85 4.61299991608
86 4.53999996185
87 4.46299982071
88 4.39400005341
89 4.32299995422
90 4.27600002289
91 4.23199987411
92 4.16200017929
93 4.1139998436
94 4.04400014877
95 3.98699998856
96 3.92499995232
97 3.87199997902
98 3.84200000763
99 3.7990000248
100 3.77399992943
101 3.79699993134
102 3.81299996376
103 3.84999990463
104 3.87599992752
105 3.90799999237
106 3.94400000572
107 3.9279999733
108 3.9240000248
109 3.88800001144
110 3.84899997711
111 3.78900003433
112 3.78299999237
113 3.73799991608
114 3.69199991226
115 3.65700006485
116 3.617000103
117 3.59299993515
118 3.55999994278
119 3.53500008583
120 3.51200008392
121 3.48399996758
122 3.4470000267
123 3.42300009727
124 3.40100002289
125 3.38499999046
126 3.41300010681
127 3.44099998474
128 3.4960000515
129 3.53399991989
130 3.57500004768
131 3.61800003052
132 3.66899991035
133 4.02600002289
134 4.0529999733
135 4.09200000763
136 4.12300014496
137 4.14400005341
138 4.19099998474
139 4.22599983215
140 4.25099992752
141 4.26200008392
142 4.32399988174
143 4.35099983215
144 4.37699985504
145 4.42600011826
146 4.44099998474
147 4.47800016403
148 4.51200008392
149 4.51200008392
150 4.53800010681
151 4.19600009918
152 4.31799983978
153 4.57899999619
154 3.26600003242
155 3.41599988937
156 4.70800018311
157 4.59299993515
158 4.54600000381
159 4.79199981689
160 4.83300018311
161 4.86999988556
162 4.88999986649
163 4.92600011826
164 4.96099996567
165 4.99300003052
166 5.01999998093
167 5.04500007629
168 3.10899996758
169 3.2349998951
170 3.37599992752
171 4.10900020599
172 4.91200017929
173 4.882999897
174 4.84000015259
175 4.83799982071
176 4.81199979782
177 4.82499980927
178 4.8220000267
179 4.84600019455
180 4.87400007248
181 4.91099977493
182 4.81799983978
183 5.3189997673
184 5.47200012207
185 5.48199987411
186 5.49800014496
187 5.49599981308
188 4.61199998856
189 4.59999990463
190 5.55900001526
191 5.60200023651
192 3.64299988747
193 3.52600002289
194 4.07299995422
195 4.05100011826
196 5.68499994278
197 5.71299982071
198 5.72399997711
199 2.06599998474
200 2.05200004578
201 2.04299998283
202 2.02600002289
203 2.0150001049
204 2.03800010681
205 2.02600002289
206 2.02300000191
207 2.03099989891
208 2.02900004387
209 2.02099990845
210 2.02600002289
211 2.01699995995
212 2.01699995995
213 2.01799988747
214 2.01999998093
215 2.01399993896
216 2.00600004196
217 2.04399991035
218 2.0529999733
219 2.23300004005
220 2.46799993515
221 2.47900009155
222 2.3789999485
223 2.31999993324
224 2.27800011635
225 2.28500008583
226 2.2539999485
227 2.2539999485
228 2.22900009155
229 2.23900008202
230 2.28900003433
231 2.31100010872
232 2.27500009537
233 2.27300000191
234 2.28699994087
235 2.29500007629
236 2.34800004959
237 2.47099995613
238 2.51699995995
239 2.52699995041
240 6.23099994659
241 6.22800016403
242 6.22599983215
243 6.25400018692
244 6.23299980164
245 6.22200012207
246 6.25500011444
247 6.23299980164
248 6.23999977112
249 6.26300001144
250 6.26399993896
251 6.257999897
252 6.26700019836
253 6.28100013733
254 6.28499984741
255 6.26900005341
256 6.27500009537
257 6.24399995804
258 6.26499986649
259 6.22900009155
260 6.23999977112
261 6.22399997711
262 6.23699998856
263 6.23199987411
264 6.21099996567
265 6.21899986267
266 6.20699977875
267 6.21700000763
268 6.20499992371
269 6.22499990463
270 6.23799991608
271 6.21299982071
272 6.21999979019
273 6.13999986649
274 5.85500001907
275 5.78100013733
276 5.73699998856
277 5.73000001907
278 5.72900009155
279 5.72700023651
280 5.73699998856
281 5.77799987793
282 5.81300020218
283 5.97100019455
284 6.07000017166
285 6.08699989319
286 6.07399988174
287 6.04500007629
288 6.06500005722
289 6.06300020218
290 6.03299999237
291 6.01700019836
292 6.01200008392
293 5.97499990463
294 5.96299982071
295 5.94299983978
296 5.92500019073
297 5.90000009537
298 5.88899993896
299 5.87699985504
300 5.86000013351
301 5.84299993515
302 5.82600021362
303 5.81799983978
304 5.8109998703
305 5.80000019073
306 5.77699995041
307 5.78000020981
308 5.73999977112
309 5.71199989319
310 5.69000005722
311 5.65799999237
312 5.64300012589
313 5.62799978256
314 5.6139998436
315 5.59100008011
316 5.56199979782
317 5.54899978638
318 5.52299976349
319 5.32399988174
320 5.09899997711
321 5.45100021362
322 5.44500017166
323 5.43699979782
324 5.41699981689
325 5.39400005341
326 5.3639998436
327 5.32800006866
328 5.30800008774
329 4.37099981308
330 4.06799983978
331 4.13000011444
332 4.99499988556
333 5.15899991989
334 5.15299987793
335 5.117000103
336 5.08500003815
337 5.07600021362
338 5.04799985886
339 5.01999998093
340 4.94999980927
341 4.8140001297
342 4.95599985123
343 4.9310002327
344 4.90100002289
345 4.85799980164
346 4.84100008011
347 4.70900011063
348 4.57100009918
349 4.73299980164
350 4.68800020218
351 4.69000005722
352 4.65100002289
353 4.61800003052
354 4.59899997711
355 4.5689997673
356 4.32000017166
357 4.37400007248
358 4.49300003052
359 4.46099996567
360 4.41699981689
361 4.40700006485
362 4.40299987793
363 4.36000013351
364 4.3189997673
365 4.29799985886
366 4.24300003052
367 4.21700000763
368 4.17199993134
369 4.14300012589
370 4.09299993515
371 4.07399988174
372 4.04600000381
373 4.02199983597
374 3.97900009155
375 3.96499991417
376 3.92700004578
377 3.89100003242
378 3.8710000515
379 3.84299993515
380 3.81599998474
381 3.72399997711
382 3.632999897
383 3.59200000763
384 3.56200003624
385 3.53099989891
386 3.49799990654
387 3.47099995613
388 3.42600011826
389 3.39700007439
390 3.35199999809
391 3.34800004959
392 3.30100011826
393 3.28600001335
394 3.26900005341
395 3.26300001144
396 3.29200005531
397 3.33699989319
398 3.37800002098
399 3.40199995041
400 3.43799996376
401 3.47699999809
402 3.52200007439
403 3.55200004578
404 3.60500001907
405 3.64299988747
406 3.67199993134
407 3.71199989319
408 3.73699998856
409 3.79399991035
410 3.82699990273
411 3.88499999046
412 3.93499994278
413 3.99799990654
414 4.04500007629
415 4.11000013351
416 4.18800020218
417 4.25099992752
418 4.31599998474
419 4.38899993896
420 4.43400001526
421 4.49700021744
422 4.59100008011
423 4.65399980545
424 4.73799991608
425 4.8189997673
426 4.90199995041
427 5.01399993896
428 5.11800003052
429 5.21400022507
430 5.3220000267
431 5.41200017929
432 5.53700017929
433 5.64099979401
434 5.78000020981
435 5.88899993896
436 6.03999996185
437 6.16599988937
438 6.31599998474
439 6.45800018311
440 6.49900007248
441 6.60599994659
442 6.48099994659
443 3.07899999619
444 3.03900003433
445 3.03299999237
446 3.03099989891
447 3.01600003242
448 3.00900006294
449 2.99900007248
450 2.992000103
451 3.0039999485
452 2.98699998856
453 2.99000000954
454 2.98000001907
455 2.98300004005
456 2.96000003815
457 2.95900011063
458 2.97399997711
459 2.97399997711
460 2.94000005722
461 2.9509999752
462 2.94400000572
463 2.9470000267
464 2.9470000267
465 2.93400001526
466 2.92899990082
467 2.93799996376
468 2.92100000381
469 2.91899991035
470 2.66599988937
471 2.65400004387
472 2.64100003242
473 2.63100004196
474 0.952000021935
475 0.700999975204
476 0.717000007629
477 0.921000003815
478 1.49300003052
479 1.26699995995
480 1.19599997997
481 1.18200004101
482 1.17599999905
483 1.14300000668
484 1.15600001812
485 1.14600002766
486 1.15299999714
487 1.17200005054
488 1.16799998283
489 1.17599999905
490 1.18700003624
491 1.1779999733
492 1.30200004578
493 1.54799997807
494 1.58500003815
495 1.26499998569
496 1.14300000668
497 1.12699997425
498 1.11699998379
499 1.10599994659
500 1.08899998665
501 1.09800004959
502 1.09200000763
503 1.06700003147
504 1.0720000267
505 1.09200000763
506 1.0909999609
507 1.09300005436
508 1.08000004292
509 1.09599995613
510 1.17200005054
511 1.33399999142
512 3.04800009727
513 3.0529999733
514 3.06999993324
515 3.08500003815
516 3.09100008011
517 3.11100006104
518 3.10599994659
519 3.1099998951
520 3.14100003242
521 3.13899993896
522 3.13899993896
523 3.16599988937
524 0.941999971867
525 0.910000026226
526 0.919000029564
527 0.947000026703
528 3.03399991989
529 2.99099993706
530 2.92899990082
531 2.875
532 2.81500005722
533 2.78299999237
534 2.73699998856
535 2.70499992371
536 2.94400000572
537 2.91199994087
538 0.0
539 0.0
540 0.0
