0 4.52600002289
1 4.40999984741
2 4.44899988174
3 4.46999979019
4 4.51499986649
5 4.65700006485
6 4.67100000381
7 4.69899988174
8 4.74300003052
9 4.75899982452
10 4.80000019073
11 4.83900022507
12 4.85400009155
13 4.90199995041
14 4.92399978638
15 4.92600011826
16 4.84100008011
17 4.84600019455
18 4.88899993896
19 4.96199989319
20 5.15100002289
21 5.1810002327
22 5.22800016403
23 5.26399993896
24 5.31199979782
25 5.36100006104
26 5.41200017929
27 5.44600009918
28 5.49599981308
29 5.54799985886
30 5.60099983215
31 5.64300012589
32 5.66099977493
33 0.0
34 17.1410007477
35 17.1459999084
36 17.1560001373
37 0.0
38 0.0
39 0.0
40 17.2399997711
41 17.1800003052
42 17.0540008545
43 16.9899997711
44 16.5149993896
45 16.531999588
46 16.5310001373
47 13.142999649
48 13.0920000076
49 12.3339996338
50 11.9119997025
51 11.5900001526
52 11.5970001221
53 11.6280002594
54 11.6149997711
55 11.3299999237
56 10.9739999771
57 10.4739999771
58 10.123000145
59 8.32299995422
60 8.32499980927
61 8.18799972534
62 7.89499998093
63 7.62599992752
64 7.4439997673
65 7.23099994659
66 7.05900001526
67 6.88899993896
68 6.78599977493
69 6.76999998093
70 6.79199981689
71 6.83300018311
72 6.85500001907
73 6.8639998436
74 6.79699993134
75 6.64200019836
76 1.70200002193
77 1.68700003624
78 1.69400000572
79 1.73300004005
80 5.23000001907
81 4.95900011063
82 4.85599994659
83 4.76000022888
84 4.6890001297
85 4.60300016403
86 4.54300022125
87 4.47800016403
88 4.41900014877
89 4.32700014114
90 4.24599981308
91 4.19199991226
92 4.16499996185
93 4.11000013351
94 4.03299999237
95 3.99000000954
96 3.93600010872
97 3.90100002289
98 3.85400009155
99 3.8029999733
100 3.75200009346
101 3.77900004387
102 3.80599999428
103 3.85700011253
104 3.87599992752
105 3.90899991989
106 3.94400000572
107 3.97300004959
108 3.92100000381
109 3.88400006294
110 3.85299992561
111 3.78500008583
112 3.75600004196
113 3.74000000954
114 3.69899988174
115 3.65899991989
116 3.63000011444
117 3.59699988365
118 3.54699993134
119 3.53800010681
120 3.49300003052
121 3.45199990273
122 3.44199991226
123 3.41700005531
124 3.40199995041
125 3.38400006294
126 3.4240000248
127 3.46099996567
128 3.48399996758
129 3.52999997139
130 3.57299995422
131 3.60899996758
132 3.67000007629
133 4.02500009537
134 4.0689997673
135 4.10200023651
136 4.117000103
137 4.13199996948
138 4.16800022125
139 4.19600009918
140 4.24399995804
141 4.27500009537
142 4.29600000381
143 4.35500001907
144 4.38999986649
145 4.39799976349
146 4.4470000267
147 4.48299980164
148 4.507999897
149 4.53000020981
150 4.54400014877
151 4.19999980927
152 4.29799985886
153 4.54400014877
154 3.25999999046
155 3.40799999237
156 4.71299982071
157 4.60599994659
158 4.5529999733
159 4.80800008774
160 4.83900022507
161 4.86100006104
162 4.89599990845
163 4.92100000381
164 4.96199989319
165 4.992000103
166 5.01999998093
167 5.03800010681
168 3.13599991798
169 3.21600008011
170 3.367000103
171 4.1139998436
172 4.92399978638
173 4.88000011444
174 4.85099983215
175 4.83300018311
176 4.82800006866
177 4.83400011063
178 4.83599996567
179 4.84499979019
180 4.86100006104
181 4.89599990845
182 4.80999994278
183 5.3140001297
184 5.46500015259
185 5.48699998856
186 5.49599981308
187 5.49800014496
188 4.59399986267
189 4.59299993515
190 5.5689997673
191 5.59000015259
192 3.64400005341
193 3.53299999237
194 4.0640001297
195 4.03999996185
196 5.68800020218
197 5.71400022507
198 5.73000001907
199 2.07899999619
200 2.07500004768
201 2.04600000381
202 2.03299999237
203 2.01799988747
204 2.02399992943
205 2.03699994087
206 2.02699995041
207 2.01799988747
208 2.01399993896
209 2.00900006294
210 2.00999999046
211 2.00600004196
212 2.0039999485
213 2.01900005341
214 2.00300002098
215 2.02099990845
216 2.03099989891
217 2.01799988747
218 2.04800009727
219 2.21600008011
220 2.48699998856
221 2.47199988365
222 2.38199996948
223 2.29399991035
224 2.2650001049
225 2.29399991035
226 2.2650001049
227 2.24000000954
228 2.24399995804
229 2.25699996948
230 2.28800010681
231 2.30999994278
232 2.26600003242
233 2.27500009537
234 2.28500008583
235 2.3069999218
236 2.3259999752
237 2.46099996567
238 2.52600002289
239 2.52699995041
240 6.23099994659
241 6.23600006104
242 6.22499990463
243 6.23400020599
244 6.22800016403
245 6.22800016403
246 6.22900009155
247 6.242000103
248 6.24499988556
249 6.25699996948
250 6.25400018692
251 6.25500011444
252 6.28299999237
253 6.26599979401
254 6.28599977493
255 6.25199985504
256 6.27600002289
257 6.26399993896
258 6.2610001564
259 6.25
260 6.24800014496
261 6.22599983215
262 6.23999977112
263 6.22900009155
264 6.21000003815
265 6.21999979019
266 6.21700000763
267 6.21600008011
268 6.21000003815
269 6.21500015259
270 6.21000003815
271 6.22700023651
272 6.22300004959
273 6.14200019836
274 5.83900022507
275 5.78499984741
276 5.742000103
277 5.71799993515
278 5.71899986267
279 5.72499990463
280 5.74900007248
281 5.77699995041
282 5.79500007629
283 5.96000003815
284 6.07000017166
285 6.08300018311
286 6.06599998474
287 6.05999994278
288 6.05800008774
289 6.04500007629
290 6.04300022125
291 6.00600004196
292 6.0
293 5.96500015259
294 5.9359998703
295 5.92899990082
296 5.92899990082
297 5.90700006485
298 5.89499998093
299 5.86999988556
300 5.85900020599
301 5.84399986267
302 5.83099985123
303 5.80999994278
304 5.81699991226
305 5.8029999733
306 5.77799987793
307 5.75899982452
308 5.72800016403
309 5.71299982071
310 5.6890001297
311 5.66400003433
312 5.66200017929
313 5.62400007248
314 5.59600019455
315 5.57800006866
316 5.54899978638
317 5.54300022125
318 5.51900005341
319 5.30800008774
320 5.11199998856
321 5.45699977875
322 5.43300008774
323 5.42999982834
324 5.41599988937
325 5.39300012589
326 5.34999990463
327 5.34299993515
328 5.29799985886
329 4.35300016403
330 4.05499982834
331 4.10799980164
332 5.00400018692
333 5.16300010681
334 5.1360001564
335 5.10400009155
336 5.10099983215
337 5.06799983978
338 5.04099988937
339 5.02099990845
340 4.95300006866
341 4.81199979782
342 4.9470000267
343 4.9310002327
344 4.90000009537
345 4.86800003052
346 4.83199977875
347 4.69600009918
348 4.56300020218
349 4.7389998436
350 4.70399999619
351 4.67000007629
352 4.63700008392
353 4.61000013351
354 4.57800006866
355 4.55700016022
356 4.32000017166
357 4.35799980164
358 4.4889998436
359 4.47399997711
360 4.41499996185
361 4.40100002289
362 4.37200021744
363 4.33199977875
364 4.3220000267
365 4.26000022888
366 4.24399995804
367 4.18499994278
368 4.18200016022
369 4.15100002289
370 4.11600017548
371 4.08699989319
372 4.03900003433
373 4.00199985504
374 3.992000103
375 3.95300006866
376 3.94099998474
377 3.91199994087
378 3.86299991608
379 3.85299992561
380 3.83200001717
381 3.72000002861
382 3.6289999485
383 3.58899998665
384 3.55200004578
385 3.52200007439
386 3.49300003052
387 3.45799994469
388 3.43499994278
389 3.38000011444
390 3.37199997902
391 3.34200000763
392 3.30500006676
393 3.25900006294
394 3.25900006294
395 3.2650001049
396 3.28099989891
397 3.33200001717
398 3.3789999485
399 3.40300011635
400 3.44400000572
401 3.46700000763
402 3.50699996948
403 3.55599999428
404 3.60500001907
405 3.64299988747
406 3.68600010872
407 3.72199988365
408 3.73600006104
409 3.78099989891
410 3.83899998665
411 3.88100004196
412 3.9430000782
413 4.00199985504
414 4.06699991226
415 4.11000013351
416 4.17500019073
417 4.22300004959
418 4.30999994278
419 4.38899993896
420 4.44199991226
421 4.52500009537
422 4.59600019455
423 4.66699981689
424 4.72300004959
425 4.80900001526
426 4.89699983597
427 5.01399993896
428 5.10599994659
429 5.21099996567
430 5.3140001297
431 5.42399978638
432 5.53000020981
433 5.65799999237
434 5.77799987793
435 5.88700008392
436 6.01200008392
437 6.15700006485
438 6.32499980927
439 6.47100019455
440 6.49599981308
441 6.61899995804
442 6.41499996185
443 3.08899998665
444 3.03999996185
445 3.04500007629
446 3.03900003433
447 3.01200008392
448 3.03099989891
449 2.99900007248
450 3.01300001144
451 2.9960000515
452 2.98399996758
453 2.97799992561
454 2.97499990463
455 2.99399995804
456 2.96399998665
457 2.95000004768
458 2.96199989319
459 2.94499993324
460 2.9430000782
461 2.96199989319
462 2.93799996376
463 2.93099999428
464 2.94199991226
465 2.94600009918
466 2.93700003624
467 2.91100001335
468 2.93600010872
469 2.90300011635
470 2.64100003242
471 2.625
472 2.64499998093
473 2.64800000191
474 0.949999988079
475 0.694000005722
476 0.697000026703
477 0.929000020027
478 1.47300004959
479 1.23899996281
480 1.17700004578
481 1.18499994278
482 1.14199995995
483 1.14199995995
484 1.14699995518
485 1.14300000668
486 1.14900004864
487 1.15799999237
488 1.14300000668
489 1.16600000858
490 1.16199994087
491 1.18700003624
492 1.26800000668
493 1.50100004673
494 1.55499994755
495 1.26900005341
496 1.14100003242
497 1.12699997425
498 1.11600005627
499 1.09800004959
500 1.09700000286
501 1.09700000286
502 1.08099997044
503 1.08399999142
504 1.0720000267
505 1.07899999619
506 1.08000004292
507 1.07299995422
508 1.09300005436
509 1.09200000763
510 1.14900004864
511 1.2990000248
512 3.04200005531
513 3.06399989128
514 3.08299994469
515 3.09899997711
516 3.08999991417
517 3.10400009155
518 3.11999988556
519 3.1289999485
520 3.12599992752
521 3.15799999237
522 3.16499996185
523 3.17300009727
524 0.939999997616
525 0.903999984264
526 0.922999978065
527 0.929000020027
528 3.03699994087
529 2.98900008202
530 2.93400001526
531 2.88499999046
532 2.83699989319
533 2.7650001049
534 2.72699999809
535 2.70399999619
536 2.95600008965
537 2.91100001335
538 0.0
539 0.0
540 0.0
