0 4.52099990845
1 4.41800022125
2 4.45399999619
3 4.44799995422
4 4.52400016785
5 4.64300012589
6 4.67299985886
7 4.71700000763
8 4.72200012207
9 4.76800012589
10 4.8029999733
11 4.8220000267
12 4.85400009155
13 4.88700008392
14 4.92000007629
15 4.94000005722
16 4.84000015259
17 4.84200000763
18 4.87200021744
19 4.96000003815
20 5.13800001144
21 5.17899990082
22 5.21600008011
23 5.2610001564
24 5.30499982834
25 5.35300016403
26 5.40100002289
27 5.43400001526
28 5.48600006104
29 5.54500007629
30 5.60300016403
31 5.63399982452
32 5.65199995041
33 0.0
34 17.1420001984
35 17.1299991608
36 17.1480007172
37 0.0
38 0.0
39 0.0
40 17.2269992828
41 17.1700000763
42 17.0599994659
43 16.9950008392
44 16.5270004272
45 16.5259990692
46 16.5100002289
47 13.1639995575
48 13.0799999237
49 12.329000473
50 11.9219999313
51 11.5740003586
52 11.5850000381
53 11.6330003738
54 11.6210002899
55 11.3380002975
56 10.9960002899
57 10.4440002441
58 10.0920000076
59 8.33399963379
60 8.32900047302
61 8.20300006866
62 7.90500020981
63 7.63800001144
64 7.43800020218
65 7.242000103
66 7.06500005722
67 6.91200017929
68 6.79600000381
69 6.77400016785
70 6.79400014877
71 6.81199979782
72 6.84100008011
73 6.86999988556
74 6.79099988937
75 6.63899993896
76 1.69299995899
77 1.65999996662
78 1.68900001049
79 1.7159999609
80 5.22800016403
81 4.97300004959
82 4.84499979019
83 4.76999998093
84 4.68200016022
85 4.60099983215
86 4.53999996185
87 4.47399997711
88 4.40899991989
89 4.32899999619
90 4.27899980545
91 4.21299982071
92 4.14300012589
93 4.10900020599
94 4.04099988937
95 3.97699999809
96 3.92199993134
97 3.89400005341
98 3.84299993515
99 3.79099988937
100 3.77600002289
101 3.77600002289
102 3.81100010872
103 3.86599993706
104 3.8789999485
105 3.89299988747
106 3.92700004578
107 3.94199991226
108 3.91400003433
109 3.88499999046
110 3.84400010109
111 3.8069999218
112 3.75300002098
113 3.72699999809
114 3.6970000267
115 3.66199994087
116 3.60700011253
117 3.58800005913
118 3.55999994278
119 3.53099989891
120 3.4960000515
121 3.47900009155
122 3.43499994278
123 3.41799998283
124 3.40400004387
125 3.38800001144
126 3.42600011826
127 3.44400000572
128 3.48900008202
129 3.52800011635
130 3.5680000782
131 3.60800004005
132 3.66599988937
133 4.03399991989
134 4.0529999733
135 4.10099983215
136 4.12099981308
137 4.12699985504
138 4.18699979782
139 4.20800018311
140 4.24700021744
141 4.25500011444
142 4.31799983978
143 4.35099983215
144 4.38899993896
145 4.43300008774
146 4.46400022507
147 4.46400022507
148 4.50199985504
149 4.53900003433
150 4.54600000381
151 4.19199991226
152 4.29799985886
153 4.59800004959
154 3.26600003242
155 3.40899991989
156 4.71600008011
157 4.58900022507
158 4.52699995041
159 4.80700016022
160 4.82100009918
161 4.85799980164
162 4.89300012589
163 4.92299985886
164 4.96000003815
165 4.98799991608
166 5.01499986649
167 5.03100013733
168 3.13000011444
169 3.22900009155
170 3.36800003052
171 4.09700012207
172 4.92100000381
173 4.87200021744
174 4.84600019455
175 4.83599996567
176 4.83099985123
177 4.81799983978
178 4.82100009918
179 4.85400009155
180 4.87699985504
181 4.88999986649
182 4.8109998703
183 5.3060002327
184 5.46799993515
185 5.46500015259
186 5.49100017548
187 5.51999998093
188 4.59499979019
189 4.57399988174
190 5.54899978638
191 5.57399988174
192 3.65400004387
193 3.51999998093
194 4.06699991226
195 4.03599977493
196 5.6939997673
197 5.70200014114
198 5.75099992752
199 2.06299996376
200 2.06999993324
201 2.04299998283
202 2.02900004387
203 2.01399993896
204 2.0150001049
205 2.00699996948
206 2.00999999046
207 2.01900005341
208 2.01699995995
209 2.02600002289
210 2.01699995995
211 2.01399993896
212 2.01399993896
213 2.00999999046
214 2.00099992752
215 2.00099992752
216 2.01699995995
217 2.00500011444
218 2.03099989891
219 2.22300004959
220 2.48000001907
221 2.46700000763
222 2.40000009537
223 2.3029999733
224 2.28200006485
225 2.26999998093
226 2.27600002289
227 2.2539999485
228 2.26099991798
229 2.25999999046
230 2.28699994087
231 2.2990000248
232 2.27399992943
233 2.28699994087
234 2.28200006485
235 2.31500005722
236 2.34699988365
237 2.45700001717
238 2.53600001335
239 2.53200006485
240 6.22300004959
241 6.21899986267
242 6.22599983215
243 6.22800016403
244 6.21600008011
245 6.22200012207
246 6.23000001907
247 6.21600008011
248 6.23400020599
249 6.23299980164
250 6.25899982452
251 6.25199985504
252 6.25
253 6.26999998093
254 6.27899980545
255 6.27500009537
256 6.24599981308
257 6.25500011444
258 6.23799991608
259 6.24599981308
260 6.23999977112
261 6.23099994659
262 6.22800016403
263 6.2389998436
264 6.21899986267
265 6.21199989319
266 6.23199987411
267 6.22100019455
268 6.22300004959
269 6.21400022507
270 6.21999979019
271 6.22800016403
272 6.22100019455
273 6.12900018692
274 5.84999990463
275 5.78599977493
276 5.74700021744
277 5.71600008011
278 5.71999979019
279 5.72900009155
280 5.73500013351
281 5.78000020981
282 5.79199981689
283 5.95200014114
284 6.06199979782
285 6.07999992371
286 6.07299995422
287 6.05200004578
288 6.05900001526
289 6.03800010681
290 6.04099988937
291 6.01399993896
292 5.99599981308
293 5.95900011063
294 5.9439997673
295 5.9390001297
296 5.92000007629
297 5.90700006485
298 5.89599990845
299 5.86899995804
300 5.84299993515
301 5.84399986267
302 5.81500005722
303 5.81300020218
304 5.81599998474
305 5.79199981689
306 5.78499984741
307 5.77699995041
308 5.74599981308
309 5.71899986267
310 5.6890001297
311 5.66300010681
312 5.65100002289
313 5.61000013351
314 5.60099983215
315 5.57399988174
316 5.56599998474
317 5.54300022125
318 5.51800012589
319 5.33699989319
320 5.10699987411
321 5.45100021362
322 5.43499994278
323 5.42600011826
324 5.41400003433
325 5.38899993896
326 5.36100006104
327 5.32499980927
328 5.29099988937
329 4.35699987411
330 4.05399990082
331 4.11299991608
332 5.00500011444
333 5.15899991989
334 5.13700008392
335 5.10900020599
336 5.07700014114
337 5.06500005722
338 5.04500007629
339 5.02400016785
340 4.94500017166
341 4.80399990082
342 4.95100021362
343 4.92600011826
344 4.90199995041
345 4.8639998436
346 4.82299995422
347 4.70300006866
348 4.5640001297
349 4.73999977112
350 4.69899988174
351 4.67100000381
352 4.64599990845
353 4.6139998436
354 4.57999992371
355 4.57000017166
356 4.31199979782
357 4.36999988556
358 4.48500013351
359 4.46400022507
360 4.41699981689
361 4.42399978638
362 4.37900018692
363 4.35799980164
364 4.3140001297
365 4.28000020981
366 4.23000001907
367 4.21500015259
368 4.1779999733
369 4.13000011444
370 4.11100006104
371 4.07000017166
372 4.03599977493
373 4.01700019836
374 3.99900007248
375 3.96499991417
376 3.93099999428
377 3.91100001335
378 3.87400007248
379 3.84100008011
380 3.81999993324
381 3.71099996567
382 3.62599992752
383 3.59599995613
384 3.57100009918
385 3.53900003433
386 3.5
387 3.45499992371
388 3.4319999218
389 3.39700007439
390 3.37599992752
391 3.32500004768
392 3.29999995232
393 3.28299999237
394 3.27300000191
395 3.27600002289
396 3.2990000248
397 3.33599996567
398 3.36899995804
399 3.41100001335
400 3.43899989128
401 3.46900010109
402 3.51699995995
403 3.55599999428
404 3.58800005913
405 3.64400005341
406 3.67100000381
407 3.71399998665
408 3.73699998856
409 3.77900004387
410 3.83999991417
411 3.8900001049
412 3.9430000782
413 3.9960000515
414 4.04199981689
415 4.09800004959
416 4.1779999733
417 4.24800014496
418 4.28299999237
419 4.37099981308
420 4.44799995422
421 4.49599981308
422 4.58900022507
423 4.65199995041
424 4.73099994659
425 4.80900001526
426 4.90899991989
427 5.01000022888
428 5.10900020599
429 5.21000003815
430 5.30800008774
431 5.42199993134
432 5.53100013733
433 5.64499998093
434 5.75699996948
435 5.88500022888
436 6.02199983597
437 6.16800022125
438 6.30999994278
439 6.46799993515
440 6.492000103
441 6.60099983215
442 6.46400022507
443 3.08299994469
444 3.04500007629
445 3.01900005341
446 3.04399991035
447 3.02500009537
448 3.02099990845
449 2.9960000515
450 3.01099991798
451 2.98900008202
452 2.98799991608
453 2.99399995804
454 2.98000001907
455 2.97600007057
456 2.96199989319
457 2.96799993515
458 2.95000004768
459 2.95900011063
460 2.96000003815
461 2.93400001526
462 2.93600010872
463 2.95300006866
464 2.93300008774
465 2.93300008774
466 2.93499994278
467 2.91700005531
468 2.91799998283
469 2.90899991989
470 2.65499997139
471 2.64299988747
472 2.6400001049
473 2.64299988747
474 0.962000012398
475 0.699000000954
476 0.70300000906
477 0.927999973297
478 1.51699995995
479 1.26499998569
480 1.17299997807
481 1.16999995708
482 1.1629999876
483 1.14600002766
484 1.16199994087
485 1.14800000191
486 1.1289999485
487 1.13600003719
488 1.14800000191
489 1.13999998569
490 1.14699995518
491 1.18799996376
492 1.29400002956
493 1.48500001431
494 1.20799994469
495 1.26499998569
496 1.13900005817
497 1.13300001621
498 1.10199999809
499 1.09800004959
500 1.10099995136
501 1.08200001717
502 1.09300005436
503 1.0870000124
504 1.07299995422
505 1.07500004768
506 1.07400000095
507 1.07700002193
508 1.09000003338
509 1.09899997711
510 1.14499998093
511 1.29999995232
512 3.06399989128
513 3.04999995232
514 3.0680000782
515 3.09200000763
516 3.08100008965
517 3.08400011063
518 3.11999988556
519 3.10800004005
520 3.12599992752
521 3.15400004387
522 3.15100002289
523 3.16799998283
524 0.916999995708
525 0.912000000477
526 0.912000000477
527 0.940999984741
528 3.03500008583
529 2.97300004959
530 2.93799996376
531 2.88100004196
532 2.81599998474
533 2.78200006485
534 2.74799990654
535 2.70900011063
536 2.96700000763
537 2.90499997139
538 0.0
539 0.0
540 0.0
