0 4.50699996948
1 4.42600011826
2 4.44000005722
3 4.46299982071
4 4.52699995041
5 4.65600013733
6 4.67600011826
7 4.70499992371
8 4.72399997711
9 4.77799987793
10 4.78399991989
11 4.82700014114
12 4.84499979019
13 4.90399980545
14 4.92399978638
15 4.92899990082
16 4.82899999619
17 4.84600019455
18 4.875
19 4.95800018311
20 5.15199995041
21 5.18699979782
22 5.21600008011
23 5.26700019836
24 5.31500005722
25 5.36199998856
26 5.40399980545
27 5.44799995422
28 5.49700021744
29 5.55100011826
30 5.57600021362
31 5.63399982452
32 5.68300008774
33 0.0
34 17.156999588
35 17.1310005188
36 17.1380004883
37 0.0
38 0.0
39 0.0
40 17.216999054
41 17.1690006256
42 17.0580005646
43 17.0060005188
44 16.5109996796
45 16.5310001373
46 16.5149993896
47 13.1540002823
48 13.0769996643
49 12.329000473
50 11.9510002136
51 11.5860004425
52 11.6000003815
53 11.642999649
54 11.6129999161
55 11.3380002975
56 10.9960002899
57 10.4650001526
58 10.1199998856
59 8.30200004578
60 8.34399986267
61 8.20400047302
62 7.92399978638
63 7.63999986649
64 7.45300006866
65 7.23600006104
66 7.0640001297
67 6.90100002289
68 6.78399991989
69 6.77400016785
70 6.79600000381
71 6.81199979782
72 6.83799982071
73 6.875
74 6.77899980545
75 6.63199996948
76 1.71000003815
77 1.66799998283
78 1.6970000267
79 1.70299994946
80 5.21500015259
81 4.96199989319
82 4.85500001907
83 4.76000022888
84 4.67399978638
85 4.60599994659
86 4.54699993134
87 4.47599983215
88 4.40899991989
89 4.33699989319
90 4.2610001564
91 4.20599985123
92 4.14300012589
93 4.10400009155
94 4.03299999237
95 3.96399998665
96 3.93499994278
97 3.875
98 3.84100008011
99 3.80500006676
100 3.76900005341
101 3.78900003433
102 3.81699991226
103 3.83899998665
104 3.86999988556
105 3.91000008583
106 3.92100000381
107 3.9509999752
108 3.92199993134
109 3.88499999046
110 3.84299993515
111 3.80200004578
112 3.75200009346
113 3.71700000763
114 3.69000005722
115 3.66000008583
116 3.63199996948
117 3.58999991417
118 3.56599998474
119 3.52999997139
120 3.49900007248
121 3.46799993515
122 3.45499992371
123 3.41799998283
124 3.382999897
125 3.39599990845
126 3.42600011826
127 3.45499992371
128 3.49000000954
129 3.52699995041
130 3.55999994278
131 3.60599994659
132 3.66199994087
133 4.02500009537
134 4.0689997673
135 4.09800004959
136 4.12900018692
137 4.14099979401
138 4.15999984741
139 4.19299983978
140 4.257999897
141 4.28700017929
142 4.31799983978
143 4.35300016403
144 4.39200019836
145 4.42100000381
146 4.4470000267
147 4.492000103
148 4.50600004196
149 4.53000020981
150 4.53900003433
151 4.1939997673
152 4.29799985886
153 4.61199998856
154 3.27600002289
155 3.41000008583
156 4.70499992371
157 4.59700012207
158 4.55399990082
159 4.78599977493
160 4.83099985123
161 4.87200021744
162 4.88800001144
163 4.91599988937
164 4.96500015259
165 4.9889998436
166 5.01900005341
167 5.03200006485
168 3.13199996948
169 3.22099995613
170 3.35800004005
171 4.09999990463
172 4.89799976349
173 4.867000103
174 4.84499979019
175 4.84399986267
176 4.8140001297
177 4.81699991226
178 4.83799982071
179 4.83799982071
180 4.87900018692
181 4.90799999237
182 4.81699991226
183 5.29400014877
184 5.44999980927
185 5.48199987411
186 5.48699998856
187 5.507999897
188 4.60400009155
189 4.56199979782
190 5.5689997673
191 5.59000015259
192 3.64100003242
193 3.50699996948
194 4.08500003815
195 4.05100011826
196 5.69299983978
197 5.71199989319
198 5.742000103
199 2.08200001717
200 2.04099988937
201 2.03299999237
202 2.04399991035
203 2.01799988747
204 2.01699995995
205 2.03200006485
206 2.03200006485
207 2.02900004387
208 2.03500008583
209 2.01099991798
210 2.007999897
211 2.007999897
212 2.0039999485
213 2.0039999485
214 2.01600003242
215 2.02600002289
216 2.00300002098
217 2.00699996948
218 2.04500007629
219 2.19899988174
220 2.48000001907
221 2.47499990463
222 2.40199995041
223 2.29999995232
224 2.27600002289
225 2.28999996185
226 2.26799988747
227 2.25699996948
228 2.22900009155
229 2.24499988556
230 2.28600001335
231 2.29699993134
232 2.26600003242
233 2.25600004196
234 2.28600001335
235 2.29500007629
236 2.33200001717
237 2.44799995422
238 2.507999897
239 2.53399991989
240 6.23299980164
241 6.22900009155
242 6.2389998436
243 6.24800014496
244 6.23000001907
245 6.21999979019
246 6.23000001907
247 6.22300004959
248 6.23500013351
249 6.2610001564
250 6.24800014496
251 6.26599979401
252 6.27600002289
253 6.27299976349
254 6.26900005341
255 6.27299976349
256 6.24300003052
257 6.25699996948
258 6.24900007248
259 6.25899982452
260 6.22599983215
261 6.24900007248
262 6.24300003052
263 6.22599983215
264 6.20900011063
265 6.21700000763
266 6.21199989319
267 6.21799993515
268 6.20699977875
269 6.20300006866
270 6.21299982071
271 6.21299982071
272 6.20900011063
273 6.13100004196
274 5.83400011063
275 5.79699993134
276 5.73699998856
277 5.72599983215
278 5.71899986267
279 5.72800016403
280 5.73400020599
281 5.76300001144
282 5.79899978638
283 5.9310002327
284 6.08099985123
285 6.07399988174
286 6.07800006866
287 6.06799983978
288 6.03800010681
289 6.05800008774
290 6.04600000381
291 6.01700019836
292 5.98000001907
293 5.97900009155
294 5.96999979019
295 5.92199993134
296 5.92899990082
297 5.89900016785
298 5.88199996948
299 5.87599992752
300 5.86000013351
301 5.85099983215
302 5.82299995422
303 5.8140001297
304 5.79199981689
305 5.79300022125
306 5.78700017929
307 5.75600004196
308 5.73999977112
309 5.72300004959
310 5.69600009918
311 5.66099977493
312 5.63500022888
313 5.625
314 5.59999990463
315 5.58300018311
316 5.55399990082
317 5.54400014877
318 5.52600002289
319 5.3029999733
320 5.10400009155
321 5.45200014114
322 5.44600009918
323 5.42899990082
324 5.42600011826
325 5.38800001144
326 5.35099983215
327 5.32899999619
328 5.28700017929
329 4.36000013351
330 4.04300022125
331 4.125
332 5.00899982452
333 5.16800022125
334 5.13800001144
335 5.1139998436
336 5.08599996567
337 5.0689997673
338 5.05100011826
339 5.02600002289
340 4.94600009918
341 4.81199979782
342 4.9470000267
343 4.92899990082
344 4.90000009537
345 4.86999988556
346 4.84100008011
347 4.70699977875
348 4.56799983978
349 4.74399995804
350 4.70399999619
351 4.67100000381
352 4.63500022888
353 4.61299991608
354 4.58599996567
355 4.55800008774
356 4.3029999733
357 4.36899995804
358 4.49900007248
359 4.46600008011
360 4.43400001526
361 4.39699983597
362 4.38700008392
363 4.35200023651
364 4.3109998703
365 4.28499984741
366 4.24700021744
367 4.21899986267
368 4.17600011826
369 4.12799978256
370 4.10300016403
371 4.0720000267
372 4.03499984741
373 4.0110001564
374 3.98099994659
375 3.96300005913
376 3.93400001526
377 3.91100001335
378 3.85899996758
379 3.85700011253
380 3.81500005722
381 3.71499991417
382 3.62299990654
383 3.58400011063
384 3.5680000782
385 3.53099989891
386 3.48900008202
387 3.46399998665
388 3.42600011826
389 3.40300011635
390 3.36800003052
391 3.34400010109
392 3.30399990082
393 3.27999997139
394 3.26399993896
395 3.26300001144
396 3.2990000248
397 3.32699990273
398 3.36899995804
399 3.39100003242
400 3.42000007629
401 3.47900009155
402 3.51600003242
403 3.5569999218
404 3.59200000763
405 3.63599991798
406 3.68600010872
407 3.71600008011
408 3.74099993706
409 3.77800011635
410 3.81100010872
411 3.87400007248
412 3.93400001526
413 3.98699998856
414 4.0640001297
415 4.12200021744
416 4.16200017929
417 4.24499988556
418 4.3060002327
419 4.382999897
420 4.44500017166
421 4.52299976349
422 4.58500003815
423 4.66499996185
424 4.72100019455
425 4.8060002327
426 4.90600013733
427 5.01200008392
428 5.11999988556
429 5.19799995422
430 5.31599998474
431 5.42899990082
432 5.53599977493
433 5.63700008392
434 5.76000022888
435 5.86299991608
436 6.01499986649
437 6.16599988937
438 6.30800008774
439 6.48299980164
440 6.48999977112
441 6.59700012207
442 6.45599985123
443 3.05399990082
444 3.0529999733
445 3.02699995041
446 3.02200007439
447 3.03200006485
448 3.02600002289
449 3.0150001049
450 2.98900008202
451 2.99900007248
452 2.99699997902
453 2.99099993706
454 2.96799993515
455 2.97600007057
456 2.98200011253
457 2.97399997711
458 2.95000004768
459 2.94099998474
460 2.9470000267
461 2.94600009918
462 2.94499993324
463 2.94400000572
464 2.93099999428
465 2.93600010872
466 2.92100000381
467 2.91700005531
468 2.91400003433
469 2.91199994087
470 2.65100002289
471 2.65000009537
472 2.64499998093
473 2.64299988747
474 0.943000018597
475 0.721000015736
476 0.709999978542
477 0.925000011921
478 1.43200004101
479 1.23800003529
480 1.1590000391
481 1.16700005531
482 1.16199994087
483 1.15799999237
484 1.14199995995
485 1.15199995041
486 1.14499998093
487 1.14999997616
488 1.14800000191
489 1.13399994373
490 1.15799999237
491 1.17700004578
492 1.30900001526
493 1.56599998474
494 1.51800000668
495 1.25300002098
496 1.13600003719
497 1.12000000477
498 1.10300004482
499 1.07700002193
500 1.08899998665
501 1.07500004768
502 1.08200001717
503 1.07899999619
504 1.07000005245
505 1.09000003338
506 1.07099997997
507 1.05799996853
508 1.08000004292
509 1.10399997234
510 1.14300000668
511 1.29600000381
512 3.06599998474
513 3.05900001526
514 3.06299996376
515 3.08500003815
516 3.09100008011
517 3.08800005913
518 3.11199998856
519 3.1289999485
520 3.13700008392
521 3.14299988747
522 3.16100001335
523 3.16599988937
524 0.931999981403
525 0.896000027657
526 0.922999978065
527 0.930999994278
528 3.03200006485
529 2.98900008202
530 2.92899990082
531 2.867000103
532 2.81599998474
533 2.78900003433
534 2.74399995804
535 2.6970000267
536 2.93799996376
537 2.91499996185
538 0.0
539 0.0
540 0.0
