0 4.51700019836
1 4.43499994278
2 4.44899988174
3 4.48000001907
4 4.54300022125
5 4.64599990845
6 4.67399978638
7 4.71600008011
8 4.73600006104
9 4.76200008392
10 4.80000019073
11 4.83400011063
12 4.86000013351
13 4.90399980545
14 4.93200016022
15 4.92299985886
16 4.83799982071
17 4.85300016403
18 4.87900018692
19 4.96600008011
20 5.15399980545
21 5.19500017166
22 5.21799993515
23 5.257999897
24 5.32100009918
25 5.36499977112
26 5.40500020981
27 5.44899988174
28 5.50500011444
29 5.54600000381
30 5.59299993515
31 5.63800001144
32 5.66300010681
33 0.0
34 17.1669998169
35 17.1560001373
36 17.1450004578
37 0.0
38 0.0
39 0.0
40 17.2450008392
41 17.1770000458
42 17.0750007629
43 17.0130004883
44 16.5289993286
45 16.5489997864
46 16.5170001984
47 13.1510000229
48 13.0670003891
49 12.3350000381
50 11.9359998703
51 11.5909996033
52 11.6009998322
53 11.6400003433
54 11.6309995651
55 11.3389997482
56 10.9799995422
57 10.4580001831
58 10.1059999466
59 8.34799957275
60 8.35000038147
61 8.20899963379
62 7.92299985886
63 7.6360001564
64 7.44899988174
65 7.26300001144
66 7.05100011826
67 6.90299987793
68 6.79799985886
69 6.78599977493
70 6.8109998703
71 6.82000017166
72 6.84899997711
73 6.88000011444
74 6.79300022125
75 6.6360001564
76 1.69500005245
77 1.67499995232
78 1.68099999428
79 1.73699998856
80 5.22100019455
81 4.96999979019
82 4.84899997711
83 4.76800012589
84 4.68499994278
85 4.59800004959
86 4.52600002289
87 4.47599983215
88 4.40999984741
89 4.33900022507
90 4.27500009537
91 4.23099994659
92 4.14200019836
93 4.09899997711
94 4.04199981689
95 3.97399997711
96 3.92199993134
97 3.89499998093
98 3.84599995613
99 3.79200005531
100 3.77500009537
101 3.77099990845
102 3.82999992371
103 3.83899998665
104 3.8900001049
105 3.90400004387
106 3.9430000782
107 3.97000002861
108 3.91300010681
109 3.88599991798
110 3.84299993515
111 3.78900003433
112 3.78299999237
113 3.71399998665
114 3.70600008965
115 3.66899991035
116 3.63100004196
117 3.60199999809
118 3.57299995422
119 3.53900003433
120 3.49499988556
121 3.46900010109
122 3.43400001526
123 3.41100001335
124 3.41100001335
125 3.40300011635
126 3.4240000248
127 3.45399999619
128 3.4960000515
129 3.52999997139
130 3.57800006866
131 3.60199999809
132 3.67300009727
133 4.03900003433
134 4.07700014114
135 4.09299993515
136 4.1139998436
137 4.15299987793
138 4.17399978638
139 4.21600008011
140 4.25
141 4.29300022125
142 4.32600021362
143 4.35200023651
144 4.38100004196
145 4.40700006485
146 4.45300006866
147 4.50199985504
148 4.5
149 4.53100013733
150 4.55100011826
151 4.21400022507
152 4.30999994278
153 4.59299993515
154 3.28200006485
155 3.41400003433
156 4.72100019455
157 4.58699989319
158 4.55200004578
159 4.80399990082
160 4.83900022507
161 4.87200021744
162 4.90000009537
163 4.92999982834
164 4.96500015259
165 5.0
166 5.03200006485
167 5.02899980545
168 3.14700007439
169 3.21399998665
170 3.375
171 4.12699985504
172 4.92899990082
173 4.88000011444
174 4.86999988556
175 4.82800006866
176 4.83300018311
177 4.82600021362
178 4.83300018311
179 4.84000015259
180 4.86000013351
181 4.90100002289
182 4.83099985123
183 5.33400011063
184 5.46799993515
185 5.48000001907
186 5.49900007248
187 5.51700019836
188 4.60799980164
189 4.58799982071
190 5.56699991226
191 5.59000015259
192 3.64599990845
193 3.52500009537
194 4.08400011063
195 4.06199979782
196 5.6939997673
197 5.71999979019
198 5.75500011444
199 2.06999993324
200 2.06599998474
201 2.03800010681
202 2.0490000248
203 2.03500008583
204 2.01900005341
205 2.03699994087
206 2.02600002289
207 2.03399991989
208 2.00300002098
209 2.02900004387
210 2.00900006294
211 2.00999999046
212 2.00900006294
213 2.02900004387
214 2.03200006485
215 2.02300000191
216 2.02099990845
217 2.03699994087
218 2.04600000381
219 2.20900011063
220 2.5
221 2.49799990654
222 2.41700005531
223 2.32399988174
224 2.28099989891
225 2.29600000381
226 2.26300001144
227 2.24799990654
228 2.25099992752
229 2.26399993896
230 2.2990000248
231 2.33200001717
232 2.28399991989
233 2.28099989891
234 2.28299999237
235 2.31699991226
236 2.33500003815
237 2.45499992371
238 2.53699994087
239 2.52900004387
240 6.24599981308
241 6.23400020599
242 6.23500013351
243 6.22200012207
244 6.24700021744
245 6.24100017548
246 6.23099994659
247 6.24599981308
248 6.242000103
249 6.23600006104
250 6.26900005341
251 6.24599981308
252 6.27899980545
253 6.25899982452
254 6.27299976349
255 6.28100013733
256 6.26599979401
257 6.26999998093
258 6.2389998436
259 6.25899982452
260 6.25099992752
261 6.23799991608
262 6.24599981308
263 6.22599983215
264 6.22599983215
265 6.21199989319
266 6.23199987411
267 6.2389998436
268 6.22200012207
269 6.19899988174
270 6.21799993515
271 6.23000001907
272 6.21999979019
273 6.13500022888
274 5.85200023651
275 5.78700017929
276 5.7610001564
277 5.7389998436
278 5.72100019455
279 5.72499990463
280 5.74499988556
281 5.7610001564
282 5.81300020218
283 5.94999980927
284 6.08900022507
285 6.08599996567
286 6.07399988174
287 6.06500005722
288 6.04400014877
289 6.05999994278
290 6.03399991989
291 6.01499986649
292 6.00299978256
293 5.98600006104
294 5.96299982071
295 5.94500017166
296 5.92399978638
297 5.90799999237
298 5.87900018692
299 5.86499977112
300 5.86299991608
301 5.84899997711
302 5.83199977875
303 5.82600021362
304 5.80800008774
305 5.79500007629
306 5.79099988937
307 5.77400016785
308 5.74399995804
309 5.73000001907
310 5.69799995422
311 5.66200017929
312 5.64900016785
313 5.63000011444
314 5.60500001907
315 5.58699989319
316 5.55900001526
317 5.53599977493
318 5.51800012589
319 5.3220000267
320 5.11000013351
321 5.46099996567
322 5.4470000267
323 5.42199993134
324 5.42100000381
325 5.39900016785
326 5.35500001907
327 5.3189997673
328 5.29699993134
329 4.37099981308
330 4.05700016022
331 4.11999988556
332 5.02600002289
333 5.17000007629
334 5.14300012589
335 5.117000103
336 5.08799982071
337 5.0640001297
338 5.04199981689
339 5.02600002289
340 4.95200014114
341 4.8140001297
342 4.96299982071
343 4.93200016022
344 4.90100002289
345 4.87699985504
346 4.83400011063
347 4.70100021362
348 4.55900001526
349 4.73400020599
350 4.70699977875
351 4.67700004578
352 4.65299987793
353 4.60599994659
354 4.59499979019
355 4.5689997673
356 4.30900001526
357 4.37599992752
358 4.48299980164
359 4.46000003815
360 4.4390001297
361 4.41599988937
362 4.37599992752
363 4.36499977112
364 4.32899999619
365 4.27899980545
366 4.25400018692
367 4.19500017166
368 4.17500019073
369 4.15600013733
370 4.11100006104
371 4.08300018311
372 4.05800008774
373 4.00199985504
374 3.99499988556
375 3.95399999619
376 3.91599988937
377 3.90700006485
378 3.88400006294
379 3.83699989319
380 3.82100009918
381 3.70600008965
382 3.632999897
383 3.6099998951
384 3.57100009918
385 3.52999997139
386 3.48000001907
387 3.44899988174
388 3.43499994278
389 3.38599991798
390 3.37700009346
391 3.32399988174
392 3.3029999733
393 3.28600001335
394 3.26799988747
395 3.27999997139
396 3.28299999237
397 3.32299995422
398 3.36500000954
399 3.41599988937
400 3.43000006676
401 3.48399996758
402 3.53500008583
403 3.56500005722
404 3.59100008011
405 3.62700009346
406 3.69000005722
407 3.73200011253
408 3.74799990654
409 3.7990000248
410 3.83299994469
411 3.86899995804
412 3.91700005531
413 3.99300003052
414 4.06199979782
415 4.12900018692
416 4.17399978638
417 4.24700021744
418 4.29500007629
419 4.35599994659
420 4.45399999619
421 4.52400016785
422 4.59600019455
423 4.66400003433
424 4.742000103
425 4.81199979782
426 4.91499996185
427 5.02199983597
428 5.10599994659
429 5.20900011063
430 5.32000017166
431 5.42299985886
432 5.53499984741
433 5.65000009537
434 5.77899980545
435 5.89400005341
436 6.02299976349
437 6.1779999733
438 6.31799983978
439 6.47599983215
440 6.49900007248
441 6.60500001907
442 6.43800020218
443 3.10299992561
444 3.05800008774
445 3.02999997139
446 3.02999997139
447 3.03900003433
448 3.02399992943
449 3.00600004196
450 3.007999897
451 2.992000103
452 2.98200011253
453 2.99799990654
454 2.99399995804
455 2.97600007057
456 2.99300003052
457 2.97499990463
458 2.95300006866
459 2.96300005913
460 2.95199990273
461 2.95900011063
462 2.93799996376
463 2.94199991226
464 2.94199991226
465 2.94000005722
466 2.93400001526
467 2.9319999218
468 2.9319999218
469 2.91499996185
470 2.67000007629
471 2.63800001144
472 2.65199995041
473 2.64899992943
474 0.958999991417
475 0.716000020504
476 0.699000000954
477 0.916999995708
478 1.56700003147
479 1.27400004864
480 1.19500005245
481 1.18400001526
482 1.16499996185
483 1.13699996471
484 1.16799998283
485 1.16700005531
486 1.16199994087
487 1.1629999876
488 1.16400003433
489 1.14300000668
490 1.18599998951
491 1.19299995899
492 1.29499995708
493 1.49000000954
494 1.19099998474
495 1.28100001812
496 1.15799999237
497 1.14199995995
498 1.1210000515
499 1.10899996758
500 1.10800004005
501 1.07400000095
502 1.07400000095
503 1.09599995613
504 1.08200001717
505 1.0870000124
506 1.09300005436
507 1.0870000124
508 1.10599994659
509 1.10599994659
510 1.14800000191
511 1.32500004768
512 3.0680000782
513 3.05399990082
514 3.08100008965
515 3.07899999619
516 3.08500003815
517 3.10100007057
518 3.12599992752
519 3.12599992752
520 3.1400001049
521 3.14700007439
522 3.15000009537
523 3.17499995232
524 0.941999971867
525 0.908999979496
526 0.916000008583
527 0.936999976635
528 3.04200005531
529 2.99099993706
530 2.93899989128
531 2.88499999046
532 2.84100008011
533 2.77699995041
534 2.74399995804
535 2.69600009918
536 2.96399998665
537 2.91300010681
538 0.0
539 0.0
540 0.0
