0 4.5110001564
1 4.4279999733
2 4.4439997673
3 4.44999980927
4 4.53000020981
5 4.64400005341
6 4.67199993134
7 4.6939997673
8 4.73099994659
9 4.76300001144
10 4.78499984741
11 4.82100009918
12 4.85300016403
13 4.89499998093
14 4.9310002327
15 4.92700004578
16 4.83599996567
17 4.84600019455
18 4.8860001564
19 4.96299982071
20 5.14099979401
21 5.17600011826
22 5.22200012207
23 5.26200008392
24 5.30499982834
25 5.34700012207
26 5.39900016785
27 5.44600009918
28 5.48199987411
29 5.54899978638
30 5.59800004959
31 5.64699983597
32 5.67000007629
33 0.0
34 17.1480007172
35 17.1410007477
36 17.1369991302
37 0.0
38 0.0
39 0.0
40 17.2380008698
41 17.1739997864
42 17.0690002441
43 16.9880008698
44 16.5230007172
45 16.531999588
46 16.5130004883
47 13.1560001373
48 13.079000473
49 12.345000267
50 11.9530000687
51 11.579000473
52 11.6020002365
53 11.6190004349
54 11.6040000916
55 11.3420000076
56 10.9799995422
57 10.4589996338
58 10.0970001221
59 8.34000015259
60 8.32400035858
61 8.18200016022
62 7.90199995041
63 7.61899995804
64 7.4390001297
65 7.24100017548
66 7.05900001526
67 6.89900016785
68 6.78700017929
69 6.77699995041
70 6.80000019073
71 6.81699991226
72 6.84600019455
73 6.86499977112
74 6.77699995041
75 6.62599992752
76 1.6970000267
77 1.67100000381
78 1.68099999428
79 1.74899995327
80 5.21899986267
81 4.96700000763
82 4.85500001907
83 4.76000022888
84 4.68699979782
85 4.59899997711
86 4.53399991989
87 4.45599985123
88 4.40700006485
89 4.34499979019
90 4.27600002289
91 4.21400022507
92 4.1360001564
93 4.08900022507
94 4.03700017929
95 3.97399997711
96 3.9240000248
97 3.86999988556
98 3.84999990463
99 3.78999996185
100 3.77300000191
101 3.78500008583
102 3.82100009918
103 3.84699988365
104 3.88000011444
105 3.90499997139
106 3.93600010872
107 3.95199990273
108 3.92199993134
109 3.882999897
110 3.84100008011
111 3.79800009727
112 3.76399993896
113 3.71900010109
114 3.69000005722
115 3.66000008583
116 3.61500000954
117 3.57699990273
118 3.55999994278
119 3.52699995041
120 3.50200009346
121 3.47099995613
122 3.44199991226
123 3.40400004387
124 3.39899992943
125 3.3900001049
126 3.42100000381
127 3.45399999619
128 3.48699998856
129 3.52600002289
130 3.56500005722
131 3.58999991417
132 3.65100002289
133 4.02600002289
134 4.05999994278
135 4.09899997711
136 4.125
137 4.15700006485
138 4.15799999237
139 4.20300006866
140 4.23299980164
141 4.27699995041
142 4.31199979782
143 4.32999992371
144 4.37799978256
145 4.4310002327
146 4.46899986267
147 4.46299982071
148 4.48999977112
149 4.53100013733
150 4.53200006485
151 4.18699979782
152 4.29400014877
153 4.60599994659
154 3.25300002098
155 3.41300010681
156 4.70100021362
157 4.58699989319
158 4.54500007629
159 4.78599977493
160 4.82100009918
161 4.85699987411
162 4.90600013733
163 4.91800022125
164 4.95599985123
165 4.98699998856
166 5.01499986649
167 5.02500009537
168 3.1210000515
169 3.21399998665
170 3.36299991608
171 4.10500001907
172 4.92100000381
173 4.8639998436
174 4.84600019455
175 4.83199977875
176 4.81599998474
177 4.8060002327
178 4.83500003815
179 4.84399986267
180 4.875
181 4.90199995041
182 4.81199979782
183 5.31799983978
184 5.46199989319
185 5.46400022507
186 5.492000103
187 5.51599979401
188 4.59200000763
189 4.58500003815
190 5.55399990082
191 5.59000015259
192 3.64499998093
193 3.52300000191
194 4.05800008774
195 4.03700017929
196 5.68800020218
197 5.69500017166
198 5.72599983215
199 2.07800006866
200 2.07399988174
201 2.02900004387
202 2.02399992943
203 2.03600001335
204 2.01200008392
205 2.00500011444
206 2.01399993896
207 2.0150001049
208 2.02500009537
209 2.02300000191
210 2.01600003242
211 2.02500009537
212 2.00600004196
213 2.00200009346
214 2.00200009346
215 2.01300001144
216 2.00699996948
217 2.02800011635
218 2.03999996185
219 2.22699999809
220 2.492000103
221 2.46700000763
222 2.375
223 2.28900003433
224 2.27699995041
225 2.27200007439
226 2.25500011444
227 2.26600003242
228 2.25300002098
229 2.25699996948
230 2.28299999237
231 2.29800009727
232 2.24300003052
233 2.26699995995
234 2.28800010681
235 2.28900003433
236 2.3220000267
237 2.45700001717
238 2.52699995041
239 2.52999997139
240 6.22599983215
241 6.21299982071
242 6.21999979019
243 6.22900009155
244 6.22800016403
245 6.23799991608
246 6.22499990463
247 6.24700021744
248 6.24599981308
249 6.22399997711
250 6.24499988556
251 6.26499986649
252 6.26000022888
253 6.28399991989
254 6.27699995041
255 6.28100013733
256 6.24900007248
257 6.2610001564
258 6.22900009155
259 6.22300004959
260 6.22900009155
261 6.24700021744
262 6.23299980164
263 6.21500015259
264 6.21700000763
265 6.22800016403
266 6.22200012207
267 6.21099996567
268 6.21199989319
269 6.20200014114
270 6.21199989319
271 6.21299982071
272 6.21799993515
273 6.12300014496
274 5.84499979019
275 5.78299999237
276 5.74599981308
277 5.72700023651
278 5.72200012207
279 5.70599985123
280 5.75199985504
281 5.75400018692
282 5.78200006485
283 5.96199989319
284 6.08599996567
285 6.07999992371
286 6.06799983978
287 6.04799985886
288 6.04199981689
289 6.04199981689
290 6.03900003433
291 6.01300001144
292 5.99800014496
293 5.98299980164
294 5.96299982071
295 5.93499994278
296 5.91200017929
297 5.90899991989
298 5.89200019836
299 5.86299991608
300 5.85900020599
301 5.83699989319
302 5.83500003815
303 5.82999992371
304 5.80000019073
305 5.80800008774
306 5.78299999237
307 5.77600002289
308 5.73999977112
309 5.70100021362
310 5.68499994278
311 5.67000007629
312 5.65299987793
313 5.61499977112
314 5.60400009155
315 5.57299995422
316 5.5640001297
317 5.53700017929
318 5.50500011444
319 5.30900001526
320 5.09700012207
321 5.44000005722
322 5.43699979782
323 5.4279999733
324 5.40799999237
325 5.38700008392
326 5.34800004959
327 5.33400011063
328 5.29500007629
329 4.375
330 4.03800010681
331 4.11499977112
332 5.00400018692
333 5.16099977493
334 5.13399982452
335 5.10799980164
336 5.07899999619
337 5.05900001526
338 5.04099988937
339 5.02600002289
340 4.9390001297
341 4.80800008774
342 4.95499992371
343 4.9279999733
344 4.89699983597
345 4.86000013351
346 4.84299993515
347 4.70100021362
348 4.56699991226
349 4.74100017548
350 4.70300006866
351 4.67299985886
352 4.63999986649
353 4.61000013351
354 4.58400011063
355 4.55999994278
356 4.30100011826
357 4.35799980164
358 4.47499990463
359 4.44199991226
360 4.41599988937
361 4.39400005341
362 4.38100004196
363 4.32999992371
364 4.3220000267
365 4.28499984741
366 4.25199985504
367 4.21799993515
368 4.15600013733
369 4.12400007248
370 4.09299993515
371 4.05499982834
372 4.02600002289
373 4.01300001144
374 3.98600006104
375 3.96199989319
376 3.93400001526
377 3.89800000191
378 3.8599998951
379 3.83599996567
380 3.81200003624
381 3.70300006866
382 3.62199997902
383 3.58699989319
384 3.5569999218
385 3.52999997139
386 3.49499988556
387 3.45600008965
388 3.43000006676
389 3.39199995995
390 3.3599998951
391 3.32899999619
392 3.29600000381
393 3.26900005341
394 3.2539999485
395 3.26200008392
396 3.29600000381
397 3.33500003815
398 3.36899995804
399 3.40499997139
400 3.42499995232
401 3.46000003815
402 3.5150001049
403 3.5569999218
404 3.60100007057
405 3.6400001049
406 3.68499994278
407 3.72300004959
408 3.72600007057
409 3.76999998093
410 3.83699989319
411 3.88800001144
412 3.93300008774
413 4.00299978256
414 4.06500005722
415 4.12200021744
416 4.17899990082
417 4.23400020599
418 4.30000019073
419 4.37900018692
420 4.4470000267
421 4.52500009537
422 4.59800004959
423 4.65000009537
424 4.71999979019
425 4.81599998474
426 4.90600013733
427 5.0110001564
428 5.10699987411
429 5.20800018311
430 5.31500005722
431 5.42100000381
432 5.51999998093
433 5.62799978256
434 5.75199985504
435 5.88000011444
436 6.01800012589
437 6.17199993134
438 6.3189997673
439 6.47800016403
440 6.492000103
441 6.60300016403
442 6.4470000267
443 3.06200003624
444 3.04999995232
445 3.05200004578
446 3.03600001335
447 3.02300000191
448 3.01300001144
449 2.99499988556
450 2.99499988556
451 2.98699998856
452 3.0039999485
453 2.99000000954
454 2.9849998951
455 2.98300004005
456 2.96799993515
457 2.95399999619
458 2.95700001717
459 2.9470000267
460 2.94199991226
461 2.95600008965
462 2.94499993324
463 2.9319999218
464 2.93499994278
465 2.9319999218
466 2.92600011826
467 2.91899991035
468 2.91199994087
469 2.89700007439
470 2.65400004387
471 2.63700008392
472 2.62400007248
473 2.64499998093
474 0.93900001049
475 0.700999975204
476 0.709999978542
477 0.926999986172
478 1.41600000858
479 1.2539999485
480 1.16799998283
481 1.17100000381
482 1.15100002289
483 1.15600001812
484 1.1629999876
485 1.15999996662
486 1.16400003433
487 1.16700005531
488 1.16199994087
489 1.1590000391
490 1.17999994755
491 1.18599998951
492 1.31200003624
493 1.61000001431
494 1.29999995232
495 1.14699995518
496 1.11899995804
497 1.10399997234
498 1.09500002861
499 1.07799994946
500 1.10000002384
501 1.07299995422
502 1.08399999142
503 1.0870000124
504 1.0909999609
505 1.07799994946
506 1.09800004959
507 1.09500002861
508 1.10800004005
509 1.1629999876
510 1.32500004768
511 3.02999997139
512 3.04699993134
513 3.05800008774
514 3.06599998474
515 3.06699991226
516 3.09500002861
517 3.11100006104
518 3.10199999809
519 3.11800003052
520 3.1210000515
521 3.15199995041
522 3.16599988937
523 3.18000006676
524 0.929000020027
525 0.911000013351
526 0.912999987602
527 0.93900001049
528 3.03800010681
529 2.98699998856
530 2.91700005531
531 2.86599993706
532 2.81599998474
533 2.77099990845
534 2.73600006104
535 2.70399999619
536 2.95199990273
537 2.90400004387
538 0.0
539 0.0
540 0.0
