0 4.50299978256
1 4.4439997673
2 4.4359998703
3 4.46500015259
4 4.51999998093
5 4.65999984741
6 4.67299985886
7 4.69199991226
8 4.72700023651
9 4.75600004196
10 4.80200004578
11 4.81500005722
12 4.85900020599
13 4.8860001564
14 4.90700006485
15 4.92700004578
16 4.82899999619
17 4.83799982071
18 4.87400007248
19 4.96500015259
20 5.13800001144
21 5.18699979782
22 5.20800018311
23 5.25299978256
24 5.29300022125
25 5.35400009155
26 5.40199995041
27 5.44500017166
28 5.4889998436
29 5.53900003433
30 5.57999992371
31 5.64300012589
32 5.67299985886
33 0.0
34 17.1609992981
35 17.1340007782
36 17.1459999084
37 0.0
38 0.0
39 0.0
40 17.2350006104
41 17.1690006256
42 17.0629997253
43 16.9920005798
44 16.5130004883
45 16.531999588
46 16.5079994202
47 13.1479997635
48 13.0729999542
49 12.3179998398
50 11.9499998093
51 11.5799999237
52 11.6169996262
53 11.6120004654
54 11.6079998016
55 11.3199996948
56 10.9870004654
57 10.4379997253
58 10.0920000076
59 8.30700016022
60 8.33399963379
61 8.20899963379
62 7.90100002289
63 7.63199996948
64 7.44000005722
65 7.22800016403
66 7.0529999733
67 6.88000011444
68 6.79099988937
69 6.76700019836
70 6.79199981689
71 6.8140001297
72 6.83699989319
73 6.85400009155
74 6.78900003433
75 6.63999986649
76 1.69900000095
77 1.66100001335
78 1.66499996185
79 1.71800005436
80 5.23600006104
81 4.96199989319
82 4.84200000763
83 4.76000022888
84 4.67399978638
85 4.60300016403
86 4.53599977493
87 4.46999979019
88 4.40799999237
89 4.34200000763
90 4.27899980545
91 4.1890001297
92 4.16599988937
93 4.09899997711
94 4.02899980545
95 3.97799992561
96 3.93000006676
97 3.86299991608
98 3.84699988365
99 3.78399991989
100 3.76099991798
101 3.77399992943
102 3.81500005722
103 3.83200001717
104 3.87199997902
105 3.90100002289
106 3.92600011826
107 3.94099998474
108 3.91400003433
109 3.88499999046
110 3.83299994469
111 3.78500008583
112 3.7650001049
113 3.72799992561
114 3.6930000782
115 3.66000008583
116 3.60500001907
117 3.58599996567
118 3.56699991226
119 3.53099989891
120 3.48699998856
121 3.45199990273
122 3.4240000248
123 3.41000008583
124 3.39800000191
125 3.38499999046
126 3.42000007629
127 3.43300008774
128 3.49000000954
129 3.52800011635
130 3.57100009918
131 3.59500002861
132 3.66300010681
133 4.01800012589
134 4.0609998703
135 4.09200000763
136 4.10099983215
137 4.14699983597
138 4.16900014877
139 4.21199989319
140 4.23699998856
141 4.27500009537
142 4.31699991226
143 4.33699989319
144 4.39200019836
145 4.40000009537
146 4.4439997673
147 4.48600006104
148 4.50699996948
149 4.52500009537
150 4.53100013733
151 4.20900011063
152 4.29300022125
153 4.60200023651
154 3.2539999485
155 3.40499997139
156 4.70499992371
157 4.59399986267
158 4.55100011826
159 4.80000019073
160 4.83300018311
161 4.85699987411
162 4.89799976349
163 4.91599988937
164 4.95399999619
165 5.0
166 5.01300001144
167 5.03599977493
168 3.1289999485
169 3.21199989319
170 3.35500001907
171 4.12900018692
172 4.90399980545
173 4.882999897
174 4.85400009155
175 4.8220000267
176 4.8140001297
177 4.80700016022
178 4.81799983978
179 4.83199977875
180 4.867000103
181 4.89200019836
182 4.80700016022
183 5.3109998703
184 5.46299982071
185 5.48000001907
186 5.49100017548
187 5.51300001144
188 4.60200023651
189 4.57299995422
190 5.54600000381
191 5.57999992371
192 3.63599991798
193 3.51200008392
194 4.06500005722
195 4.03200006485
196 5.67500019073
197 5.70499992371
198 5.73999977112
199 2.06900000572
200 2.0490000248
201 2.04699993134
202 2.0150001049
203 2.02300000191
204 2.02399992943
205 2.03399991989
206 2.01799988747
207 2.02800011635
208 2.00600004196
209 2.01600003242
210 2.0150001049
211 1.99800002575
212 2.01099991798
213 2.0
214 2.01999998093
215 2.01399993896
216 2.02600002289
217 2.01999998093
218 2.03600001335
219 2.21399998665
220 2.47900009155
221 2.49300003052
222 2.38199996948
223 2.31900000572
224 2.28699994087
225 2.25999999046
226 2.2539999485
227 2.24399995804
228 2.23300004005
229 2.25900006294
230 2.28099989891
231 2.30200004578
232 2.25900006294
233 2.28600001335
234 2.27500009537
235 2.28200006485
236 2.31699991226
237 2.45000004768
238 2.51600003242
239 2.52200007439
240 6.23799991608
241 6.23400020599
242 6.21799993515
243 6.22200012207
244 6.21899986267
245 6.23500013351
246 6.21899986267
247 6.23699998856
248 6.25
249 6.23699998856
250 6.25600004196
251 6.2610001564
252 6.26300001144
253 6.26599979401
254 6.26700019836
255 6.26700019836
256 6.26000022888
257 6.24599981308
258 6.24900007248
259 6.25099992752
260 6.25099992752
261 6.23099994659
262 6.20499992371
263 6.21199989319
264 6.21299982071
265 6.23000001907
266 6.22599983215
267 6.21799993515
268 6.20599985123
269 6.20499992371
270 6.20399999619
271 6.19600009918
272 6.21500015259
273 6.11499977112
274 5.83500003815
275 5.78299999237
276 5.75699996948
277 5.72700023651
278 5.72499990463
279 5.72100019455
280 5.7389998436
281 5.76300001144
282 5.80499982834
283 5.9310002327
284 6.08199977875
285 6.07600021362
286 6.07499980927
287 6.0609998703
288 6.04799985886
289 6.02699995041
290 6.03299999237
291 6.0110001564
292 5.98600006104
293 5.95699977875
294 5.95499992371
295 5.91699981689
296 5.9279999733
297 5.90199995041
298 5.8860001564
299 5.86800003052
300 5.85099983215
301 5.85099983215
302 5.82800006866
303 5.82600021362
304 5.82000017166
305 5.80399990082
306 5.76900005341
307 5.76499986649
308 5.72800016403
309 5.69600009918
310 5.69899988174
311 5.66699981689
312 5.65199995041
313 5.62699985504
314 5.59100008011
315 5.57499980927
316 5.55999994278
317 5.54199981689
318 5.52699995041
319 5.31300020218
320 5.09899997711
321 5.45599985123
322 5.44899988174
323 5.42000007629
324 5.39799976349
325 5.38399982452
326 5.35900020599
327 5.32800006866
328 5.30100011826
329 4.35900020599
330 4.06500005722
331 4.10799980164
332 5.01900005341
333 5.15600013733
334 5.14200019836
335 5.11999988556
336 5.09399986267
337 5.0640001297
338 5.03499984741
339 5.01599979401
340 4.95499992371
341 4.80399990082
342 4.95699977875
343 4.94299983978
344 4.8860001564
345 4.87300014496
346 4.82999992371
347 4.70399999619
348 4.55200004578
349 4.71700000763
350 4.69999980927
351 4.66800022125
352 4.63899993896
353 4.617000103
354 4.58599996567
355 4.56799983978
356 4.31500005722
357 4.36000013351
358 4.46600008011
359 4.46400022507
360 4.42600011826
361 4.41499996185
362 4.39300012589
363 4.33799982071
364 4.31599998474
365 4.28599977493
366 4.23799991608
367 4.19899988174
368 4.15000009537
369 4.12200021744
370 4.10099983215
371 4.07100009918
372 4.03499984741
373 4.01200008392
374 3.98699998856
375 3.9430000782
376 3.92199993134
377 3.90700006485
378 3.88199996948
379 3.82800006866
380 3.80900001526
381 3.71300005913
382 3.63800001144
383 3.59200000763
384 3.56299996376
385 3.51600003242
386 3.49399995804
387 3.45499992371
388 3.41700005531
389 3.38499999046
390 3.36599993706
391 3.34100008011
392 3.31299996376
393 3.26600003242
394 3.25699996948
395 3.25500011444
396 3.28900003433
397 3.32500004768
398 3.36199998856
399 3.38400006294
400 3.43000006676
401 3.47699999809
402 3.50999999046
403 3.55800008774
404 3.58800005913
405 3.61599993706
406 3.66499996185
407 3.71900010109
408 3.74399995804
409 3.78200006485
410 3.82899999619
411 3.87299990654
412 3.93099999428
413 3.96700000763
414 4.06599998474
415 4.11000013351
416 4.17600011826
417 4.24900007248
418 4.29899978638
419 4.382999897
420 4.42399978638
421 4.51200008392
422 4.57999992371
423 4.64300012589
424 4.72900009155
425 4.80399990082
426 4.90000009537
427 5.00699996948
428 5.09899997711
429 5.19999980927
430 5.3029999733
431 5.41800022125
432 5.53399991989
433 5.62400007248
434 5.757999897
435 5.88000011444
436 6.02500009537
437 6.15000009537
438 6.31599998474
439 6.45399999619
440 6.49399995804
441 6.60799980164
442 6.46099996567
443 3.05800008774
444 3.04699993134
445 3.03699994087
446 3.03999996185
447 3.00500011444
448 3.01099991798
449 3.01200008392
450 3.00699996948
451 2.97499990463
452 2.98600006104
453 2.97499990463
454 2.9849998951
455 2.98000001907
456 2.96399998665
457 2.95399999619
458 2.96499991417
459 2.96799993515
460 2.94400000572
461 2.95399999619
462 2.93499994278
463 2.92700004578
464 2.92899990082
465 2.91300010681
466 2.92300009727
467 2.92700004578
468 2.92300009727
469 2.92000007629
470 2.64599990845
471 2.64400005341
472 2.63100004196
473 2.64400005341
474 0.944000005722
475 0.705999970436
476 0.716000020504
477 0.915000021458
478 1.4240000248
479 1.22599995136
480 1.16499996185
481 1.16600000858
482 1.14900004864
483 1.13900005817
484 1.12999999523
485 1.12300002575
486 1.1289999485
487 1.15299999714
488 1.14499998093
489 1.16199994087
490 1.15699994564
491 1.16199994087
492 1.2879999876
493 1.59300005436
494 1.44200003147
495 1.24800002575
496 1.12999999523
497 1.11600005627
498 1.10099995136
499 1.09399998188
500 1.09300005436
501 1.08000004292
502 1.07000005245
503 1.05499994755
504 1.06299996376
505 1.07700002193
506 1.06400001049
507 1.07000005245
508 1.0870000124
509 1.06900000572
510 1.15299999714
511 1.32500004768
512 3.05200004578
513 3.07399988174
514 3.06299996376
515 3.09599995613
516 3.07800006866
517 3.10299992561
518 3.12199997902
519 3.10100007057
520 3.11899995804
521 3.14400005341
522 3.13800001144
523 3.15400004387
524 0.927999973297
525 0.908999979496
526 0.90499997139
527 0.945999979973
528 3.03600001335
529 2.9849998951
530 2.9240000248
531 2.86400008202
532 2.83500003815
533 2.76699995995
534 2.72699999809
535 2.71099996567
536 2.94400000572
537 2.90400004387
538 0.0
539 0.0
540 0.0
