0 4.50500011444
1 4.43699979782
2 4.43800020218
3 4.46999979019
4 4.52600002289
5 4.64400005341
6 4.66800022125
7 4.69899988174
8 4.74599981308
9 4.7610001564
10 4.79099988937
11 4.82399988174
12 4.85099983215
13 4.88800001144
14 4.91599988937
15 4.92399978638
16 4.84000015259
17 4.85200023651
18 4.882999897
19 4.95800018311
20 5.13000011444
21 5.18499994278
22 5.22900009155
23 5.26000022888
24 5.30800008774
25 5.35699987411
26 5.40000009537
27 5.44999980927
28 5.48600006104
29 5.55100011826
30 5.59999990463
31 5.64099979401
32 5.68800020218
33 0.0
34 17.1200008392
35 17.1480007172
36 17.1560001373
37 0.0
38 0.0
39 0.0
40 17.2399997711
41 17.1790008545
42 17.0750007629
43 17.0100002289
44 16.5189990997
45 16.5300006866
46 16.5300006866
47 13.1510000229
48 13.0629997253
49 12.3409996033
50 11.9479999542
51 11.5959997177
52 11.5889997482
53 11.6190004349
54 11.6079998016
55 11.3369998932
56 10.9849996567
57 10.4460000992
58 10.1049995422
59 8.32699966431
60 8.32999992371
61 8.19600009918
62 7.90600013733
63 7.63500022888
64 7.4439997673
65 7.242000103
66 7.0609998703
67 6.90199995041
68 6.78599977493
69 6.76000022888
70 6.79400014877
71 6.83099985123
72 6.84200000763
73 6.87400007248
74 6.78499984741
75 6.6360001564
76 1.68700003624
77 1.68599998951
78 1.69099998474
79 1.72000002861
80 5.23400020599
81 4.97200012207
82 4.86100006104
83 4.75500011444
84 4.68300008774
85 4.59800004959
86 4.53999996185
87 4.47900009155
88 4.40399980545
89 4.34299993515
90 4.26800012589
91 4.20800018311
92 4.15899991989
93 4.117000103
94 4.03599977493
95 3.98699998856
96 3.94199991226
97 3.88800001144
98 3.83699989319
99 3.79299998283
100 3.76300001144
101 3.79399991035
102 3.82100009918
103 3.83299994469
104 3.88100004196
105 3.91100001335
106 3.95700001717
107 3.93600010872
108 3.90400004387
109 3.86500000954
110 3.83500003815
111 3.80900001526
112 3.76200008392
113 3.71799993515
114 3.69899988174
115 3.65599989891
116 3.61599993706
117 3.58599996567
118 3.56200003624
119 3.52500009537
120 3.4960000515
121 3.46499991417
122 3.4470000267
123 3.41300010681
124 3.40000009537
125 3.38000011444
126 3.4319999218
127 3.45499992371
128 3.48000001907
129 3.52999997139
130 3.5680000782
131 3.60800004005
132 3.67100000381
133 4.02199983597
134 4.06699991226
135 4.06599998474
136 4.12099981308
137 4.15000009537
138 4.18200016022
139 4.21000003815
140 4.23299980164
141 4.27299976349
142 4.30200004578
143 4.32999992371
144 4.38100004196
145 4.42100000381
146 4.45599985123
147 4.46400022507
148 4.48999977112
149 4.53800010681
150 4.54899978638
151 4.20599985123
152 4.28599977493
153 4.6139998436
154 3.27399992943
155 3.39899992943
156 4.71500015259
157 4.60300016403
158 4.56699991226
159 4.80499982834
160 4.82700014114
161 4.84999990463
162 4.88700008392
163 4.92700004578
164 4.94999980927
165 4.98999977112
166 5.02899980545
167 5.03399991989
168 3.16100001335
169 3.22499990463
170 3.37199997902
171 4.11100006104
172 4.92399978638
173 4.87699985504
174 4.85500001907
175 4.84299993515
176 4.8189997673
177 4.83300018311
178 4.82499980927
179 4.83799982071
180 4.8639998436
181 4.90700006485
182 4.82499980927
183 5.32299995422
184 5.46000003815
185 5.47200012207
186 5.50199985504
187 5.50600004196
188 4.59899997711
189 4.58099985123
190 5.5529999733
191 5.57600021362
192 3.63499999046
193 3.51200008392
194 4.06500005722
195 4.03900003433
196 5.68699979782
197 5.71999979019
198 5.7389998436
199 2.07399988174
200 2.06999993324
201 2.04399991035
202 2.04099988937
203 2.03399991989
204 2.01399993896
205 2.03099989891
206 2.01200008392
207 2.00200009346
208 2.02200007439
209 2.00200009346
210 2.02300000191
211 2.02600002289
212 2.0150001049
213 2.02300000191
214 2.01799988747
215 2.007999897
216 2.01799988747
217 2.00600004196
218 2.03500008583
219 2.23600006104
220 2.47199988365
221 2.47900009155
222 2.37599992752
223 2.29600000381
224 2.27200007439
225 2.28500008583
226 2.28299999237
227 2.25300002098
228 2.25500011444
229 2.25
230 2.27800011635
231 2.29699993134
232 2.24399995804
233 2.26300001144
234 2.30599999428
235 2.28600001335
236 2.32899999619
237 2.47099995613
238 2.52900004387
239 2.51799988747
240 6.23000001907
241 6.23199987411
242 6.22399997711
243 6.22900009155
244 6.21700000763
245 6.22499990463
246 6.22100019455
247 6.25400018692
248 6.25199985504
249 6.24499988556
250 6.23500013351
251 6.23600006104
252 6.27500009537
253 6.27500009537
254 6.26800012589
255 6.26399993896
256 6.25299978256
257 6.26999998093
258 6.25600004196
259 6.24800014496
260 6.23199987411
261 6.23099994659
262 6.23199987411
263 6.21099996567
264 6.22800016403
265 6.20900011063
266 6.21500015259
267 6.19799995422
268 6.20100021362
269 6.19299983978
270 6.21999979019
271 6.21299982071
272 6.21899986267
273 6.13700008392
274 5.85500001907
275 5.77699995041
276 5.74900007248
277 5.73400020599
278 5.72800016403
279 5.70200014114
280 5.73199987411
281 5.75199985504
282 5.80399990082
283 5.95599985123
284 6.0640001297
285 6.06699991226
286 6.05499982834
287 6.05000019073
288 6.05000019073
289 6.05399990082
290 6.02899980545
291 6.00199985504
292 5.99300003052
293 5.97700023651
294 5.95499992371
295 5.92600011826
296 5.92199993134
297 5.92299985886
298 5.88199996948
299 5.875
300 5.86299991608
301 5.85200023651
302 5.83900022507
303 5.8140001297
304 5.79699993134
305 5.8060002327
306 5.77400016785
307 5.77699995041
308 5.73600006104
309 5.71299982071
310 5.69600009918
311 5.66400003433
312 5.64400005341
313 5.62599992752
314 5.60300016403
315 5.57999992371
316 5.56199979782
317 5.54500007629
318 5.52299976349
319 5.3189997673
320 5.09200000763
321 5.44999980927
322 5.4470000267
323 5.42600011826
324 5.39799976349
325 5.39900016785
326 5.36100006104
327 5.32800006866
328 5.29199981689
329 4.367000103
330 4.04199981689
331 4.11899995804
332 5.02400016785
333 5.16699981689
334 5.13999986649
335 5.10699987411
336 5.08500003815
337 5.05700016022
338 5.03999996185
339 5.01999998093
340 4.94999980927
341 4.81300020218
342 4.96000003815
343 4.93200016022
344 4.89099979401
345 4.87200021744
346 4.8220000267
347 4.70499992371
348 4.5529999733
349 4.73099994659
350 4.6970000267
351 4.68800020218
352 4.63500022888
353 4.61000013351
354 4.57999992371
355 4.54699993134
356 4.29899978638
357 4.35900020599
358 4.48000001907
359 4.46000003815
360 4.44500017166
361 4.41099977493
362 4.39300012589
363 4.35200023651
364 4.30900001526
365 4.27199983597
366 4.24300003052
367 4.20399999619
368 4.17399978638
369 4.13800001144
370 4.10400009155
371 4.05900001526
372 4.04400014877
373 3.99499988556
374 3.97799992561
375 3.93600010872
376 3.93799996376
377 3.89599990845
378 3.8789999485
379 3.84800004959
380 3.83299994469
381 3.71300005913
382 3.63499999046
383 3.59299993515
384 3.54699993134
385 3.53200006485
386 3.48600006104
387 3.45199990273
388 3.43799996376
389 3.39400005341
390 3.36100006104
391 3.34100008011
392 3.29399991035
393 3.26900005341
394 3.25
395 3.27600002289
396 3.28900003433
397 3.33299994469
398 3.37299990654
399 3.38800001144
400 3.44099998474
401 3.47900009155
402 3.49799990654
403 3.56599998474
404 3.59299993515
405 3.6400001049
406 3.68600010872
407 3.72499990463
408 3.73300004005
409 3.77500009537
410 3.82999992371
411 3.87700009346
412 3.93400001526
413 3.9960000515
414 4.06300020218
415 4.12300014496
416 4.17199993134
417 4.22300004959
418 4.29899978638
419 4.37699985504
420 4.44899988174
421 4.49800014496
422 4.58900022507
423 4.64599990845
424 4.72200012207
425 4.8029999733
426 4.90899991989
427 5.02199983597
428 5.10900020599
429 5.21299982071
430 5.30100011826
431 5.42199993134
432 5.53399991989
433 5.65600013733
434 5.74499988556
435 5.882999897
436 5.99800014496
437 6.15799999237
438 6.32700014114
439 6.47499990463
440 6.49800014496
441 6.60699987411
442 6.41300010681
443 3.08299994469
444 3.04999995232
445 3.02200007439
446 3.04399991035
447 3.0039999485
448 3.02300000191
449 3.02500009537
450 2.99300003052
451 2.98900008202
452 2.98799991608
453 2.97900009155
454 2.97300004959
455 2.97399997711
456 2.95300006866
457 2.97000002861
458 2.95700001717
459 2.94600009918
460 2.93499994278
461 2.93300008774
462 2.94499993324
463 2.93600010872
464 2.93000006676
465 2.93300008774
466 2.9240000248
467 2.92700004578
468 2.91700005531
469 2.90400004387
470 2.66799998283
471 2.62700009346
472 2.6210000515
473 2.64800000191
474 0.947000026703
475 0.711000025272
476 0.704999983311
477 0.931999981403
478 1.46300005913
479 1.25899994373
480 1.18700003624
481 1.14199995995
482 1.13600003719
483 1.14100003242
484 1.14499998093
485 1.125
486 1.13499999046
487 1.14400005341
488 1.15699994564
489 1.14699995518
490 1.17299997807
491 1.16600000858
492 1.28699994087
493 1.55599999428
494 1.53299999237
495 1.26400005817
496 1.13900005817
497 1.09599995613
498 1.11000001431
499 1.07799994946
500 1.07700002193
501 1.09300005436
502 1.07799994946
503 1.07299995422
504 1.08399999142
505 1.05999994278
506 1.08099997044
507 1.08200001717
508 1.06799995899
509 1.07899999619
510 1.13900005817
511 1.30099999905
512 3.04299998283
513 3.05999994278
514 3.05500006676
515 3.08299994469
516 3.07999992371
517 3.09999990463
518 3.11500000954
519 3.13100004196
520 3.12400007248
521 3.14599990845
522 3.16700005531
523 3.16100001335
524 0.922999978065
525 0.902999997139
526 0.916000008583
527 0.93599998951
528 3.04200005531
529 2.98799991608
530 2.93600010872
531 2.85599994659
532 2.8180000782
533 2.77900004387
534 2.73300004005
535 2.71199989319
536 2.9470000267
537 2.90700006485
538 0.0
539 0.0
540 0.0
