0 4.51300001144
1 4.44199991226
2 4.43200016022
3 4.47100019455
4 4.53399991989
5 4.63800001144
6 4.68499994278
7 4.70100021362
8 4.72499990463
9 4.757999897
10 4.80200004578
11 4.82299995422
12 4.84299993515
13 4.89799976349
14 4.91699981689
15 4.91699981689
16 4.82700014114
17 4.84899997711
18 4.86999988556
19 4.96299982071
20 5.13199996948
21 5.1810002327
22 5.23299980164
23 5.2610001564
24 5.31199979782
25 5.35099983215
26 5.39900016785
27 5.4470000267
28 5.492000103
29 5.55399990082
30 5.61000013351
31 5.63999986649
32 5.65299987793
33 0.0
34 17.1359996796
35 17.1410007477
36 17.1299991608
37 0.0
38 0.0
39 0.0
40 17.2450008392
41 17.156999588
42 17.0650005341
43 17.0009994507
44 16.5149993896
45 16.5259990692
46 16.517999649
47 13.1560001373
48 13.0699996948
49 12.3199996948
50 11.9420003891
51 11.5909996033
52 11.5850000381
53 11.6260004044
54 11.6239995956
55 11.3439998627
56 11.0039997101
57 10.4809999466
58 10.1040000916
59 8.3170003891
60 8.3360004425
61 8.20300006866
62 7.91599988937
63 7.625
64 7.42899990082
65 7.23699998856
66 7.0640001297
67 6.882999897
68 6.78599977493
69 6.78499984741
70 6.79699993134
71 6.81799983978
72 6.84200000763
73 6.86899995804
74 6.79099988937
75 6.62799978256
76 1.68700003624
77 1.68599998951
78 1.68799996376
79 1.73899996281
80 5.24100017548
81 4.96600008011
82 4.85799980164
83 4.76499986649
84 4.67700004578
85 4.60500001907
86 4.54500007629
87 4.46700000763
88 4.38899993896
89 4.33699989319
90 4.25
91 4.22300004959
92 4.14799976349
93 4.09299993515
94 4.04300022125
95 3.96799993515
96 3.93700003624
97 3.88100004196
98 3.84299993515
99 3.77900004387
100 3.76099991798
101 3.77999997139
102 3.79999995232
103 3.85299992561
104 3.85500001907
105 3.91499996185
106 3.9509999752
107 3.94199991226
108 3.90700006485
109 3.882999897
110 3.8259999752
111 3.78099989891
112 3.76600003242
113 3.72799992561
114 3.68499994278
115 3.66400003433
116 3.61500000954
117 3.59599995613
118 3.5569999218
119 3.53399991989
120 3.50300002098
121 3.45900011063
122 3.44000005722
123 3.42000007629
124 3.39400005341
125 3.38800001144
126 3.41400003433
127 3.44799995422
128 3.48699998856
129 3.53200006485
130 3.56100010872
131 3.6099998951
132 3.66799998283
133 4.01900005341
134 4.04799985886
135 4.07299995422
136 4.10099983215
137 4.14200019836
138 4.17600011826
139 4.19000005722
140 4.25299978256
141 4.28800010681
142 4.31699991226
143 4.34899997711
144 4.35799980164
145 4.43300008774
146 4.44999980927
147 4.46899986267
148 4.49499988556
149 4.52500009537
150 4.53700017929
151 4.20900011063
152 4.28700017929
153 4.58599996567
154 3.26600003242
155 3.42000007629
156 4.70399999619
157 4.58400011063
158 4.55399990082
159 4.79699993134
160 4.8140001297
161 4.85300016403
162 4.89099979401
163 4.9310002327
164 4.96500015259
165 4.98999977112
166 5.01599979401
167 5.03999996185
168 3.13400006294
169 3.22799992561
170 3.36500000954
171 4.11299991608
172 4.90600013733
173 4.86800003052
174 4.85300016403
175 4.83699989319
176 4.82000017166
177 4.80700016022
178 4.82100009918
179 4.83900022507
180 4.86000013351
181 4.88399982452
182 4.80800008774
183 5.31699991226
184 5.45900011063
185 5.47499990463
186 5.492000103
187 5.51300001144
188 4.60200023651
189 4.55800008774
190 5.55200004578
191 5.59299993515
192 3.62400007248
193 3.52099990845
194 4.05999994278
195 4.03000020981
196 5.69000005722
197 5.69099998474
198 5.72200012207
199 2.06299996376
200 2.04099988937
201 2.02399992943
202 2.03999996185
203 2.03399991989
204 2.03500008583
205 2.01600003242
206 2.01799988747
207 2.01999998093
208 2.00500011444
209 2.0039999485
210 2.0
211 1.99699997902
212 2.01999998093
213 2.01999998093
214 2.01099991798
215 2.00699996948
216 2.01200008392
217 2.01600003242
218 2.02900004387
219 2.23399996758
220 2.4849998951
221 2.48799991608
222 2.38199996948
223 2.29999995232
224 2.28200006485
225 2.27600002289
226 2.25500011444
227 2.26399993896
228 2.23900008202
229 2.2539999485
230 2.29600000381
231 2.32899999619
232 2.25500011444
233 2.27999997139
234 2.27800011635
235 2.29500007629
236 2.31699991226
237 2.44799995422
238 2.53099989891
239 2.52900004387
240 6.25099992752
241 6.22499990463
242 6.22599983215
243 6.22599983215
244 6.23299980164
245 6.21500015259
246 6.22800016403
247 6.2389998436
248 6.23799991608
249 6.25500011444
250 6.22900009155
251 6.25099992752
252 6.2389998436
253 6.27799987793
254 6.26499986649
255 6.27299976349
256 6.26700019836
257 6.25899982452
258 6.25500011444
259 6.24599981308
260 6.24100017548
261 6.21199989319
262 6.22499990463
263 6.23699998856
264 6.20900011063
265 6.21500015259
266 6.21299982071
267 6.20599985123
268 6.20599985123
269 6.20300006866
270 6.1970000267
271 6.21500015259
272 6.1939997673
273 6.13000011444
274 5.83500003815
275 5.77500009537
276 5.74100017548
277 5.73999977112
278 5.71600008011
279 5.73099994659
280 5.72800016403
281 5.757999897
282 5.78299999237
283 5.95399999619
284 6.07800006866
285 6.07600021362
286 6.05499982834
287 6.05200004578
288 6.04899978638
289 6.02799987793
290 6.01200008392
291 6.01999998093
292 5.98799991608
293 5.97300004959
294 5.96199989319
295 5.94099998474
296 5.91499996185
297 5.91099977493
298 5.88800001144
299 5.87200021744
300 5.85599994659
301 5.84000015259
302 5.83099985123
303 5.8220000267
304 5.82299995422
305 5.79300022125
306 5.77500009537
307 5.76300001144
308 5.73699998856
309 5.70699977875
310 5.69899988174
311 5.66499996185
312 5.63100004196
313 5.62200021744
314 5.59899997711
315 5.57800006866
316 5.55700016022
317 5.54300022125
318 5.50899982452
319 5.30700016022
320 5.09999990463
321 5.45900011063
322 5.4439997673
323 5.41400003433
324 5.40999984741
325 5.375
326 5.34800004959
327 5.32700014114
328 5.29300022125
329 4.37200021744
330 4.04799985886
331 4.09200000763
332 5.00500011444
333 5.16300010681
334 5.13899993896
335 5.11299991608
336 5.09700012207
337 5.0689997673
338 5.04400014877
339 5.01499986649
340 4.94999980927
341 4.81300020218
342 4.95100021362
343 4.92899990082
344 4.90299987793
345 4.85900020599
346 4.82899999619
347 4.70499992371
348 4.55999994278
349 4.72499990463
350 4.71299982071
351 4.67000007629
352 4.64699983597
353 4.61000013351
354 4.59000015259
355 4.55800008774
356 4.32299995422
357 4.36299991608
358 4.45699977875
359 4.44199991226
360 4.41800022125
361 4.41499996185
362 4.38800001144
363 4.34499979019
364 4.32399988174
365 4.28399991989
366 4.24900007248
367 4.18800020218
368 4.16499996185
369 4.14200019836
370 4.11899995804
371 4.0720000267
372 4.04199981689
373 4.01599979401
374 3.9849998951
375 3.9470000267
376 3.92499995232
377 3.90000009537
378 3.85800004005
379 3.85100007057
380 3.8069999218
381 3.72099995613
382 3.61500000954
383 3.60100007057
384 3.56100010872
385 3.51699995995
386 3.48900008202
387 3.46000003815
388 3.43099999428
389 3.37599992752
390 3.3599998951
391 3.33899998665
392 3.30500006676
393 3.28299999237
394 3.25999999046
395 3.25900006294
396 3.29800009727
397 3.32100009918
398 3.35100007057
399 3.39400005341
400 3.43899989128
401 3.46099996567
402 3.51300001144
403 3.53999996185
404 3.59599995613
405 3.64100003242
406 3.68400001526
407 3.71199989319
408 3.73600006104
409 3.78299999237
410 3.83200001717
411 3.87800002098
412 3.93000006676
413 3.98399996758
414 4.06199979782
415 4.10599994659
416 4.17299985886
417 4.23699998856
418 4.29500007629
419 4.38000011444
420 4.45499992371
421 4.52299976349
422 4.57700014114
423 4.65000009537
424 4.72300004959
425 4.81300020218
426 4.89799976349
427 5.01999998093
428 5.10900020599
429 5.21400022507
430 5.30399990082
431 5.40899991989
432 5.52699995041
433 5.6360001564
434 5.75899982452
435 5.8860001564
436 6.01800012589
437 6.15899991989
438 6.30100011826
439 6.44899988174
440 6.48799991608
441 6.60300016403
442 6.46199989319
443 3.07800006866
444 3.04399991035
445 3.03999996185
446 3.02300000191
447 3.02800011635
448 3.0
449 2.99300003052
450 3.00300002098
451 2.9849998951
452 2.97799992561
453 2.97399997711
454 2.98300004005
455 2.98399996758
456 2.96900010109
457 2.95399999619
458 2.95199990273
459 2.95900011063
460 2.94199991226
461 2.94199991226
462 2.93600010872
463 2.9509999752
464 2.92700004578
465 2.93099999428
466 2.91799998283
467 2.93400001526
468 2.92700004578
469 2.91000008583
470 2.65300011635
471 2.65599989891
472 2.63499999046
473 2.64400005341
474 0.941999971867
475 0.698000013828
476 0.699999988079
477 0.920000016689
478 1.32899999619
479 1.18599998951
480 1.20299994946
481 1.17499995232
482 1.16900002956
483 1.17599999905
484 1.14400005341
485 1.1629999876
486 1.15100002289
487 1.16900002956
488 1.15699994564
489 1.10899996758
490 1.05200004578
491 1.05099999905
492 1.04400002956
493 1.01800000668
494 1.03299999237
495 1.02400004864
496 1.02100002766
497 1.02900004387
498 1.02499997616
499 1.03499996662
500 1.04799997807
501 1.05799996853
502 1.05799996853
503 1.13800001144
504 1.31400001049
505 3.00999999046
506 3.01999998093
507 2.99900007248
508 3.01099991798
509 3.03800010681
510 3.03900003433
511 3.04800009727
512 3.03800010681
513 3.06500005722
514 3.07899999619
515 3.07299995422
516 3.0759999752
517 3.10800004005
518 3.125
519 3.12599992752
520 3.11800003052
521 3.12599992752
522 3.16199994087
523 3.17100000381
524 0.919000029564
525 0.908999979496
526 0.910000026226
527 0.947000026703
528 3.04099988937
529 2.98300004005
530 2.92700004578
531 2.86899995804
532 2.81500005722
533 2.77699995041
534 2.73200011253
535 2.69400000572
536 2.95199990273
537 2.92700004578
538 0.0
539 0.0
540 0.0
