0 4.50400018692
1 4.40100002289
2 4.4439997673
3 4.46500015259
4 4.53800010681
5 4.64400005341
6 4.66699981689
7 4.70200014114
8 4.71799993515
9 4.76700019836
10 4.80399990082
11 4.81500005722
12 4.85699987411
13 4.88999986649
14 4.91200017929
15 4.91599988937
16 4.83099985123
17 4.84000015259
18 4.87200021744
19 4.97200012207
20 5.12900018692
21 5.17000007629
22 5.21799993515
23 5.25699996948
24 5.31199979782
25 5.35500001907
26 5.39400005341
27 5.45399999619
28 5.48099994659
29 5.55200004578
30 5.59299993515
31 5.64300012589
32 5.65899991989
33 0.0
34 17.1410007477
35 17.1410007477
36 17.1490001678
37 0.0
38 0.0
39 0.0
40 17.218000412
41 17.1550006866
42 17.0650005341
43 17.0
44 16.5149993896
45 16.5189990997
46 16.5069999695
47 13.1400003433
48 13.0769996643
49 12.3360004425
50 11.954000473
51 11.5670003891
52 11.593000412
53 11.625
54 11.6239995956
55 11.3400001526
56 10.9940004349
57 10.4619998932
58 10.0819997787
59 8.34599971771
60 8.32900047302
61 8.17500019073
62 7.90000009537
63 7.63399982452
64 7.43699979782
65 7.2389998436
66 7.05499982834
67 6.88899993896
68 6.77199983597
69 6.77699995041
70 6.78900003433
71 6.80999994278
72 6.83500003815
73 6.85400009155
74 6.79899978638
75 6.62799978256
76 1.67900002003
77 1.68799996376
78 1.65999996662
79 1.72099995613
80 5.22300004959
81 4.96500015259
82 4.84399986267
83 4.757999897
84 4.67700004578
85 4.60500001907
86 4.53999996185
87 4.47900009155
88 4.39699983597
89 4.34399986267
90 4.25099992752
91 4.21099996567
92 4.15399980545
93 4.117000103
94 4.03700017929
95 3.98799991608
96 3.92600011826
97 3.88800001144
98 3.83299994469
99 3.79399991035
100 3.76699995995
101 3.78200006485
102 3.81599998474
103 3.83299994469
104 3.875
105 3.91700005531
106 3.93799996376
107 3.96399998665
108 3.91000008583
109 3.867000103
110 3.84299993515
111 3.78600001335
112 3.76300001144
113 3.73099994659
114 3.6930000782
115 3.66100001335
116 3.61599993706
117 3.59100008011
118 3.56399989128
119 3.51200008392
120 3.48799991608
121 3.47199988365
122 3.44199991226
123 3.41100001335
124 3.40400004387
125 3.3789999485
126 3.42100000381
127 3.45300006866
128 3.48600006104
129 3.52600002289
130 3.55999994278
131 3.60199999809
132 3.65899991989
133 4.03100013733
134 4.06199979782
135 4.08099985123
136 4.10699987411
137 4.13000011444
138 4.18800020218
139 4.20699977875
140 4.25099992752
141 4.28700017929
142 4.31699991226
143 4.34499979019
144 4.39099979401
145 4.41699981689
146 4.46299982071
147 4.47200012207
148 4.50199985504
149 4.52299976349
150 4.54699993134
151 4.20200014114
152 4.30999994278
153 4.47100019455
154 3.28200006485
155 3.41100001335
156 4.70599985123
157 4.59200000763
158 4.54500007629
159 4.79799985886
160 4.84000015259
161 4.84899997711
162 4.89300012589
163 4.92299985886
164 4.95699977875
165 4.98799991608
166 5.02099990845
167 5.03900003433
168 3.15899991989
169 3.21499991417
170 3.35800004005
171 4.10699987411
172 4.90500020981
173 4.86999988556
174 4.84299993515
175 4.83400011063
176 4.80700016022
177 4.8029999733
178 4.83300018311
179 4.82600021362
180 4.85500001907
181 4.90000009537
182 4.8029999733
183 5.3140001297
184 5.47100019455
185 5.47200012207
186 5.48199987411
187 5.50699996948
188 4.60500001907
189 4.58199977875
190 5.54899978638
191 5.60599994659
192 3.63100004196
193 3.5150001049
194 4.06199979782
195 4.02400016785
196 5.6859998703
197 5.71799993515
198 5.73099994659
199 2.07399988174
200 2.05900001526
201 2.02699995041
202 2.03699994087
203 2.01999998093
204 2.02800011635
205 2.0039999485
206 2.02800011635
207 2.01900005341
208 2.00099992752
209 2.007999897
210 2.00600004196
211 2.00099992752
212 1.99800002575
213 2.0150001049
214 1.99699997902
215 2.01699995995
216 2.01399993896
217 2.0039999485
218 2.03900003433
219 2.22000002861
220 2.47699999809
221 2.47600007057
222 2.3789999485
223 2.29099988937
224 2.27200007439
225 2.26600003242
226 2.242000103
227 2.24000000954
228 2.23399996758
229 2.24300003052
230 2.28999996185
231 2.30200004578
232 2.26900005341
233 2.28800010681
234 2.27200007439
235 2.27500009537
236 2.34100008011
237 2.45300006866
238 2.51999998093
239 2.51799988747
240 6.23799991608
241 6.22399997711
242 6.25
243 6.21999979019
244 6.22900009155
245 6.22499990463
246 6.23400020599
247 6.22599983215
248 6.24100017548
249 6.24700021744
250 6.2610001564
251 6.25099992752
252 6.25
253 6.25600004196
254 6.27899980545
255 6.25400018692
256 6.25400018692
257 6.25500011444
258 6.22700023651
259 6.24399995804
260 6.242000103
261 6.23199987411
262 6.20699977875
263 6.23699998856
264 6.21899986267
265 6.21999979019
266 6.21999979019
267 6.20699977875
268 6.23099994659
269 6.22900009155
270 6.1970000267
271 6.19500017166
272 6.20699977875
273 6.12799978256
274 5.82600021362
275 5.78800010681
276 5.75400018692
277 5.73299980164
278 5.72399997711
279 5.72399997711
280 5.73999977112
281 5.76000022888
282 5.80200004578
283 5.92199993134
284 6.08300018311
285 6.07999992371
286 6.06699991226
287 6.05999994278
288 6.06199979782
289 6.03399991989
290 6.02199983597
291 5.98400020599
292 5.98799991608
293 5.96799993515
294 5.95900011063
295 5.9279999733
296 5.92199993134
297 5.90500020981
298 5.88700008392
299 5.87099981308
300 5.86000013351
301 5.85200023651
302 5.8220000267
303 5.82499980927
304 5.80700016022
305 5.79300022125
306 5.78100013733
307 5.76399993896
308 5.73799991608
309 5.71700000763
310 5.6970000267
311 5.66200017929
312 5.66099977493
313 5.60799980164
314 5.59600019455
315 5.58400011063
316 5.55499982834
317 5.53599977493
318 5.51300001144
319 5.32399988174
320 5.09899997711
321 5.45699977875
322 5.44000005722
323 5.42399978638
324 5.41699981689
325 5.38999986649
326 5.36199998856
327 5.32700014114
328 5.30200004578
329 4.33799982071
330 4.04400014877
331 4.13199996948
332 5.01999998093
333 5.15700006485
334 5.14400005341
335 5.10799980164
336 5.09200000763
337 5.06799983978
338 5.04400014877
339 5.01999998093
340 4.93499994278
341 4.80100011826
342 4.9470000267
343 4.92700004578
344 4.90399980545
345 4.8639998436
346 4.82600021362
347 4.6890001297
348 4.56699991226
349 4.73099994659
350 4.6890001297
351 4.65500020981
352 4.64900016785
353 4.61999988556
354 4.58400011063
355 4.55100011826
356 4.31199979782
357 4.36999988556
358 4.48799991608
359 4.45900011063
360 4.4359998703
361 4.41499996185
362 4.37300014496
363 4.34299993515
364 4.31199979782
365 4.25899982452
366 4.23999977112
367 4.20599985123
368 4.17700004578
369 4.13000011444
370 4.08500003815
371 4.05999994278
372 4.03299999237
373 4.02600002289
374 3.98699998856
375 3.95799994469
376 3.90400004387
377 3.88599991798
378 3.85199999809
379 3.84200000763
380 3.82399988174
381 3.70799994469
382 3.62199997902
383 3.59800004959
384 3.56399989128
385 3.52300000191
386 3.49099993706
387 3.46199989319
388 3.42600011826
389 3.39299988747
390 3.3710000515
391 3.3220000267
392 3.31200003624
393 3.27399992943
394 3.257999897
395 3.24900007248
396 3.28600001335
397 3.33599996567
398 3.36500000954
399 3.39100003242
400 3.42700004578
401 3.47099995613
402 3.51699995995
403 3.53600001335
404 3.60199999809
405 3.64599990845
406 3.69000005722
407 3.69899988174
408 3.72300004959
409 3.77800011635
410 3.82899999619
411 3.88000011444
412 3.93000006676
413 3.9849998951
414 4.04899978638
415 4.10300016403
416 4.18300008774
417 4.2389998436
418 4.28499984741
419 4.38399982452
420 4.4470000267
421 4.51399993896
422 4.5640001297
423 4.65299987793
424 4.71299982071
425 4.80800008774
426 4.90600013733
427 5.01399993896
428 5.11100006104
429 5.20699977875
430 5.30499982834
431 5.41800022125
432 5.52299976349
433 5.632999897
434 5.7610001564
435 5.89099979401
436 6.01900005341
437 6.17399978638
438 6.3060002327
439 6.47700023651
440 6.50600004196
441 6.59700012207
442 6.4310002327
443 3.04800009727
444 3.04299998283
445 3.02500009537
446 3.02600002289
447 3.01900005341
448 3.02300000191
449 3.0
450 2.99699997902
451 2.97600007057
452 2.99300003052
453 2.98699998856
454 2.96399998665
455 2.96900010109
456 2.97199988365
457 2.95799994469
458 2.94899988174
459 2.94600009918
460 2.93600010872
461 2.94499993324
462 2.93400001526
463 2.92700004578
464 2.94600009918
465 2.93099999428
466 2.92300009727
467 2.91199994087
468 2.91499996185
469 2.92600011826
470 2.66100001335
471 2.63899993896
472 2.63899993896
473 2.65000009537
474 0.943000018597
475 0.695999979973
476 0.699000000954
477 0.902000010014
478 1.38100004196
479 1.23699998856
480 1.16799998283
481 1.16400003433
482 1.15799999237
483 1.14199995995
484 1.15299999714
485 1.14100003242
486 1.15199995041
487 1.15799999237
488 1.1590000391
489 1.13800001144
490 1.1629999876
491 1.19099998474
492 1.28999996185
493 1.4279999733
494 1.22800004482
495 1.09899997711
496 1.08800005913
497 1.07400000095
498 1.06700003147
499 1.05799996853
500 1.07000005245
501 1.04299998283
502 1.05499994755
503 1.05499994755
504 1.04200005531
505 1.05999994278
506 1.06299996376
507 1.05200004578
508 1.10699999332
509 1.26400005817
510 3.03099989891
511 3.04600000381
512 3.04399991035
513 3.05100011826
514 3.05100011826
515 3.08599996567
516 3.09400010109
517 3.09400010109
518 3.10400009155
519 3.11800003052
520 3.13100004196
521 3.14800000191
522 3.13100004196
523 3.16400003433
524 0.930999994278
525 0.898000001907
526 0.888000011444
527 0.931999981403
528 3.03800010681
529 2.98600006104
530 2.92899990082
531 2.87800002098
532 2.8259999752
533 2.78200006485
534 2.7349998951
535 2.70199990273
536 2.95300006866
537 2.92199993134
538 0.0
539 0.0
540 0.0
