0 4.51499986649
1 4.42899990082
2 4.45399999619
3 4.46299982071
4 4.52799987793
5 4.63999986649
6 4.67500019073
7 4.70599985123
8 4.74100017548
9 4.757999897
10 4.8029999733
11 4.82000017166
12 4.86000013351
13 4.89099979401
14 4.92999982834
15 4.9310002327
16 4.83799982071
17 4.84499979019
18 4.87900018692
19 4.96500015259
20 5.12799978256
21 5.18499994278
22 5.21700000763
23 5.26200008392
24 5.3140001297
25 5.35400009155
26 5.40600013733
27 5.44999980927
28 5.49300003052
29 5.55000019073
30 5.59899997711
31 5.64300012589
32 5.6810002327
33 0.0
34 17.1469993591
35 17.1369991302
36 17.1480007172
37 0.0
38 0.0
39 0.0
40 17.2350006104
41 17.1770000458
42 17.0769996643
43 17.0069999695
44 16.5100002289
45 16.545999527
46 16.531999588
47 13.154999733
48 13.0729999542
49 12.3240003586
50 11.9469995499
51 11.593000412
52 11.6040000916
53 11.6180000305
54 11.6199998856
55 11.3280000687
56 10.9799995422
57 10.4779996872
58 10.109000206
59 8.32100009918
60 8.34399986267
61 8.19699954987
62 7.89599990845
63 7.63700008392
64 7.43800020218
65 7.23000001907
66 7.04899978638
67 6.90399980545
68 6.79400014877
69 6.77600002289
70 6.8060002327
71 6.81300020218
72 6.83799982071
73 6.88100004196
74 6.79699993134
75 6.63800001144
76 1.68499994278
77 1.69299995899
78 1.68400001526
79 1.73399996758
80 5.24499988556
81 4.95499992371
82 4.84200000763
83 4.76499986649
84 4.67700004578
85 4.59299993515
86 4.53599977493
87 4.47800016403
88 4.41300010681
89 4.32800006866
90 4.28499984741
91 4.21799993515
92 4.16499996185
93 4.09999990463
94 4.02699995041
95 3.98000001907
96 3.93300008774
97 3.87199997902
98 3.84899997711
99 3.79600000381
100 3.75699996948
101 3.77200007439
102 3.81200003624
103 3.83699989319
104 3.88899993896
105 3.91300010681
106 3.93400001526
107 3.95700001717
108 3.91700005531
109 3.88000011444
110 3.83999991417
111 3.78999996185
112 3.7539999485
113 3.72600007057
114 3.69000005722
115 3.65000009537
116 3.62199997902
117 3.59599995613
118 3.5569999218
119 3.52500009537
120 3.49499988556
121 3.45300006866
122 3.42600011826
123 3.40599989891
124 3.40199995041
125 3.37599992752
126 3.42700004578
127 3.44499993324
128 3.492000103
129 3.52500009537
130 3.56299996376
131 3.59999990463
132 3.66100001335
133 4.01800012589
134 4.05800008774
135 4.09600019455
136 4.12099981308
137 4.13899993896
138 4.17000007629
139 4.1970000267
140 4.2389998436
141 4.27299976349
142 4.30800008774
143 4.34299993515
144 4.39099979401
145 4.41300010681
146 4.44000005722
147 4.47399997711
148 4.49700021744
149 4.52799987793
150 4.53999996185
151 4.1859998703
152 4.28599977493
153 4.61600017548
154 3.25699996948
155 3.40799999237
156 4.6890001297
157 4.59600019455
158 4.55700016022
159 4.79899978638
160 4.82899999619
161 4.86600017548
162 4.89499998093
163 4.92100000381
164 4.94899988174
165 4.992000103
166 5.01900005341
167 5.03999996185
168 3.1289999485
169 3.21900010109
170 3.36100006104
171 4.10900020599
172 4.91300010681
173 4.86899995804
174 4.85599994659
175 4.82700014114
176 4.8140001297
177 4.81199979782
178 4.83199977875
179 4.84700012207
180 4.86899995804
181 4.89400005341
182 4.8220000267
183 5.32899999619
184 5.47200012207
185 5.48299980164
186 5.50099992752
187 5.5110001564
188 4.59700012207
189 4.57499980927
190 5.55999994278
191 5.58500003815
192 3.64100003242
193 3.52399992943
194 4.07600021362
195 4.05100011826
196 5.67700004578
197 5.71299982071
198 5.71600008011
199 2.07999992371
200 2.06200003624
201 2.0490000248
202 2.03699994087
203 2.01799988747
204 2.0150001049
205 2.00699996948
206 2.01799988747
207 2.02600002289
208 2.02999997139
209 2.01699995995
210 2.00500011444
211 2.02099990845
212 2.02900004387
213 1.9960000515
214 2.00099992752
215 1.99800002575
216 2.00699996948
217 2.02800011635
218 2.04800009727
219 2.22000002861
220 2.492000103
221 2.47699999809
222 2.35800004005
223 2.31999993324
224 2.27399992943
225 2.26999998093
226 2.27500009537
227 2.25500011444
228 2.24699997902
229 2.24399995804
230 2.28900003433
231 2.29699993134
232 2.27699995041
233 2.28500008583
234 2.27999997139
235 2.31599998474
236 2.34400010109
237 2.45499992371
238 2.52300000191
239 2.51399993896
240 6.24300003052
241 6.22200012207
242 6.23400020599
243 6.21999979019
244 6.21799993515
245 6.24700021744
246 6.242000103
247 6.23000001907
248 6.21999979019
249 6.2389998436
250 6.24100017548
251 6.26300001144
252 6.25699996948
253 6.27400016785
254 6.28700017929
255 6.27699995041
256 6.27099990845
257 6.26000022888
258 6.23600006104
259 6.24599981308
260 6.23099994659
261 6.24100017548
262 6.21999979019
263 6.22700023651
264 6.23199987411
265 6.22200012207
266 6.21999979019
267 6.23199987411
268 6.21500015259
269 6.20800018311
270 6.20699977875
271 6.21299982071
272 6.22200012207
273 6.13700008392
274 5.85500001907
275 5.77799987793
276 5.74599981308
277 5.74300003052
278 5.70699977875
279 5.71400022507
280 5.74700021744
281 5.76800012589
282 5.80800008774
283 5.95399999619
284 6.07800006866
285 6.0560002327
286 6.0560002327
287 6.04899978638
288 6.06199979782
289 6.04500007629
290 6.01700019836
291 6.02099990845
292 6.00400018692
293 5.97300004959
294 5.95200014114
295 5.9390001297
296 5.90700006485
297 5.90299987793
298 5.88800001144
299 5.88500022888
300 5.85900020599
301 5.84499979019
302 5.82800006866
303 5.82100009918
304 5.79699993134
305 5.78399991989
306 5.7610001564
307 5.77500009537
308 5.74399995804
309 5.71400022507
310 5.69500017166
311 5.66200017929
312 5.63199996948
313 5.61999988556
314 5.60200023651
315 5.57299995422
316 5.54199981689
317 5.53900003433
318 5.52600002289
319 5.32499980927
320 5.09700012207
321 5.45300006866
322 5.4310002327
323 5.42000007629
324 5.40999984741
325 5.39499998093
326 5.35300016403
327 5.32999992371
328 5.29500007629
329 4.38399982452
330 4.04600000381
331 4.11000013351
332 5.03200006485
333 5.17199993134
334 5.14599990845
335 5.10599994659
336 5.08699989319
337 5.06599998474
338 5.03800010681
339 5.01999998093
340 4.94600009918
341 4.80800008774
342 4.95300006866
343 4.93800020218
344 4.90600013733
345 4.85300016403
346 4.83799982071
347 4.70300006866
348 4.54600000381
349 4.71999979019
350 4.71500015259
351 4.66800022125
352 4.632999897
353 4.60900020599
354 4.60200023651
355 4.5640001297
356 4.32600021362
357 4.34299993515
358 4.47399997711
359 4.44600009918
360 4.4310002327
361 4.40399980545
362 4.39699983597
363 4.33900022507
364 4.32000017166
365 4.28900003433
366 4.22800016403
367 4.18800020218
368 4.17299985886
369 4.13800001144
370 4.11100006104
371 4.07499980927
372 4.03000020981
373 4.01000022888
374 3.98200011253
375 3.95399999619
376 3.92600011826
377 3.88499999046
378 3.88100004196
379 3.85599994659
380 3.82100009918
381 3.72300004959
382 3.63599991798
383 3.58200001717
384 3.5680000782
385 3.53600001335
386 3.5
387 3.44199991226
388 3.41499996185
389 3.382999897
390 3.36400008202
391 3.34400010109
392 3.29500007629
393 3.27099990845
394 3.2539999485
395 3.25900006294
396 3.29399991035
397 3.30800008774
398 3.36599993706
399 3.39800000191
400 3.44400000572
401 3.47300004959
402 3.51399993896
403 3.55200004578
404 3.60299992561
405 3.63199996948
406 3.68400001526
407 3.71199989319
408 3.73900008202
409 3.78200006485
410 3.83100008965
411 3.8789999485
412 3.9279999733
413 3.97799992561
414 4.06599998474
415 4.09800004959
416 4.17899990082
417 4.24499988556
418 4.31500005722
419 4.36499977112
420 4.44999980927
421 4.51399993896
422 4.58199977875
423 4.65500020981
424 4.73199987411
425 4.81699991226
426 4.91699981689
427 5.00899982452
428 5.10500001907
429 5.19500017166
430 5.3109998703
431 5.42600011826
432 5.52099990845
433 5.64099979401
434 5.75899982452
435 5.88100004196
436 6.03299999237
437 6.15500020981
438 6.31300020218
439 6.47100019455
440 6.49100017548
441 6.60300016403
442 6.46500015259
443 3.05399990082
444 3.03699994087
445 3.04200005531
446 3.01699995995
447 3.03200006485
448 3.01799988747
449 3.0150001049
450 3.01600003242
451 3.00099992752
452 2.97799992561
453 2.97399997711
454 2.98000001907
455 2.97399997711
456 2.97300004959
457 2.94799995422
458 2.94899988174
459 2.94499993324
460 2.95499992371
461 2.95499992371
462 2.93600010872
463 2.9430000782
464 2.92499995232
465 2.93499994278
466 2.90799999237
467 2.92000007629
468 2.92199993134
469 2.91000008583
470 2.6819999218
471 2.65100002289
472 2.64199995995
473 2.6289999485
474 0.949000000954
475 0.703999996185
476 0.697000026703
477 0.916000008583
478 1.32000005245
479 1.19000005722
480 1.18499994278
481 1.16799998283
482 1.16600000858
483 1.15799999237
484 1.16400003433
485 1.12800002098
486 1.15199995041
487 1.14600002766
488 1.14900004864
489 1.16499996185
490 1.18499994278
491 1.19500005245
492 1.33399999142
493 1.47500002384
494 1.25600004196
495 1.13300001621
496 1.12000000477
497 1.11600005627
498 1.10800004005
499 1.08899998665
500 1.08599996567
501 1.08599996567
502 1.08800005913
503 1.07000005245
504 1.07500004768
505 1.09700000286
506 1.07799994946
507 1.09599995613
508 1.11600005627
509 1.20599997044
510 1.16199994087
511 3.04699993134
512 3.0490000248
513 3.05800008774
514 3.08699989319
515 3.09500002861
516 3.09100008011
517 3.10599994659
518 3.10100007057
519 3.12299990654
520 3.13400006294
521 3.15199995041
522 3.14100003242
523 3.15300011635
524 0.924000024796
525 0.90600001812
526 0.907000005245
527 0.93599998951
528 3.02900004387
529 2.97000002861
530 2.92899990082
531 2.86800003052
532 2.82899999619
533 2.77800011635
534 2.72300004959
535 2.6970000267
536 2.94799995422
537 2.93099999428
538 0.0
539 0.0
540 0.0
