0 4.51900005341
1 4.4279999733
2 4.43200016022
3 4.45300006866
4 4.53100013733
5 4.6360001564
6 4.66800022125
7 4.71400022507
8 4.73500013351
9 4.74800014496
10 4.77899980545
11 4.81300020218
12 4.85200023651
13 4.89499998093
14 4.93200016022
15 4.92600011826
16 4.83400011063
17 4.84499979019
18 4.87400007248
19 4.96299982071
20 5.132999897
21 5.18400001526
22 5.22399997711
23 5.27099990845
24 5.3060002327
25 5.35599994659
26 5.39699983597
27 5.45599985123
28 5.49399995804
29 5.54400014877
30 5.59299993515
31 5.63700008392
32 5.66400003433
33 0.0
34 17.1490001678
35 17.1350002289
36 17.1529998779
37 0.0
38 0.0
39 0.0
40 17.2229995728
41 17.1700000763
42 17.0650005341
43 17.0
44 16.5149993896
45 16.5370006561
46 16.5100002289
47 13.1610002518
48 13.0760002136
49 12.3310003281
50 11.9200000763
51 11.5869998932
52 11.6000003815
53 11.623000145
54 11.6169996262
55 11.343000412
56 10.9799995422
57 10.4759998322
58 10.1040000916
59 8.33800029755
60 8.33399963379
61 8.20300006866
62 7.90700006485
63 7.64099979401
64 7.43200016022
65 7.23299980164
66 7.04899978638
67 6.89099979401
68 6.78800010681
69 6.76800012589
70 6.79099988937
71 6.82299995422
72 6.85500001907
73 6.85500001907
74 6.78100013733
75 6.64200019836
76 1.68599998951
77 1.67999994755
78 1.69299995899
79 1.73699998856
80 5.21899986267
81 4.96899986267
82 4.84600019455
83 4.76700019836
84 4.66300010681
85 4.59999990463
86 4.52299976349
87 4.47100019455
88 4.39799976349
89 4.33199977875
90 4.26499986649
91 4.1970000267
92 4.16300010681
93 4.10699987411
94 4.02600002289
95 3.95600008965
96 3.94099998474
97 3.88400006294
98 3.83200001717
99 3.78699994087
100 3.76799988747
101 3.78900003433
102 3.81900000572
103 3.84299993515
104 3.867000103
105 3.90700006485
106 3.93000006676
107 3.9509999752
108 3.92000007629
109 3.88100004196
110 3.84899997711
111 3.81399989128
112 3.76300001144
113 3.72300004959
114 3.68000006676
115 3.64499998093
116 3.62299990654
117 3.5759999752
118 3.54600000381
119 3.53099989891
120 3.492000103
121 3.47099995613
122 3.4430000782
123 3.41700005531
124 3.39599990845
125 3.37199997902
126 3.40700006485
127 3.44199991226
128 3.49000000954
129 3.53099989891
130 3.56699991226
131 3.60199999809
132 3.66400003433
133 4.01499986649
134 4.05999994278
135 4.09299993515
136 4.11199998856
137 4.15100002289
138 4.17199993134
139 4.20599985123
140 4.24399995804
141 4.28900003433
142 4.31199979782
143 4.34700012207
144 4.3860001564
145 4.4279999733
146 4.46199989319
147 4.48600006104
148 4.49700021744
149 4.52099990845
150 4.53399991989
151 4.1890001297
152 4.29199981689
153 4.52600002289
154 3.26300001144
155 3.40199995041
156 4.69899988174
157 4.59499979019
158 4.52799987793
159 4.78800010681
160 4.82299995422
161 4.8639998436
162 4.88000011444
163 4.92999982834
164 4.96199989319
165 4.99499988556
166 5.01000022888
167 5.02699995041
168 3.14299988747
169 3.22399997711
170 3.36400008202
171 4.09899997711
172 4.91900014877
173 4.87400007248
174 4.83400011063
175 4.84100008011
176 4.82999992371
177 4.8029999733
178 4.8220000267
179 4.84299993515
180 4.85099983215
181 4.89300012589
182 4.82000017166
183 5.31300020218
184 5.45900011063
185 5.47399997711
186 5.492000103
187 5.50899982452
188 4.60500001907
189 4.55700016022
190 5.5529999733
191 5.59399986267
192 3.6400001049
193 3.52300000191
194 4.05800008774
195 4.03700017929
196 5.6779999733
197 5.69199991226
198 5.71999979019
199 2.07699990273
200 2.06500005722
201 2.04200005531
202 2.04099988937
203 2.03099989891
204 2.01099991798
205 2.01399993896
206 2.00600004196
207 2.01600003242
208 2.00099992752
209 2.00500011444
210 2.01200008392
211 2.0150001049
212 1.99800002575
213 2.0
214 2.01699995995
215 1.99199998379
216 2.00300002098
217 2.01699995995
218 2.03600001335
219 2.22300004959
220 2.48900008202
221 2.48000001907
222 2.35700011253
223 2.28800010681
224 2.28099989891
225 2.27699995041
226 2.25500011444
227 2.26399993896
228 2.2539999485
229 2.26200008392
230 2.28200006485
231 2.3069999218
232 2.25999999046
233 2.27600002289
234 2.27900004387
235 2.28999996185
236 2.34100008011
237 2.4470000267
238 2.52900004387
239 2.50699996948
240 6.22700023651
241 6.21299982071
242 6.23199987411
243 6.24700021744
244 6.22499990463
245 6.242000103
246 6.24800014496
247 6.23099994659
248 6.23199987411
249 6.23400020599
250 6.24499988556
251 6.24800014496
252 6.25899982452
253 6.26499986649
254 6.28000020981
255 6.25199985504
256 6.26900005341
257 6.23999977112
258 6.25199985504
259 6.22800016403
260 6.23500013351
261 6.23500013351
262 6.21899986267
263 6.23500013351
264 6.20699977875
265 6.20800018311
266 6.20699977875
267 6.20499992371
268 6.1970000267
269 6.20200014114
270 6.20399999619
271 6.20800018311
272 6.21600008011
273 6.13399982452
274 5.85300016403
275 5.77400016785
276 5.74499988556
277 5.72700023651
278 5.70900011063
279 5.71999979019
280 5.72700023651
281 5.74599981308
282 5.81599998474
283 5.95399999619
284 6.05700016022
285 6.06799983978
286 6.0609998703
287 6.05000019073
288 6.05000019073
289 6.04600000381
290 6.01200008392
291 6.02199983597
292 5.97399997711
293 5.97100019455
294 5.94899988174
295 5.9310002327
296 5.91200017929
297 5.90199995041
298 5.89699983597
299 5.87599992752
300 5.86199998856
301 5.85400009155
302 5.82800006866
303 5.8220000267
304 5.79199981689
305 5.78100013733
306 5.78000020981
307 5.77099990845
308 5.74100017548
309 5.71400022507
310 5.68300008774
311 5.66200017929
312 5.64300012589
313 5.62200021744
314 5.60799980164
315 5.56500005722
316 5.56500005722
317 5.55100011826
318 5.51499986649
319 5.33099985123
320 5.09899997711
321 5.44799995422
322 5.44999980927
323 5.4279999733
324 5.40299987793
325 5.38899993896
326 5.35799980164
327 5.3220000267
328 5.3029999733
329 4.34600019455
330 4.0609998703
331 4.10900020599
332 5.00099992752
333 5.15500020981
334 5.12799978256
335 5.10599994659
336 5.07800006866
337 5.05800008774
338 5.03599977493
339 5.01000022888
340 4.93800020218
341 4.80700016022
342 4.95300006866
343 4.92600011826
344 4.89099979401
345 4.85799980164
346 4.82299995422
347 4.6859998703
348 4.55000019073
349 4.72399997711
350 4.69600009918
351 4.65299987793
352 4.65299987793
353 4.62599992752
354 4.5689997673
355 4.5640001297
356 4.30200004578
357 4.36100006104
358 4.48199987411
359 4.46199989319
360 4.42000007629
361 4.41900014877
362 4.37200021744
363 4.35300016403
364 4.29099988937
365 4.28200006485
366 4.22399997711
367 4.21000003815
368 4.16400003433
369 4.13500022888
370 4.11100006104
371 4.07999992371
372 4.03800010681
373 4.0
374 3.98399996758
375 3.93899989128
376 3.92499995232
377 3.88599991798
378 3.87700009346
379 3.84599995613
380 3.82299995422
381 3.71399998665
382 3.63100004196
383 3.58400011063
384 3.54200005531
385 3.52200007439
386 3.49399995804
387 3.45799994469
388 3.42000007629
389 3.40199995041
390 3.36400008202
391 3.33500003815
392 3.31100010872
393 3.27900004387
394 3.24000000954
395 3.26300001144
396 3.27999997139
397 3.34100008011
398 3.34599995613
399 3.40100002289
400 3.44499993324
401 3.47499990463
402 3.50999999046
403 3.54500007629
404 3.58899998665
405 3.64499998093
406 3.67899990082
407 3.71300005913
408 3.74499988556
409 3.79299998283
410 3.81399989128
411 3.882999897
412 3.91199994087
413 3.98900008202
414 4.03499984741
415 4.09800004959
416 4.18499994278
417 4.23400020599
418 4.27899980545
419 4.37099981308
420 4.4390001297
421 4.49900007248
422 4.57999992371
423 4.66400003433
424 4.73199987411
425 4.81300020218
426 4.90500020981
427 5.00600004196
428 5.11199998856
429 5.20300006866
430 5.3109998703
431 5.41400003433
432 5.52899980545
433 5.64200019836
434 5.75199985504
435 5.88199996948
436 6.01000022888
437 6.16400003433
438 6.30100011826
439 6.47300004959
440 6.49599981308
441 6.59600019455
442 6.39900016785
443 3.0759999752
444 3.05399990082
445 3.02699995041
446 3.02099990845
447 3.02800011635
448 3.02399992943
449 3.00099992752
450 3.00999999046
451 2.98399996758
452 2.97900009155
453 2.97300004959
454 2.96199989319
455 2.97600007057
456 2.96700000763
457 2.95799994469
458 2.95399999619
459 2.96700000763
460 2.93499994278
461 2.9509999752
462 2.9319999218
463 2.92700004578
464 2.9279999733
465 2.92499995232
466 2.92899990082
467 2.93700003624
468 2.91700005531
469 2.90300011635
470 2.68300008774
471 2.61400008202
472 2.63899993896
473 2.64599990845
474 0.944000005722
475 0.699999988079
476 0.697000026703
477 0.921000003815
478 1.38399994373
479 1.22099995613
480 1.18400001526
481 1.16600000858
482 1.16499996185
483 1.13900005817
484 1.14900004864
485 1.14300000668
486 1.15299999714
487 1.15199995041
488 1.12999999523
489 1.14699995518
490 1.16999995708
491 1.17999994755
492 1.2840000391
493 1.64400005341
494 1.43700003624
495 1.25899994373
496 1.12800002098
497 1.1210000515
498 1.0870000124
499 1.07799994946
500 1.07799994946
501 1.05700004101
502 1.0759999752
503 1.0759999752
504 1.06700003147
505 1.07000005245
506 1.08299994469
507 1.05999994278
508 1.08899998665
509 1.09200000763
510 1.15499997139
511 1.34300005436
512 3.04099988937
513 3.06399989128
514 3.06500005722
515 3.08200001717
516 3.07899999619
517 3.08299994469
518 3.10800004005
519 3.12800002098
520 3.11299991608
521 3.13899993896
522 3.15899991989
523 3.16100001335
524 0.912999987602
525 0.919000029564
526 0.898000001907
527 0.93900001049
528 3.02300000191
529 2.97199988365
530 2.93300008774
531 2.88000011444
532 2.82399988174
533 2.76600003242
534 2.72699999809
535 2.70399999619
536 2.9509999752
537 2.91899991035
538 0.0
539 0.0
540 0.0
