0 4.52199983597
1 4.4310002327
2 4.4470000267
3 4.47200012207
4 4.51499986649
5 4.64499998093
6 4.66699981689
7 4.71199989319
8 4.73600006104
9 4.76499986649
10 4.78800010681
11 4.83900022507
12 4.85799980164
13 4.88100004196
14 4.91800022125
15 4.93699979782
16 4.82800006866
17 4.84800004959
18 4.87599992752
19 4.96000003815
20 5.13800001144
21 5.18400001526
22 5.21899986267
23 5.26700019836
24 5.3109998703
25 5.35200023651
26 5.40700006485
27 5.4470000267
28 5.49900007248
29 5.54500007629
30 5.58900022507
31 5.64400005341
32 5.67100000381
33 0.0
34 17.1380004883
35 17.142999649
36 17.1420001984
37 0.0
38 0.0
39 0.0
40 17.2329998016
41 17.172000885
42 17.0590000153
43 17.0219993591
44 16.5230007172
45 16.545999527
46 16.5240001678
47 13.1540002823
48 13.0860004425
49 12.3389997482
50 11.9280004501
51 11.5810003281
52 11.5939998627
53 11.625
54 11.6149997711
55 11.3389997482
56 10.9940004349
57 10.4580001831
58 10.1029996872
59 8.3079996109
60 8.33899974823
61 8.20300006866
62 7.90700006485
63 7.65600013733
64 7.44299983978
65 7.23099994659
66 7.06699991226
67 6.90399980545
68 6.78299999237
69 6.77299976349
70 6.80700016022
71 6.83199977875
72 6.85300016403
73 6.8639998436
74 6.79199981689
75 6.6360001564
76 1.68200004101
77 1.6740000248
78 1.69299995899
79 1.74199998379
80 5.22900009155
81 4.97200012207
82 4.85300016403
83 4.77299976349
84 4.68800020218
85 4.60200023651
86 4.54500007629
87 4.46299982071
88 4.40399980545
89 4.32399988174
90 4.27899980545
91 4.21199989319
92 4.15600013733
93 4.08400011063
94 4.04899978638
95 3.98600006104
96 3.92600011826
97 3.88700008392
98 3.84100008011
99 3.79800009727
100 3.76999998093
101 3.78299999237
102 3.82299995422
103 3.84200000763
104 3.88199996948
105 3.89599990845
106 3.93600010872
107 3.93799996376
108 3.91100001335
109 3.875
110 3.83899998665
111 3.80200004578
112 3.76799988747
113 3.72399997711
114 3.68099999428
115 3.65199995041
116 3.617000103
117 3.57500004768
118 3.54800009727
119 3.51900005341
120 3.49799990654
121 3.46499991417
122 3.44499993324
123 3.40300011635
124 3.38700008392
125 3.38800001144
126 3.42000007629
127 3.4470000267
128 3.47300004959
129 3.52399992943
130 3.56999993324
131 3.61500000954
132 3.67199993134
133 4.02600002289
134 4.06199979782
135 4.09499979019
136 4.12099981308
137 4.15500020981
138 4.18200016022
139 4.21799993515
140 4.25199985504
141 4.28499984741
142 4.28999996185
143 4.33199977875
144 4.382999897
145 4.41499996185
146 4.44600009918
147 4.492000103
148 4.48799991608
149 4.53499984741
150 4.53000020981
151 4.17899990082
152 4.3189997673
153 4.53499984741
154 3.25699996948
155 3.40000009537
156 4.71600008011
157 4.60400009155
158 4.54099988937
159 4.78599977493
160 4.8189997673
161 4.85900020599
162 4.88700008392
163 4.92700004578
164 4.96500015259
165 4.99499988556
166 5.02199983597
167 5.03200006485
168 3.17499995232
169 3.2349998951
170 3.38000011444
171 4.09399986267
172 4.91699981689
173 4.875
174 4.85599994659
175 4.84000015259
176 4.80700016022
177 4.82499980927
178 4.82299995422
179 4.84499979019
180 4.86199998856
181 4.8860001564
182 4.8220000267
183 5.3220000267
184 5.46899986267
185 5.48099994659
186 5.49800014496
187 5.51499986649
188 4.58300018311
189 4.58099985123
190 5.56199979782
191 5.5689997673
192 3.6400001049
193 3.51799988747
194 4.06699991226
195 4.03800010681
196 5.68300008774
197 5.70499992371
198 5.73099994659
199 2.0759999752
200 2.0529999733
201 2.0490000248
202 2.03500008583
203 2.02399992943
204 2.03299999237
205 2.02200007439
206 2.01300001144
207 2.01200008392
208 2.02600002289
209 2.01799988747
210 2.02699995041
211 2.02300000191
212 2.00999999046
213 2.01900005341
214 2.01300001144
215 2.0039999485
216 2.0
217 2.00600004196
218 2.01099991798
219 2.21499991417
220 2.48900008202
221 2.48300004005
222 2.37800002098
223 2.28800010681
224 2.26999998093
225 2.26799988747
226 2.26399993896
227 2.24399995804
228 2.23200011253
229 2.26699995995
230 2.28399991989
231 2.29200005531
232 2.26699995995
233 2.27200007439
234 2.28800010681
235 2.28600001335
236 2.31399989128
237 2.46700000763
238 2.53399991989
239 2.52800011635
240 6.22599983215
241 6.21999979019
242 6.2389998436
243 6.24800014496
244 6.22800016403
245 6.22200012207
246 6.22300004959
247 6.25199985504
248 6.25
249 6.23400020599
250 6.2389998436
251 6.25500011444
252 6.26900005341
253 6.26300001144
254 6.27400016785
255 6.25699996948
256 6.27699995041
257 6.26999998093
258 6.23799991608
259 6.23400020599
260 6.22900009155
261 6.23199987411
262 6.23799991608
263 6.21000003815
264 6.23299980164
265 6.22200012207
266 6.21700000763
267 6.20399999619
268 6.23000001907
269 6.21500015259
270 6.20699977875
271 6.21400022507
272 6.20800018311
273 6.14699983597
274 5.85300016403
275 5.76999998093
276 5.74900007248
277 5.73799991608
278 5.71000003815
279 5.7389998436
280 5.73500013351
281 5.76200008392
282 5.80000019073
283 5.94899988174
284 6.08500003815
285 6.0689997673
286 6.0529999733
287 6.06799983978
288 6.04400014877
289 6.05800008774
290 6.01900005341
291 6.02600002289
292 5.99800014496
293 5.98500013351
294 5.96199989319
295 5.93300008774
296 5.90899991989
297 5.91699981689
298 5.8860001564
299 5.88500022888
300 5.86299991608
301 5.84600019455
302 5.83300018311
303 5.8140001297
304 5.81199979782
305 5.78200006485
306 5.77899980545
307 5.75899982452
308 5.74499988556
309 5.71899986267
310 5.69899988174
311 5.65799999237
312 5.64300012589
313 5.61899995804
314 5.59700012207
315 5.58099985123
316 5.55499982834
317 5.53700017929
318 5.52699995041
319 5.34200000763
320 5.10699987411
321 5.44500017166
322 5.44799995422
323 5.42700004578
324 5.40000009537
325 5.37400007248
326 5.3639998436
327 5.32899999619
328 5.29899978638
329 4.36499977112
330 4.02600002289
331 4.09899997711
332 5.02500009537
333 5.16599988937
334 5.13199996948
335 5.1139998436
336 5.07800006866
337 5.0720000267
338 5.03800010681
339 5.00899982452
340 4.94500017166
341 4.8109998703
342 4.95599985123
343 4.94199991226
344 4.89900016785
345 4.86199998856
346 4.83900022507
347 4.68699979782
348 4.55200004578
349 4.72800016403
350 4.71299982071
351 4.67600011826
352 4.65100002289
353 4.61199998856
354 4.58400011063
355 4.53999996185
356 4.30000019073
357 4.36100006104
358 4.46899986267
359 4.45399999619
360 4.44000005722
361 4.39599990845
362 4.39499998093
363 4.3639998436
364 4.29199981689
365 4.27899980545
366 4.24900007248
367 4.19500017166
368 4.17999982834
369 4.14599990845
370 4.08400011063
371 4.08699989319
372 4.04799985886
373 4.01800012589
374 3.96900010109
375 3.96499991417
376 3.9319999218
377 3.90199995041
378 3.87800002098
379 3.85199999809
380 3.83299994469
381 3.70499992371
382 3.64100003242
383 3.58800005913
384 3.55500006676
385 3.51099991798
386 3.50099992752
387 3.45700001717
388 3.42000007629
389 3.39599990845
390 3.35500001907
391 3.33500003815
392 3.31100010872
393 3.28200006485
394 3.257999897
395 3.2460000515
396 3.27900004387
397 3.32800006866
398 3.367000103
399 3.40899991989
400 3.41799998283
401 3.48000001907
402 3.5
403 3.55100011826
404 3.58899998665
405 3.65000009537
406 3.68300008774
407 3.71600008011
408 3.74000000954
409 3.77699995041
410 3.8180000782
411 3.87199997902
412 3.9279999733
413 4.00099992752
414 4.05800008774
415 4.12200021744
416 4.19199991226
417 4.24900007248
418 4.29699993134
419 4.37200021744
420 4.44099998474
421 4.52600002289
422 4.59100008011
423 4.66599988937
424 4.72700023651
425 4.80999994278
426 4.90399980545
427 5.01800012589
428 5.10300016403
429 5.20499992371
430 5.30999994278
431 5.42100000381
432 5.53000020981
433 5.64499998093
434 5.75400018692
435 5.88199996948
436 6.03200006485
437 6.15899991989
438 6.30900001526
439 6.47700023651
440 6.51300001144
441 6.60699987411
442 6.47900009155
443 3.10500001907
444 3.04399991035
445 3.03699994087
446 3.02900004387
447 3.02399992943
448 3.0
449 3.007999897
450 2.99699997902
451 3.00099992752
452 2.97499990463
453 2.98399996758
454 2.98300004005
455 2.97199988365
456 2.96399998665
457 2.96300005913
458 2.96099996567
459 2.95900011063
460 2.95399999619
461 2.93400001526
462 2.92499995232
463 2.94099998474
464 2.93499994278
465 2.91899991035
466 2.91700005531
467 2.92499995232
468 2.91300010681
469 2.91000008583
470 2.64899992943
471 2.65400004387
472 2.6289999485
473 2.64499998093
474 0.944999992847
475 0.689999997616
476 0.699000000954
477 0.910000026226
478 1.55900001526
479 1.28100001812
480 1.19099998474
481 1.17299997807
482 1.14400005341
483 1.14400005341
484 1.14600002766
485 1.13900005817
486 1.15199995041
487 1.15100002289
488 1.14199995995
489 1.14199995995
490 1.16400003433
491 1.16499996185
492 1.27600002289
493 1.46000003815
494 1.2159999609
495 1.27400004864
496 1.13600003719
497 1.11600005627
498 1.10599994659
499 1.10500001907
500 1.0720000267
501 1.0759999752
502 1.09700000286
503 1.06900000572
504 1.08099997044
505 1.08200001717
506 1.08099997044
507 1.08599996567
508 1.10099995136
509 1.10399997234
510 1.14100003242
511 1.31599998474
512 3.05800008774
513 3.04800009727
514 3.07999992371
515 3.0759999752
516 3.08100008965
517 3.10400009155
518 3.11599993706
519 3.10500001907
520 3.125
521 3.14899992943
522 3.15300011635
523 3.15700006485
524 0.921000003815
525 0.912999987602
526 0.90600001812
527 0.941999971867
528 3.04200005531
529 2.99000000954
530 2.93400001526
531 2.86500000954
532 2.81100010872
533 2.77200007439
534 2.73000001907
535 2.70499992371
536 2.96600008011
537 2.89299988747
538 0.0
539 0.0
540 0.0
