0 4.51599979401
1 4.43400001526
2 4.4439997673
3 4.45699977875
4 4.53499984741
5 4.63700008392
6 4.67700004578
7 4.69899988174
8 4.73799991608
9 4.76399993896
10 4.80499982834
11 4.81799983978
12 4.84899997711
13 4.89400005341
14 4.92899990082
15 4.93200016022
16 4.83699989319
17 4.84399986267
18 4.87699985504
19 4.97100019455
20 5.14599990845
21 5.17299985886
22 5.22499990463
23 5.257999897
24 5.31300020218
25 5.35300016403
26 5.40600013733
27 5.44500017166
28 5.48199987411
29 5.54500007629
30 5.59899997711
31 5.65000009537
32 5.65299987793
33 0.0
34 17.1529998779
35 17.138999939
36 17.142999649
37 0.0
38 0.0
39 0.0
40 17.2339992523
41 17.1760005951
42 17.0489997864
43 16.9939994812
44 16.5230007172
45 16.5440006256
46 16.517999649
47 13.1300001144
48 13.079000473
49 12.3260002136
50 11.9370002747
51 11.5920000076
52 11.5880002975
53 11.609000206
54 11.609000206
55 11.3330001831
56 10.9879999161
57 10.4460000992
58 10.1079998016
59 8.35000038147
60 8.34399986267
61 8.18500041962
62 7.89400005341
63 7.632999897
64 7.43800020218
65 7.23099994659
66 7.05399990082
67 6.89200019836
68 6.78900003433
69 6.78100013733
70 6.79199981689
71 6.80900001526
72 6.84100008011
73 6.875
74 6.78200006485
75 6.63399982452
76 1.68200004101
77 1.66900002956
78 1.69000005722
79 1.72200000286
80 5.22700023651
81 4.96899986267
82 4.84800004959
83 4.76900005341
84 4.6779999733
85 4.60699987411
86 4.53200006485
87 4.47200012207
88 4.41400003433
89 4.3220000267
90 4.25199985504
91 4.19999980927
92 4.16099977493
93 4.10400009155
94 4.03200006485
95 3.98399996758
96 3.93000006676
97 3.87299990654
98 3.83100008965
99 3.79500007629
100 3.75999999046
101 3.77500009537
102 3.80200004578
103 3.83599996567
104 3.88899993896
105 3.90400004387
106 3.93700003624
107 3.97000002861
108 3.90599989891
109 3.86999988556
110 3.83800005913
111 3.8029999733
112 3.75900006294
113 3.72499990463
114 3.69199991226
115 3.66100001335
116 3.6289999485
117 3.59999990463
118 3.55800008774
119 3.51900005341
120 3.49499988556
121 3.46700000763
122 3.43300008774
123 3.40899991989
124 3.38700008392
125 3.39499998093
126 3.4240000248
127 3.45000004768
128 3.48699998856
129 3.52800011635
130 3.56399989128
131 3.61500000954
132 3.65100002289
133 4.02600002289
134 4.0689997673
135 4.07700014114
136 4.11000013351
137 4.13199996948
138 4.18499994278
139 4.20300006866
140 4.24300003052
141 4.28599977493
142 4.30100011826
143 4.35099983215
144 4.39400005341
145 4.40000009537
146 4.44000005722
147 4.45800018311
148 4.51900005341
149 4.53200006485
150 4.53200006485
151 4.1859998703
152 4.29699993134
153 4.60599994659
154 3.2650001049
155 3.41599988937
156 4.71299982071
157 4.59499979019
158 4.54600000381
159 4.79099988937
160 4.83400011063
161 4.87599992752
162 4.90500020981
163 4.92399978638
164 4.94899988174
165 4.9889998436
166 5.01000022888
167 5.03000020981
168 3.16199994087
169 3.21700000763
170 3.36899995804
171 4.10300016403
172 4.91400003433
173 4.875
174 4.84399986267
175 4.82600021362
176 4.79799985886
177 4.80900001526
178 4.82600021362
179 4.84999990463
180 4.87599992752
181 4.8860001564
182 4.81799983978
183 5.3140001297
184 5.45800018311
185 5.48099994659
186 5.4889998436
187 5.50199985504
188 4.57800006866
189 4.57100009918
190 5.56199979782
191 5.59100008011
192 3.64299988747
193 3.52399992943
194 4.06699991226
195 4.02799987793
196 5.67100000381
197 5.69999980927
198 5.73299980164
199 2.08299994469
200 2.05399990082
201 2.04299998283
202 2.02500009537
203 2.02399992943
204 2.01600003242
205 2.01699995995
206 2.02399992943
207 2.02800011635
208 2.03099989891
209 2.00600004196
210 2.00500011444
211 2.00300002098
212 2.01699995995
213 2.00300002098
214 2.0150001049
215 2.01900005341
216 2.02099990845
217 2.02900004387
218 2.04500007629
219 2.22000002861
220 2.46000003815
221 2.48000001907
222 2.35899996758
223 2.30399990082
224 2.29699993134
225 2.28099989891
226 2.24799990654
227 2.26099991798
228 2.24099993706
229 2.25600004196
230 2.27699995041
231 2.32299995422
232 2.26200008392
233 2.27300000191
234 2.27500009537
235 2.31500005722
236 2.34200000763
237 2.45900011063
238 2.53500008583
239 2.52999997139
240 6.22700023651
241 6.22599983215
242 6.21999979019
243 6.22499990463
244 6.24499988556
245 6.24800014496
246 6.20900011063
247 6.24399995804
248 6.23500013351
249 6.24800014496
250 6.24599981308
251 6.257999897
252 6.26999998093
253 6.27299976349
254 6.28700017929
255 6.27699995041
256 6.25899982452
257 6.25199985504
258 6.25500011444
259 6.23199987411
260 6.24599981308
261 6.21899986267
262 6.22300004959
263 6.21500015259
264 6.24100017548
265 6.21400022507
266 6.21199989319
267 6.21700000763
268 6.21199989319
269 6.21199989319
270 6.20100021362
271 6.21099996567
272 6.20399999619
273 6.12599992752
274 5.83400011063
275 5.78800010681
276 5.75500011444
277 5.73000001907
278 5.70800018311
279 5.71600008011
280 5.73199987411
281 5.77600002289
282 5.80499982834
283 5.94099998474
284 6.06599998474
285 6.0560002327
286 6.05800008774
287 6.04799985886
288 6.0609998703
289 6.04300022125
290 6.03200006485
291 6.02199983597
292 5.9889998436
293 5.96000003815
294 5.9470000267
295 5.92000007629
296 5.91200017929
297 5.89900016785
298 5.89099979401
299 5.87900018692
300 5.867000103
301 5.85500001907
302 5.82800006866
303 5.8189997673
304 5.79199981689
305 5.78100013733
306 5.78700017929
307 5.75899982452
308 5.74800014496
309 5.72499990463
310 5.69199991226
311 5.66699981689
312 5.64400005341
313 5.62200021744
314 5.59200000763
315 5.56799983978
316 5.55000019073
317 5.53800010681
318 5.52600002289
319 5.3189997673
320 5.10699987411
321 5.43800020218
322 5.44299983978
323 5.42600011826
324 5.40100002289
325 5.38100004196
326 5.36000013351
327 5.33099985123
328 5.29500007629
329 4.3639998436
330 4.04199981689
331 4.10099983215
332 5.00400018692
333 5.15500020981
334 5.13500022888
335 5.10699987411
336 5.09200000763
337 5.0689997673
338 5.04799985886
339 5.02099990845
340 4.9439997673
341 4.81500005722
342 4.9470000267
343 4.94099998474
344 4.91099977493
345 4.85500001907
346 4.83400011063
347 4.68800020218
348 4.54799985886
349 4.72800016403
350 4.70200014114
351 4.67199993134
352 4.64799976349
353 4.6139998436
354 4.58199977875
355 4.55900001526
356 4.30499982834
357 4.35300016403
358 4.492000103
359 4.45499992371
360 4.43499994278
361 4.41599988937
362 4.39900016785
363 4.34200000763
364 4.31799983978
365 4.27600002289
366 4.23199987411
367 4.19899988174
368 4.17700004578
369 4.13800001144
370 4.10799980164
371 4.07399988174
372 4.04899978638
373 4.01200008392
374 3.97600007057
375 3.93899989128
376 3.92499995232
377 3.89100003242
378 3.86899995804
379 3.84500002861
380 3.82299995422
381 3.70499992371
382 3.61899995804
383 3.58899998665
384 3.55800008774
385 3.52399992943
386 3.48000001907
387 3.44899988174
388 3.41899991035
389 3.37400007248
390 3.3710000515
391 3.33599996567
392 3.29399991035
393 3.27399992943
394 3.2650001049
395 3.26200008392
396 3.28900003433
397 3.32800006866
398 3.367000103
399 3.39700007439
400 3.43400001526
401 3.48099994659
402 3.51900005341
403 3.5529999733
404 3.58200001717
405 3.6289999485
406 3.67199993134
407 3.72199988365
408 3.73000001907
409 3.78099989891
410 3.83100008965
411 3.87700009346
412 3.93300008774
413 3.98699998856
414 4.0560002327
415 4.11600017548
416 4.18400001526
417 4.24700021744
418 4.31699991226
419 4.36600017548
420 4.4359998703
421 4.51300001144
422 4.60200023651
423 4.64900016785
424 4.72300004959
425 4.80999994278
426 4.90500020981
427 5.00899982452
428 5.10400009155
429 5.19600009918
430 5.30999994278
431 5.40899991989
432 5.51399993896
433 5.6360001564
434 5.75199985504
435 5.87400007248
436 6.01800012589
437 6.14200019836
438 6.3109998703
439 6.48299980164
440 6.49300003052
441 6.59800004959
442 6.4439997673
443 3.07299995422
444 3.0490000248
445 3.03500008583
446 3.02500009537
447 3.0150001049
448 3.00500011444
449 3.00900006294
450 3.00500011444
451 2.98200011253
452 2.98399996758
453 2.99099993706
454 2.97000002861
455 2.96900010109
456 2.95900011063
457 2.96199989319
458 2.94499993324
459 2.95799994469
460 2.94099998474
461 2.93899989128
462 2.94400000572
463 2.9319999218
464 2.93000006676
465 2.92000007629
466 2.92499995232
467 2.92899990082
468 2.92600011826
469 2.90000009537
470 2.66300010681
471 2.65100002289
472 2.6289999485
473 2.64899992943
474 0.950999975204
475 0.699999988079
476 0.707000017166
477 0.916999995708
478 1.40699994564
479 1.2539999485
480 1.2009999752
481 1.19099998474
482 1.17200005054
483 1.14499998093
484 1.13699996471
485 1.16199994087
486 1.16100001335
487 1.14400005341
488 1.16499996185
489 1.15999996662
490 1.17700004578
491 1.17999994755
492 1.31700003147
493 1.58299994469
494 1.28600001335
495 1.14400005341
496 1.11699998379
497 1.11000001431
498 1.12000000477
499 1.09000003338
500 1.09899997711
501 1.09700000286
502 1.07899999619
503 1.08000004292
504 1.08899998665
505 1.06799995899
506 1.07899999619
507 1.08299994469
508 1.10399997234
509 1.17100000381
510 1.34200000763
511 3.03900003433
512 3.0569999218
513 3.05200004578
514 3.07800006866
515 3.06699991226
516 3.08400011063
517 3.09500002861
518 3.10299992561
519 3.12199997902
520 3.12599992752
521 3.12299990654
522 3.16000008583
523 3.17600011826
524 0.921000003815
525 0.919000029564
526 0.925999999046
527 0.926999986172
528 3.03900003433
529 2.97799992561
530 2.92199993134
531 2.8710000515
532 2.82899999619
533 2.78500008583
534 2.73799991608
535 2.70499992371
536 2.96199989319
537 2.91700005531
538 0.0
539 0.0
540 0.0
