0 4.48999977112
1 4.4359998703
2 4.44999980927
3 4.45800018311
4 4.53800010681
5 4.6360001564
6 4.67000007629
7 4.71799993515
8 4.73199987411
9 4.76000022888
10 4.78599977493
11 4.82899999619
12 4.85900020599
13 4.90700006485
14 4.92500019073
15 4.9470000267
16 4.84399986267
17 4.84600019455
18 4.87799978256
19 4.96400022507
20 5.15000009537
21 5.18200016022
22 5.22800016403
23 5.28299999237
24 5.30000019073
25 5.36199998856
26 5.40899991989
27 5.44299983978
28 5.48600006104
29 5.54500007629
30 5.60599994659
31 5.63500022888
32 5.65100002289
33 0.0
34 17.1459999084
35 17.1539993286
36 17.1459999084
37 0.0
38 0.0
39 0.0
40 17.2460002899
41 17.1660003662
42 17.0699996948
43 17.0130004883
44 16.5289993286
45 16.5450000763
46 16.5349998474
47 13.1630001068
48 13.0830001831
49 12.3459997177
50 11.9469995499
51 11.595000267
52 11.6049995422
53 11.6169996262
54 11.6160001755
55 11.3489999771
56 11.0
57 10.4619998932
58 10.1120004654
59 8.29699993134
60 8.34700012207
61 8.19299983978
62 7.91900014877
63 7.62900018692
64 7.45100021362
65 7.242000103
66 7.07000017166
67 6.90299987793
68 6.79400014877
69 6.78800010681
70 6.80200004578
71 6.83099985123
72 6.83599996567
73 6.86299991608
74 6.79400014877
75 6.63100004196
76 1.70599997044
77 1.69400000572
78 1.69099998474
79 1.73099994659
80 5.24800014496
81 4.97300004959
82 4.86600017548
83 4.76200008392
84 4.67899990082
85 4.59999990463
86 4.53399991989
87 4.45200014114
88 4.41599988937
89 4.34299993515
90 4.28599977493
91 4.22200012207
92 4.17000007629
93 4.08599996567
94 4.02699995041
95 3.97199988365
96 3.9240000248
97 3.8900001049
98 3.82999992371
99 3.79999995232
100 3.77200007439
101 3.78699994087
102 3.82399988174
103 3.83800005913
104 3.8789999485
105 3.90799999237
106 3.93899989128
107 3.94899988174
108 3.93300008774
109 3.89299988747
110 3.83800005913
111 3.80800008774
112 3.75200009346
113 3.71900010109
114 3.68499994278
115 3.67000007629
116 3.63899993896
117 3.59299993515
118 3.56599998474
119 3.53500008583
120 3.50099992752
121 3.47399997711
122 3.4279999733
123 3.40100002289
124 3.41100001335
125 3.40700006485
126 3.42499995232
127 3.44600009918
128 3.47600007057
129 3.53500008583
130 3.5720000267
131 3.59599995613
132 3.65899991989
133 4.02099990845
134 4.0689997673
135 4.07100009918
136 4.132999897
137 4.14200019836
138 4.16099977493
139 4.21299982071
140 4.24300003052
141 4.28499984741
142 4.3189997673
143 4.36000013351
144 4.39699983597
145 4.4310002327
146 4.45699977875
147 4.47599983215
148 4.50400018692
149 4.52799987793
150 4.55000019073
151 4.1939997673
152 4.31300020218
153 4.61100006104
154 3.27200007439
155 3.40700006485
156 4.69999980927
157 4.59399986267
158 4.5529999733
159 4.80100011826
160 4.83199977875
161 4.86299991608
162 4.90000009537
163 4.91400003433
164 4.95200014114
165 4.99499988556
166 5.02199983597
167 5.04099988937
168 3.10800004005
169 3.22300004959
170 3.36299991608
171 4.10599994659
172 4.91699981689
173 4.88000011444
174 4.84999990463
175 4.82800006866
176 4.83400011063
177 4.82600021362
178 4.84000015259
179 4.84499979019
180 4.86899995804
181 4.89300012589
182 4.82299995422
183 5.33199977875
184 5.46299982071
185 5.48000001907
186 5.48799991608
187 5.50699996948
188 4.61999988556
189 4.57700014114
190 5.57700014114
191 5.60200023651
192 3.63700008392
193 3.52200007439
194 4.05800008774
195 4.03000020981
196 5.6810002327
197 5.70100021362
198 5.72800016403
199 5.76900005341
200 5.78599977493
201 5.8060002327
202 5.8060002327
203 5.8220000267
204 5.85400009155
205 5.86600017548
206 5.85599994659
207 5.882999897
208 5.89599990845
209 5.90500020981
210 5.90899991989
211 5.94299983978
212 5.9390001297
213 5.96500015259
214 5.98500013351
215 6.01399993896
216 6.00899982452
217 6.03499984741
218 6.05700016022
219 6.0560002327
220 6.08199977875
221 6.06699991226
222 6.09000015259
223 6.10099983215
224 6.10799980164
225 6.11499977112
226 6.10799980164
227 6.10900020599
228 6.13199996948
229 6.13100004196
230 6.15399980545
231 6.17600011826
232 6.17299985886
233 6.19500017166
234 6.20800018311
235 6.21299982071
236 6.20100021362
237 6.21199989319
238 6.21999979019
239 6.23199987411
240 6.22499990463
241 6.242000103
242 6.20900011063
243 6.22900009155
244 2.07399988174
245 2.03399991989
246 2.05100011826
247 2.01999998093
248 2.02300000191
249 2.02699995041
250 2.02399992943
251 2.02099990845
252 2.02699995041
253 2.007999897
254 2.0039999485
255 2.00999999046
256 1.9960000515
257 2.00600004196
258 2.00600004196
259 2.00500011444
260 2.00500011444
261 1.99399995804
262 1.9960000515
263 2.00200009346
264 2.0680000782
265 6.21899986267
266 2.41300010681
267 2.39899992943
268 2.38000011444
269 2.36299991608
270 2.29999995232
271 2.22300004959
272 2.1740000248
273 2.19600009918
274 2.17100000381
275 2.13599991798
276 2.16000008583
277 2.15499997139
278 2.11999988556
279 2.125
280 2.15400004387
281 2.20499992371
282 2.21099996567
283 2.29699993134
284 2.35400009155
285 2.39899992943
286 2.42000007629
287 2.42700004578
288 6.05700016022
289 6.03499984741
290 6.01999998093
291 6.01000022888
292 5.99700021744
293 5.96000003815
294 5.97300004959
295 5.94899988174
296 5.92500019073
297 5.90899991989
298 5.89599990845
299 5.88700008392
300 5.85900020599
301 5.85599994659
302 5.84200000763
303 5.82800006866
304 5.82000017166
305 5.79500007629
306 5.78999996185
307 5.77199983597
308 5.73299980164
309 5.71299982071
310 5.69999980927
311 5.67199993134
312 5.64099979401
313 5.61800003052
314 5.61199998856
315 5.57600021362
316 5.56799983978
317 5.54300022125
318 5.5110001564
319 5.32700014114
320 5.11000013351
321 5.46999979019
322 5.44600009918
323 5.4359998703
324 5.41099977493
325 5.40600013733
326 5.36100006104
327 5.33099985123
328 5.31500005722
329 4.38000011444
330 4.0640001297
331 4.09399986267
332 5.02799987793
333 5.16800022125
334 5.14400005341
335 5.12300014496
336 5.09299993515
337 5.06599998474
338 5.04300022125
339 5.02600002289
340 4.9470000267
341 4.82499980927
342 4.95699977875
343 4.9390001297
344 4.90899991989
345 4.87799978256
346 4.83500003815
347 4.70800018311
348 4.5560002327
349 4.73500013351
350 4.70100021362
351 4.67500019073
352 4.65299987793
353 4.63000011444
354 4.60500001907
355 4.5560002327
356 4.30999994278
357 4.34299993515
358 4.47499990463
359 4.47200012207
360 4.43300008774
361 4.40600013733
362 4.39200019836
363 4.36899995804
364 4.30100011826
365 4.27899980545
366 4.22700023651
367 4.1939997673
368 4.16400003433
369 4.14200019836
370 4.10400009155
371 4.08199977875
372 4.04300022125
373 4.02400016785
374 3.98699998856
375 3.96300005913
376 3.91499996185
377 3.91000008583
378 3.86899995804
379 3.85599994659
380 3.82500004768
381 3.71900010109
382 3.62700009346
383 3.60599994659
384 3.55999994278
385 3.53099989891
386 3.48399996758
387 3.45600008965
388 3.42199993134
389 3.39800000191
390 3.38400006294
391 3.34100008011
392 3.29399991035
393 3.27999997139
394 3.26099991798
395 3.26399993896
396 3.29600000381
397 3.33800005913
398 3.37199997902
399 3.41100001335
400 3.43700003624
401 3.47199988365
402 3.52600002289
403 3.5529999733
404 3.58800005913
405 3.63000011444
406 3.6819999218
407 3.73099994659
408 3.742000103
409 3.76799988747
410 3.82999992371
411 3.882999897
412 3.93700003624
413 3.9849998951
414 4.0609998703
415 4.12699985504
416 4.1859998703
417 4.24599981308
418 4.29899978638
419 4.37699985504
420 4.45699977875
421 4.50899982452
422 4.57299995422
423 4.65899991989
424 4.72800016403
425 4.82299995422
426 4.89599990845
427 5.00500011444
428 5.11000013351
429 5.21700000763
430 5.30700016022
431 5.42600011826
432 5.53200006485
433 5.63800001144
434 5.76599979401
435 5.88899993896
436 6.02400016785
437 6.15899991989
438 6.30200004578
439 6.46999979019
440 6.5110001564
441 6.59999990463
442 6.44799995422
443 3.08299994469
444 3.04699993134
445 3.03299999237
446 3.03600001335
447 3.01600003242
448 3.02300000191
449 2.992000103
450 2.99499988556
451 3.00900006294
452 2.98900008202
453 2.9849998951
454 2.97000002861
455 2.97000002861
456 2.98300004005
457 2.97699999809
458 2.97000002861
459 2.96700000763
460 2.95300006866
461 2.93799996376
462 2.94099998474
463 2.93499994278
464 2.92899990082
465 2.92899990082
466 2.94600009918
467 2.92100000381
468 2.93499994278
469 2.91400003433
470 2.66700005531
471 2.64299988747
472 2.63499999046
473 2.64299988747
474 0.945999979973
475 0.71899998188
476 0.699999988079
477 0.931999981403
478 2.64700007439
479 2.65000009537
480 2.63100004196
481 2.632999897
482 2.6400001049
483 2.65499997139
484 2.65899991989
485 2.66300010681
486 2.66899991035
487 2.66899991035
488 2.67199993134
489 2.67600011826
490 2.84500002861
491 2.92600011826
492 2.95000004768
493 2.92899990082
494 2.9470000267
495 2.95499992371
496 2.95000004768
497 2.96900010109
498 2.95399999619
499 2.97399997711
500 2.97399997711
501 2.9849998951
502 2.98200011253
503 1.1740000248
504 1.24100005627
505 1.13600003719
506 1.10300004482
507 1.12399995327
508 1.10399997234
509 1.11399996281
510 1.13399994373
511 1.13499999046
512 1.19799995422
513 1.19400000572
514 1.19500005245
515 1.19299995899
516 1.21800005436
517 1.22099995613
518 1.21399998665
519 1.22699999809
520 1.25699996948
521 1.3710000515
522 1.3370000124
523 3.18000006676
524 0.941999971867
525 0.912999987602
526 0.924000024796
527 0.944999992847
528 3.04699993134
529 2.9960000515
530 1.25
531 1.09599995613
532 1.08099997044
533 1.06200003624
534 1.07799994946
535 1.07400000095
536 1.07700002193
537 1.06500005722
538 1.05499994755
539 1.05499994755
540 1.06599998474
