0 4.49900007248
1 4.43200016022
2 4.42999982834
3 4.46299982071
4 4.54199981689
5 4.64799976349
6 4.67199993134
7 4.70699977875
8 4.72300004959
9 4.75899982452
10 4.79099988937
11 4.82299995422
12 4.8639998436
13 4.89400005341
14 4.91200017929
15 4.92199993134
16 4.82899999619
17 4.83400011063
18 4.87300014496
19 4.97100019455
20 5.14499998093
21 5.1810002327
22 5.22499990463
23 5.26800012589
24 5.31199979782
25 5.35400009155
26 5.40600013733
27 5.44299983978
28 5.492000103
29 5.54600000381
30 5.59600019455
31 5.64300012589
32 5.64099979401
33 0.0
34 17.1509990692
35 17.1550006866
36 17.1459999084
37 0.0
38 0.0
39 0.0
40 17.2350006104
41 17.172000885
42 17.0489997864
43 16.9920005798
44 16.5200004578
45 16.5380001068
46 16.5039997101
47 13.1639995575
48 13.0729999542
49 12.329000473
50 11.9689998627
51 11.5780000687
52 11.6020002365
53 11.6239995956
54 11.6059999466
55 11.3310003281
56 10.9969997406
57 10.4610004425
58 10.1029996872
59 8.33199977875
60 8.32800006866
61 8.1890001297
62 7.91800022125
63 7.61899995804
64 7.43300008774
65 7.24300003052
66 7.06199979782
67 6.88399982452
68 6.77600002289
69 6.77600002289
70 6.80100011826
71 6.8220000267
72 6.85200023651
73 6.86299991608
74 6.79600000381
75 6.63800001144
76 1.69200003147
77 1.68299996853
78 1.68400001526
79 1.74100005627
80 5.21799993515
81 4.97300004959
82 4.84299993515
83 4.76900005341
84 4.68200016022
85 4.60200023651
86 4.51200008392
87 4.47599983215
88 4.41400003433
89 4.32100009918
90 4.26399993896
91 4.20100021362
92 4.16499996185
93 4.09299993515
94 4.03299999237
95 3.98300004005
96 3.9279999733
97 3.86999988556
98 3.81900000572
99 3.7990000248
100 3.74300003052
101 3.77600002289
102 3.8029999733
103 3.84599995613
104 3.86800003052
105 3.8900001049
106 3.91700005531
107 3.94400000572
108 3.91700005531
109 3.88599991798
110 3.84699988365
111 3.79399991035
112 3.7539999485
113 3.72900009155
114 3.69899988174
115 3.64400005341
116 3.61800003052
117 3.57299995422
118 3.56200003624
119 3.52399992943
120 3.5039999485
121 3.45600008965
122 3.43300008774
123 3.40199995041
124 3.40400004387
125 3.382999897
126 3.42000007629
127 3.44799995422
128 3.48799991608
129 3.52900004387
130 3.55200004578
131 3.59899997711
132 3.66400003433
133 4.02899980545
134 4.04199981689
135 4.07299995422
136 4.09200000763
137 4.13500022888
138 4.18800020218
139 4.21899986267
140 4.24499988556
141 4.28900003433
142 4.3140001297
143 4.34899997711
144 4.39300012589
145 4.42199993134
146 4.45800018311
147 4.47700023651
148 4.49900007248
149 4.53100013733
150 4.5560002327
151 4.1970000267
152 4.28900003433
153 4.57800006866
154 3.257999897
155 3.38899993896
156 4.70300006866
157 4.59800004959
158 4.56199979782
159 4.77899980545
160 4.82100009918
161 4.85300016403
162 4.88800001144
163 4.92999982834
164 4.94299983978
165 4.98500013351
166 5.01700019836
167 5.04500007629
168 3.15700006485
169 3.21300005913
170 3.36199998856
171 4.09999990463
172 4.90299987793
173 4.86899995804
174 4.84000015259
175 4.83599996567
176 4.82800006866
177 4.80800008774
178 4.82000017166
179 4.83599996567
180 4.86999988556
181 4.8860001564
182 4.8060002327
183 5.32999992371
184 5.44999980927
185 5.46199989319
186 5.49900007248
187 5.5
188 4.59899997711
189 4.55700016022
190 5.55800008774
191 5.58400011063
192 3.632999897
193 3.52200007439
194 4.0640001297
195 4.04899978638
196 5.69099998474
197 5.70800018311
198 5.72700023651
199 5.75199985504
200 5.77699995041
201 5.80000019073
202 5.83199977875
203 5.83799982071
204 5.85300016403
205 5.85500001907
206 5.875
207 5.88800001144
208 5.89799976349
209 5.91099977493
210 5.90399980545
211 5.91400003433
212 5.94600009918
213 5.96999979019
214 5.96999979019
215 5.98999977112
216 6.01000022888
217 6.02400016785
218 6.03399991989
219 6.05800008774
220 6.09000015259
221 6.07800006866
222 6.08400011063
223 6.07899999619
224 6.10900020599
225 6.11899995804
226 6.10500001907
227 6.12900018692
228 6.12400007248
229 6.14099979401
230 6.15500020981
231 6.17199993134
232 6.18300008774
233 6.17999982834
234 6.19199991226
235 6.19799995422
236 6.23299980164
237 6.21899986267
238 6.21999979019
239 6.21700000763
240 6.23500013351
241 6.21899986267
242 6.23400020599
243 6.22499990463
244 2.0759999752
245 2.03800010681
246 2.04299998283
247 2.02900004387
248 2.007999897
249 2.02300000191
250 2.01900005341
251 1.99500000477
252 2.0150001049
253 2.01200008392
254 1.99000000954
255 1.99100005627
256 2.01200008392
257 1.98699998856
258 2.00699996948
259 1.99199998379
260 2.0039999485
261 1.99000000954
262 2.00500011444
263 1.99000000954
264 2.05999994278
265 6.21799993515
266 2.40700006485
267 2.39499998093
268 2.36400008202
269 2.33800005913
270 2.28699994087
271 2.19499993324
272 2.19199991226
273 2.18499994278
274 2.16499996185
275 2.16000008583
276 2.14899992943
277 2.14800000191
278 2.11500000954
279 2.14599990845
280 2.16700005531
281 2.16899991035
282 2.20199990273
283 2.25999999046
284 2.34400010109
285 2.40499997139
286 2.41400003433
287 2.42199993134
288 6.05999994278
289 6.03900003433
290 6.02400016785
291 6.00400018692
292 6.0
293 5.96799993515
294 5.96600008011
295 5.93400001526
296 5.91499996185
297 5.90199995041
298 5.89599990845
299 5.85300016403
300 5.85400009155
301 5.84700012207
302 5.83400011063
303 5.80100011826
304 5.81599998474
305 5.78599977493
306 5.77600002289
307 5.7610001564
308 5.7389998436
309 5.71099996567
310 5.6970000267
311 5.67299985886
312 5.65100002289
313 5.62900018692
314 5.60099983215
315 5.57299995422
316 5.55900001526
317 5.54099988937
318 5.51800012589
319 5.31199979782
320 5.10500001907
321 5.44999980927
322 5.44299983978
323 5.42999982834
324 5.41499996185
325 5.39699983597
326 5.35500001907
327 5.33400011063
328 5.29400014877
329 4.37799978256
330 4.04300022125
331 4.09399986267
332 5.0110001564
333 5.15399980545
334 5.14099979401
335 5.11600017548
336 5.08199977875
337 5.05200004578
338 5.03999996185
339 5.01800012589
340 4.94799995422
341 4.80399990082
342 4.95499992371
343 4.92600011826
344 4.90100002289
345 4.86999988556
346 4.82800006866
347 4.69099998474
348 4.55700016022
349 4.71899986267
350 4.69600009918
351 4.66800022125
352 4.63100004196
353 4.61299991608
354 4.59399986267
355 4.56699991226
356 4.31500005722
357 4.34999990463
358 4.47200012207
359 4.45300006866
360 4.43499994278
361 4.40399980545
362 4.38899993896
363 4.36499977112
364 4.30700016022
365 4.25600004196
366 4.22900009155
367 4.17899990082
368 4.15899991989
369 4.14400005341
370 4.09899997711
371 4.07399988174
372 4.03700017929
373 4.02299976349
374 3.992000103
375 3.93899989128
376 3.91799998283
377 3.88400006294
378 3.86400008202
379 3.84299993515
380 3.82500004768
381 3.72199988365
382 3.632999897
383 3.59100008011
384 3.56200003624
385 3.52300000191
386 3.48600006104
387 3.45499992371
388 3.41499996185
389 3.38599991798
390 3.3710000515
391 3.34200000763
392 3.31200003624
393 3.26399993896
394 3.26699995995
395 3.26600003242
396 3.27999997139
397 3.3180000782
398 3.3710000515
399 3.40400004387
400 3.43899989128
401 3.46700000763
402 3.51200008392
403 3.55200004578
404 3.59200000763
405 3.62800002098
406 3.6740000248
407 3.72600007057
408 3.73600006104
409 3.78800010681
410 3.82100009918
411 3.88000011444
412 3.93700003624
413 3.97499990463
414 4.05800008774
415 4.13000011444
416 4.18499994278
417 4.24300003052
418 4.31599998474
419 4.35699987411
420 4.42700004578
421 4.50899982452
422 4.58199977875
423 4.65500020981
424 4.72200012207
425 4.81599998474
426 4.89300012589
427 5.02099990845
428 5.10200023651
429 5.20699977875
430 5.3060002327
431 5.41900014877
432 5.51499986649
433 5.64300012589
434 5.76000022888
435 5.87300014496
436 6.01200008392
437 6.16400003433
438 6.31199979782
439 6.45300006866
440 6.49800014496
441 6.60699987411
442 6.45100021362
443 3.0680000782
444 3.04600000381
445 3.03699994087
446 3.01900005341
447 3.007999897
448 3.02800011635
449 3.01399993896
450 2.98600006104
451 2.99499988556
452 3.00200009346
453 2.97600007057
454 2.9849998951
455 2.96300005913
456 2.96000003815
457 2.95199990273
458 2.94899988174
459 2.96300005913
460 2.94499993324
461 2.94499993324
462 2.94400000572
463 2.9240000248
464 2.92000007629
465 2.91599988937
466 2.93899989128
467 2.92199993134
468 2.91499996185
469 2.91100001335
470 2.66100001335
471 2.63199996948
472 2.61500000954
473 2.62700009346
474 0.935000002384
475 0.711000025272
476 0.711000025272
477 0.912999987602
478 2.64499998093
479 2.64700007439
480 2.64499998093
481 2.64199995995
482 2.65199995041
483 2.63899993896
484 2.65400004387
485 2.65599989891
486 2.65700006485
487 2.66599988937
488 2.67700004578
489 2.66300010681
490 2.8180000782
491 2.9240000248
492 2.92700004578
493 2.94600009918
494 2.93499994278
495 2.93799996376
496 2.9509999752
497 2.95799994469
498 2.95000004768
499 2.95499992371
500 2.95900011063
501 2.96799993515
502 2.98900008202
503 1.18599998951
504 1.23000001907
505 1.12999999523
506 1.10500001907
507 1.10800004005
508 1.10899996758
509 1.12000000477
510 1.09300005436
511 1.11699998379
512 1.16100001335
513 1.18700003624
514 1.17700004578
515 1.19799995422
516 1.20000004768
517 1.18700003624
518 1.21700000763
519 1.22399997711
520 1.25699996948
521 1.38999998569
522 3.14499998093
523 3.14700007439
524 0.92199999094
525 0.912999987602
526 0.902999997139
527 0.943000018597
528 3.04099988937
529 1.21800005436
530 1.23800003529
531 1.0720000267
532 1.0720000267
533 1.06900000572
534 1.04700005054
535 1.04999995232
536 1.06700003147
537 1.08200001717
538 1.07099997997
539 1.05700004101
540 1.06500005722
