0 4.50199985504
1 4.41499996185
2 4.44799995422
3 4.46400022507
4 4.52500009537
5 4.63500022888
6 4.68800020218
7 4.67700004578
8 4.73799991608
9 4.75600004196
10 4.78299999237
11 4.82499980927
12 4.84100008011
13 4.87599992752
14 4.92299985886
15 4.91499996185
16 4.82999992371
17 4.85599994659
18 4.86600017548
19 4.9470000267
20 5.14099979401
21 5.17100000381
22 5.22300004959
23 5.26000022888
24 5.30800008774
25 5.35099983215
26 5.38800001144
27 5.4439997673
28 5.4889998436
29 5.55200004578
30 5.59999990463
31 5.64099979401
32 5.64599990845
33 0.0
34 17.1280002594
35 17.138999939
36 17.1439990997
37 0.0
38 0.0
39 0.0
40 17.2329998016
41 17.1660003662
42 17.0669994354
43 16.9990005493
44 16.5209999084
45 16.5310001373
46 16.5049991608
47 13.1470003128
48 13.0799999237
49 12.3149995804
50 11.9320001602
51 11.5719995499
52 11.607000351
53 11.6160001755
54 11.623000145
55 11.3330001831
56 10.9750003815
57 10.4490003586
58 10.0900001526
59 8.31799983978
60 8.33199977875
61 8.1829996109
62 7.89499998093
63 7.63800001144
64 7.44299983978
65 7.23299980164
66 7.06699991226
67 6.89200019836
68 6.78700017929
69 6.76800012589
70 6.79300022125
71 6.82899999619
72 6.83799982071
73 6.86800003052
74 6.79699993134
75 6.63999986649
76 1.68099999428
77 1.66400003433
78 1.6590000391
79 1.70899999142
80 5.21199989319
81 4.97100019455
82 4.84600019455
83 4.76399993896
84 4.6779999733
85 4.59999990463
86 4.53399991989
87 4.45399999619
88 4.40899991989
89 4.32299995422
90 4.26499986649
91 4.21000003815
92 4.16099977493
93 4.10799980164
94 4.03299999237
95 3.95900011063
96 3.92000007629
97 3.86800003052
98 3.83699989319
99 3.78099989891
100 3.76399993896
101 3.79399991035
102 3.80900001526
103 3.85199999809
104 3.88499999046
105 3.89800000191
106 3.92600011826
107 3.94199991226
108 3.91199994087
109 3.87800002098
110 3.84200000763
111 3.7990000248
112 3.76900005341
113 3.73000001907
114 3.68499994278
115 3.65499997139
116 3.61199998856
117 3.59200000763
118 3.56200003624
119 3.51099991798
120 3.50300002098
121 3.46900010109
122 3.43700003624
123 3.40799999237
124 3.3900001049
125 3.382999897
126 3.4240000248
127 3.43400001526
128 3.47900009155
129 3.50600004196
130 3.5680000782
131 3.59299993515
132 3.65799999237
133 4.00199985504
134 4.06300020218
135 4.07800006866
136 4.11499977112
137 4.14499998093
138 4.19099998474
139 4.21199989319
140 4.23099994659
141 4.27400016785
142 4.29199981689
143 4.32600021362
144 4.37799978256
145 4.41300010681
146 4.45900011063
147 4.48699998856
148 4.49100017548
149 4.51800012589
150 4.52799987793
151 4.1810002327
152 4.27199983597
153 4.52299976349
154 3.25900006294
155 3.40100002289
156 4.71299982071
157 4.59399986267
158 4.54899978638
159 4.79500007629
160 4.81799983978
161 4.85099983215
162 4.89900016785
163 4.91400003433
164 4.96099996567
165 4.97599983215
166 5.00199985504
167 5.02899980545
168 3.14299988747
169 3.21900010109
170 3.35899996758
171 4.09800004959
172 4.91800022125
173 4.88199996948
174 4.84399986267
175 4.83599996567
176 4.81699991226
177 4.82899999619
178 4.82000017166
179 4.83699989319
180 4.86100006104
181 4.89900016785
182 4.81799983978
183 5.29699993134
184 5.46600008011
185 5.47700023651
186 5.49300003052
187 5.50500011444
188 4.59600019455
189 4.58199977875
190 5.54799985886
191 5.57399988174
192 3.6210000515
193 3.51699995995
194 4.07999992371
195 4.03299999237
196 5.68499994278
197 5.70599985123
198 5.72599983215
199 5.76200008392
200 5.75600004196
201 5.80399990082
202 5.8189997673
203 5.8109998703
204 5.85099983215
205 5.85099983215
206 5.85200023651
207 5.86299991608
208 5.87699985504
209 5.88800001144
210 5.91400003433
211 5.92000007629
212 5.94600009918
213 5.94600009918
214 5.97200012207
215 5.98199987411
216 5.99399995804
217 6.03399991989
218 6.05100011826
219 6.0640001297
220 6.07800006866
221 6.08699989319
222 6.08699989319
223 6.09700012207
224 6.07899999619
225 6.09299993515
226 6.10500001907
227 6.125
228 6.14400005341
229 6.12699985504
230 6.14400005341
231 6.16099977493
232 6.16300010681
233 6.16300010681
234 6.20100021362
235 6.20699977875
236 6.22200012207
237 6.2389998436
238 6.20499992371
239 6.22700023651
240 6.21500015259
241 6.21500015259
242 6.21099996567
243 6.21899986267
244 2.07699990273
245 2.04399991035
246 2.05100011826
247 2.02099990845
248 2.00500011444
249 2.02099990845
250 1.9960000515
251 1.99800002575
252 1.99500000477
253 1.99000000954
254 2.00500011444
255 2.01200008392
256 2.00999999046
257 2.007999897
258 1.98899996281
259 2.00900006294
260 1.99100005627
261 1.98199999332
262 2.0
263 2.01399993896
264 2.04999995232
265 6.20499992371
266 2.38499999046
267 2.37400007248
268 2.36400008202
269 2.32699990273
270 2.29500007629
271 2.21099996567
272 2.19000005722
273 2.1740000248
274 2.18799996376
275 2.14100003242
276 2.13599991798
277 2.11100006104
278 2.12800002098
279 2.1400001049
280 2.16000008583
281 2.18799996376
282 2.20399999619
283 2.28600001335
284 2.32999992371
285 2.39299988747
286 2.39299988747
287 2.42300009727
288 6.0689997673
289 6.04500007629
290 6.02899980545
291 6.01499986649
292 5.99900007248
293 5.95300006866
294 5.94999980927
295 5.92000007629
296 5.90100002289
297 5.89699983597
298 5.89099979401
299 5.875
300 5.86100006104
301 5.84499979019
302 5.84299993515
303 5.81599998474
304 5.8109998703
305 5.78200006485
306 5.78000020981
307 5.77400016785
308 5.74100017548
309 5.69799995422
310 5.68300008774
311 5.67199993134
312 5.63500022888
313 5.61999988556
314 5.59600019455
315 5.57299995422
316 5.56300020218
317 5.52899980545
318 5.51999998093
319 5.31799983978
320 5.09899997711
321 5.4390001297
322 5.4439997673
323 5.43400001526
324 5.40299987793
325 5.37300014496
326 5.36000013351
327 5.32399988174
328 5.29899978638
329 4.36000013351
330 4.03700017929
331 4.09000015259
332 4.99700021744
333 5.16400003433
334 5.13500022888
335 5.11000013351
336 5.08199977875
337 5.05999994278
338 5.03399991989
339 5.01399993896
340 4.94899988174
341 4.79899978638
342 4.94999980927
343 4.93699979782
344 4.89599990845
345 4.85300016403
346 4.82700014114
347 4.6779999733
348 4.54500007629
349 4.72399997711
350 4.6939997673
351 4.65600013733
352 4.64900016785
353 4.62200021744
354 4.58199977875
355 4.54899978638
356 4.29500007629
357 4.35300016403
358 4.47200012207
359 4.45499992371
360 4.4279999733
361 4.41300010681
362 4.39400005341
363 4.33699989319
364 4.30000019073
365 4.27299976349
366 4.23999977112
367 4.18800020218
368 4.15999984741
369 4.13700008392
370 4.09399986267
371 4.05499982834
372 4.04899978638
373 4.00600004196
374 3.96900010109
375 3.95700001717
376 3.91000008583
377 3.88599991798
378 3.8900001049
379 3.84200000763
380 3.81900000572
381 3.71199989319
382 3.61899995804
383 3.59899997711
384 3.5529999733
385 3.51099991798
386 3.47499990463
387 3.45700001717
388 3.42100000381
389 3.40000009537
390 3.36400008202
391 3.33899998665
392 3.30200004578
393 3.28099989891
394 3.24000000954
395 3.2460000515
396 3.28600001335
397 3.32299995422
398 3.35299992561
399 3.40000009537
400 3.4430000782
401 3.46499991417
402 3.507999897
403 3.53099989891
404 3.59100008011
405 3.63199996948
406 3.67899990082
407 3.72399997711
408 3.74099993706
409 3.77600002289
410 3.83599996567
411 3.86999988556
412 3.91400003433
413 3.9960000515
414 4.05700016022
415 4.12200021744
416 4.17600011826
417 4.23699998856
418 4.28599977493
419 4.35599994659
420 4.43300008774
421 4.50899982452
422 4.59299993515
423 4.64699983597
424 4.71899986267
425 4.80399990082
426 4.90399980545
427 4.99599981308
428 5.10099983215
429 5.20100021362
430 5.30200004578
431 5.41300010681
432 5.52899980545
433 5.632999897
434 5.76300001144
435 5.87599992752
436 6.01300001144
437 6.15799999237
438 6.31199979782
439 6.45200014114
440 6.48999977112
441 6.59700012207
442 6.45800018311
443 3.05900001526
444 3.04099988937
445 3.02699995041
446 3.02399992943
447 3.0039999485
448 3.02300000191
449 2.98600006104
450 3.0039999485
451 3.00900006294
452 2.99099993706
453 2.98900008202
454 2.95900011063
455 2.96799993515
456 2.95600008965
457 2.96000003815
458 2.94799995422
459 2.95000004768
460 2.94199991226
461 2.93499994278
462 2.92199993134
463 2.92199993134
464 2.91799998283
465 2.93700003624
466 2.91700005531
467 2.90799999237
468 2.91499996185
469 2.90899991989
470 2.65199995041
471 2.61899995804
472 2.65499997139
473 2.64100003242
474 0.944999992847
475 0.709999978542
476 0.691999971867
477 0.912999987602
478 2.66499996185
479 2.64199995995
480 2.6289999485
481 2.64299988747
482 2.66300010681
483 2.65599989891
484 2.64899992943
485 2.65300011635
486 2.65599989891
487 2.65899991989
488 2.66400003433
489 2.65700006485
490 2.80999994278
491 2.92499995232
492 2.92700004578
493 2.93000006676
494 2.92899990082
495 2.93099999428
496 2.95600008965
497 2.94600009918
498 2.97099995613
499 2.96099996567
500 2.9509999752
501 2.97000002861
502 2.97300004959
503 1.37600004673
504 1.19400000572
505 1.11000001431
506 1.11500000954
507 1.10699999332
508 1.09500002861
509 1.10899996758
510 1.10300004482
511 1.125
512 1.18400001526
513 1.17700004578
514 1.19400000572
515 1.19099998474
516 1.20500004292
517 1.21899998188
518 1.19599997997
519 1.22399997711
520 1.27900004387
521 1.40699994564
522 3.14400005341
523 3.15599989891
524 0.927999973297
525 0.899999976158
526 0.907000005245
527 0.927999973297
528 3.03800010681
529 1.45799994469
530 1.1970000267
531 1.07500004768
532 1.08500003815
533 1.0340000391
534 1.04499995708
535 1.04400002956
536 1.07500004768
537 1.04999995232
538 1.06900000572
539 1.04600000381
540 1.06299996376
