0 4.50500011444
1 4.41599988937
2 4.4470000267
3 4.46000003815
4 4.53299999237
5 4.65299987793
6 4.66300010681
7 4.70800018311
8 4.72599983215
9 4.75500011444
10 4.78599977493
11 4.8109998703
12 4.86000013351
13 4.89499998093
14 4.92899990082
15 4.91800022125
16 4.83199977875
17 4.83699989319
18 4.87099981308
19 4.95599985123
20 5.13500022888
21 5.1810002327
22 5.22200012207
23 5.25400018692
24 5.30999994278
25 5.34600019455
26 5.40299987793
27 5.44299983978
28 5.49399995804
29 5.54799985886
30 5.59399986267
31 5.63399982452
32 5.66800022125
33 0.0
34 17.1590003967
35 17.1490001678
36 17.1459999084
37 0.0
38 0.0
39 0.0
40 17.2210006714
41 17.156999588
42 17.0699996948
43 17.013999939
44 16.5310001373
45 16.5219993591
46 16.5020008087
47 13.1529998779
48 13.0729999542
49 12.3210000992
50 11.9499998093
51 11.5909996033
52 11.5989999771
53 11.6280002594
54 11.6199998856
55 11.3409996033
56 11.001999855
57 10.4580001831
58 10.0920000076
59 8.34599971771
60 8.34099960327
61 8.20699977875
62 7.92500019073
63 7.6360001564
64 7.4390001297
65 7.23400020599
66 7.05700016022
67 6.89900016785
68 6.78599977493
69 6.76700019836
70 6.79199981689
71 6.83400011063
72 6.84000015259
73 6.85900020599
74 6.77899980545
75 6.625
76 1.66400003433
77 1.66600000858
78 1.68299996853
79 1.74399995804
80 5.23000001907
81 4.96299982071
82 4.85300016403
83 4.75899982452
84 4.68800020218
85 4.59399986267
86 4.53599977493
87 4.47100019455
88 4.40700006485
89 4.33900022507
90 4.27600002289
91 4.21600008011
92 4.13700008392
93 4.09600019455
94 4.01900005341
95 3.98000001907
96 3.90899991989
97 3.88899993896
98 3.83899998665
99 3.78900003433
100 3.76300001144
101 3.78099989891
102 3.80399990082
103 3.83400011063
104 3.87400007248
105 3.91100001335
106 3.92499995232
107 3.95399999619
108 3.91700005531
109 3.86800003052
110 3.83800005913
111 3.78600001335
112 3.7539999485
113 3.72099995613
114 3.68000006676
115 3.65499997139
116 3.61599993706
117 3.58500003815
118 3.56500005722
119 3.52999997139
120 3.49699997902
121 3.48000001907
122 3.43400001526
123 3.41000008583
124 3.40100002289
125 3.39299988747
126 3.42600011826
127 3.45000004768
128 3.492000103
129 3.52300000191
130 3.57500004768
131 3.59100008011
132 3.65899991989
133 4.00299978256
134 4.0689997673
135 4.09299993515
136 4.11100006104
137 4.13100004196
138 4.16400003433
139 4.20699977875
140 4.24300003052
141 4.257999897
142 4.31599998474
143 4.35200023651
144 4.37400007248
145 4.40299987793
146 4.46600008011
147 4.47700023651
148 4.50199985504
149 4.52600002289
150 4.54199981689
151 4.20399999619
152 4.29699993134
153 4.50699996948
154 3.25300002098
155 3.41100001335
156 4.70300006866
157 4.60500001907
158 4.54400014877
159 4.78299999237
160 4.81599998474
161 4.85099983215
162 4.88199996948
163 4.92299985886
164 4.95200014114
165 4.99100017548
166 5.0110001564
167 5.03800010681
168 3.14599990845
169 3.22199988365
170 3.35800004005
171 4.10200023651
172 4.92299985886
173 4.86800003052
174 4.84100008011
175 4.83400011063
176 4.81500005722
177 4.83099985123
178 4.83400011063
179 4.83400011063
180 4.86299991608
181 4.88399982452
182 4.81699991226
183 5.32000017166
184 5.46199989319
185 5.48400020599
186 5.48999977112
187 5.50400018692
188 4.57999992371
189 4.57899999619
190 5.5609998703
191 5.58099985123
192 3.62700009346
193 3.51399993896
194 4.06599998474
195 4.02799987793
196 5.68800020218
197 5.70599985123
198 5.73799991608
199 5.73699998856
200 5.77199983597
201 5.79500007629
202 5.80800008774
203 5.82299995422
204 5.84399986267
205 5.86000013351
206 5.86899995804
207 5.88399982452
208 5.88800001144
209 5.91200017929
210 5.92500019073
211 5.94199991226
212 5.95200014114
213 5.96500015259
214 5.96999979019
215 5.99800014496
216 6.00199985504
217 6.03000020981
218 6.03599977493
219 6.04799985886
220 6.05900001526
221 6.07800006866
222 6.08500003815
223 6.09499979019
224 6.09999990463
225 6.11999988556
226 6.10699987411
227 6.10699987411
228 6.11800003052
229 6.132999897
230 6.15399980545
231 6.16699981689
232 6.17999982834
233 6.1810002327
234 6.17299985886
235 6.20900011063
236 6.21700000763
237 6.21500015259
238 6.22200012207
239 6.24100017548
240 6.22700023651
241 6.23500013351
242 6.21500015259
243 6.22499990463
244 2.05999994278
245 2.04800009727
246 2.04099988937
247 2.01200008392
248 2.01099991798
249 2.02399992943
250 2.00900006294
251 1.9960000515
252 2.00999999046
253 1.99199998379
254 1.99800002575
255 1.99000000954
256 1.99300003052
257 1.99800002575
258 2.00900006294
259 2.00300002098
260 2.00900006294
261 2.00999999046
262 1.99000000954
263 2.02300000191
264 2.07100009918
265 6.24300003052
266 2.40199995041
267 2.39800000191
268 2.38000011444
269 2.34100008011
270 2.29299998283
271 2.21600008011
272 2.20399999619
273 2.17600011826
274 2.14899992943
275 2.14800000191
276 2.15599989891
277 2.15100002289
278 2.11500000954
279 2.11999988556
280 2.15599989891
281 2.17899990082
282 2.21000003815
283 2.27699995041
284 2.35299992561
285 2.38499999046
286 2.3789999485
287 2.41400003433
288 6.04600000381
289 6.0609998703
290 6.02500009537
291 6.02699995041
292 5.99300003052
293 5.96600008011
294 5.94299983978
295 5.94299983978
296 5.91599988937
297 5.90100002289
298 5.89799976349
299 5.86100006104
300 5.86100006104
301 5.83799982071
302 5.82700014114
303 5.8060002327
304 5.81799983978
305 5.78299999237
306 5.78200006485
307 5.76200008392
308 5.73600006104
309 5.71799993515
310 5.6939997673
311 5.67100000381
312 5.65299987793
313 5.62200021744
314 5.59700012207
315 5.57100009918
316 5.5529999733
317 5.54199981689
318 5.51599979401
319 5.30999994278
320 5.09999990463
321 5.45599985123
322 5.4470000267
323 5.41699981689
324 5.40500020981
325 5.39099979401
326 5.35900020599
327 5.31699991226
328 5.28100013733
329 4.382999897
330 4.04400014877
331 4.10200023651
332 5.0
333 5.16099977493
334 5.13800001144
335 5.11800003052
336 5.08500003815
337 5.06599998474
338 5.04199981689
339 5.01900005341
340 4.95200014114
341 4.79699993134
342 4.9439997673
343 4.93499994278
344 4.90100002289
345 4.88000011444
346 4.82600021362
347 4.69000005722
348 4.53800010681
349 4.72399997711
350 4.69899988174
351 4.67000007629
352 4.64900016785
353 4.61800003052
354 4.59999990463
355 4.56599998474
356 4.31199979782
357 4.35200023651
358 4.46799993515
359 4.45499992371
360 4.42700004578
361 4.40500020981
362 4.38100004196
363 4.35599994659
364 4.30999994278
365 4.27400016785
366 4.24100017548
367 4.17899990082
368 4.15899991989
369 4.13899993896
370 4.09899997711
371 4.07299995422
372 4.05000019073
373 4.00099992752
374 3.97900009155
375 3.95000004768
376 3.90700006485
377 3.90499997139
378 3.8789999485
379 3.85100007057
380 3.81500005722
381 3.71499991417
382 3.63499999046
383 3.58999991417
384 3.55399990082
385 3.52999997139
386 3.47099995613
387 3.45000004768
388 3.42000007629
389 3.38599991798
390 3.36500000954
391 3.33500003815
392 3.31299996376
393 3.27900004387
394 3.25699996948
395 3.24699997902
396 3.27999997139
397 3.32399988174
398 3.36199998856
399 3.40100002289
400 3.43300008774
401 3.46600008011
402 3.50500011444
403 3.55100011826
404 3.57800006866
405 3.62800002098
406 3.68000006676
407 3.70900011063
408 3.73900008202
409 3.78099989891
410 3.82999992371
411 3.88100004196
412 3.92100000381
413 3.97900009155
414 4.05800008774
415 4.11299991608
416 4.17899990082
417 4.242000103
418 4.28999996185
419 4.36600017548
420 4.42999982834
421 4.51200008392
422 4.58099985123
423 4.66400003433
424 4.73600006104
425 4.8060002327
426 4.89300012589
427 5.00199985504
428 5.09999990463
429 5.20699977875
430 5.30499982834
431 5.41699981689
432 5.52699995041
433 5.64099979401
434 5.76900005341
435 5.88100004196
436 6.01900005341
437 6.15600013733
438 6.32100009918
439 6.46700000763
440 6.48699998856
441 6.59899997711
442 6.43800020218
443 3.07100009918
444 3.04999995232
445 3.03200006485
446 3.01999998093
447 3.02800011635
448 3.01399993896
449 3.01399993896
450 3.00099992752
451 2.99300003052
452 2.98200011253
453 2.97799992561
454 2.96399998665
455 2.96000003815
456 2.96900010109
457 2.96099996567
458 2.9509999752
459 2.96000003815
460 2.94899988174
461 2.94199991226
462 2.93499994278
463 2.92000007629
464 2.92499995232
465 2.93400001526
466 2.92300009727
467 2.91899991035
468 2.93499994278
469 2.90599989891
470 2.65799999237
471 2.62599992752
472 2.64400005341
473 2.64700007439
474 0.935000002384
475 0.697000026703
476 0.712999999523
477 0.920000016689
478 2.66599988937
479 2.6400001049
480 2.62599992752
481 2.64299988747
482 2.66700005531
483 2.65100002289
484 2.65199995041
485 2.65100002289
486 2.66400003433
487 2.67300009727
488 2.67199993134
489 2.65700006485
490 2.8180000782
491 2.93499994278
492 2.94099998474
493 2.92499995232
494 2.94199991226
495 2.9509999752
496 2.96399998665
497 2.95700001717
498 2.96499991417
499 2.95199990273
500 2.96900010109
501 2.96099996567
502 2.96499991417
503 1.31400001049
504 1.1590000391
505 1.11500000954
506 1.11300003529
507 1.09599995613
508 1.08399999142
509 1.0909999609
510 1.10699999332
511 1.13199996948
512 1.16799998283
513 1.17999994755
514 1.18200004101
515 1.18799996376
516 1.19000005722
517 1.19500005245
518 1.2120000124
519 1.2159999609
520 1.29400002956
521 1.41700005531
522 3.16000008583
523 3.17199993134
524 0.915000021458
525 0.899999976158
526 0.90600001812
527 0.927999973297
528 3.03399991989
529 1.40999996662
530 1.15799999237
531 1.06799995899
532 1.06500005722
533 1.05700004101
534 1.05400002003
535 1.06500005722
536 1.04299998283
537 1.04600000381
538 1.05200004578
539 1.04700005054
540 1.06099998951
