0 4.50500011444
1 4.42299985886
2 4.4359998703
3 4.45599985123
4 4.51300001144
5 4.64099979401
6 4.68300008774
7 4.69600009918
8 4.73799991608
9 4.75
10 4.79099988937
11 4.82800006866
12 4.85099983215
13 4.88100004196
14 4.92399978638
15 4.92500019073
16 4.83599996567
17 4.84200000763
18 4.88000011444
19 4.95800018311
20 5.1360001564
21 5.17999982834
22 5.23099994659
23 5.257999897
24 5.30999994278
25 5.35900020599
26 5.40700006485
27 5.4359998703
28 5.492000103
29 5.54799985886
30 5.59499979019
31 5.63199996948
32 5.67899990082
33 0.0
34 17.142999649
35 17.1299991608
36 17.142999649
37 0.0
38 0.0
39 0.0
40 17.2399997711
41 17.1700000763
42 17.0599994659
43 17.0009994507
44 16.531999588
45 16.5310001373
46 16.513999939
47 13.1420001984
48 13.0780000687
49 12.3170003891
50 11.9420003891
51 11.5860004425
52 11.5839996338
53 11.6319999695
54 11.625
55 11.3420000076
56 11.0120000839
57 10.4729995728
58 10.1099996567
59 8.31900024414
60 8.33800029755
61 8.20600032806
62 7.89599990845
63 7.632999897
64 7.44500017166
65 7.242000103
66 7.05200004578
67 6.89300012589
68 6.78900003433
69 6.77699995041
70 6.80800008774
71 6.82100009918
72 6.84200000763
73 6.86199998856
74 6.78499984741
75 6.64300012589
76 1.68400001526
77 1.6629999876
78 1.69599997997
79 1.75600004196
80 5.2389998436
81 4.96700000763
82 4.85200023651
83 4.757999897
84 4.67999982834
85 4.60799980164
86 4.5110001564
87 4.47200012207
88 4.39699983597
89 4.32899999619
90 4.26200008392
91 4.20300006866
92 4.13899993896
93 4.09800004959
94 4.05000019073
95 3.97399997711
96 3.90599989891
97 3.88199996948
98 3.85100007057
99 3.79600000381
100 3.76300001144
101 3.77399992943
102 3.80900001526
103 3.84500002861
104 3.87599992752
105 3.90799999237
106 3.93400001526
107 3.95399999619
108 3.91100001335
109 3.87700009346
110 3.83599996567
111 3.8069999218
112 3.75699996948
113 3.72399997711
114 3.69499993324
115 3.66199994087
116 3.62800002098
117 3.57800006866
118 3.54500007629
119 3.53099989891
120 3.4849998951
121 3.45900011063
122 3.43300008774
123 3.41599988937
124 3.38700008392
125 3.38199996948
126 3.43300008774
127 3.45399999619
128 3.48600006104
129 3.52500009537
130 3.55599999428
131 3.60199999809
132 3.67100000381
133 3.99900007248
134 4.05700016022
135 4.08500003815
136 4.10799980164
137 4.1360001564
138 4.17500019073
139 4.21299982071
140 4.24700021744
141 4.28299999237
142 4.33099985123
143 4.32600021362
144 4.36999988556
145 4.40399980545
146 4.4359998703
147 4.47800016403
148 4.50600004196
149 4.53100013733
150 4.55000019073
151 4.21299982071
152 4.31599998474
153 4.57499980927
154 3.26200008392
155 3.41300010681
156 4.71099996567
157 4.59100008011
158 4.5640001297
159 4.78499984741
160 4.83199977875
161 4.85599994659
162 4.8860001564
163 4.92299985886
164 4.96099996567
165 4.992000103
166 5.01999998093
167 5.03999996185
168 3.15700006485
169 3.22099995613
170 3.375
171 4.09100008011
172 4.90500020981
173 4.86899995804
174 4.85300016403
175 4.83400011063
176 4.82700014114
177 4.82499980927
178 4.82399988174
179 4.84399986267
180 4.85699987411
181 4.88999986649
182 4.81599998474
183 5.31699991226
184 5.46700000763
185 5.47499990463
186 5.5
187 5.5110001564
188 4.59700012207
189 4.56699991226
190 5.55100011826
191 5.58900022507
192 3.64199995995
193 3.52600002289
194 4.05499982834
195 4.04699993134
196 5.69000005722
197 5.72399997711
198 5.72900009155
199 5.75699996948
200 5.77799987793
201 5.77899980545
202 5.8140001297
203 5.83300018311
204 5.85200023651
205 5.85400009155
206 5.86199998856
207 5.86600017548
208 5.88399982452
209 5.88700008392
210 5.90600013733
211 5.92899990082
212 5.94899988174
213 5.97900009155
214 5.98500013351
215 5.99800014496
216 6.01700019836
217 6.02400016785
218 6.05000019073
219 6.05000019073
220 6.07700014114
221 6.08099985123
222 6.09600019455
223 6.10200023651
224 6.08400011063
225 6.09800004959
226 6.11600017548
227 6.132999897
228 6.13800001144
229 6.13899993896
230 6.1360001564
231 6.14400005341
232 6.1859998703
233 6.18200016022
234 6.18400001526
235 6.21600008011
236 6.20900011063
237 6.21999979019
238 6.21799993515
239 6.21700000763
240 6.22300004959
241 6.22399997711
242 6.22100019455
243 6.21400022507
244 2.06900000572
245 2.04299998283
246 2.03999996185
247 2.03399991989
248 2.02399992943
249 2.00200009346
250 2.01200008392
251 2.01399993896
252 2.00300002098
253 1.9960000515
254 2.01699995995
255 2.00500011444
256 2.01399993896
257 2.01399993896
258 2.00600004196
259 2.0
260 1.99100005627
261 2.00999999046
262 1.98300004005
263 2.0150001049
264 2.05599999428
265 6.24100017548
266 2.39299988747
267 2.40499997139
268 2.375
269 2.33800005913
270 2.31299996376
271 2.21700000763
272 2.19400000572
273 2.18499994278
274 2.18300008774
275 2.14899992943
276 2.1289999485
277 2.125
278 2.1289999485
279 2.14100003242
280 2.16899991035
281 2.18700003624
282 2.19899988174
283 2.28800010681
284 2.33800005913
285 2.40199995041
286 2.38599991798
287 2.43099999428
288 6.07399988174
289 6.0560002327
290 6.04300022125
291 6.01499986649
292 5.99800014496
293 5.97300004959
294 5.95399999619
295 5.9439997673
296 5.91099977493
297 5.90899991989
298 5.88399982452
299 5.88000011444
300 5.84499979019
301 5.86299991608
302 5.8189997673
303 5.80800008774
304 5.80499982834
305 5.79899978638
306 5.77600002289
307 5.76300001144
308 5.74800014496
309 5.72800016403
310 5.69000005722
311 5.67399978638
312 5.63800001144
313 5.61600017548
314 5.59999990463
315 5.58099985123
316 5.54899978638
317 5.53100013733
318 5.51999998093
319 5.32499980927
320 5.11100006104
321 5.45599985123
322 5.4279999733
323 5.42999982834
324 5.40299987793
325 5.37699985504
326 5.36100006104
327 5.33900022507
328 5.30999994278
329 4.38500022888
330 4.03499984741
331 4.13899993896
332 5.00600004196
333 5.16300010681
334 5.13500022888
335 5.11499977112
336 5.08300018311
337 5.07299995422
338 5.03200006485
339 5.0110001564
340 4.95100021362
341 4.82100009918
342 4.95300006866
343 4.93699979782
344 4.88899993896
345 4.87099981308
346 4.81500005722
347 4.69199991226
348 4.54099988937
349 4.72599983215
350 4.71000003815
351 4.67999982834
352 4.65700006485
353 4.62300014496
354 4.58799982071
355 4.54500007629
356 4.3220000267
357 4.36299991608
358 4.47700023651
359 4.46000003815
360 4.44299983978
361 4.40299987793
362 4.39499998093
363 4.35699987411
364 4.31500005722
365 4.26499986649
366 4.23299980164
367 4.1970000267
368 4.16900014877
369 4.14699983597
370 4.117000103
371 4.07899999619
372 4.03499984741
373 4.00400018692
374 3.96499991417
375 3.94499993324
376 3.92000007629
377 3.90400004387
378 3.8710000515
379 3.84200000763
380 3.80100011826
381 3.72199988365
382 3.61800003052
383 3.58999991417
384 3.56200003624
385 3.50900006294
386 3.49699997902
387 3.45499992371
388 3.4279999733
389 3.3900001049
390 3.36199998856
391 3.34200000763
392 3.31200003624
393 3.27699995041
394 3.2460000515
395 3.25699996948
396 3.29600000381
397 3.33500003815
398 3.34699988365
399 3.39800000191
400 3.43300008774
401 3.46900010109
402 3.51699995995
403 3.55399990082
404 3.59500002861
405 3.63899993896
406 3.67499995232
407 3.72399997711
408 3.72900009155
409 3.76999998093
410 3.80999994278
411 3.87299990654
412 3.92899990082
413 3.992000103
414 4.06799983978
415 4.11499977112
416 4.16099977493
417 4.23600006104
418 4.31199979782
419 4.37300014496
420 4.45200014114
421 4.51900005341
422 4.58300018311
423 4.66300010681
424 4.72800016403
425 4.80999994278
426 4.89599990845
427 5.01999998093
428 5.10699987411
429 5.21899986267
430 5.3109998703
431 5.41900014877
432 5.51399993896
433 5.63999986649
434 5.75400018692
435 5.88399982452
436 5.99700021744
437 6.16099977493
438 6.3109998703
439 6.4439997673
440 6.49499988556
441 6.61199998856
442 6.45800018311
443 3.08100008965
444 3.03800010681
445 3.0490000248
446 3.02600002289
447 3.00699996948
448 3.01699995995
449 3.01399993896
450 3.0039999485
451 2.99300003052
452 2.97399997711
453 2.97000002861
454 2.98399996758
455 2.96399998665
456 2.95700001717
457 2.97000002861
458 2.95399999619
459 2.95700001717
460 2.93600010872
461 2.94199991226
462 2.93600010872
463 2.93700003624
464 2.92700004578
465 2.92300009727
466 2.93400001526
467 2.94000005722
468 2.91199994087
469 2.90700006485
470 2.65599989891
471 2.65300011635
472 2.625
473 2.63100004196
474 0.939999997616
475 0.707000017166
476 0.705999970436
477 0.919000029564
478 2.65100002289
479 2.62400007248
480 2.64400005341
481 2.65599989891
482 2.64800000191
483 2.65100002289
484 2.65499997139
485 2.66300010681
486 2.66499996185
487 2.65000009537
488 2.65899991989
489 2.67700004578
490 2.8180000782
491 2.9279999733
492 2.92600011826
493 2.93300008774
494 2.93899989128
495 2.94799995422
496 2.95300006866
497 2.94600009918
498 2.95600008965
499 2.95499992371
500 2.98200011253
501 2.96499991417
502 2.98799991608
503 1.38100004196
504 1.18200004101
505 1.1210000515
506 1.11699998379
507 1.08599996567
508 1.10899996758
509 1.10800004005
510 1.1289999485
511 1.12699997425
512 1.18499994278
513 1.18099999428
514 1.19200003147
515 1.19400000572
516 1.17999994755
517 1.19500005245
518 1.20899999142
519 1.23000001907
520 1.27199995518
521 1.42599999905
522 3.16199994087
523 3.16899991035
524 0.930999994278
525 0.907000005245
526 0.90600001812
527 0.935000002384
528 3.03200006485
529 1.43499994278
530 1.19099998474
531 1.06299996376
532 1.0720000267
533 1.05599999428
534 1.06400001049
535 1.06400001049
536 1.08000004292
537 1.05700004101
538 1.08399999142
539 1.08000004292
540 1.05799996853
