0 4.48600006104
1 4.42199993134
2 4.44199991226
3 4.45800018311
4 4.53399991989
5 4.64200019836
6 4.67600011826
7 4.68499994278
8 4.72700023651
9 4.77299976349
10 4.78700017929
11 4.82600021362
12 4.85300016403
13 4.8860001564
14 4.92500019073
15 4.92199993134
16 4.82600021362
17 4.84200000763
18 4.87099981308
19 4.95699977875
20 5.14200019836
21 5.1810002327
22 5.21899986267
23 5.26200008392
24 5.30700016022
25 5.34499979019
26 5.40299987793
27 5.4470000267
28 5.49399995804
29 5.55000019073
30 5.58199977875
31 5.62200021744
32 5.67100000381
33 17.2670001984
34 17.1550006866
35 17.1299991608
36 17.1490001678
37 0.0
38 0.0
39 0.0
40 17.2299995422
41 17.170999527
42 17.0540008545
43 17.0049991608
44 16.5270004272
45 16.5289993286
46 16.5270004272
47 13.154999733
48 13.0620002747
49 12.3280000687
50 11.9569997787
51 11.5889997482
52 11.595000267
53 11.6330003738
54 11.6199998856
55 11.3540000916
56 11.0039997101
57 10.4429998398
58 10.0869998932
59 8.34599971771
60 8.33500003815
61 8.18400001526
62 7.90700006485
63 7.62900018692
64 7.43699979782
65 7.23799991608
66 7.0529999733
67 6.90399980545
68 6.77799987793
69 6.78000020981
70 6.78900003433
71 6.82100009918
72 6.83599996567
73 6.8639998436
74 6.79400014877
75 6.65100002289
76 1.70000004768
77 1.6970000267
78 1.68499994278
79 1.75800001621
80 5.24100017548
81 4.95599985123
82 4.86299991608
83 4.76999998093
84 4.6779999733
85 4.60099983215
86 4.51900005341
87 4.47800016403
88 4.40199995041
89 4.32700014114
90 4.26599979401
91 4.1970000267
92 4.15299987793
93 4.10099983215
94 4.03299999237
95 3.97799992561
96 3.93700003624
97 3.89400005341
98 3.83500003815
99 3.78699994087
100 3.757999897
101 3.77800011635
102 3.80800008774
103 3.85599994659
104 3.85599994659
105 3.90100002289
106 3.91400003433
107 3.93300008774
108 3.91700005531
109 3.87599992752
110 3.82299995422
111 3.81200003624
112 3.75699996948
113 3.72900009155
114 3.68099999428
115 3.65400004387
116 3.63000011444
117 3.57899999619
118 3.5680000782
119 3.52699995041
120 3.50500011444
121 3.46499991417
122 3.4279999733
123 3.40499997139
124 3.40199995041
125 3.38599991798
126 3.41700005531
127 3.44099998474
128 3.48699998856
129 3.51399993896
130 3.56100010872
131 3.60199999809
132 3.65899991989
133 4.02699995041
134 4.0720000267
135 4.09700012207
136 4.09999990463
137 4.12799978256
138 4.19199991226
139 4.19600009918
140 4.24800014496
141 4.2610001564
142 4.30900001526
143 4.36000013351
144 4.3639998436
145 4.41099977493
146 4.46400022507
147 4.47700023651
148 4.5110001564
149 4.53200006485
150 4.54099988937
151 4.21099996567
152 4.31599998474
153 4.58099985123
154 3.26799988747
155 3.39400005341
156 4.70800018311
157 4.60300016403
158 4.55499982834
159 4.79799985886
160 4.82700014114
161 4.84000015259
162 4.87799978256
163 4.93300008774
164 4.95699977875
165 4.98099994659
166 5.01900005341
167 5.02799987793
168 3.15499997139
169 3.22799992561
170 3.36100006104
171 4.11199998856
172 4.91800022125
173 4.86800003052
174 4.84700012207
175 4.84000015259
176 4.80499982834
177 4.80399990082
178 4.83300018311
179 4.83300018311
180 4.85799980164
181 4.89499998093
182 4.80700016022
183 5.3189997673
184 5.45499992371
185 5.47599983215
186 5.50400018692
187 5.49900007248
188 4.58400011063
189 4.5609998703
190 5.55700016022
191 5.57299995422
192 3.64400005341
193 3.51300001144
194 4.05900001526
195 4.05700016022
196 5.68200016022
197 5.70699977875
198 5.73099994659
199 5.75299978256
200 5.78100013733
201 5.79799985886
202 5.82299995422
203 5.83199977875
204 5.83099985123
205 5.83599996567
206 5.86899995804
207 5.86499977112
208 5.90100002289
209 5.89200019836
210 5.91400003433
211 5.9359998703
212 5.96299982071
213 5.97200012207
214 5.97399997711
215 5.99599981308
216 6.02500009537
217 6.02299976349
218 6.05800008774
219 6.04899978638
220 6.07000017166
221 6.0720000267
222 6.10200023651
223 6.09100008011
224 6.08199977875
225 6.09499979019
226 6.10799980164
227 6.12599992752
228 6.11899995804
229 6.14300012589
230 6.16200017929
231 6.14900016785
232 6.17100000381
233 6.16699981689
234 6.17700004578
235 6.19799995422
236 6.21899986267
237 6.22300004959
238 6.23000001907
239 6.22399997711
240 6.22200012207
241 6.22200012207
242 6.24100017548
243 6.22900009155
244 2.07800006866
245 2.04699993134
246 2.04999995232
247 2.01600003242
248 2.02600002289
249 2.0039999485
250 2.00999999046
251 1.99699997902
252 2.01300001144
253 1.99800002575
254 2.01799988747
255 2.01399993896
256 1.98899996281
257 2.00900006294
258 2.00500011444
259 1.9960000515
260 1.99199998379
261 1.98399996758
262 1.99699997902
263 2.01099991798
264 2.05999994278
265 6.21400022507
266 2.3900001049
267 2.38899993896
268 2.37700009346
269 2.33699989319
270 2.29699993134
271 2.20600008965
272 2.20399999619
273 2.2009999752
274 2.17000007629
275 2.12599992752
276 2.14499998093
277 2.14599990845
278 2.14599990845
279 2.14400005341
280 2.17000007629
281 2.20399999619
282 2.20399999619
283 2.27099990845
284 2.3180000782
285 2.38199996948
286 2.41199994087
287 2.43899989128
288 6.06799983978
289 6.0640001297
290 6.03299999237
291 6.01900005341
292 5.99399995804
293 5.97200012207
294 5.95900011063
295 5.91400003433
296 5.91099977493
297 5.90199995041
298 5.89599990845
299 5.85799980164
300 5.86999988556
301 5.83699989319
302 5.82600021362
303 5.81199979782
304 5.79699993134
305 5.78999996185
306 5.78000020981
307 5.76800012589
308 5.74300003052
309 5.72700023651
310 5.68300008774
311 5.64900016785
312 5.63899993896
313 5.62400007248
314 5.60699987411
315 5.58099985123
316 5.55800008774
317 5.53700017929
318 5.51800012589
319 5.3109998703
320 5.09299993515
321 5.44899988174
322 5.43699979782
323 5.42199993134
324 5.39699983597
325 5.38800001144
326 5.367000103
327 5.31799983978
328 5.29199981689
329 4.35500001907
330 4.05100011826
331 4.12900018692
332 5.01399993896
333 5.15700006485
334 5.12799978256
335 5.10900020599
336 5.08199977875
337 5.05399990082
338 5.03900003433
339 5.00899982452
340 4.93200016022
341 4.8029999733
342 4.9470000267
343 4.93499994278
344 4.88199996948
345 4.85599994659
346 4.82999992371
347 4.68800020218
348 4.55200004578
349 4.72800016403
350 4.70499992371
351 4.67500019073
352 4.6360001564
353 4.59800004959
354 4.59800004959
355 4.5529999733
356 4.30900001526
357 4.367000103
358 4.48600006104
359 4.45200014114
360 4.4439997673
361 4.42299985886
362 4.38399982452
363 4.34000015259
364 4.3109998703
365 4.27400016785
366 4.23799991608
367 4.19799995422
368 4.1810002327
369 4.14400005341
370 4.1139998436
371 4.0609998703
372 4.04300022125
373 4.01900005341
374 3.98699998856
375 3.96399998665
376 3.92499995232
377 3.89599990845
378 3.88100004196
379 3.84200000763
380 3.8180000782
381 3.72099995613
382 3.61999988556
383 3.58800005913
384 3.54500007629
385 3.52999997139
386 3.47399997711
387 3.46099996567
388 3.41499996185
389 3.3900001049
390 3.35899996758
391 3.32100009918
392 3.29600000381
393 3.28500008583
394 3.26200008392
395 3.27200007439
396 3.28500008583
397 3.32800006866
398 3.36599993706
399 3.40799999237
400 3.4240000248
401 3.47499990463
402 3.51200008392
403 3.55999994278
404 3.59200000763
405 3.63599991798
406 3.68300008774
407 3.72000002861
408 3.73099994659
409 3.76600003242
410 3.8259999752
411 3.87800002098
412 3.91799998283
413 4.00299978256
414 4.05200004578
415 4.09999990463
416 4.17399978638
417 4.22700023651
418 4.30499982834
419 4.3860001564
420 4.43800020218
421 4.51200008392
422 4.56300020218
423 4.65600013733
424 4.71600008011
425 4.81199979782
426 4.89799976349
427 5.01599979401
428 5.11499977112
429 5.21500015259
430 5.30900001526
431 5.41599988937
432 5.52899980545
433 5.63700008392
434 5.75099992752
435 5.88100004196
436 6.01599979401
437 6.16800022125
438 6.30399990082
439 6.47100019455
440 6.4889998436
441 6.59299993515
442 6.45399999619
443 3.09699988365
444 3.04399991035
445 3.04600000381
446 3.04200005531
447 3.01300001144
448 3.03200006485
449 2.99799990654
450 2.98099994659
451 3.0
452 2.99799990654
453 2.96399998665
454 2.97900009155
455 2.96000003815
456 2.96900010109
457 2.95000004768
458 2.94799995422
459 2.93799996376
460 2.93899989128
461 2.93000006676
462 2.9319999218
463 2.9509999752
464 2.93099999428
465 2.93799996376
466 2.91899991035
467 2.91899991035
468 2.90899991989
469 2.90499997139
470 2.65100002289
471 2.6400001049
472 2.64100003242
473 2.64400005341
474 0.944999992847
475 0.691999971867
476 0.695999979973
477 0.916999995708
478 2.65400004387
479 2.64100003242
480 2.64299988747
481 2.6400001049
482 2.67199993134
483 2.65000009537
484 2.63899993896
485 2.65000009537
486 2.65100002289
487 2.66799998283
488 2.66000008583
489 2.6779999733
490 2.82999992371
491 2.93700003624
492 2.94000005722
493 2.94000005722
494 2.93600010872
495 2.93600010872
496 2.95900011063
497 2.93899989128
498 2.97300004959
499 2.97199988365
500 2.96300005913
501 2.96900010109
502 2.98200011253
503 1.31700003147
504 1.15999996662
505 1.11300003529
506 1.12600004673
507 1.09399998188
508 1.10699999332
509 1.10300004482
510 1.11899995804
511 1.14499998093
512 1.17999994755
513 1.16199994087
514 1.18099999428
515 1.20899999142
516 1.20700001717
517 1.21800005436
518 1.20299994946
519 1.23599994183
520 1.32099997997
521 1.44599997997
522 3.14899992943
523 3.16000008583
524 0.93900001049
525 0.899999976158
526 0.898999989033
527 0.944999992847
528 3.03999996185
529 1.3259999752
530 1.10699999332
531 1.07299995422
532 1.05599999428
533 1.06400001049
534 1.07400000095
535 1.07299995422
536 1.0490000248
537 1.06400001049
538 1.07799994946
539 1.06299996376
540 1.05799996853
