0 4.51000022888
1 4.42999982834
2 4.45399999619
3 4.46700000763
4 4.52099990845
5 4.65199995041
6 4.69000005722
7 4.70599985123
8 4.74700021744
9 4.77799987793
10 4.78999996185
11 4.82299995422
12 4.867000103
13 4.90399980545
14 4.92199993134
15 4.92500019073
16 4.84299993515
17 4.85599994659
18 4.87699985504
19 4.96000003815
20 5.15199995041
21 5.18300008774
22 5.22300004959
23 5.27899980545
24 5.31599998474
25 5.35900020599
26 5.39099979401
27 5.44999980927
28 5.50400018692
29 5.55999994278
30 5.60400009155
31 5.63800001144
32 5.6779999733
33 0.0
34 17.1520004272
35 17.1319999695
36 17.1539993286
37 0.0
38 0.0
39 0.0
40 17.2469997406
41 17.170999527
42 17.0729999542
43 17.0
44 16.5310001373
45 16.5510005951
46 16.533000946
47 13.1770000458
48 13.0609998703
49 12.3439998627
50 11.9300003052
51 11.5819997787
52 11.6009998322
53 11.6289997101
54 11.6079998016
55 11.3540000916
56 10.9989995956
57 10.4670000076
58 10.1059999466
59 8.36699962616
60 8.35200023651
61 8.1920003891
62 7.91900014877
63 7.64799976349
64 7.4470000267
65 7.24700021744
66 7.06300020218
67 6.91200017929
68 6.78700017929
69 6.77799987793
70 6.8109998703
71 6.83699989319
72 6.85400009155
73 6.87400007248
74 6.78999996185
75 6.65100002289
76 1.7120000124
77 1.67299997807
78 1.68200004101
79 1.73000001907
80 5.24100017548
81 4.97499990463
82 4.85599994659
83 4.76900005341
84 4.69099998474
85 4.617000103
86 4.54300022125
87 4.45100021362
88 4.38399982452
89 4.33099985123
90 4.26999998093
91 4.23799991608
92 4.15700006485
93 4.10799980164
94 4.04300022125
95 3.98699998856
96 3.93700003624
97 3.882999897
98 3.83200001717
99 3.78800010681
100 3.757999897
101 3.79299998283
102 3.81500005722
103 3.84999990463
104 3.87400007248
105 3.89199995995
106 3.93000006676
107 3.94499993324
108 3.90899991989
109 3.88700008392
110 3.84599995613
111 3.81200003624
112 3.76900005341
113 3.73699998856
114 3.70600008965
115 3.65799999237
116 3.61100006104
117 3.59999990463
118 3.54999995232
119 3.53600001335
120 3.50500011444
121 3.46900010109
122 3.45499992371
123 3.4240000248
124 3.41599988937
125 3.39899992943
126 3.4319999218
127 3.44499993324
128 3.48099994659
129 3.52999997139
130 3.55999994278
131 3.62299990654
132 3.6740000248
133 4.02500009537
134 4.06699991226
135 4.09999990463
136 4.10699987411
137 4.13999986649
138 4.19999980927
139 4.21600008011
140 4.26399993896
141 4.29500007629
142 4.32600021362
143 4.32600021362
144 4.38999986649
145 4.41499996185
146 4.45900011063
147 4.49100017548
148 4.52500009537
149 4.53999996185
150 4.55900001526
151 4.21199989319
152 4.28800010681
153 4.62200021744
154 3.2650001049
155 3.40599989891
156 4.71299982071
157 4.61000013351
158 4.5640001297
159 4.79600000381
160 4.83099985123
161 4.85699987411
162 4.89099979401
163 4.9359998703
164 4.96899986267
165 5.00400018692
166 5.02899980545
167 5.03299999237
168 3.13199996948
169 3.23600006104
170 3.36800003052
171 4.09999990463
172 4.92199993134
173 4.88999986649
174 4.84399986267
175 4.83400011063
176 4.81799983978
177 4.8220000267
178 4.82499980927
179 4.84499979019
180 4.87799978256
181 4.88700008392
182 4.82299995422
183 5.32100009918
184 5.45699977875
185 5.48099994659
186 5.5110001564
187 5.51800012589
188 4.60900020599
189 4.5720000267
190 5.5640001297
191 5.59399986267
192 3.63899993896
193 3.51999998093
194 4.0689997673
195 4.0529999733
196 5.69000005722
197 5.72399997711
198 5.74800014496
199 5.75699996948
200 5.77699995041
201 5.81500005722
202 5.80999994278
203 5.83799982071
204 5.85500001907
205 5.8639998436
206 5.88700008392
207 5.882999897
208 5.882999897
209 5.90399980545
210 5.90500020981
211 5.93699979782
212 5.95900011063
213 5.96400022507
214 5.97900009155
215 6.00199985504
216 6.02299976349
217 6.02799987793
218 6.0689997673
219 6.05499982834
220 6.07399988174
221 6.08400011063
222 6.08300018311
223 6.09899997711
224 6.11299991608
225 6.10900020599
226 6.11100006104
227 6.11499977112
228 6.13500022888
229 6.14799976349
230 6.16599988937
231 6.16900014877
232 6.17999982834
233 6.19000005722
234 6.20599985123
235 6.19600009918
236 6.21799993515
237 6.22200012207
238 6.22800016403
239 6.23600006104
240 6.23400020599
241 6.23199987411
242 6.22800016403
243 6.22200012207
244 2.07399988174
245 2.06699991226
246 2.03399991989
247 2.01699995995
248 2.01999998093
249 2.03399991989
250 2.02399992943
251 2.01900005341
252 2.00699996948
253 2.03399991989
254 2.0039999485
255 2.02300000191
256 2.0
257 2.01799988747
258 2.01300001144
259 1.99300003052
260 1.98899996281
261 1.99300003052
262 2.0
263 2.00999999046
264 2.06599998474
265 6.23199987411
266 2.41499996185
267 2.39100003242
268 2.38400006294
269 2.34599995613
270 2.28399991989
271 2.21099996567
272 2.18099999428
273 2.17300009727
274 2.1819999218
275 2.13899993896
276 2.14700007439
277 2.14700007439
278 2.14899992943
279 2.14700007439
280 2.18499994278
281 2.18499994278
282 2.20600008965
283 2.28600001335
284 2.35199999809
285 2.41700005531
286 2.41899991035
287 2.41899991035
288 6.07800006866
289 6.04300022125
290 6.03000020981
291 6.00299978256
292 6.00600004196
293 5.99100017548
294 5.96700000763
295 5.95699977875
296 5.93400001526
297 5.90399980545
298 5.8860001564
299 5.8860001564
300 5.87900018692
301 5.83799982071
302 5.84000015259
303 5.83300018311
304 5.81199979782
305 5.78200006485
306 5.78200006485
307 5.76900005341
308 5.74800014496
309 5.73000001907
310 5.6939997673
311 5.66699981689
312 5.65100002289
313 5.63000011444
314 5.60900020599
315 5.58199977875
316 5.55700016022
317 5.54500007629
318 5.53100013733
319 5.32600021362
320 5.09399986267
321 5.46000003815
322 5.46000003815
323 5.43300008774
324 5.42000007629
325 5.39099979401
326 5.36899995804
327 5.33599996567
328 5.30800008774
329 4.37699985504
330 4.04799985886
331 4.14099979401
332 5.00099992752
333 5.17199993134
334 5.13399982452
335 5.11100006104
336 5.09999990463
337 5.07399988174
338 5.04600000381
339 5.02299976349
340 4.94500017166
341 4.80999994278
342 4.95499992371
343 4.9359998703
344 4.90199995041
345 4.8639998436
346 4.84000015259
347 4.69899988174
348 4.56799983978
349 4.73600006104
350 4.70499992371
351 4.68300008774
352 4.65100002289
353 4.61499977112
354 4.59299993515
355 4.57000017166
356 4.33099985123
357 4.36999988556
358 4.492000103
359 4.46099996567
360 4.42199993134
361 4.42199993134
362 4.39499998093
363 4.36299991608
364 4.32800006866
365 4.29400014877
366 4.23000001907
367 4.21700000763
368 4.18699979782
369 4.1360001564
370 4.09999990463
371 4.0640001297
372 4.06300020218
373 3.9960000515
374 3.992000103
375 3.95799994469
376 3.92600011826
377 3.91799998283
378 3.88199996948
379 3.83899998665
380 3.8220000267
381 3.70600008965
382 3.6289999485
383 3.60199999809
384 3.56100010872
385 3.53200006485
386 3.48799991608
387 3.47099995613
388 3.44000005722
389 3.40700006485
390 3.35599994659
391 3.3259999752
392 3.29699993134
393 3.28099989891
394 3.257999897
395 3.25900006294
396 3.28800010681
397 3.34800004959
398 3.37299990654
399 3.40799999237
400 3.44000005722
401 3.47300004959
402 3.53299999237
403 3.55800008774
404 3.60400009155
405 3.64599990845
406 3.68799996376
407 3.72600007057
408 3.72799992561
409 3.8029999733
410 3.84400010109
411 3.88899993896
412 3.92600011826
413 4.0
414 4.05499982834
415 4.11899995804
416 4.18200016022
417 4.24100017548
418 4.30499982834
419 4.3860001564
420 4.45200014114
421 4.49800014496
422 4.57600021362
423 4.65199995041
424 4.72599983215
425 4.81300020218
426 4.91300010681
427 5.02299976349
428 5.10699987411
429 5.20200014114
430 5.31699991226
431 5.42199993134
432 5.52799987793
433 5.63999986649
434 5.76499986649
435 5.88199996948
436 6.01200008392
437 6.18400001526
438 6.33599996567
439 6.47900009155
440 6.50299978256
441 6.61299991608
442 6.42299985886
443 3.06399989128
444 3.06299996376
445 3.02699995041
446 3.02999997139
447 3.02999997139
448 3.01300001144
449 3.01300001144
450 2.99499988556
451 2.98799991608
452 2.98300004005
453 2.98699998856
454 2.98300004005
455 2.96399998665
456 2.98200011253
457 2.95700001717
458 2.95499992371
459 2.95799994469
460 2.95000004768
461 2.95600008965
462 2.9509999752
463 2.93099999428
464 2.93499994278
465 2.93099999428
466 2.93799996376
467 2.92100000381
468 2.91700005531
469 2.91899991035
470 2.65799999237
471 2.64599990845
472 2.65100002289
473 2.64700007439
474 0.947000026703
475 0.705999970436
476 0.711000025272
477 0.921000003815
478 2.64899992943
479 2.65000009537
480 2.66499996185
481 2.64499998093
482 2.65499997139
483 2.65700006485
484 2.65700006485
485 2.66300010681
486 2.66799998283
487 2.66700005531
488 2.67199993134
489 2.68400001526
490 2.84200000763
491 1.05599999428
492 1.1210000515
493 1.00300002098
494 0.991999983788
495 0.971000015736
496 0.975000023842
497 0.985000014305
498 0.976000010967
499 0.980000019073
500 0.975000023842
501 0.98299998045
502 0.987999975681
503 0.987999975681
504 0.972000002861
505 0.995999991894
506 1.02499997616
507 1.03299999237
508 1.16999995708
509 1.0759999752
510 1.11699998379
511 1.00300002098
512 1.00600004196
513 0.972999989986
514 0.967999994755
515 0.96899998188
516 0.977999985218
517 0.963999986649
518 0.961000025272
519 0.975000023842
520 0.96899998188
521 0.98400002718
522 0.981999993324
523 0.98400002718
524 0.955999970436
525 0.907000005245
526 0.910000026226
527 0.93599998951
528 3.0529999733
529 2.99000000954
530 2.91700005531
531 2.87199997902
532 2.83599996567
533 2.79299998283
534 2.73900008202
535 2.72399997711
536 2.93400001526
537 2.89899992943
538 0.0
539 0.0
540 0.0
