0 4.51599979401
1 4.42000007629
2 4.45100021362
3 4.46099996567
4 4.53200006485
5 4.65600013733
6 4.68699979782
7 4.70399999619
8 4.73999977112
9 4.76999998093
10 4.78599977493
11 4.82100009918
12 4.86199998856
13 4.88199996948
14 4.92199993134
15 4.94299983978
16 4.84899997711
17 4.84700012207
18 4.87300014496
19 4.96500015259
20 5.14499998093
21 5.18499994278
22 5.23099994659
23 5.26900005341
24 5.31799983978
25 5.36000013351
26 5.40500020981
27 5.44899988174
28 5.49900007248
29 5.54099988937
30 5.60300016403
31 5.63500022888
32 5.64599990845
33 0.0
34 17.1529998779
35 17.1469993591
36 17.1469993591
37 0.0
38 0.0
39 0.0
40 17.2310009003
41 17.1669998169
42 17.0690002441
43 17.0090007782
44 16.5200004578
45 16.5359992981
46 16.5119991302
47 13.1619997025
48 13.0810003281
49 12.3339996338
50 11.9479999542
51 11.5959997177
52 11.6029996872
53 11.6350002289
54 11.6309995651
55 11.3319997787
56 10.9849996567
57 10.4650001526
58 10.1099996567
59 8.34500026703
60 8.33500003815
61 8.1829996109
62 7.92299985886
63 7.64599990845
64 7.45399999619
65 7.2389998436
66 7.06199979782
67 6.90199995041
68 6.78800010681
69 6.78299999237
70 6.79300022125
71 6.81500005722
72 6.84200000763
73 6.867000103
74 6.78100013733
75 6.62599992752
76 1.6970000267
77 1.66600000858
78 1.68799996376
79 1.72899997234
80 5.23299980164
81 4.97300004959
82 4.84600019455
83 4.77600002289
84 4.67899990082
85 4.60699987411
86 4.55000019073
87 4.46999979019
88 4.40999984741
89 4.34100008011
90 4.28499984741
91 4.20800018311
92 4.13999986649
93 4.10200023651
94 4.02199983597
95 3.98000001907
96 3.94199991226
97 3.90300011635
98 3.84999990463
99 3.7990000248
100 3.77600002289
101 3.77800011635
102 3.81100010872
103 3.83299994469
104 3.88199996948
105 3.90499997139
106 3.92499995232
107 3.96799993515
108 3.92700004578
109 3.88000011444
110 3.84299993515
111 3.79299998283
112 3.76099991798
113 3.73000001907
114 3.69899988174
115 3.65700006485
116 3.62599992752
117 3.60100007057
118 3.56100010872
119 3.52699995041
120 3.49499988556
121 3.45799994469
122 3.44400000572
123 3.42000007629
124 3.40199995041
125 3.38599991798
126 3.42899990082
127 3.45700001717
128 3.492000103
129 3.53399991989
130 3.56399989128
131 3.59800004959
132 3.68000006676
133 4.02199983597
134 4.0720000267
135 4.10699987411
136 4.10099983215
137 4.15500020981
138 4.19600009918
139 4.20300006866
140 4.24399995804
141 4.29400014877
142 4.30700016022
143 4.34600019455
144 4.375
145 4.40399980545
146 4.45599985123
147 4.49499988556
148 4.49700021744
149 4.52600002289
150 4.55100011826
151 4.1970000267
152 4.30399990082
153 4.50699996948
154 3.2539999485
155 3.41599988937
156 4.72300004959
157 4.59899997711
158 4.56300020218
159 4.80200004578
160 4.8189997673
161 4.86800003052
162 4.88800001144
163 4.9279999733
164 4.95599985123
165 5.0
166 5.01700019836
167 5.05000019073
168 3.14400005341
169 3.23200011253
170 3.367000103
171 4.09499979019
172 4.91300010681
173 4.88199996948
174 4.85900020599
175 4.83699989319
176 4.82499980927
177 4.82000017166
178 4.82999992371
179 4.83699989319
180 4.86999988556
181 4.89499998093
182 4.82600021362
183 5.32100009918
184 5.45599985123
185 5.48799991608
186 5.49599981308
187 5.51700019836
188 4.60500001907
189 4.57899999619
190 5.5609998703
191 5.58799982071
192 3.64599990845
193 3.51600003242
194 4.10300016403
195 4.03999996185
196 5.70399999619
197 5.71700000763
198 5.72100019455
199 5.7610001564
200 5.77799987793
201 5.81699991226
202 5.82600021362
203 5.83400011063
204 5.83500003815
205 5.867000103
206 5.85699987411
207 5.87599992752
208 5.89900016785
209 5.8860001564
210 5.92999982834
211 5.93499994278
212 5.94999980927
213 5.97200012207
214 5.9889998436
215 6.0
216 6.00899982452
217 6.01999998093
218 6.05900001526
219 6.07999992371
220 6.06199979782
221 6.0720000267
222 6.09600019455
223 6.10400009155
224 6.10300016403
225 6.09600019455
226 6.11000013351
227 6.12599992752
228 6.13500022888
229 6.12699985504
230 6.16599988937
231 6.15100002289
232 6.17999982834
233 6.1779999733
234 6.18800020218
235 6.21500015259
236 6.23400020599
237 6.22300004959
238 6.242000103
239 6.22399997711
240 6.22499990463
241 6.22100019455
242 6.22100019455
243 6.24900007248
244 2.08100008965
245 2.02800011635
246 2.04399991035
247 2.03099989891
248 2.01300001144
249 2.03200006485
250 2.01900005341
251 2.02099990845
252 2.00900006294
253 2.0150001049
254 2.00999999046
255 2.0
256 2.01699995995
257 1.99199998379
258 2.0039999485
259 2.00500011444
260 1.99399995804
261 1.98599994183
262 2.00300002098
263 2.02099990845
264 2.07999992371
265 6.23000001907
266 2.40300011635
267 2.36999988556
268 2.37599992752
269 2.32500004768
270 2.30100011826
271 2.19799995422
272 2.18899989128
273 2.19400000572
274 2.18899989128
275 2.16000008583
276 2.13000011444
277 2.14199995995
278 2.13499999046
279 2.13700008392
280 2.16899991035
281 2.18099999428
282 2.22199988365
283 2.28600001335
284 2.34100008011
285 2.38899993896
286 2.40599989891
287 2.4279999733
288 6.07499980927
289 6.05800008774
290 6.03900003433
291 6.01900005341
292 5.99100017548
293 5.97599983215
294 5.95399999619
295 5.94000005722
296 5.90799999237
297 5.90000009537
298 5.89599990845
299 5.88000011444
300 5.87200021744
301 5.84399986267
302 5.82399988174
303 5.82000017166
304 5.79799985886
305 5.78299999237
306 5.79699993134
307 5.76300001144
308 5.74599981308
309 5.73500013351
310 5.70699977875
311 5.66900014877
312 5.64900016785
313 5.63399982452
314 5.61000013351
315 5.58300018311
316 5.55499982834
317 5.54099988937
318 5.52799987793
319 5.32299995422
320 5.08799982071
321 5.45499992371
322 5.4470000267
323 5.41900014877
324 5.41400003433
325 5.38700008392
326 5.36899995804
327 5.33500003815
328 5.3060002327
329 4.37799978256
330 4.05200004578
331 4.12699985504
332 5.01900005341
333 5.16300010681
334 5.13500022888
335 5.10699987411
336 5.08099985123
337 5.0720000267
338 5.04799985886
339 5.02799987793
340 4.95300006866
341 4.82299995422
342 4.95100021362
343 4.92999982834
344 4.90799999237
345 4.86600017548
346 4.84499979019
347 4.70100021362
348 4.55999994278
349 4.73099994659
350 4.70599985123
351 4.6859998703
352 4.65799999237
353 4.60900020599
354 4.59700012207
355 4.5609998703
356 4.32100009918
357 4.36600017548
358 4.49700021744
359 4.47499990463
360 4.44299983978
361 4.42000007629
362 4.39300012589
363 4.33400011063
364 4.3140001297
365 4.28599977493
366 4.25500011444
367 4.20499992371
368 4.1810002327
369 4.14799976349
370 4.09999990463
371 4.08099985123
372 4.0560002327
373 4.01399993896
374 3.98399996758
375 3.94499993324
376 3.93400001526
377 3.8900001049
378 3.86899995804
379 3.84200000763
380 3.82899999619
381 3.69899988174
382 3.64299988747
383 3.58699989319
384 3.56599998474
385 3.53299999237
386 3.48399996758
387 3.46900010109
388 3.42899990082
389 3.40599989891
390 3.36800003052
391 3.31900000572
392 3.29500007629
393 3.27500009537
394 3.26699995995
395 3.26600003242
396 3.29500007629
397 3.32999992371
398 3.3599998951
399 3.39899992943
400 3.42899990082
401 3.47499990463
402 3.51600003242
403 3.56200003624
404 3.59599995613
405 3.64100003242
406 3.68099999428
407 3.73300004005
408 3.74399995804
409 3.78600001335
410 3.83200001717
411 3.88499999046
412 3.91700005531
413 3.97399997711
414 4.05200004578
415 4.10300016403
416 4.1779999733
417 4.24300003052
418 4.30999994278
419 4.3639998436
420 4.45499992371
421 4.53499984741
422 4.59899997711
423 4.67299985886
424 4.73099994659
425 4.8140001297
426 4.91400003433
427 5.02500009537
428 5.11499977112
429 5.20200014114
430 5.32000017166
431 5.41499996185
432 5.52500009537
433 5.63199996948
434 5.76200008392
435 5.86999988556
436 6.02899980545
437 6.17299985886
438 6.31699991226
439 6.47399997711
440 6.48699998856
441 6.59700012207
442 6.46500015259
443 3.07299995422
444 3.04200005531
445 3.05399990082
446 3.02200007439
447 3.02800011635
448 3.01799988747
449 3.0039999485
450 3.00500011444
451 3.00699996948
452 3.0
453 2.97099995613
454 2.98300004005
455 2.97699999809
456 2.96700000763
457 2.96499991417
458 2.96199989319
459 2.95300006866
460 2.94000005722
461 2.93499994278
462 2.9470000267
463 2.9430000782
464 2.9319999218
465 2.92600011826
466 2.93499994278
467 2.92499995232
468 2.92300009727
469 2.89499998093
470 2.66799998283
471 2.65000009537
472 2.64800000191
473 2.64700007439
474 0.943000018597
475 0.704999983311
476 0.705999970436
477 0.938000023365
478 2.66400003433
479 2.65199995041
480 2.65300011635
481 2.65599989891
482 2.65300011635
483 2.63400006294
484 2.65300011635
485 2.65899991989
486 2.65799999237
487 2.66799998283
488 2.66499996185
489 2.69000005722
490 2.84200000763
491 2.94499993324
492 2.92899990082
493 2.95399999619
494 2.93400001526
495 2.95499992371
496 2.9470000267
497 2.9509999752
498 2.97900009155
499 2.96099996567
500 2.98300004005
501 2.99300003052
502 2.97199988365
503 1.15799999237
504 1.21300005913
505 1.12199997902
506 1.11099994183
507 1.10500001907
508 1.10800004005
509 1.11500000954
510 1.12699997425
511 1.15299999714
512 1.1740000248
513 1.18700003624
514 1.16600000858
515 1.18900001049
516 1.19400000572
517 1.20799994469
518 1.20500004292
519 1.20899999142
520 1.27699995041
521 1.39900004864
522 3.16899991035
523 3.15700006485
524 0.93900001049
525 0.920000016689
526 0.915000021458
527 0.953999996185
528 3.04299998283
529 2.99399995804
530 1.26100003719
531 1.11300003529
532 1.08599996567
533 1.06400001049
534 1.06500005722
535 1.05499994755
536 1.05799996853
537 1.06900000572
538 1.06700003147
539 1.06599998474
540 1.03999996185
