0 4.51399993896
1 4.42000007629
2 4.44600009918
3 4.46600008011
4 4.52400016785
5 4.63899993896
6 4.66400003433
7 4.71099996567
8 4.742000103
9 4.75
10 4.80200004578
11 4.81699991226
12 4.85099983215
13 4.88199996948
14 4.91400003433
15 4.93800020218
16 4.83699989319
17 4.84600019455
18 4.87900018692
19 4.95800018311
20 5.13700008392
21 5.1810002327
22 5.21899986267
23 5.26000022888
24 5.29400014877
25 5.35500001907
26 5.40299987793
27 5.44899988174
28 5.49900007248
29 5.54400014877
30 5.58900022507
31 5.64200019836
32 5.65899991989
33 0.0
34 17.138999939
35 17.1219997406
36 17.142999649
37 0.0
38 0.0
39 0.0
40 17.2409992218
41 17.1529998779
42 17.0690002441
43 17.0060005188
44 16.5249996185
45 16.5480003357
46 16.5090007782
47 13.156999588
48 13.0749998093
49 12.3260002136
50 11.9119997025
51 11.5760002136
52 11.6020002365
53 11.6199998856
54 11.6330003738
55 11.3420000076
56 10.9890003204
57 10.454000473
58 10.0920000076
59 8.35499954224
60 8.32900047302
61 8.21000003815
62 7.92600011826
63 7.64900016785
64 7.4390001297
65 7.24499988556
66 7.05999994278
67 6.88800001144
68 6.79099988937
69 6.77699995041
70 6.78499984741
71 6.82100009918
72 6.85699987411
73 6.85799980164
74 6.78999996185
75 6.62300014496
76 1.6740000248
77 1.65999996662
78 1.69299995899
79 1.76100003719
80 5.22800016403
81 4.96199989319
82 4.83900022507
83 4.75400018692
84 4.66900014877
85 4.59999990463
86 4.52699995041
87 4.47700023651
88 4.40999984741
89 4.33900022507
90 4.28299999237
91 4.20599985123
92 4.16300010681
93 4.10300016403
94 4.01999998093
95 3.97600007057
96 3.93899989128
97 3.88599991798
98 3.8180000782
99 3.79999995232
100 3.76600003242
101 3.78200006485
102 3.7990000248
103 3.85299992561
104 3.86500000954
105 3.90400004387
106 3.92100000381
107 3.96700000763
108 3.92300009727
109 3.89199995995
110 3.83299994469
111 3.78099989891
112 3.742000103
113 3.71799993515
114 3.68300008774
115 3.65899991989
116 3.60700011253
117 3.60299992561
118 3.5569999218
119 3.52500009537
120 3.50099992752
121 3.46700000763
122 3.42700004578
123 3.40400004387
124 3.40199995041
125 3.38499999046
126 3.41599988937
127 3.43899989128
128 3.47499990463
129 3.52399992943
130 3.55599999428
131 3.59699988365
132 3.6740000248
133 4.02699995041
134 4.06699991226
135 4.09600019455
136 4.11000013351
137 4.12099981308
138 4.18800020218
139 4.20200014114
140 4.25299978256
141 4.26700019836
142 4.3140001297
143 4.35799980164
144 4.39200019836
145 4.43499994278
146 4.44899988174
147 4.48099994659
148 4.49800014496
149 4.53700017929
150 4.53200006485
151 4.20800018311
152 4.28700017929
153 4.58699989319
154 3.25699996948
155 3.41199994087
156 4.70300006866
157 4.59800004959
158 4.55999994278
159 4.80700016022
160 4.81799983978
161 4.85799980164
162 4.88700008392
163 4.92500019073
164 4.95100021362
165 4.992000103
166 5.007999897
167 5.03299999237
168 3.15599989891
169 3.21199989319
170 3.37800002098
171 4.09299993515
172 4.90199995041
173 4.875
174 4.85900020599
175 4.83199977875
176 4.82800006866
177 4.81500005722
178 4.83699989319
179 4.83799982071
180 4.875
181 4.89400005341
182 4.8109998703
183 5.3109998703
184 5.45300006866
185 5.47100019455
186 5.49599981308
187 5.50400018692
188 4.57700014114
189 4.56599998474
190 5.55399990082
191 5.58199977875
192 3.65300011635
193 3.51799988747
194 4.0720000267
195 4.07100009918
196 5.69500017166
197 5.70300006866
198 5.72599983215
199 5.75699996948
200 5.77699995041
201 5.79699993134
202 5.8060002327
203 5.8140001297
204 5.84399986267
205 5.84700012207
206 5.86199998856
207 5.87599992752
208 5.875
209 5.88899993896
210 5.91499996185
211 5.92999982834
212 5.95399999619
213 5.96600008011
214 5.96700000763
215 5.99399995804
216 6.0
217 6.01399993896
218 6.03800010681
219 6.0609998703
220 6.07399988174
221 6.0689997673
222 6.08799982071
223 6.07700014114
224 6.08099985123
225 6.10699987411
226 6.09800004959
227 6.12200021744
228 6.13199996948
229 6.15399980545
230 6.1360001564
231 6.17000007629
232 6.16400003433
233 6.16300010681
234 6.20100021362
235 6.20900011063
236 6.22300004959
237 6.22499990463
238 6.21400022507
239 6.21400022507
240 6.21299982071
241 6.22300004959
242 6.22499990463
243 6.21799993515
244 2.0720000267
245 2.04500007629
246 2.04399991035
247 2.02600002289
248 2.03099989891
249 2.01900005341
250 2.02300000191
251 1.9960000515
252 2.02399992943
253 2.00900006294
254 2.01399993896
255 2.007999897
256 2.00200009346
257 2.01300001144
258 2.00200009346
259 2.00699996948
260 1.98699998856
261 2.00999999046
262 1.99000000954
263 2.00200009346
264 2.02600002289
265 6.22300004959
266 2.39400005341
267 2.36400008202
268 2.3789999485
269 2.33899998665
270 2.28900003433
271 2.20499992371
272 2.20199990273
273 2.19499993324
274 2.18600010872
275 2.15100002289
276 2.15300011635
277 2.11999988556
278 2.13499999046
279 2.13700008392
280 2.17100000381
281 2.1819999218
282 2.18099999428
283 2.28900003433
284 2.34500002861
285 2.39199995995
286 2.38199996948
287 2.43300008774
288 6.0640001297
289 6.05200004578
290 6.03900003433
291 6.01900005341
292 5.98600006104
293 5.98000001907
294 5.94999980927
295 5.9439997673
296 5.92899990082
297 5.89900016785
298 5.88899993896
299 5.86999988556
300 5.85500001907
301 5.84100008011
302 5.82999992371
303 5.80399990082
304 5.80200004578
305 5.78000020981
306 5.76900005341
307 5.76399993896
308 5.72399997711
309 5.72700023651
310 5.6890001297
311 5.65899991989
312 5.6360001564
313 5.60400009155
314 5.58799982071
315 5.58300018311
316 5.55800008774
317 5.55000019073
318 5.52899980545
319 5.33300018311
320 5.09899997711
321 5.44899988174
322 5.4359998703
323 5.42399978638
324 5.41200017929
325 5.39099979401
326 5.35099983215
327 5.32899999619
328 5.29400014877
329 4.367000103
330 4.03800010681
331 4.09600019455
332 5.01999998093
333 5.16499996185
334 5.14599990845
335 5.11199998856
336 5.07100009918
337 5.06599998474
338 5.03399991989
339 5.02199983597
340 4.94799995422
341 4.80100011826
342 4.95499992371
343 4.93200016022
344 4.90899991989
345 4.85799980164
346 4.83799982071
347 4.70399999619
348 4.5640001297
349 4.73500013351
350 4.71700000763
351 4.66900014877
352 4.62099981308
353 4.61999988556
354 4.5640001297
355 4.5560002327
356 4.30700016022
357 4.34399986267
358 4.492000103
359 4.46700000763
360 4.4310002327
361 4.39099979401
362 4.37099981308
363 4.34600019455
364 4.31799983978
365 4.2610001564
366 4.25099992752
367 4.21000003815
368 4.17299985886
369 4.14799976349
370 4.1139998436
371 4.07399988174
372 4.02899980545
373 4.01700019836
374 3.98300004005
375 3.93700003624
376 3.93099999428
377 3.88400006294
378 3.85299992561
379 3.85599994659
380 3.80500006676
381 3.70900011063
382 3.62800002098
383 3.59200000763
384 3.56200003624
385 3.52099990845
386 3.48799991608
387 3.45499992371
388 3.42499995232
389 3.3900001049
390 3.35400009155
391 3.34599995613
392 3.3069999218
393 3.27800011635
394 3.25099992752
395 3.27200007439
396 3.30200004578
397 3.33400011063
398 3.35299992561
399 3.39100003242
400 3.4430000782
401 3.47399997711
402 3.51600003242
403 3.54999995232
404 3.58899998665
405 3.64400005341
406 3.69000005722
407 3.72600007057
408 3.72699999809
409 3.77999997139
410 3.83200001717
411 3.8900001049
412 3.9319999218
413 3.98900008202
414 4.0640001297
415 4.11000013351
416 4.16599988937
417 4.25299978256
418 4.30200004578
419 4.35200023651
420 4.43800020218
421 4.48299980164
422 4.58500003815
423 4.65000009537
424 4.73500013351
425 4.80200004578
426 4.89499998093
427 5.00600004196
428 5.10200023651
429 5.1859998703
430 5.31500005722
431 5.40600013733
432 5.52799987793
433 5.62699985504
434 5.757999897
435 5.882999897
436 6.03000020981
437 6.16099977493
438 6.31599998474
439 6.47800016403
440 6.49100017548
441 6.59999990463
442 6.42299985886
443 3.06399989128
444 3.03600001335
445 3.02999997139
446 3.03800010681
447 3.00099992752
448 3.00200009346
449 3.00600004196
450 2.99900007248
451 2.99099993706
452 2.99300003052
453 2.9849998951
454 2.97600007057
455 2.97399997711
456 2.95499992371
457 2.95399999619
458 2.97000002861
459 2.95600008965
460 2.93700003624
461 2.93400001526
462 2.93499994278
463 2.9319999218
464 2.91599988937
465 2.93400001526
466 2.93600010872
467 2.91799998283
468 2.91199994087
469 2.91899991035
470 2.65000009537
471 2.63199996948
472 2.63499999046
473 2.62199997902
474 0.943000018597
475 0.712999999523
476 0.709999978542
477 0.908999979496
478 2.6400001049
479 2.62199997902
480 2.64499998093
481 2.62800002098
482 2.64599990845
483 2.64400005341
484 2.65400004387
485 2.63599991798
486 2.65599989891
487 2.67300009727
488 2.66499996185
489 2.66499996185
490 2.82500004768
491 2.9240000248
492 2.93600010872
493 2.95000004768
494 2.93499994278
495 2.9430000782
496 2.94499993324
497 2.9470000267
498 2.96399998665
499 2.97000002861
500 2.95900011063
501 2.98099994659
502 2.98600006104
503 1.38699996471
504 1.17900002003
505 1.10500001907
506 1.11300003529
507 1.08899998665
508 1.10099995136
509 1.12199997902
510 1.10199999809
511 1.14199995995
512 1.1740000248
513 1.17599999905
514 1.18299996853
515 1.19400000572
516 1.19000005722
517 1.20399999619
518 1.21500003338
519 1.24000000954
520 1.27100002766
521 1.43599998951
522 3.16300010681
523 3.16599988937
524 0.922999978065
525 0.910000026226
526 0.915000021458
527 0.93900001049
528 3.03800010681
529 1.44799995422
530 1.1779999733
531 1.06799995899
532 1.05599999428
533 1.04499995708
534 1.05200004578
535 1.06900000572
536 1.06599998474
537 1.05599999428
538 1.06200003624
539 1.04299998283
540 1.06200003624
