0 4.51000022888
1 4.43800020218
2 4.4470000267
3 4.4390001297
4 4.53700017929
5 4.65700006485
6 4.68200016022
7 4.69799995422
8 4.7389998436
9 4.75299978256
10 4.78900003433
11 4.82499980927
12 4.86100006104
13 4.90500020981
14 4.9310002327
15 4.93400001526
16 4.82899999619
17 4.84399986267
18 4.875
19 4.96400022507
20 5.13899993896
21 5.18499994278
22 5.21899986267
23 5.26000022888
24 5.32600021362
25 5.36800003052
26 5.40399980545
27 5.4470000267
28 5.49599981308
29 5.54899978638
30 5.59899997711
31 5.65700006485
32 5.66599988937
33 0.0
34 17.1539993286
35 17.1399993896
36 17.1399993896
37 0.0
38 0.0
39 0.0
40 17.2299995422
41 17.1730003357
42 17.0650005341
43 17.0109996796
44 16.531999588
45 16.5300006866
46 16.5259990692
47 13.1490001678
48 13.079000473
49 12.3400001526
50 11.9720001221
51 11.593000412
52 11.6009998322
53 11.6319999695
54 11.6140003204
55 11.343000412
56 10.9829998016
57 10.470000267
58 10.0880002975
59 8.36900043488
60 8.34200000763
61 8.21300029755
62 7.91099977493
63 7.64699983597
64 7.45100021362
65 7.2389998436
66 7.0640001297
67 6.89900016785
68 6.78499984741
69 6.77899980545
70 6.81300020218
71 6.81799983978
72 6.83699989319
73 6.86000013351
74 6.78200006485
75 6.62900018692
76 1.71500003338
77 1.6970000267
78 1.66499996185
79 1.74800002575
80 5.23099994659
81 4.97599983215
82 4.8639998436
83 4.77400016785
84 4.66900014877
85 4.60400009155
86 4.54699993134
87 4.48099994659
88 4.41499996185
89 4.34100008011
90 4.26999998093
91 4.22900009155
92 4.16800022125
93 4.10599994659
94 4.01599979401
95 3.98099994659
96 3.93000006676
97 3.89499998093
98 3.84999990463
99 3.77600002289
100 3.75900006294
101 3.78999996185
102 3.79800009727
103 3.83800005913
104 3.87599992752
105 3.92300009727
106 3.93899989128
107 3.96600008011
108 3.93300008774
109 3.88000011444
110 3.84500002861
111 3.80900001526
112 3.75900006294
113 3.71600008011
114 3.69199991226
115 3.66700005531
116 3.63899993896
117 3.58100008965
118 3.56100010872
119 3.53099989891
120 3.492000103
121 3.46900010109
122 3.43400001526
123 3.40499997139
124 3.41199994087
125 3.39199995995
126 3.43300008774
127 3.43799996376
128 3.48399996758
129 3.53500008583
130 3.57299995422
131 3.59899997711
132 3.66499996185
133 4.02699995041
134 4.06199979782
135 4.10099983215
136 4.12300014496
137 4.13500022888
138 4.16300010681
139 4.21199989319
140 4.24700021744
141 4.29300022125
142 4.31500005722
143 4.35699987411
144 4.39200019836
145 4.40500020981
146 4.47100019455
147 4.48000001907
148 4.51499986649
149 4.52699995041
150 4.55100011826
151 4.1939997673
152 4.29600000381
153 4.60099983215
154 3.26399993896
155 3.41000008583
156 4.70900011063
157 4.59899997711
158 4.5560002327
159 4.80499982834
160 4.83900022507
161 4.86800003052
162 4.88999986649
163 4.93400001526
164 4.96299982071
165 4.992000103
166 5.02299976349
167 5.03599977493
168 3.125
169 3.22099995613
170 3.38599991798
171 4.13199996948
172 4.91400003433
173 4.8639998436
174 4.84999990463
175 4.83199977875
176 4.82299995422
177 4.80800008774
178 4.83599996567
179 4.85599994659
180 4.86299991608
181 4.89200019836
182 4.81300020218
183 5.31500005722
184 5.46299982071
185 5.48999977112
186 5.49100017548
187 5.50600004196
188 4.61600017548
189 4.57899999619
190 5.57499980927
191 5.58400011063
192 3.63499999046
193 3.53399991989
194 4.08199977875
195 4.03700017929
196 5.67600011826
197 5.70900011063
198 5.74499988556
199 5.76499986649
200 5.78200006485
201 5.8060002327
202 5.80700016022
203 5.8140001297
204 5.84600019455
205 5.85599994659
206 5.86299991608
207 5.88500022888
208 5.88800001144
209 5.90700006485
210 5.91699981689
211 5.92100000381
212 5.94500017166
213 5.96700000763
214 5.98799991608
215 6.01499986649
216 6.02500009537
217 6.03700017929
218 6.04099988937
219 6.07499980927
220 6.06599998474
221 6.07700014114
222 6.08699989319
223 6.10300016403
224 6.09700012207
225 6.117000103
226 6.12900018692
227 6.132999897
228 6.13899993896
229 6.13999986649
230 6.16300010681
231 6.17199993134
232 6.17399978638
233 6.19600009918
234 6.20599985123
235 6.21799993515
236 6.21400022507
237 6.21199989319
238 6.21899986267
239 6.22700023651
240 6.23199987411
241 6.22399997711
242 6.22399997711
243 6.22599983215
244 2.06100010872
245 2.02999997139
246 2.03099989891
247 2.02500009537
248 2.02099990845
249 2.02300000191
250 2.02500009537
251 2.02200007439
252 2.01900005341
253 2.02099990845
254 2.02300000191
255 1.99500000477
256 2.00099992752
257 2.00699996948
258 2.00099992752
259 2.01399993896
260 2.00300002098
261 2.00300002098
262 1.99100005627
263 2.02200007439
264 2.06100010872
265 6.2389998436
266 2.40799999237
267 2.39599990845
268 2.36100006104
269 2.33500003815
270 2.29299998283
271 2.1970000267
272 2.18799996376
273 2.17300009727
274 2.1740000248
275 2.15499997139
276 2.1400001049
277 2.14100003242
278 2.1400001049
279 2.14700007439
280 2.18099999428
281 2.19000005722
282 2.21499991417
283 2.27900004387
284 2.34999990463
285 2.41199994087
286 2.41499996185
287 2.42100000381
288 6.07700014114
289 6.04699993134
290 6.02600002289
291 6.00699996948
292 6.00699996948
293 5.98299980164
294 5.96400022507
295 5.92600011826
296 5.93300008774
297 5.91200017929
298 5.88399982452
299 5.87200021744
300 5.86800003052
301 5.84700012207
302 5.84600019455
303 5.83599996567
304 5.80200004578
305 5.8029999733
306 5.77600002289
307 5.76599979401
308 5.74100017548
309 5.70599985123
310 5.67999982834
311 5.66900014877
312 5.65299987793
313 5.62200021744
314 5.60400009155
315 5.57999992371
316 5.55999994278
317 5.54400014877
318 5.51999998093
319 5.31199979782
320 5.08500003815
321 5.46000003815
322 5.45100021362
323 5.42500019073
324 5.41300010681
325 5.39499998093
326 5.36299991608
327 5.33199977875
328 5.3029999733
329 4.37599992752
330 4.0609998703
331 4.12699985504
332 5.00299978256
333 5.16499996185
334 5.14599990845
335 5.10900020599
336 5.09200000763
337 5.07800006866
338 5.04099988937
339 5.01900005341
340 4.95200014114
341 4.80200004578
342 4.95599985123
343 4.93300008774
344 4.90700006485
345 4.86999988556
346 4.84000015259
347 4.70300006866
348 4.57000017166
349 4.73299980164
350 4.69899988174
351 4.67000007629
352 4.64699983597
353 4.62099981308
354 4.59499979019
355 4.57399988174
356 4.33500003815
357 4.36800003052
358 4.48600006104
359 4.46199989319
360 4.43800020218
361 4.40500020981
362 4.375
363 4.34399986267
364 4.32800006866
365 4.2610001564
366 4.26200008392
367 4.20599985123
368 4.15600013733
369 4.13199996948
370 4.10300016403
371 4.09100008011
372 4.03399991989
373 4.02400016785
374 3.97199988365
375 3.96600008011
376 3.93899989128
377 3.90100002289
378 3.86100006104
379 3.83400011063
380 3.81100010872
381 3.71300005913
382 3.63899993896
383 3.60599994659
384 3.56399989128
385 3.52900004387
386 3.5
387 3.46799993515
388 3.42199993134
389 3.3900001049
390 3.367000103
391 3.34599995613
392 3.31900000572
393 3.28999996185
394 3.25699996948
395 3.26699995995
396 3.29800009727
397 3.32999992371
398 3.35700011253
399 3.38800001144
400 3.44199991226
401 3.47600007057
402 3.51699995995
403 3.55599999428
404 3.60100007057
405 3.63700008392
406 3.6930000782
407 3.72699999809
408 3.7349998951
409 3.79200005531
410 3.82899999619
411 3.88400006294
412 3.93000006676
413 4.00099992752
414 4.04400014877
415 4.11499977112
416 4.1779999733
417 4.24900007248
418 4.3029999733
419 4.38399982452
420 4.44199991226
421 4.49800014496
422 4.59000015259
423 4.65600013733
424 4.73500013351
425 4.81799983978
426 4.91900014877
427 5.01700019836
428 5.1139998436
429 5.20699977875
430 5.31599998474
431 5.42299985886
432 5.53100013733
433 5.64200019836
434 5.77699995041
435 5.88800001144
436 6.01000022888
437 6.16300010681
438 6.31799983978
439 6.44899988174
440 6.50899982452
441 6.59399986267
442 6.45399999619
443 3.08699989319
444 3.04999995232
445 3.02900004387
446 3.04099988937
447 3.01999998093
448 3.00699996948
449 3.01399993896
450 3.01099991798
451 2.99799990654
452 2.98600006104
453 2.98799991608
454 2.9849998951
455 2.98399996758
456 2.96600008011
457 2.96000003815
458 2.95399999619
459 2.96700000763
460 2.94099998474
461 2.93600010872
462 2.96099996567
463 2.94099998474
464 2.93899989128
465 2.93899989128
466 2.93300008774
467 2.92899990082
468 2.92700004578
469 2.90599989891
470 2.67300009727
471 2.65300011635
472 2.63700008392
473 2.65000009537
474 0.948000013828
475 0.702000021935
476 0.707000017166
477 0.917999982834
478 2.65599989891
479 2.62700009346
480 2.65599989891
481 2.64199995995
482 2.65100002289
483 2.63499999046
484 2.66499996185
485 2.66000008583
486 2.66499996185
487 2.67600011826
488 2.68700003624
489 2.68499994278
490 2.83100008965
491 2.92600011826
492 2.93300008774
493 2.94000005722
494 2.9470000267
495 2.96900010109
496 2.94799995422
497 2.95399999619
498 2.98099994659
499 2.95700001717
500 2.97799992561
501 2.98000001907
502 2.96499991417
503 1.1740000248
504 1.23000001907
505 1.11099994183
506 1.13600003719
507 1.10699999332
508 1.12000000477
509 1.09899997711
510 1.12199997902
511 1.13600003719
512 1.17999994755
513 1.18499994278
514 1.19000005722
515 1.19900000095
516 1.18299996853
517 1.21700000763
518 1.22800004482
519 1.22599995136
520 1.26199996471
521 1.35699999332
522 1.31200003624
523 3.17600011826
524 0.938000023365
525 0.916000008583
526 0.931999981403
527 0.944000005722
528 3.03999996185
529 2.99099993706
530 1.26600003242
531 1.09700000286
532 1.05499994755
533 1.07400000095
534 1.06200003624
535 1.07000005245
536 1.08200001717
537 1.05799996853
538 1.0720000267
539 1.05599999428
540 1.05599999428
