0 4.49599981308
1 4.41699981689
2 4.4439997673
3 4.46700000763
4 4.53100013733
5 4.64699983597
6 4.66400003433
7 4.6939997673
8 4.72599983215
9 4.74599981308
10 4.79899978638
11 4.81599998474
12 4.85400009155
13 4.88899993896
14 4.92700004578
15 4.93200016022
16 4.83900022507
17 4.83500003815
18 4.87799978256
19 4.95100021362
20 5.13800001144
21 5.1859998703
22 5.22200012207
23 5.25299978256
24 5.3109998703
25 5.35400009155
26 5.40199995041
27 5.45200014114
28 5.47599983215
29 5.54099988937
30 5.58699989319
31 5.63100004196
32 5.66300010681
33 0.0
34 17.1410007477
35 17.1340007782
36 17.1499996185
37 0.0
38 0.0
39 0.0
40 17.2339992523
41 17.158000946
42 17.0580005646
43 17.0
44 16.5209999084
45 16.5410003662
46 16.5009994507
47 13.1339998245
48 13.0659999847
49 12.3219995499
50 11.9169998169
51 11.5869998932
52 11.6040000916
53 11.6140003204
54 11.626999855
55 11.3489999771
56 10.982000351
57 10.4340000153
58 10.1020002365
59 8.35799980164
60 8.34000015259
61 8.20300006866
62 7.91300010681
63 7.63199996948
64 7.44600009918
65 7.23299980164
66 7.05800008774
67 6.89599990845
68 6.78200006485
69 6.77099990845
70 6.80200004578
71 6.8189997673
72 6.83300018311
73 6.85799980164
74 6.77799987793
75 6.63199996948
76 1.67700004578
77 1.66400003433
78 1.67999994755
79 1.73899996281
80 5.24300003052
81 4.95599985123
82 4.83900022507
83 4.76499986649
84 4.67299985886
85 4.58699989319
86 4.52799987793
87 4.45900011063
88 4.38000011444
89 4.33799982071
90 4.26800012589
91 4.21000003815
92 4.16400003433
93 4.08199977875
94 4.01300001144
95 3.96900010109
96 3.9279999733
97 3.87199997902
98 3.83200001717
99 3.78299999237
100 3.77900004387
101 3.77399992943
102 3.80399990082
103 3.82999992371
104 3.86199998856
105 3.89899992943
106 3.95000004768
107 3.93499994278
108 3.91400003433
109 3.88599991798
110 3.82899999619
111 3.79800009727
112 3.75300002098
113 3.71099996567
114 3.67700004578
115 3.65100002289
116 3.61800003052
117 3.58500003815
118 3.55900001526
119 3.52300000191
120 3.4960000515
121 3.47000002861
122 3.43000006676
123 3.41100001335
124 3.37800002098
125 3.38499999046
126 3.40100002289
127 3.45199990273
128 3.47199988365
129 3.52500009537
130 3.55800008774
131 3.59599995613
132 3.66700005531
133 4.01999998093
134 4.0720000267
135 4.08099985123
136 4.12200021744
137 4.15000009537
138 4.16499996185
139 4.19000005722
140 4.22900009155
141 4.27099990845
142 4.30499982834
143 4.34999990463
144 4.38899993896
145 4.42399978638
146 4.45599985123
147 4.45900011063
148 4.47900009155
149 4.53000020981
150 4.53399991989
151 4.17999982834
152 4.28100013733
153 4.60699987411
154 3.26099991798
155 3.41100001335
156 4.6939997673
157 4.59499979019
158 4.54600000381
159 4.79699993134
160 4.81799983978
161 4.8639998436
162 4.87900018692
163 4.90799999237
164 4.95599985123
165 4.98000001907
166 5.007999897
167 5.03000020981
168 3.13599991798
169 3.22600007057
170 3.38100004196
171 4.10699987411
172 4.90700006485
173 4.86499977112
174 4.83500003815
175 4.83400011063
176 4.79699993134
177 4.8220000267
178 4.83300018311
179 4.84100008011
180 4.86800003052
181 4.90100002289
182 4.81699991226
183 5.28900003433
184 5.4439997673
185 5.46000003815
186 5.49300003052
187 5.48799991608
188 4.59499979019
189 4.58199977875
190 5.55200004578
191 5.59299993515
192 3.6289999485
193 3.507999897
194 4.0640001297
195 4.03200006485
196 5.67000007629
197 5.69999980927
198 5.72900009155
199 5.75600004196
200 5.78999996185
201 5.79699993134
202 5.81599998474
203 5.83199977875
204 5.83599996567
205 5.83500003815
206 5.86600017548
207 5.87099981308
208 5.88500022888
209 5.90799999237
210 5.90500020981
211 5.92999982834
212 5.92899990082
213 5.96999979019
214 5.99100017548
215 5.98600006104
216 6.01800012589
217 6.03200006485
218 6.04500007629
219 6.06799983978
220 6.0529999733
221 6.0640001297
222 6.07399988174
223 6.09000015259
224 6.09899997711
225 6.11499977112
226 6.11100006104
227 6.11800003052
228 6.1139998436
229 6.1360001564
230 6.16200017929
231 6.15299987793
232 6.17999982834
233 6.18699979782
234 6.18300008774
235 6.20699977875
236 6.22300004959
237 6.21000003815
238 6.20800018311
239 6.22100019455
240 6.22499990463
241 6.22200012207
242 6.21500015259
243 6.22399997711
244 2.07999992371
245 2.02699995041
246 2.01799988747
247 2.01099991798
248 2.02800011635
249 2.02300000191
250 1.99699997902
251 2.0
252 2.01399993896
253 2.01699995995
254 1.99300003052
255 2.01699995995
256 1.99300003052
257 1.98300004005
258 1.98599994183
259 1.9960000515
260 2.00699996948
261 1.98899996281
262 1.99000000954
263 1.99399995804
264 2.04699993134
265 6.20900011063
266 2.39499998093
267 2.37299990654
268 2.38100004196
269 2.33299994469
270 2.3029999733
271 2.23399996758
272 2.17199993134
273 2.18000006676
274 2.16499996185
275 2.14400005341
276 2.13499999046
277 2.13499999046
278 2.11299991608
279 2.14800000191
280 2.17000007629
281 2.16700005531
282 2.18799996376
283 2.28500008583
284 2.33699989319
285 2.40400004387
286 2.41799998283
287 2.42600011826
288 6.0640001297
289 6.05100011826
290 6.02199983597
291 6.00500011444
292 5.99900007248
293 5.96099996567
294 5.94799995422
295 5.94000005722
296 5.92000007629
297 5.89900016785
298 5.88800001144
299 5.87799978256
300 5.85599994659
301 5.83099985123
302 5.83699989319
303 5.81199979782
304 5.80000019073
305 5.79899978638
306 5.77600002289
307 5.75
308 5.72800016403
309 5.71000003815
310 5.68800020218
311 5.67899990082
312 5.62699985504
313 5.61899995804
314 5.58799982071
315 5.58099985123
316 5.56500005722
317 5.53000020981
318 5.5110001564
319 5.3060002327
320 5.10500001907
321 5.44500017166
322 5.4359998703
323 5.42600011826
324 5.41400003433
325 5.38999986649
326 5.34999990463
327 5.32999992371
328 5.29699993134
329 4.36299991608
330 4.04300022125
331 4.10200023651
332 5.00500011444
333 5.16300010681
334 5.12699985504
335 5.10200023651
336 5.08199977875
337 5.05900001526
338 5.03999996185
339 5.02600002289
340 4.94199991226
341 4.79099988937
342 4.94999980927
343 4.92899990082
344 4.89599990845
345 4.86000013351
346 4.82000017166
347 4.70300006866
348 4.5640001297
349 4.72499990463
350 4.6939997673
351 4.66599988937
352 4.62099981308
353 4.6139998436
354 4.59200000763
355 4.54899978638
356 4.30700016022
357 4.35900020599
358 4.48699998856
359 4.46199989319
360 4.41200017929
361 4.40000009537
362 4.37099981308
363 4.34600019455
364 4.30999994278
365 4.27500009537
366 4.24800014496
367 4.21400022507
368 4.16800022125
369 4.14799976349
370 4.08099985123
371 4.05700016022
372 4.04099988937
373 4.01300001144
374 3.98300004005
375 3.95000004768
376 3.9279999733
377 3.90199995041
378 3.86599993706
379 3.83999991417
380 3.79800009727
381 3.69899988174
382 3.6289999485
383 3.59800004959
384 3.56699991226
385 3.51699995995
386 3.492000103
387 3.44799995422
388 3.42600011826
389 3.39400005341
390 3.36800003052
391 3.33800005913
392 3.29299998283
393 3.27300000191
394 3.23900008202
395 3.25900006294
396 3.27800011635
397 3.32100009918
398 3.36299991608
399 3.38599991798
400 3.42199993134
401 3.48000001907
402 3.51799988747
403 3.54999995232
404 3.59299993515
405 3.632999897
406 3.68300008774
407 3.70600008965
408 3.742000103
409 3.77399992943
410 3.83200001717
411 3.88100004196
412 3.94099998474
413 3.99799990654
414 4.04500007629
415 4.11600017548
416 4.14499998093
417 4.23699998856
418 4.31799983978
419 4.38000011444
420 4.44899988174
421 4.52299976349
422 4.58400011063
423 4.64699983597
424 4.71199989319
425 4.80700016022
426 4.90999984741
427 5.02500009537
428 5.10500001907
429 5.20399999619
430 5.30800008774
431 5.42600011826
432 5.52199983597
433 5.62900018692
434 5.75699996948
435 5.87300014496
436 6.01000022888
437 6.15100002289
438 6.29899978638
439 6.45300006866
440 6.48600006104
441 6.60599994659
442 6.4390001297
443 3.08100008965
444 3.04600000381
445 3.01900005341
446 3.02500009537
447 3.02099990845
448 3.01900005341
449 3.01600003242
450 3.00699996948
451 2.99399995804
452 2.99300003052
453 2.96799993515
454 2.96300005913
455 2.96199989319
456 2.9509999752
457 2.96300005913
458 2.94199991226
459 2.94899988174
460 2.93799996376
461 2.94799995422
462 2.94099998474
463 2.9319999218
464 2.9240000248
465 2.91599988937
466 2.91199994087
467 2.91300010681
468 2.91199994087
469 2.90199995041
470 2.65799999237
471 2.64499998093
472 2.65199995041
473 2.64499998093
474 0.929000020027
475 0.702000021935
476 0.716000020504
477 0.917999982834
478 2.65499997139
479 2.63700008392
480 2.63899993896
481 2.64299988747
482 2.65899991989
483 2.64899992943
484 2.64599990845
485 2.65599989891
486 2.66000008583
487 2.67600011826
488 2.66499996185
489 2.67499995232
490 2.80900001526
491 2.93700003624
492 2.92100000381
493 2.94000005722
494 2.93700003624
495 2.94499993324
496 2.95600008965
497 2.96300005913
498 2.95399999619
499 2.96099996567
500 2.98099994659
501 2.96799993515
502 2.9849998951
503 1.28900003433
504 1.13999998569
505 1.10699999332
506 1.09700000286
507 1.09500002861
508 1.09700000286
509 1.10399997234
510 1.12199997902
511 1.13300001621
512 1.16799998283
513 1.18200004101
514 1.19099998474
515 1.17299997807
516 1.19000005722
517 1.19599997997
518 1.21099996567
519 1.23399996758
520 1.30599999428
521 1.42900002003
522 3.14199995995
523 3.17100000381
524 0.919000029564
525 0.903999984264
526 0.89200001955
527 0.940999984741
528 3.03699994087
529 1.42499995232
530 1.14900004864
531 1.05200004578
532 1.04200005531
533 1.0379999876
534 1.06500005722
535 1.0529999733
536 1.05400002003
537 1.06400001049
538 1.07000005245
539 1.05099999905
540 1.06200003624
