0 4.50099992752
1 4.40600013733
2 4.43200016022
3 4.44000005722
4 4.53800010681
5 4.63800001144
6 4.68699979782
7 4.70200014114
8 4.73400020599
9 4.77299976349
10 4.78900003433
11 4.82100009918
12 4.85900020599
13 4.89799976349
14 4.92700004578
15 4.93200016022
16 4.83099985123
17 4.84999990463
18 4.89200019836
19 4.96000003815
20 5.13000011444
21 5.17100000381
22 5.22300004959
23 5.26300001144
24 5.3109998703
25 5.35699987411
26 5.40600013733
27 5.44899988174
28 5.50199985504
29 5.55499982834
30 5.59600019455
31 5.62699985504
32 5.65000009537
33 0.0
34 17.1380004883
35 17.1359996796
36 17.1340007782
37 0.0
38 0.0
39 0.0
40 17.2509994507
41 17.1660003662
42 17.0550003052
43 16.9969997406
44 16.5279998779
45 16.5270004272
46 16.5049991608
47 13.1560001373
48 13.0860004425
49 12.3210000992
50 11.9589996338
51 11.5729999542
52 11.595000267
53 11.6280002594
54 11.6190004349
55 11.3640003204
56 11.0
57 10.4420003891
58 10.0880002975
59 8.34500026703
60 8.33399963379
61 8.18700027466
62 7.89200019836
63 7.64099979401
64 7.44000005722
65 7.24499988556
66 7.06300020218
67 6.89400005341
68 6.77600002289
69 6.76999998093
70 6.79899978638
71 6.82899999619
72 6.83199977875
73 6.86499977112
74 6.78299999237
75 6.63199996948
76 1.69799995422
77 1.66100001335
78 1.67499995232
79 1.71500003338
80 5.23400020599
81 4.96999979019
82 4.84700012207
83 4.77600002289
84 4.69000005722
85 4.57899999619
86 4.52699995041
87 4.47200012207
88 4.39499998093
89 4.32000017166
90 4.26599979401
91 4.20900011063
92 4.17199993134
93 4.1139998436
94 4.03000020981
95 3.98399996758
96 3.91899991035
97 3.8710000515
98 3.82699990273
99 3.80900001526
100 3.75999999046
101 3.78900003433
102 3.82399988174
103 3.85899996758
104 3.88000011444
105 3.882999897
106 3.93499994278
107 3.94000005722
108 3.91799998283
109 3.88400006294
110 3.83100008965
111 3.80800008774
112 3.77800011635
113 3.72199988365
114 3.69099998474
115 3.65199995041
116 3.61999988556
117 3.59200000763
118 3.5569999218
119 3.53500008583
120 3.5
121 3.47799992561
122 3.43700003624
123 3.41899991035
124 3.39899992943
125 3.38599991798
126 3.40000009537
127 3.44799995422
128 3.49000000954
129 3.53399991989
130 3.56599998474
131 3.60599994659
132 3.67199993134
133 4.00099992752
134 4.0689997673
135 4.08799982071
136 4.11999988556
137 4.16599988937
138 4.18200016022
139 4.20900011063
140 4.23299980164
141 4.27400016785
142 4.3029999733
143 4.34200000763
144 4.38500022888
145 4.42700004578
146 4.46199989319
147 4.492000103
148 4.5
149 4.51499986649
150 4.51999998093
151 4.19899988174
152 4.32499980927
153 4.6139998436
154 3.26799988747
155 3.42499995232
156 4.70399999619
157 4.58799982071
158 4.53599977493
159 4.78800010681
160 4.82100009918
161 4.85900020599
162 4.89200019836
163 4.93400001526
164 4.95499992371
165 4.99599981308
166 5.01700019836
167 5.02600002289
168 3.15100002289
169 3.21700000763
170 3.37599992752
171 4.10099983215
172 4.92399978638
173 4.88100004196
174 4.84800004959
175 4.83099985123
176 4.82600021362
177 4.80999994278
178 4.8189997673
179 4.83799982071
180 4.86100006104
181 4.88700008392
182 4.81300020218
183 5.31300020218
184 5.46999979019
185 5.47300004959
186 5.50299978256
187 5.50400018692
188 4.60599994659
189 4.5720000267
190 5.55700016022
191 5.58400011063
192 3.64400005341
193 3.52699995041
194 4.05800008774
195 4.05000019073
196 5.6890001297
197 5.68800020218
198 5.72300004959
199 5.74900007248
200 5.78399991989
201 5.8140001297
202 5.81500005722
203 5.82700014114
204 5.83599996567
205 5.86199998856
206 5.87599992752
207 5.86499977112
208 5.90000009537
209 5.90399980545
210 5.92600011826
211 5.92500019073
212 5.92999982834
213 5.95699977875
214 5.96799993515
215 6.007999897
216 6.01200008392
217 6.04199981689
218 6.0560002327
219 6.0529999733
220 6.07399988174
221 6.06199979782
222 6.07600021362
223 6.10300016403
224 6.09899997711
225 6.10900020599
226 6.117000103
227 6.10699987411
228 6.11299991608
229 6.13800001144
230 6.15500020981
231 6.16900014877
232 6.16300010681
233 6.1859998703
234 6.1939997673
235 6.20300006866
236 6.23000001907
237 6.22499990463
238 6.23099994659
239 6.22599983215
240 6.21400022507
241 6.22100019455
242 6.22499990463
243 6.22399997711
244 2.07800006866
245 2.03699994087
246 2.03299999237
247 2.01099991798
248 2.01300001144
249 2.00300002098
250 2.0039999485
251 2.02200007439
252 2.01699995995
253 2.01699995995
254 2.00600004196
255 1.99300003052
256 1.99699997902
257 2.01099991798
258 1.98500001431
259 1.98500001431
260 2.00699996948
261 2.01099991798
262 1.99399995804
263 2.007999897
264 2.0529999733
265 6.21000003815
266 2.40799999237
267 2.382999897
268 2.37700009346
269 2.33800005913
270 2.3180000782
271 2.23300004005
272 2.18799996376
273 2.19799995422
274 2.18600010872
275 2.15899991989
276 2.14299988747
277 2.14199995995
278 2.13499999046
279 2.15599989891
280 2.15799999237
281 2.18000006676
282 2.20600008965
283 2.28999996185
284 2.32800006866
285 2.38599991798
286 2.40899991989
287 2.42000007629
288 6.07100009918
289 6.0560002327
290 6.02400016785
291 6.01800012589
292 5.99700021744
293 5.95399999619
294 5.94999980927
295 5.9359998703
296 5.91300010681
297 5.90799999237
298 5.89300012589
299 5.87300014496
300 5.85900020599
301 5.84200000763
302 5.81799983978
303 5.83500003815
304 5.81799983978
305 5.79699993134
306 5.77799987793
307 5.75299978256
308 5.74399995804
309 5.70399999619
310 5.69199991226
311 5.67100000381
312 5.63100004196
313 5.61999988556
314 5.60500001907
315 5.58199977875
316 5.5529999733
317 5.53599977493
318 5.52099990845
319 5.33099985123
320 5.09999990463
321 5.45499992371
322 5.43699979782
323 5.4310002327
324 5.41900014877
325 5.39400005341
326 5.35300016403
327 5.32600021362
328 5.30399990082
329 4.38199996948
330 4.05000019073
331 4.09899997711
332 5.01200008392
333 5.15199995041
334 5.13899993896
335 5.10500001907
336 5.09000015259
337 5.06799983978
338 5.04199981689
339 5.00699996948
340 4.94099998474
341 4.80700016022
342 4.95300006866
343 4.92899990082
344 4.89599990845
345 4.86199998856
346 4.83599996567
347 4.6810002327
348 4.54600000381
349 4.73299980164
350 4.6970000267
351 4.65600013733
352 4.64699983597
353 4.60699987411
354 4.59200000763
355 4.55200004578
356 4.29899978638
357 4.34800004959
358 4.47700023651
359 4.46099996567
360 4.43499994278
361 4.39699983597
362 4.36999988556
363 4.34200000763
364 4.3109998703
365 4.28000020981
366 4.21500015259
367 4.21400022507
368 4.16800022125
369 4.14499998093
370 4.10300016403
371 4.04799985886
372 4.03299999237
373 4.01399993896
374 3.98900008202
375 3.93899989128
376 3.93400001526
377 3.89700007439
378 3.86100006104
379 3.84400010109
380 3.8069999218
381 3.72499990463
382 3.61800003052
383 3.59999990463
384 3.5720000267
385 3.52500009537
386 3.49000000954
387 3.46300005913
388 3.4279999733
389 3.40199995041
390 3.36299991608
391 3.32299995422
392 3.31399989128
393 3.27399992943
394 3.26399993896
395 3.24900007248
396 3.28200006485
397 3.33599996567
398 3.36599993706
399 3.40599989891
400 3.43099999428
401 3.47799992561
402 3.50999999046
403 3.55399990082
404 3.59599995613
405 3.63800001144
406 3.67199993134
407 3.70499992371
408 3.72900009155
409 3.78500008583
410 3.82399988174
411 3.8789999485
412 3.94400000572
413 3.9960000515
414 4.04199981689
415 4.10599994659
416 4.17600011826
417 4.24700021744
418 4.31500005722
419 4.37900018692
420 4.44999980927
421 4.51900005341
422 4.59299993515
423 4.65999984741
424 4.72100019455
425 4.8140001297
426 4.90000009537
427 5.02400016785
428 5.11899995804
429 5.19999980927
430 5.29699993134
431 5.41499996185
432 5.52199983597
433 5.64200019836
434 5.7389998436
435 5.88100004196
436 6.01200008392
437 6.16200017929
438 6.30900001526
439 6.45699977875
440 6.49300003052
441 6.59999990463
442 6.47100019455
443 3.0759999752
444 3.0490000248
445 3.03699994087
446 3.04399991035
447 3.02399992943
448 3.01300001144
449 2.99799990654
450 3.0039999485
451 3.00099992752
452 2.99499988556
453 2.97099995613
454 2.98399996758
455 2.97399997711
456 2.97300004959
457 2.94799995422
458 2.94199991226
459 2.95799994469
460 2.95199990273
461 2.93400001526
462 2.94199991226
463 2.94600009918
464 2.92700004578
465 2.92100000381
466 2.91700005531
467 2.92700004578
468 2.91700005531
469 2.90599989891
470 2.66000008583
471 2.65000009537
472 2.63700008392
473 2.65199995041
474 0.931999981403
475 0.708000004292
476 0.702000021935
477 0.916999995708
478 2.65100002289
479 2.64400005341
480 2.64899992943
481 2.65599989891
482 2.64899992943
483 2.65799999237
484 2.63499999046
485 2.66000008583
486 2.66100001335
487 2.6740000248
488 2.66199994087
489 2.65700006485
490 2.81399989128
491 2.92100000381
492 2.9240000248
493 2.9279999733
494 2.95600008965
495 2.94899988174
496 2.95600008965
497 2.94400000572
498 2.96000003815
499 2.96000003815
500 2.97099995613
501 2.99699997902
502 2.96700000763
503 1.35099995136
504 1.17100000381
505 1.09599995613
506 1.11500000954
507 1.11099994183
508 1.10399997234
509 1.11300003529
510 1.11899995804
511 1.13100004196
512 1.16999995708
513 1.16400003433
514 1.16900002956
515 1.21000003815
516 1.17599999905
517 1.21399998665
518 1.22800004482
519 1.22500002384
520 1.28199994564
521 1.42100000381
522 3.15899991989
523 3.16000008583
524 0.930999994278
525 0.908999979496
526 0.912000000477
527 0.944000005722
528 3.04600000381
529 1.41799998283
530 1.14699995518
531 1.07099997997
532 1.04700005054
533 1.05700004101
534 1.06599998474
535 1.06799995899
536 1.08299994469
537 1.06099998951
538 1.06900000572
539 1.05999994278
540 1.05999994278
