0 4.50500011444
1 4.44099998474
2 4.45800018311
3 4.44600009918
4 4.53599977493
5 4.65600013733
6 4.67700004578
7 4.6939997673
8 4.742000103
9 4.76999998093
10 4.78499984741
11 4.83599996567
12 4.87300014496
13 4.88899993896
14 4.93400001526
15 4.92299985886
16 4.83199977875
17 4.85200023651
18 4.88199996948
19 4.95800018311
20 5.14799976349
21 5.1970000267
22 5.21700000763
23 5.28100013733
24 5.30700016022
25 5.34899997711
26 5.39400005341
27 5.44099998474
28 5.5
29 5.54799985886
30 5.59600019455
31 5.64599990845
32 5.66499996185
33 0.0
34 17.1599998474
35 17.1439990997
36 17.142999649
37 0.0
38 0.0
39 0.0
40 17.2460002899
41 17.1660003662
42 17.0550003052
43 17.0009994507
44 16.533000946
45 16.5340003967
46 16.5240001678
47 13.1639995575
48 13.0810003281
49 12.345000267
50 11.9460000992
51 11.5909996033
52 11.6000003815
53 11.626999855
54 11.6309995651
55 11.3470001221
56 10.9759998322
57 10.4639997482
58 10.1239995956
59 8.3360004425
60 8.34300041199
61 8.1890001297
62 7.90199995041
63 7.62300014496
64 7.4470000267
65 7.23299980164
66 7.05100011826
67 6.89499998093
68 6.78800010681
69 6.76999998093
70 6.79799985886
71 6.8189997673
72 6.85400009155
73 6.87599992752
74 6.80200004578
75 6.64200019836
76 1.68700003624
77 1.68900001049
78 1.69200003147
79 1.73000001907
80 5.22200012207
81 4.96500015259
82 4.85099983215
83 4.77899980545
84 4.6779999733
85 4.60400009155
86 4.55200004578
87 4.48099994659
88 4.38700008392
89 4.34299993515
90 4.26900005341
91 4.21799993515
92 4.16099977493
93 4.1139998436
94 4.02099990845
95 3.98399996758
96 3.93899989128
97 3.89700007439
98 3.84200000763
99 3.78900003433
100 3.76399993896
101 3.78600001335
102 3.8220000267
103 3.84800004959
104 3.88100004196
105 3.91700005531
106 3.96099996567
107 3.9470000267
108 3.92100000381
109 3.88899993896
110 3.83400011063
111 3.79699993134
112 3.76399993896
113 3.72799992561
114 3.70600008965
115 3.67199993134
116 3.617000103
117 3.59400010109
118 3.55500006676
119 3.51399993896
120 3.49300003052
121 3.46499991417
122 3.4470000267
123 3.41000008583
124 3.40599989891
125 3.38499999046
126 3.4240000248
127 3.45700001717
128 3.49799990654
129 3.51900005341
130 3.5569999218
131 3.61800003052
132 3.67100000381
133 4.03299999237
134 4.05800008774
135 4.07499980927
136 4.10900020599
137 4.16300010681
138 4.1810002327
139 4.19099998474
140 4.25899982452
141 4.28499984741
142 4.32700014114
143 4.36100006104
144 4.382999897
145 4.42999982834
146 4.45399999619
147 4.46299982071
148 4.51700019836
149 4.51499986649
150 4.5560002327
151 4.20800018311
152 4.28599977493
153 4.58400011063
154 3.26999998093
155 3.43099999428
156 4.71600008011
157 4.58799982071
158 4.5640001297
159 4.79099988937
160 4.83500003815
161 4.86199998856
162 4.88800001144
163 4.92299985886
164 4.96600008011
165 5.00099992752
166 5.02299976349
167 5.03000020981
168 3.14599990845
169 3.22699999809
170 3.36800003052
171 4.10599994659
172 4.90799999237
173 4.86999988556
174 4.86000013351
175 4.82899999619
176 4.81699991226
177 4.82700014114
178 4.83300018311
179 4.84200000763
180 4.86899995804
181 4.90700006485
182 4.82700014114
183 5.3060002327
184 5.45800018311
185 5.48299980164
186 5.5
187 5.51800012589
188 4.59200000763
189 4.56799983978
190 5.56300020218
191 5.59399986267
192 3.64299988747
193 3.51900005341
194 4.06199979782
195 4.03900003433
196 5.6939997673
197 5.71000003815
198 5.73500013351
199 5.75600004196
200 5.77199983597
201 5.8029999733
202 5.82700014114
203 5.84000015259
204 5.84499979019
205 5.85099983215
206 5.87599992752
207 5.88000011444
208 5.90100002289
209 5.89599990845
210 5.91699981689
211 5.9439997673
212 5.94299983978
213 5.96799993515
214 5.99300003052
215 5.99900007248
216 6.01399993896
217 6.03000020981
218 6.04799985886
219 6.08099985123
220 6.07800006866
221 6.08300018311
222 6.09800004959
223 6.09000015259
224 6.08400011063
225 6.09000015259
226 6.11999988556
227 6.12099981308
228 6.14099979401
229 6.14200019836
230 6.14499998093
231 6.16900014877
232 6.17600011826
233 6.17999982834
234 6.17999982834
235 6.22100019455
236 6.242000103
237 6.22599983215
238 6.23600006104
239 6.23699998856
240 6.22399997711
241 6.22599983215
242 6.22700023651
243 6.22599983215
244 2.07100009918
245 2.02999997139
246 2.02900004387
247 2.04099988937
248 2.03999996185
249 2.02200007439
250 2.0150001049
251 1.99500000477
252 2.00999999046
253 2.02699995041
254 1.9960000515
255 2.00900006294
256 2.01399993896
257 2.00600004196
258 2.007999897
259 2.00699996948
260 1.99300003052
261 1.99199998379
262 1.99300003052
263 2.01799988747
264 2.03900003433
265 6.23199987411
266 2.41400003433
267 2.40199995041
268 2.38400006294
269 2.33400011063
270 2.30999994278
271 2.2009999752
272 2.1970000267
273 2.18499994278
274 2.16300010681
275 2.14599990845
276 2.15799999237
277 2.12599992752
278 2.14800000191
279 2.14199995995
280 2.16400003433
281 2.19099998474
282 2.21600008011
283 2.29399991035
284 2.35100007057
285 2.39899992943
286 2.38800001144
287 2.42700004578
288 6.07000017166
289 6.04600000381
290 6.02899980545
291 6.01000022888
292 6.01000022888
293 5.96299982071
294 5.95499992371
295 5.93800020218
296 5.92500019073
297 5.91599988937
298 5.882999897
299 5.87699985504
300 5.867000103
301 5.84899997711
302 5.84499979019
303 5.8140001297
304 5.8060002327
305 5.78900003433
306 5.78700017929
307 5.75500011444
308 5.73999977112
309 5.73500013351
310 5.69199991226
311 5.66800022125
312 5.64799976349
313 5.62900018692
314 5.60799980164
315 5.57600021362
316 5.54500007629
317 5.54300022125
318 5.52199983597
319 5.3220000267
320 5.117000103
321 5.45900011063
322 5.45100021362
323 5.43499994278
324 5.41400003433
325 5.38999986649
326 5.35699987411
327 5.32899999619
328 5.29300022125
329 4.38000011444
330 4.02899980545
331 4.13000011444
332 5.02500009537
333 5.17100000381
334 5.14599990845
335 5.10900020599
336 5.10099983215
337 5.07000017166
338 5.04799985886
339 5.01599979401
340 4.94600009918
341 4.81199979782
342 4.96000003815
343 4.94099998474
344 4.90799999237
345 4.87699985504
346 4.84100008011
347 4.68300008774
348 4.55100011826
349 4.73600006104
350 4.6939997673
351 4.68300008774
352 4.65999984741
353 4.62300014496
354 4.59600019455
355 4.5529999733
356 4.29300022125
357 4.37200021744
358 4.4889998436
359 4.46400022507
360 4.43200016022
361 4.42100000381
362 4.38700008392
363 4.36100006104
364 4.32000017166
365 4.26700019836
366 4.23699998856
367 4.19899988174
368 4.17399978638
369 4.15399980545
370 4.10500001907
371 4.07800006866
372 4.0560002327
373 4.01800012589
374 3.98099994659
375 3.94199991226
376 3.91100001335
377 3.89800000191
378 3.88499999046
379 3.85899996758
380 3.82299995422
381 3.70600008965
382 3.63499999046
383 3.59100008011
384 3.56100010872
385 3.507999897
386 3.49399995804
387 3.44600009918
388 3.4279999733
389 3.40499997139
390 3.37299990654
391 3.34200000763
392 3.30399990082
393 3.28900003433
394 3.27099990845
395 3.26900005341
396 3.29800009727
397 3.34400010109
398 3.36100006104
399 3.39199995995
400 3.44199991226
401 3.48200011253
402 3.51200008392
403 3.54600000381
404 3.60299992561
405 3.63499999046
406 3.69199991226
407 3.70900011063
408 3.73399996758
409 3.77699995041
410 3.8259999752
411 3.87599992752
412 3.94199991226
413 3.9960000515
414 4.05900001526
415 4.12300014496
416 4.19199991226
417 4.23299980164
418 4.28800010681
419 4.36600017548
420 4.45100021362
421 4.52799987793
422 4.59299993515
423 4.66699981689
424 4.74100017548
425 4.80999994278
426 4.90600013733
427 5.0110001564
428 5.1139998436
429 5.21500015259
430 5.32000017166
431 5.42899990082
432 5.53599977493
433 5.64599990845
434 5.78000020981
435 5.8860001564
436 6.02699995041
437 6.17000007629
438 6.31199979782
439 6.48299980164
440 6.50600004196
441 6.60099983215
442 6.45900011063
443 3.08899998665
444 3.05399990082
445 3.04800009727
446 3.04399991035
447 3.03200006485
448 3.01999998093
449 3.0039999485
450 3.01699995995
451 2.98900008202
452 2.99000000954
453 2.97900009155
454 2.97099995613
455 2.98799991608
456 2.96799993515
457 2.95900011063
458 2.95600008965
459 2.95399999619
460 2.9430000782
461 2.96099996567
462 2.93499994278
463 2.94400000572
464 2.9279999733
465 2.92700004578
466 2.9430000782
467 2.94499993324
468 2.92100000381
469 2.91100001335
470 2.65000009537
471 2.65599989891
472 2.64100003242
473 2.65700006485
474 0.943000018597
475 0.697000026703
476 0.702000021935
477 0.940999984741
478 2.64899992943
479 2.63100004196
480 2.64100003242
481 2.65400004387
482 2.65100002289
483 2.65199995041
484 2.65100002289
485 2.64499998093
486 2.66000008583
487 2.68700003624
488 2.66799998283
489 2.68899989128
490 2.83299994469
491 2.9470000267
492 1.33800005913
493 1.18599998951
494 1.17599999905
495 1.16700005531
496 1.14499998093
497 1.14400005341
498 1.15400004387
499 1.14199995995
500 1.12999999523
501 1.16900002956
502 1.17700004578
503 1.16400003433
504 1.19400000572
505 1.24199998379
506 1.41199994087
507 3.00500011444
508 3.02699995041
509 1.17100000381
510 1.22599995136
511 1.11800003052
512 1.08899998665
513 1.10099995136
514 1.08399999142
515 1.07000005245
516 1.08099997044
517 1.09000003338
518 1.09300005436
519 1.09200000763
520 1.1210000515
521 1.12399995327
522 1.15400004387
523 1.22699999809
524 0.933000028133
525 0.899999976158
526 0.916000008583
527 0.933000028133
528 3.04299998283
529 2.97799992561
530 2.93799996376
531 2.86899995804
532 2.83400011063
533 2.76799988747
534 2.74000000954
535 2.70900011063
536 2.96000003815
537 2.91400003433
538 0.0
539 0.0
540 0.0
