0 4.50299978256
1 4.4359998703
2 4.44099998474
3 4.47200012207
4 4.50500011444
5 4.62400007248
6 4.68200016022
7 4.71299982071
8 4.73999977112
9 4.76300001144
10 4.77799987793
11 4.83500003815
12 4.85699987411
13 4.87300014496
14 4.91599988937
15 4.92199993134
16 4.82999992371
17 4.84999990463
18 4.87099981308
19 4.96400022507
20 5.14900016785
21 5.1779999733
22 5.22200012207
23 5.25299978256
24 5.30900001526
25 5.35599994659
26 5.40100002289
27 5.44000005722
28 5.49499988556
29 5.54699993134
30 5.58199977875
31 5.65199995041
32 5.65299987793
33 0.0
34 17.1529998779
35 17.1319999695
36 17.1420001984
37 0.0
38 0.0
39 0.0
40 17.2380008698
41 17.1550006866
42 17.0559997559
43 17.0030002594
44 16.5149993896
45 16.5270004272
46 16.5240001678
47 13.1660003662
48 13.0869998932
49 12.3360004425
50 11.9309997559
51 11.5889997482
52 11.5920000076
53 11.6260004044
54 11.6009998322
55 11.3470001221
56 10.9899997711
57 10.4479999542
58 10.1009998322
59 8.35099983215
60 8.34599971771
61 8.19600009918
62 7.90299987793
63 7.6360001564
64 7.44500017166
65 7.23299980164
66 7.0609998703
67 6.89099979401
68 6.78000020981
69 6.76200008392
70 6.79699993134
71 6.82299995422
72 6.85099983215
73 6.86199998856
74 6.79099988937
75 6.64400005341
76 1.6970000267
77 1.66999995708
78 1.69500005245
79 1.74899995327
80 5.22900009155
81 4.96000003815
82 4.85400009155
83 4.76900005341
84 4.69000005722
85 4.60900020599
86 4.51200008392
87 4.47499990463
88 4.39799976349
89 4.33900022507
90 4.26399993896
91 4.21000003815
92 4.15299987793
93 4.11100006104
94 4.02699995041
95 3.97099995613
96 3.9240000248
97 3.87199997902
98 3.8259999752
99 3.78399991989
100 3.77500009537
101 3.77999997139
102 3.81500005722
103 3.867000103
104 3.875
105 3.90000009537
106 3.92899990082
107 3.94899988174
108 3.91199994087
109 3.882999897
110 3.83800005913
111 3.80100011826
112 3.75999999046
113 3.73099994659
114 3.70000004768
115 3.65400004387
116 3.625
117 3.58299994469
118 3.55500006676
119 3.53099989891
120 3.50200009346
121 3.47499990463
122 3.4319999218
123 3.41799998283
124 3.40100002289
125 3.38400006294
126 3.41899991035
127 3.43899989128
128 3.49099993706
129 3.52500009537
130 3.56699991226
131 3.60299992561
132 3.65899991989
133 3.99300003052
134 4.06300020218
135 4.06699991226
136 4.11600017548
137 4.15799999237
138 4.17600011826
139 4.22599983215
140 4.23299980164
141 4.26700019836
142 4.29500007629
143 4.34000015259
144 4.38199996948
145 4.42600011826
146 4.47200012207
147 4.47300004959
148 4.49900007248
149 4.52899980545
150 4.54500007629
151 4.19099998474
152 4.28800010681
153 4.58099985123
154 3.25600004196
155 3.41400003433
156 4.72300004959
157 4.57299995422
158 4.54199981689
159 4.78800010681
160 4.82100009918
161 4.85200023651
162 4.89300012589
163 4.92299985886
164 4.95300006866
165 4.98999977112
166 5.01999998093
167 5.03000020981
168 3.13800001144
169 3.21700000763
170 3.36100006104
171 4.10099983215
172 4.90500020981
173 4.87300014496
174 4.84600019455
175 4.82999992371
176 4.81500005722
177 4.80700016022
178 4.82600021362
179 4.83400011063
180 4.86899995804
181 4.90199995041
182 4.80399990082
183 5.32700014114
184 5.46700000763
185 5.48500013351
186 5.49100017548
187 5.51599979401
188 4.58199977875
189 4.57999992371
190 5.55999994278
191 5.58799982071
192 3.63899993896
193 3.5150001049
194 4.0640001297
195 4.03999996185
196 5.67700004578
197 5.6939997673
198 5.71299982071
199 5.76000022888
200 5.78399991989
201 5.8109998703
202 5.8140001297
203 5.82100009918
204 5.83099985123
205 5.85500001907
206 5.86299991608
207 5.87099981308
208 5.89699983597
209 5.88999986649
210 5.91499996185
211 5.94099998474
212 5.94000005722
213 5.9470000267
214 5.97900009155
215 6.00600004196
216 6.01900005341
217 6.01800012589
218 6.0529999733
219 6.05800008774
220 6.05399990082
221 6.05700016022
222 6.07100009918
223 6.09100008011
224 6.10099983215
225 6.10799980164
226 6.13199996948
227 6.13000011444
228 6.12699985504
229 6.13000011444
230 6.15299987793
231 6.16800022125
232 6.15299987793
233 6.18400001526
234 6.20200014114
235 6.19799995422
236 6.23199987411
237 6.21099996567
238 6.21600008011
239 6.22300004959
240 6.21700000763
241 6.22200012207
242 6.2389998436
243 6.24300003052
244 2.07500004768
245 2.06100010872
246 2.03200006485
247 2.01300001144
248 2.00300002098
249 2.00200009346
250 2.01900005341
251 2.0
252 2.01699995995
253 2.01399993896
254 2.00500011444
255 1.99500000477
256 2.0150001049
257 1.99000000954
258 1.98300004005
259 1.98399996758
260 2.01200008392
261 2.00200009346
262 2.0039999485
263 1.99500000477
264 2.07299995422
265 6.21400022507
266 2.39899992943
267 2.40100002289
268 2.3900001049
269 2.34999990463
270 2.30200004578
271 2.18600010872
272 2.18300008774
273 2.18099999428
274 2.16799998283
275 2.15199995041
276 2.15400004387
277 2.1400001049
278 2.12299990654
279 2.14800000191
280 2.1779999733
281 2.17600011826
282 2.19499993324
283 2.27800011635
284 2.34200000763
285 2.40499997139
286 2.41599988937
287 2.43000006676
288 6.04799985886
289 6.04699993134
290 6.03000020981
291 5.99599981308
292 5.98199987411
293 5.96899986267
294 5.96299982071
295 5.94999980927
296 5.92000007629
297 5.89599990845
298 5.88399982452
299 5.86499977112
300 5.86999988556
301 5.84899997711
302 5.83199977875
303 5.8220000267
304 5.79300022125
305 5.80499982834
306 5.77899980545
307 5.76399993896
308 5.74499988556
309 5.69999980927
310 5.67299985886
311 5.66599988937
312 5.64499998093
313 5.62300014496
314 5.61100006104
315 5.57999992371
316 5.55499982834
317 5.53499984741
318 5.52099990845
319 5.31199979782
320 5.08699989319
321 5.45100021362
322 5.44199991226
323 5.41499996185
324 5.40600013733
325 5.39300012589
326 5.36199998856
327 5.33300018311
328 5.29500007629
329 4.35200023651
330 4.03999996185
331 4.10599994659
332 5.00199985504
333 5.16099977493
334 5.13999986649
335 5.11000013351
336 5.09399986267
337 5.05800008774
338 5.03399991989
339 5.01800012589
340 4.94099998474
341 4.80000019073
342 4.94299983978
343 4.93200016022
344 4.90399980545
345 4.86299991608
346 4.82499980927
347 4.70100021362
348 4.55700016022
349 4.72399997711
350 4.69600009918
351 4.66400003433
352 4.64499998093
353 4.60699987411
354 4.57700014114
355 4.57000017166
356 4.32499980927
357 4.34999990463
358 4.46899986267
359 4.46299982071
360 4.41499996185
361 4.42000007629
362 4.382999897
363 4.34800004959
364 4.3029999733
365 4.27899980545
366 4.23999977112
367 4.18800020218
368 4.15500020981
369 4.13000011444
370 4.09999990463
371 4.0609998703
372 4.04400014877
373 4.02099990845
374 4.00099992752
375 3.95799994469
376 3.9240000248
377 3.89899992943
378 3.86800003052
379 3.84800004959
380 3.8220000267
381 3.72600007057
382 3.61500000954
383 3.59699988365
384 3.5490000248
385 3.52999997139
386 3.48099994659
387 3.45700001717
388 3.42100000381
389 3.39400005341
390 3.3710000515
391 3.33400011063
392 3.29200005531
393 3.27600002289
394 3.26600003242
395 3.25099992752
396 3.29800009727
397 3.33299994469
398 3.36400008202
399 3.39800000191
400 3.43499994278
401 3.46900010109
402 3.51900005341
403 3.55200004578
404 3.58100008965
405 3.62199997902
406 3.67899990082
407 3.72799992561
408 3.72699999809
409 3.77900004387
410 3.82500004768
411 3.87199997902
412 3.93799996376
413 3.98799991608
414 4.06799983978
415 4.11800003052
416 4.18300008774
417 4.21799993515
418 4.29699993134
419 4.34899997711
420 4.41800022125
421 4.51599979401
422 4.58599996567
423 4.65799999237
424 4.71999979019
425 4.80200004578
426 4.90399980545
427 5.01399993896
428 5.10400009155
429 5.20300006866
430 5.30900001526
431 5.41499996185
432 5.53200006485
433 5.64699983597
434 5.76000022888
435 5.88399982452
436 6.01399993896
437 6.15799999237
438 6.3189997673
439 6.46700000763
440 6.50600004196
441 6.59600019455
442 6.43800020218
443 3.07999992371
444 3.03999996185
445 3.02900004387
446 3.03200006485
447 3.01099991798
448 3.007999897
449 3.0150001049
450 3.01200008392
451 2.99300003052
452 2.98799991608
453 2.97300004959
454 2.96700000763
455 2.97799992561
456 2.96000003815
457 2.97499990463
458 2.95199990273
459 2.96499991417
460 2.9430000782
461 2.95700001717
462 2.92899990082
463 2.92499995232
464 2.94000005722
465 2.9279999733
466 2.91400003433
467 2.93000006676
468 2.90700006485
469 2.90700006485
470 2.66899991035
471 2.61500000954
472 2.6210000515
473 2.64499998093
474 0.941999971867
475 0.717000007629
476 0.697000026703
477 0.921000003815
478 2.65199995041
479 2.65400004387
480 2.62700009346
481 2.62800002098
482 2.65599989891
483 2.65199995041
484 2.65000009537
485 2.65700006485
486 2.65700006485
487 2.66000008583
488 2.66899991035
489 2.66899991035
490 2.82800006866
491 2.92300009727
492 2.92700004578
493 2.92700004578
494 2.94600009918
495 2.95399999619
496 2.94199991226
497 2.9470000267
498 2.94400000572
499 2.97600007057
500 2.97699999809
501 2.97000002861
502 2.96900010109
503 1.42599999905
504 1.19400000572
505 1.11899995804
506 1.11600005627
507 1.11099994183
508 1.10399997234
509 1.10500001907
510 1.13399994373
511 1.14600002766
512 1.18599998951
513 1.18599998951
514 1.1779999733
515 1.1740000248
516 1.18700003624
517 1.20799994469
518 1.20299994946
519 1.24100005627
520 1.2539999485
521 1.40400004387
522 3.14899992943
523 3.16400003433
524 0.925999999046
525 0.912999987602
526 0.919000029564
527 0.934000015259
528 3.03999996185
529 1.37699997425
530 1.10599994659
531 1.0759999752
532 1.05799996853
533 1.07400000095
534 1.0759999752
535 1.07799994946
536 1.05799996853
537 1.06799995899
538 1.07400000095
539 1.05900001526
540 1.06200003624
