0 4.52699995041
1 4.43800020218
2 4.45399999619
3 4.47700023651
4 4.507999897
5 4.63100004196
6 4.67500019073
7 4.71000003815
8 4.73600006104
9 4.78000020981
10 4.79300022125
11 4.83799982071
12 4.84800004959
13 4.89400005341
14 4.91800022125
15 4.9279999733
16 4.83300018311
17 4.85500001907
18 4.88800001144
19 4.96099996567
20 5.14099979401
21 5.1890001297
22 5.24100017548
23 5.26999998093
24 5.3189997673
25 5.35799980164
26 5.40399980545
27 5.45399999619
28 5.50400018692
29 5.55200004578
30 5.59899997711
31 5.63899993896
32 5.65299987793
33 0.0
34 17.1450004578
35 17.1450004578
36 17.1480007172
37 0.0
38 0.0
39 0.0
40 17.2420005798
41 17.1790008545
42 17.077999115
43 17.0090007782
44 16.5209999084
45 16.5370006561
46 16.5209999084
47 13.1440000534
48 13.0909996033
49 12.3339996338
50 11.954000473
51 11.593000412
52 11.5989999771
53 11.6280002594
54 11.6350002289
55 11.3330001831
56 10.9849996567
57 10.4770002365
58 10.1219997406
59 8.34599971771
60 8.34300041199
61 8.19699954987
62 7.90600013733
63 7.6360001564
64 7.45100021362
65 7.23699998856
66 7.07000017166
67 6.90799999237
68 6.78700017929
69 6.76700019836
70 6.80000019073
71 6.82800006866
72 6.85500001907
73 6.86800003052
74 6.79600000381
75 6.63399982452
76 1.70899999142
77 1.66700005531
78 1.70299994946
79 1.75600004196
80 5.24900007248
81 4.97100019455
82 4.83900022507
83 4.77299976349
84 4.6859998703
85 4.60900020599
86 4.54600000381
87 4.47599983215
88 4.41300010681
89 4.31699991226
90 4.27500009537
91 4.22700023651
92 4.15700006485
93 4.12099981308
94 4.04600000381
95 3.99000000954
96 3.9470000267
97 3.90100002289
98 3.84299993515
99 3.79200005531
100 3.76699995995
101 3.78800010681
102 3.8220000267
103 3.84800004959
104 3.86299991608
105 3.91300010681
106 3.93300008774
107 3.95399999619
108 3.92000007629
109 3.88000011444
110 3.84800004959
111 3.81399989128
112 3.77600002289
113 3.73000001907
114 3.70799994469
115 3.66300010681
116 3.63000011444
117 3.60100007057
118 3.56200003624
119 3.52800011635
120 3.50900006294
121 3.48200011253
122 3.45300006866
123 3.4240000248
124 3.40499997139
125 3.39299988747
126 3.42700004578
127 3.45499992371
128 3.49300003052
129 3.53699994087
130 3.5680000782
131 3.60899996758
132 3.66899991035
133 4.03399991989
134 4.07299995422
135 4.09200000763
136 4.10799980164
137 4.14099979401
138 4.17899990082
139 4.21999979019
140 4.24499988556
141 4.29400014877
142 4.32399988174
143 4.3639998436
144 4.37699985504
145 4.40199995041
146 4.44199991226
147 4.4889998436
148 4.52400016785
149 4.53700017929
150 4.5560002327
151 4.19600009918
152 4.29600000381
153 4.60599994659
154 3.26399993896
155 3.40599989891
156 4.71199989319
157 4.617000103
158 4.56699991226
159 4.80399990082
160 4.83199977875
161 4.85699987411
162 4.90000009537
163 4.92299985886
164 4.96199989319
165 5.0
166 5.02600002289
167 5.04699993134
168 3.16799998283
169 3.22300004959
170 3.38199996948
171 4.10099983215
172 4.91699981689
173 4.87799978256
174 4.86199998856
175 4.84000015259
176 4.83699989319
177 4.82600021362
178 4.83400011063
179 4.84700012207
180 4.86000013351
181 4.89400005341
182 4.83400011063
183 5.32299995422
184 5.47300004959
185 5.47900009155
186 5.492000103
187 5.51900005341
188 4.61299991608
189 4.58199977875
190 5.5640001297
191 5.60500001907
192 3.63599991798
193 3.52500009537
194 4.07700014114
195 4.04099988937
196 5.69600009918
197 5.71700000763
198 5.72800016403
199 5.76000022888
200 5.76499986649
201 5.80900001526
202 5.81799983978
203 5.82700014114
204 5.84299993515
205 5.85699987411
206 5.87900018692
207 5.88999986649
208 5.90600013733
209 5.90500020981
210 5.91400003433
211 5.92100000381
212 5.95200014114
213 5.97200012207
214 5.98600006104
215 6.01700019836
216 6.02099990845
217 6.03100013733
218 6.05900001526
219 6.08900022507
220 6.08799982071
221 6.06799983978
222 6.08900022507
223 6.10400009155
224 6.10500001907
225 6.12200021744
226 6.13100004196
227 6.13199996948
228 6.14099979401
229 6.15600013733
230 6.15399980545
231 6.17199993134
232 6.18400001526
233 6.19600009918
234 6.21299982071
235 6.20599985123
236 6.23199987411
237 6.22200012207
238 6.23500013351
239 6.23400020599
240 6.22700023651
241 6.23799991608
242 6.21700000763
243 6.22499990463
244 2.0759999752
245 2.05800008774
246 2.03399991989
247 2.01999998093
248 2.01799988747
249 2.02900004387
250 2.03099989891
251 2.02600002289
252 2.01600003242
253 2.0
254 2.00900006294
255 2.01399993896
256 1.99800002575
257 1.9960000515
258 2.00600004196
259 2.01300001144
260 2.00099992752
261 1.99500000477
262 2.02099990845
263 1.99800002575
264 2.08400011063
265 6.25400018692
266 2.42600011826
267 2.40499997139
268 2.39499998093
269 2.35700011253
270 2.3220000267
271 2.20199990273
272 2.19099998474
273 2.17100000381
274 2.16300010681
275 2.15899991989
276 2.12299990654
277 2.14700007439
278 2.14199995995
279 2.16300010681
280 2.17700004578
281 2.18700003624
282 2.20300006866
283 2.27999997139
284 2.35899996758
285 2.40300011635
286 2.40700006485
287 2.43000006676
288 6.07000017166
289 6.0560002327
290 6.03200006485
291 6.00099992752
292 5.98500013351
293 5.97100019455
294 5.95900011063
295 5.9359998703
296 5.91499996185
297 5.89200019836
298 5.89200019836
299 5.86999988556
300 5.87099981308
301 5.83599996567
302 5.84200000763
303 5.8220000267
304 5.81500005722
305 5.8029999733
306 5.79300022125
307 5.76000022888
308 5.73600006104
309 5.71700000763
310 5.68800020218
311 5.66300010681
312 5.63899993896
313 5.62599992752
314 5.61000013351
315 5.58699989319
316 5.55399990082
317 5.54099988937
318 5.52299976349
319 5.3140001297
320 5.11499977112
321 5.45300006866
322 5.44600009918
323 5.43699979782
324 5.42600011826
325 5.38899993896
326 5.35699987411
327 5.33199977875
328 5.30700016022
329 4.382999897
330 4.05499982834
331 4.11499977112
332 5.02199983597
333 5.17100000381
334 5.14900016785
335 5.10900020599
336 5.09399986267
337 5.07600021362
338 5.05200004578
339 5.03299999237
340 4.95900011063
341 4.80999994278
342 4.96299982071
343 4.9470000267
344 4.91300010681
345 4.86999988556
346 4.82899999619
347 4.69000005722
348 4.5560002327
349 4.75199985504
350 4.71600008011
351 4.67600011826
352 4.63700008392
353 4.63399982452
354 4.59200000763
355 4.57399988174
356 4.30100011826
357 4.35400009155
358 4.49900007248
359 4.46799993515
360 4.43800020218
361 4.42000007629
362 4.375
363 4.367000103
364 4.31699991226
365 4.28299999237
366 4.257999897
367 4.22499990463
368 4.1810002327
369 4.14400005341
370 4.11199998856
371 4.07800006866
372 4.04899978638
373 4.01300001144
374 3.98900008202
375 3.96000003815
376 3.9319999218
377 3.91799998283
378 3.88199996948
379 3.85299992561
380 3.81999993324
381 3.70900011063
382 3.64299988747
383 3.59299993515
384 3.5759999752
385 3.53800010681
386 3.50600004196
387 3.46199989319
388 3.43600010872
389 3.40499997139
390 3.37700009346
391 3.34899997711
392 3.30599999428
393 3.28399991989
394 3.25699996948
395 3.27099990845
396 3.30900001526
397 3.33400011063
398 3.37299990654
399 3.40300011635
400 3.44499993324
401 3.48399996758
402 3.51799988747
403 3.56699991226
404 3.59899997711
405 3.65199995041
406 3.68899989128
407 3.71900010109
408 3.72799992561
409 3.76699995995
410 3.83500003815
411 3.8900001049
412 3.93700003624
413 3.9960000515
414 4.04500007629
415 4.1139998436
416 4.16400003433
417 4.23500013351
418 4.32399988174
419 4.375
420 4.46199989319
421 4.53000020981
422 4.60300016403
423 4.68200016022
424 4.72399997711
425 4.80700016022
426 4.92100000381
427 5.02500009537
428 5.10699987411
429 5.20399999619
430 5.3140001297
431 5.43300008774
432 5.53800010681
433 5.64699983597
434 5.77600002289
435 5.88100004196
436 6.02400016785
437 6.18699979782
438 6.32000017166
439 6.45399999619
440 6.50299978256
441 6.59999990463
442 6.45100021362
443 3.08100008965
444 3.05599999428
445 3.05399990082
446 3.02600002289
447 3.02800011635
448 3.01699995995
449 3.01399993896
450 3.00500011444
451 3.00200009346
452 2.98200011253
453 3.00300002098
454 2.98699998856
455 2.97399997711
456 2.97300004959
457 2.98099994659
458 2.95600008965
459 2.96600008011
460 2.95499992371
461 2.93600010872
462 2.95799994469
463 2.94499993324
464 2.94199991226
465 2.94000005722
466 2.93099999428
467 2.92199993134
468 2.92899990082
469 2.91000008583
470 2.66000008583
471 2.63599991798
472 2.65199995041
473 2.65499997139
474 0.954999983311
475 0.716000020504
476 0.716000020504
477 0.924000024796
478 2.64199995995
479 2.62800002098
480 2.65000009537
481 2.64700007439
482 2.66100001335
483 2.66400003433
484 2.65599989891
485 2.66000008583
486 2.66499996185
487 2.66400003433
488 2.66599988937
489 2.68700003624
490 2.84299993515
491 1.05599999428
492 1.13499999046
493 0.999000012875
494 0.990000009537
495 0.992999970913
496 0.977999985218
497 0.973999977112
498 0.977999985218
499 0.971000015736
500 0.958999991417
501 0.957000017166
502 0.990000009537
503 0.967999994755
504 0.995999991894
505 0.986999988556
506 1.00800001621
507 1.01800000668
508 1.14499998093
509 1.0720000267
510 1.13699996471
511 1.01800000668
512 0.992999970913
513 0.989000022411
514 0.962999999523
515 0.981999993324
516 0.977999985218
517 0.986000001431
518 0.944999992847
519 0.98400002718
520 0.96899998188
521 0.964999973774
522 0.976999998093
523 0.998000025749
524 0.959999978542
525 0.916999995708
526 0.913999974728
527 0.944000005722
528 3.04600000381
529 2.99000000954
530 2.93000006676
531 2.88800001144
532 2.83500003815
533 2.79699993134
534 2.73300004005
535 2.70399999619
536 2.95499992371
537 2.90700006485
538 0.0
539 0.0
540 0.0
