0 4.47800016403
1 4.42899990082
2 4.43400001526
3 4.44999980927
4 4.50299978256
5 4.64499998093
6 4.67899990082
7 4.71099996567
8 4.71899986267
9 4.75400018692
10 4.78399991989
11 4.82899999619
12 4.84700012207
13 4.89699983597
14 4.91200017929
15 4.92899990082
16 4.83099985123
17 4.83400011063
18 4.88399982452
19 4.95599985123
20 5.13800001144
21 5.17999982834
22 5.22800016403
23 5.25199985504
24 5.29600000381
25 5.35699987411
26 5.39699983597
27 5.44799995422
28 5.49100017548
29 5.54600000381
30 5.58699989319
31 5.6360001564
32 5.66699981689
33 0.0
34 17.1420001984
35 17.1459999084
36 17.138999939
37 0.0
38 0.0
39 0.0
40 17.2229995728
41 17.172000885
42 17.0650005341
43 17.0020008087
44 16.5310001373
45 16.5230007172
46 16.5039997101
47 13.1490001678
48 13.0939998627
49 12.3149995804
50 11.9530000687
51 11.579000473
52 11.6000003815
53 11.625
54 11.6210002899
55 11.3350000381
56 11.0080003738
57 10.4630002975
58 10.1140003204
59 8.30300045013
60 8.34200000763
61 8.20100021362
62 7.92399978638
63 7.62900018692
64 7.4439997673
65 7.242000103
66 7.0529999733
67 6.89499998093
68 6.78100013733
69 6.78399991989
70 6.79099988937
71 6.8109998703
72 6.83799982071
73 6.85900020599
74 6.76499986649
75 6.63100004196
76 1.70500004292
77 1.67299997807
78 1.68700003624
79 1.74800002575
80 5.24100017548
81 4.95499992371
82 4.83900022507
83 4.76000022888
84 4.67600011826
85 4.59200000763
86 4.53100013733
87 4.43800020218
88 4.39400005341
89 4.33500003815
90 4.25600004196
91 4.19299983978
92 4.132999897
93 4.09899997711
94 4.03100013733
95 3.97799992561
96 3.92100000381
97 3.89100003242
98 3.84100008011
99 3.78999996185
100 3.75999999046
101 3.76900005341
102 3.80900001526
103 3.84299993515
104 3.87299990654
105 3.88599991798
106 3.93899989128
107 3.96700000763
108 3.91899991035
109 3.875
110 3.84400010109
111 3.78200006485
112 3.74300003052
113 3.71499991417
114 3.69400000572
115 3.65599989891
116 3.60500001907
117 3.58500003815
118 3.56699991226
119 3.52999997139
120 3.50600004196
121 3.46600008011
122 3.42899990082
123 3.41100001335
124 3.39599990845
125 3.38800001144
126 3.42899990082
127 3.44499993324
128 3.48300004005
129 3.52099990845
130 3.54800009727
131 3.60100007057
132 3.64599990845
133 4.01599979401
134 4.07000017166
135 4.08099985123
136 4.09700012207
137 4.12799978256
138 4.16499996185
139 4.20599985123
140 4.24399995804
141 4.28399991989
142 4.31500005722
143 4.35400009155
144 4.367000103
145 4.41900014877
146 4.44500017166
147 4.48000001907
148 4.49800014496
149 4.53900003433
150 4.55100011826
151 4.19000005722
152 4.29600000381
153 4.61100006104
154 3.23799991608
155 3.40700006485
156 4.70699977875
157 4.59800004959
158 4.54899978638
159 4.80100011826
160 4.81500005722
161 4.84299993515
162 4.89099979401
163 4.92199993134
164 4.96799993515
165 4.98500013351
166 5.01900005341
167 5.03100013733
168 3.15499997139
169 3.20900011063
170 3.36299991608
171 4.09499979019
172 4.91099977493
173 4.87900018692
174 4.84499979019
175 4.83300018311
176 4.80999994278
177 4.82100009918
178 4.82499980927
179 4.83300018311
180 4.85400009155
181 4.88899993896
182 4.80800008774
183 5.32000017166
184 5.44500017166
185 5.47499990463
186 5.5
187 5.50500011444
188 4.59000015259
189 4.56599998474
190 5.55200004578
191 5.58199977875
192 3.63100004196
193 3.53900003433
194 4.07800006866
195 4.05900001526
196 5.6939997673
197 5.70300006866
198 5.72800016403
199 5.75400018692
200 5.78399991989
201 5.79799985886
202 5.82100009918
203 5.82999992371
204 5.83500003815
205 5.8639998436
206 5.85799980164
207 5.88500022888
208 5.87300014496
209 5.89200019836
210 5.92299985886
211 5.94000005722
212 5.93499994278
213 5.95100021362
214 5.9889998436
215 5.99499988556
216 6.01499986649
217 6.01599979401
218 6.03999996185
219 6.07100009918
220 6.06599998474
221 6.05800008774
222 6.06799983978
223 6.09899997711
224 6.10599994659
225 6.11800003052
226 6.10200023651
227 6.11100006104
228 6.132999897
229 6.15100002289
230 6.16099977493
231 6.17399978638
232 6.16900014877
233 6.18400001526
234 6.17500019073
235 6.21000003815
236 6.21999979019
237 6.21899986267
238 6.24100017548
239 6.22399997711
240 6.21799993515
241 6.22300004959
242 6.22399997711
243 6.23799991608
244 2.07299995422
245 2.05999994278
246 2.02399992943
247 2.01200008392
248 2.03099989891
249 2.02699995041
250 2.00200009346
251 2.02099990845
252 2.00900006294
253 1.9960000515
254 2.00699996948
255 2.01200008392
256 2.01799988747
257 1.98899996281
258 2.01099991798
259 1.98300004005
260 1.98699998856
261 1.98699998856
262 1.99399995804
263 1.98500001431
264 2.05599999428
265 6.24800014496
266 2.39599990845
267 2.37400007248
268 2.367000103
269 2.33299994469
270 2.30500006676
271 2.21099996567
272 2.18899989128
273 2.1740000248
274 2.15799999237
275 2.15000009537
276 2.132999897
277 2.13800001144
278 2.11800003052
279 2.15000009537
280 2.16700005531
281 2.19000005722
282 2.21300005913
283 2.28299999237
284 2.33899998665
285 2.38499999046
286 2.38199996948
287 2.42100000381
288 6.0689997673
289 6.05100011826
290 6.03000020981
291 6.00500011444
292 5.99900007248
293 5.95499992371
294 5.9470000267
295 5.94199991226
296 5.92299985886
297 5.90199995041
298 5.89300012589
299 5.87900018692
300 5.87300014496
301 5.84000015259
302 5.82800006866
303 5.81799983978
304 5.79199981689
305 5.78599977493
306 5.77899980545
307 5.75600004196
308 5.75199985504
309 5.72100019455
310 5.6779999733
311 5.65899991989
312 5.63100004196
313 5.61899995804
314 5.58599996567
315 5.56300020218
316 5.55800008774
317 5.54400014877
318 5.52099990845
319 5.31699991226
320 5.09299993515
321 5.4439997673
322 5.44199991226
323 5.41499996185
324 5.40700006485
325 5.38500022888
326 5.35799980164
327 5.33300018311
328 5.28999996185
329 4.35400009155
330 4.04199981689
331 4.11199998856
332 5.01499986649
333 5.15700006485
334 5.13399982452
335 5.10900020599
336 5.08500003815
337 5.05399990082
338 5.03499984741
339 5.02099990845
340 4.94899988174
341 4.81300020218
342 4.95200014114
343 4.92399978638
344 4.89900016785
345 4.85699987411
346 4.82399988174
347 4.69899988174
348 4.55000019073
349 4.73099994659
350 4.70900011063
351 4.6779999733
352 4.64300012589
353 4.59000015259
354 4.57299995422
355 4.55900001526
356 4.3060002327
357 4.35699987411
358 4.47700023651
359 4.4359998703
360 4.44199991226
361 4.40899991989
362 4.36600017548
363 4.34800004959
364 4.31699991226
365 4.24800014496
366 4.24499988556
367 4.18400001526
368 4.17899990082
369 4.14900016785
370 4.09800004959
371 4.0609998703
372 4.04400014877
373 3.99499988556
374 3.96900010109
375 3.95399999619
376 3.9319999218
377 3.88400006294
378 3.88499999046
379 3.83899998665
380 3.82100009918
381 3.71399998665
382 3.62800002098
383 3.60100007057
384 3.56100010872
385 3.52399992943
386 3.49900007248
387 3.46099996567
388 3.42199993134
389 3.38899993896
390 3.37800002098
391 3.31999993324
392 3.29099988937
393 3.27300000191
394 3.25300002098
395 3.25500011444
396 3.29500007629
397 3.31299996376
398 3.35800004005
399 3.39700007439
400 3.43499994278
401 3.46700000763
402 3.51900005341
403 3.5490000248
404 3.59100008011
405 3.64400005341
406 3.67700004578
407 3.72300004959
408 3.71700000763
409 3.77200007439
410 3.82899999619
411 3.88599991798
412 3.92600011826
413 3.99399995804
414 4.05999994278
415 4.117000103
416 4.16300010681
417 4.22900009155
418 4.31699991226
419 4.38100004196
420 4.44600009918
421 4.52400016785
422 4.58599996567
423 4.66099977493
424 4.72499990463
425 4.80900001526
426 4.89699983597
427 5.00299978256
428 5.11100006104
429 5.20499992371
430 5.31599998474
431 5.41099977493
432 5.51800012589
433 5.63899993896
434 5.75600004196
435 5.88000011444
436 6.00899982452
437 6.14900016785
438 6.29600000381
439 6.45599985123
440 6.50500011444
441 6.60099983215
442 6.48099994659
443 3.05100011826
444 3.0569999218
445 3.02600002289
446 3.0150001049
447 3.00900006294
448 3.02099990845
449 2.99900007248
450 2.98200011253
451 3.0
452 2.97300004959
453 2.96300005913
454 2.97499990463
455 2.98300004005
456 2.95600008965
457 2.97399997711
458 2.9509999752
459 2.94499993324
460 2.96099996567
461 2.95000004768
462 2.93799996376
463 2.93899989128
464 2.93499994278
465 2.9319999218
466 2.93000006676
467 2.90899991989
468 2.91799998283
469 2.91100001335
470 2.66700005531
471 2.64199995995
472 2.62400007248
473 2.65100002289
474 0.947000026703
475 0.717000007629
476 0.689999997616
477 0.917999982834
478 2.65499997139
479 2.62199997902
480 2.64299988747
481 2.62299990654
482 2.65000009537
483 2.65000009537
484 2.65400004387
485 2.66100001335
486 2.65400004387
487 2.66499996185
488 2.67899990082
489 2.6819999218
490 2.82699990273
491 2.93000006676
492 2.93899989128
493 2.92700004578
494 2.93700003624
495 2.95300006866
496 2.95600008965
497 2.97000002861
498 2.94600009918
499 2.97900009155
500 2.95600008965
501 2.96600008011
502 2.992000103
503 1.35199999809
504 1.17700004578
505 1.10199999809
506 1.10800004005
507 1.08599996567
508 1.10300004482
509 1.10300004482
510 1.11399996281
511 1.13999998569
512 1.18400001526
513 1.15499997139
514 1.18299996853
515 1.20500004292
516 1.19200003147
517 1.21300005913
518 1.22599995136
519 1.22200000286
520 1.27600002289
521 1.41799998283
522 3.15599989891
523 3.16300010681
524 0.907000005245
525 0.907000005245
526 0.90600001812
527 0.93900001049
528 3.02900004387
529 1.43400001526
530 1.1629999876
531 1.06500005722
532 1.05200004578
533 1.06599998474
534 1.05400002003
535 1.06400001049
536 1.05099999905
537 1.05200004578
538 1.06299996376
539 1.04799997807
540 1.0490000248
