0 4.52199983597
1 4.43200016022
2 4.41699981689
3 4.44500017166
4 4.53800010681
5 4.65100002289
6 4.68300008774
7 4.71000003815
8 4.74800014496
9 4.76900005341
10 4.80200004578
11 4.83400011063
12 4.86100006104
13 4.90700006485
14 4.9310002327
15 4.9359998703
16 4.84800004959
17 4.86100006104
18 4.87300014496
19 4.97399997711
20 5.13899993896
21 5.1810002327
22 5.22599983215
23 5.27199983597
24 5.32100009918
25 5.36499977112
26 5.40899991989
27 5.46000003815
28 5.50199985504
29 5.55200004578
30 5.59899997711
31 5.64499998093
32 5.65000009537
33 0.0
34 17.1499996185
35 17.1590003967
36 17.1599998474
37 0.0
38 0.0
39 0.0
40 17.2399997711
41 17.1749992371
42 17.0849990845
43 16.9979991913
44 16.5259990692
45 16.5510005951
46 16.5230007172
47 13.1649999619
48 13.0889997482
49 12.3350000381
50 11.9340000153
51 11.5900001526
52 11.6029996872
53 11.6350002289
54 11.6339998245
55 11.3640003204
56 10.9989995956
57 10.4770002365
58 10.1309995651
59 8.37699985504
60 8.33800029755
61 8.20800018311
62 7.92000007629
63 7.64499998093
64 7.45800018311
65 7.25299978256
66 7.07000017166
67 6.90000009537
68 6.78499984741
69 6.77299976349
70 6.80900001526
71 6.81500005722
72 6.84499979019
73 6.86600017548
74 6.78000020981
75 6.64599990845
76 1.69000005722
77 1.66999995708
78 1.6740000248
79 1.73000001907
80 5.22100019455
81 4.96299982071
82 4.86100006104
83 4.76900005341
84 4.68800020218
85 4.59399986267
86 4.52299976349
87 4.46899986267
88 4.40100002289
89 4.33300018311
90 4.27799987793
91 4.23500013351
92 4.15899991989
93 4.11499977112
94 4.04300022125
95 3.97300004959
96 3.92499995232
97 3.87700009346
98 3.83400011063
99 3.79200005531
100 3.77999997139
101 3.79200005531
102 3.82500004768
103 3.84200000763
104 3.87400007248
105 3.90499997139
106 3.93099999428
107 3.95600008965
108 3.92100000381
109 3.88899993896
110 3.84500002861
111 3.80500006676
112 3.76900005341
113 3.72300004959
114 3.7009999752
115 3.65499997139
116 3.61500000954
117 3.58999991417
118 3.56399989128
119 3.52600002289
120 3.49900007248
121 3.47699999809
122 3.43799996376
123 3.41100001335
124 3.40000009537
125 3.39400005341
126 3.42700004578
127 3.47000002861
128 3.5039999485
129 3.52699995041
130 3.55800008774
131 3.60800004005
132 3.65300011635
133 4.00899982452
134 4.04799985886
135 4.09399986267
136 4.11999988556
137 4.14900016785
138 4.18400001526
139 4.22399997711
140 4.242000103
141 4.29899978638
142 4.31300020218
143 4.34899997711
144 4.39200019836
145 4.4310002327
146 4.47399997711
147 4.49700021744
148 4.51499986649
149 4.53200006485
150 4.55499982834
151 4.19600009918
152 4.29400014877
153 4.52699995041
154 3.28900003433
155 3.40700006485
156 4.72499990463
157 4.59999990463
158 4.54400014877
159 4.8029999733
160 4.83099985123
161 4.87300014496
162 4.89699983597
163 4.93300008774
164 4.95499992371
165 4.99599981308
166 5.02600002289
167 5.03700017929
168 3.16199994087
169 3.23900008202
170 3.36899995804
171 4.11199998856
172 4.92500019073
173 4.88100004196
174 4.85599994659
175 4.82600021362
176 4.82800006866
177 4.80999994278
178 4.8220000267
179 4.84999990463
180 4.87699985504
181 4.90000009537
182 4.82000017166
183 5.3189997673
184 5.47100019455
185 5.49100017548
186 5.49700021744
187 5.51700019836
188 4.60099983215
189 4.58400011063
190 5.55100011826
191 5.58900022507
192 3.65199995041
193 3.52200007439
194 4.07299995422
195 4.0720000267
196 5.6939997673
197 5.71700000763
198 5.75199985504
199 5.75099992752
200 5.78499984741
201 5.80700016022
202 5.82800006866
203 5.84600019455
204 5.84399986267
205 5.85300016403
206 5.867000103
207 5.89099979401
208 5.88899993896
209 5.90399980545
210 5.92500019073
211 5.9470000267
212 5.94999980927
213 5.96700000763
214 5.97599983215
215 5.98400020599
216 6.02099990845
217 6.02400016785
218 6.06199979782
219 6.07299995422
220 6.08199977875
221 6.09200000763
222 6.07999992371
223 6.09299993515
224 6.11100006104
225 6.10699987411
226 6.117000103
227 6.13399982452
228 6.14900016785
229 6.15299987793
230 6.16099977493
231 6.16300010681
232 6.19199991226
233 6.18400001526
234 6.19199991226
235 6.21299982071
236 6.2389998436
237 6.24900007248
238 6.23000001907
239 6.22499990463
240 6.22900009155
241 6.22599983215
242 6.23799991608
243 6.21899986267
244 2.09299993515
245 2.0529999733
246 2.0569999218
247 2.04500007629
248 2.03299999237
249 2.01099991798
250 2.00699996948
251 2.00300002098
252 2.0
253 2.01699995995
254 2.01799988747
255 2.01099991798
256 2.01399993896
257 1.99100005627
258 2.00900006294
259 2.00999999046
260 1.99000000954
261 1.99399995804
262 2.0150001049
263 2.03399991989
264 2.03999996185
265 6.24499988556
266 2.40199995041
267 2.40700006485
268 2.38400006294
269 2.34899997711
270 2.29800009727
271 2.21499991417
272 2.21000003815
273 2.19799995422
274 2.16599988937
275 2.15799999237
276 2.16199994087
277 2.14499998093
278 2.14299988747
279 2.14199995995
280 2.17000007629
281 2.19099998474
282 2.21300005913
283 2.28500008583
284 2.33599996567
285 2.39899992943
286 2.41300010681
287 2.44400000572
288 6.07899999619
289 6.05900001526
290 6.05200004578
291 6.02600002289
292 5.99900007248
293 5.96400022507
294 5.95599985123
295 5.93400001526
296 5.91300010681
297 5.91099977493
298 5.90000009537
299 5.87300014496
300 5.85900020599
301 5.83799982071
302 5.83400011063
303 5.8220000267
304 5.80200004578
305 5.79300022125
306 5.78100013733
307 5.77699995041
308 5.74800014496
309 5.73600006104
310 5.69299983978
311 5.66599988937
312 5.65100002289
313 5.62300014496
314 5.59499979019
315 5.57899999619
316 5.5609998703
317 5.54099988937
318 5.52600002289
319 5.34700012207
320 5.09200000763
321 5.45100021362
322 5.46000003815
323 5.43200016022
324 5.41499996185
325 5.39099979401
326 5.36299991608
327 5.32999992371
328 5.30000019073
329 4.35699987411
330 4.05200004578
331 4.11899995804
332 5.02600002289
333 5.16900014877
334 5.13899993896
335 5.12099981308
336 5.09299993515
337 5.05900001526
338 5.04600000381
339 5.03399991989
340 4.95100021362
341 4.8109998703
342 4.96899986267
343 4.93699979782
344 4.90100002289
345 4.867000103
346 4.83300018311
347 4.70800018311
348 4.56300020218
349 4.73699998856
350 4.71299982071
351 4.68800020218
352 4.65799999237
353 4.61499977112
354 4.57499980927
355 4.56199979782
356 4.30200004578
357 4.37699985504
358 4.48400020599
359 4.46899986267
360 4.45100021362
361 4.42199993134
362 4.39099979401
363 4.36800003052
364 4.32700014114
365 4.27400016785
366 4.24700021744
367 4.21600008011
368 4.1779999733
369 4.14499998093
370 4.12099981308
371 4.09299993515
372 4.0560002327
373 4.01999998093
374 3.99499988556
375 3.95199990273
376 3.92600011826
377 3.89800000191
378 3.88400006294
379 3.84899997711
380 3.84400010109
381 3.71700000763
382 3.6400001049
383 3.59899997711
384 3.55200004578
385 3.51900005341
386 3.50099992752
387 3.46799993515
388 3.42499995232
389 3.38000011444
390 3.35299992561
391 3.34699988365
392 3.3220000267
393 3.29200005531
394 3.24499988556
395 3.25500011444
396 3.29299998283
397 3.33899998665
398 3.3789999485
399 3.39400005341
400 3.43600010872
401 3.48399996758
402 3.50500011444
403 3.55200004578
404 3.60500001907
405 3.64899992943
406 3.6819999218
407 3.72000002861
408 3.74099993706
409 3.78999996185
410 3.82399988174
411 3.8789999485
412 3.94400000572
413 4.00600004196
414 4.07299995422
415 4.13399982452
416 4.18699979782
417 4.24700021744
418 4.30999994278
419 4.38500022888
420 4.4470000267
421 4.52099990845
422 4.59700012207
423 4.67500019073
424 4.72700023651
425 4.82499980927
426 4.90399980545
427 5.03100013733
428 5.11199998856
429 5.21199989319
430 5.30900001526
431 5.41900014877
432 5.53399991989
433 5.66300010681
434 5.76000022888
435 5.88500022888
436 6.02099990845
437 6.16400003433
438 6.31500005722
439 6.48299980164
440 6.50299978256
441 6.60300016403
442 6.43400001526
443 3.10299992561
444 3.05200004578
445 3.04299998283
446 3.04600000381
447 3.0150001049
448 3.02200007439
449 3.01300001144
450 2.99799990654
451 3.00699996948
452 2.99000000954
453 2.97699999809
454 2.96600008011
455 2.99399995804
456 2.96700000763
457 2.96199989319
458 2.97499990463
459 2.95399999619
460 2.94199991226
461 2.94899988174
462 2.94199991226
463 2.94199991226
464 2.93899989128
465 2.93799996376
466 2.92899990082
467 2.9470000267
468 2.92300009727
469 2.91899991035
470 2.65199995041
471 2.63100004196
472 2.64199995995
473 2.65400004387
474 0.943000018597
475 0.694999992847
476 0.708000004292
477 0.925999999046
478 2.65799999237
479 2.63199996948
480 2.64599990845
481 2.63599991798
482 2.65100002289
483 2.66000008583
484 2.66199994087
485 2.66899991035
486 2.66499996185
487 2.67000007629
488 2.6740000248
489 2.6779999733
490 2.82899999619
491 1.05499994755
492 1.11800003052
493 1.00499999523
494 1.00300002098
495 0.989000022411
496 0.98400002718
497 0.954999983311
498 0.971000015736
499 0.958999991417
500 0.962999999523
501 0.972999989986
502 0.949999988079
503 0.954999983311
504 0.986000001431
505 1.00600004196
506 0.999000012875
507 1.00999999046
508 1.16100001335
509 1.08299994469
510 1.12399995327
511 1.00899994373
512 1.00300002098
513 0.975000023842
514 0.994000017643
515 0.964999973774
516 0.959999978542
517 0.962999999523
518 0.962000012398
519 0.976999998093
520 0.972000002861
521 0.98400002718
522 0.986999988556
523 0.998000025749
524 0.976000010967
525 0.910000026226
526 0.902000010014
527 0.941999971867
528 3.04200005531
529 2.99499988556
530 2.93499994278
531 2.86500000954
532 2.83800005913
533 2.77999997139
534 2.72699999809
535 2.73099994659
536 2.95499992371
537 2.89800000191
538 0.0
539 0.0
540 0.0
