0 4.47900009155
1 4.42600011826
2 4.44199991226
3 4.46700000763
4 4.53499984741
5 4.64499998093
6 4.68200016022
7 4.69000005722
8 4.71600008011
9 4.74900007248
10 4.77899980545
11 4.80900001526
12 4.85900020599
13 4.89699983597
14 4.9279999733
15 4.93699979782
16 4.83799982071
17 4.84299993515
18 4.87200021744
19 4.95900011063
20 5.14499998093
21 5.17100000381
22 5.22399997711
23 5.26200008392
24 5.29699993134
25 5.35799980164
26 5.39900016785
27 5.44999980927
28 5.48999977112
29 5.53499984741
30 5.59899997711
31 5.61800003052
32 5.65700006485
33 0.0
34 17.1439990997
35 17.1410007477
36 17.1340007782
37 0.0
38 0.0
39 0.0
40 17.2380008698
41 17.1669998169
42 17.0709991455
43 16.9969997406
44 16.5200004578
45 16.5279998779
46 16.4979991913
47 13.140999794
48 13.0810003281
49 12.3249998093
50 11.9289999008
51 11.5880002975
52 11.5970001221
53 11.6180000305
54 11.6160001755
55 11.3360004425
56 10.9930000305
57 10.4549999237
58 10.0979995728
59 8.30900001526
60 8.32699966431
61 8.20300006866
62 7.91599988937
63 7.65199995041
64 7.44099998474
65 7.23600006104
66 7.0560002327
67 6.89799976349
68 6.79600000381
69 6.76800012589
70 6.79099988937
71 6.82700014114
72 6.83199977875
73 6.86800003052
74 6.77899980545
75 6.62200021744
76 1.70399999619
77 1.66400003433
78 1.67999994755
79 1.73300004005
80 5.23600006104
81 4.96199989319
82 4.83900022507
83 4.75699996948
84 4.65799999237
85 4.59899997711
86 4.53700017929
87 4.47100019455
88 4.41200017929
89 4.33500003815
90 4.25400018692
91 4.20499992371
92 4.13800001144
93 4.09800004959
94 4.03200006485
95 3.97099995613
96 3.91300010681
97 3.87800002098
98 3.83800005913
99 3.80100011826
100 3.76600003242
101 3.77399992943
102 3.79800009727
103 3.85199999809
104 3.8710000515
105 3.90199995041
106 3.93099999428
107 3.93700003624
108 3.91599988937
109 3.88199996948
110 3.83599996567
111 3.80200004578
112 3.7349998951
113 3.71000003815
114 3.68600010872
115 3.65499997139
116 3.62800002098
117 3.58400011063
118 3.54600000381
119 3.52200007439
120 3.4960000515
121 3.46099996567
122 3.42199993134
123 3.40300011635
124 3.39800000191
125 3.39700007439
126 3.4279999733
127 3.4470000267
128 3.48900008202
129 3.52999997139
130 3.56100010872
131 3.59299993515
132 3.65700006485
133 4.01700019836
134 4.03900003433
135 4.07600021362
136 4.11100006104
137 4.12400007248
138 4.15799999237
139 4.20699977875
140 4.24399995804
141 4.28599977493
142 4.31199979782
143 4.35599994659
144 4.39200019836
145 4.41900014877
146 4.44500017166
147 4.47200012207
148 4.50400018692
149 4.51999998093
150 4.54199981689
151 4.19500017166
152 4.31199979782
153 4.54699993134
154 3.2460000515
155 3.41300010681
156 4.71600008011
157 4.60400009155
158 4.53399991989
159 4.79500007629
160 4.83599996567
161 4.84899997711
162 4.89099979401
163 4.92100000381
164 4.94500017166
165 4.98600006104
166 5.01499986649
167 5.03900003433
168 3.14899992943
169 3.19499993324
170 3.3599998951
171 4.10599994659
172 4.90399980545
173 4.86899995804
174 4.83900022507
175 4.81799983978
176 4.81199979782
177 4.8109998703
178 4.83099985123
179 4.83900022507
180 4.86899995804
181 4.882999897
182 4.80999994278
183 5.30900001526
184 5.46000003815
185 5.48500013351
186 5.49100017548
187 5.50500011444
188 4.60300016403
189 4.5529999733
190 5.54699993134
191 5.57600021362
192 3.6289999485
193 3.52099990845
194 4.06300020218
195 4.02799987793
196 5.6970000267
197 5.71099996567
198 5.71299982071
199 5.74499988556
200 5.77500009537
201 5.79500007629
202 5.82600021362
203 5.80999994278
204 5.82399988174
205 5.85400009155
206 5.867000103
207 5.8860001564
208 5.88700008392
209 5.89799976349
210 5.90399980545
211 5.92999982834
212 5.94299983978
213 5.94799995422
214 5.99399995804
215 6.00199985504
216 6.007999897
217 6.02500009537
218 6.05499982834
219 6.0529999733
220 6.05800008774
221 6.07000017166
222 6.08599996567
223 6.10099983215
224 6.10300016403
225 6.09299993515
226 6.09700012207
227 6.11800003052
228 6.11999988556
229 6.14300012589
230 6.14300012589
231 6.15899991989
232 6.17899990082
233 6.17299985886
234 6.20300006866
235 6.20599985123
236 6.21099996567
237 6.23299980164
238 6.22399997711
239 6.21500015259
240 6.23199987411
241 6.22399997711
242 6.22499990463
243 6.21600008011
244 2.06500005722
245 2.03099989891
246 2.04200005531
247 2.02500009537
248 2.02900004387
249 2.02800011635
250 2.01399993896
251 2.00600004196
252 2.01099991798
253 1.99500000477
254 1.98699998856
255 1.99000000954
256 1.9960000515
257 2.00699996948
258 1.98899996281
259 1.99800002575
260 2.00600004196
261 1.98699998856
262 1.99100005627
263 1.99500000477
264 2.06100010872
265 6.21700000763
266 2.39199995995
267 2.39299988747
268 2.37800002098
269 2.33899998665
270 2.29099988937
271 2.20000004768
272 2.17600011826
273 2.18400001526
274 2.16599988937
275 2.14700007439
276 2.132999897
277 2.14499998093
278 2.11800003052
279 2.11999988556
280 2.18400001526
281 2.18600010872
282 2.21099996567
283 2.28299999237
284 2.34800004959
285 2.39800000191
286 2.41100001335
287 2.42300009727
288 6.05399990082
289 6.05000019073
290 6.02400016785
291 6.01300001144
292 5.98199987411
293 5.97700023651
294 5.9390001297
295 5.9359998703
296 5.91699981689
297 5.89400005341
298 5.867000103
299 5.86100006104
300 5.85900020599
301 5.85099983215
302 5.83099985123
303 5.82299995422
304 5.79600000381
305 5.79400014877
306 5.76999998093
307 5.74700021744
308 5.72399997711
309 5.70399999619
310 5.68400001526
311 5.66800022125
312 5.64799976349
313 5.60900020599
314 5.59000015259
315 5.58099985123
316 5.55499982834
317 5.52799987793
318 5.51999998093
319 5.3140001297
320 5.09600019455
321 5.45699977875
322 5.44299983978
323 5.42299985886
324 5.41400003433
325 5.38100004196
326 5.3639998436
327 5.3189997673
328 5.29199981689
329 4.34899997711
330 4.03100013733
331 4.09999990463
332 5.00899982452
333 5.15999984741
334 5.14200019836
335 5.11100006104
336 5.07999992371
337 5.05700016022
338 5.04400014877
339 5.01300001144
340 4.94199991226
341 4.80499982834
342 4.95300006866
343 4.92899990082
344 4.90000009537
345 4.86499977112
346 4.81799983978
347 4.6939997673
348 4.54400014877
349 4.72599983215
350 4.71299982071
351 4.67299985886
352 4.65100002289
353 4.61299991608
354 4.58900022507
355 4.55200004578
356 4.28200006485
357 4.34999990463
358 4.48999977112
359 4.45200014114
360 4.42700004578
361 4.41800022125
362 4.37400007248
363 4.34200000763
364 4.30800008774
365 4.25699996948
366 4.25299978256
367 4.19799995422
368 4.16699981689
369 4.14499998093
370 4.09000015259
371 4.07000017166
372 4.04300022125
373 4.01200008392
374 3.98000001907
375 3.94899988174
376 3.91400003433
377 3.88100004196
378 3.88100004196
379 3.83699989319
380 3.81299996376
381 3.72000002861
382 3.63199996948
383 3.59200000763
384 3.56100010872
385 3.51200008392
386 3.48799991608
387 3.45900011063
388 3.41700005531
389 3.39299988747
390 3.37199997902
391 3.32100009918
392 3.30399990082
393 3.28099989891
394 3.24399995804
395 3.242000103
396 3.28099989891
397 3.32899999619
398 3.36599993706
399 3.40000009537
400 3.42700004578
401 3.47699999809
402 3.50500011444
403 3.53800010681
404 3.58800005913
405 3.63100004196
406 3.68499994278
407 3.71799993515
408 3.72000002861
409 3.77600002289
410 3.81699991226
411 3.87700009346
412 3.91899991035
413 3.98900008202
414 4.03999996185
415 4.12599992752
416 4.18200016022
417 4.22800016403
418 4.28200006485
419 4.35900020599
420 4.44000005722
421 4.50500011444
422 4.59000015259
423 4.64200019836
424 4.73299980164
425 4.80100011826
426 4.92100000381
427 5.00400018692
428 5.09800004959
429 5.20499992371
430 5.3109998703
431 5.39900016785
432 5.52299976349
433 5.63800001144
434 5.76900005341
435 5.867000103
436 6.01399993896
437 6.15999984741
438 6.30999994278
439 6.46500015259
440 6.47300004959
441 6.59499979019
442 6.48600006104
443 3.07299995422
444 3.03500008583
445 3.02200007439
446 3.03900003433
447 3.01699995995
448 2.99300003052
449 2.99900007248
450 3.00999999046
451 2.99399995804
452 2.97699999809
453 2.96799993515
454 2.97000002861
455 2.97499990463
456 2.96700000763
457 2.94600009918
458 2.94499993324
459 2.94499993324
460 2.95399999619
461 2.93600010872
462 2.93300008774
463 2.93099999428
464 2.93700003624
465 2.92100000381
466 2.91400003433
467 2.91799998283
468 2.90899991989
469 2.89899992943
470 2.66899991035
471 2.6210000515
472 2.617000103
473 2.65799999237
474 0.935000002384
475 0.697000026703
476 0.686999976635
477 0.902999997139
478 2.63000011444
479 2.62199997902
480 2.632999897
481 2.64700007439
482 2.66400003433
483 2.64100003242
484 2.63700008392
485 2.63100004196
486 2.65499997139
487 2.65400004387
488 2.65400004387
489 2.68300008774
490 2.81399989128
491 2.93499994278
492 2.9240000248
493 2.93300008774
494 2.94400000572
495 2.93899989128
496 2.95000004768
497 2.94400000572
498 2.96099996567
499 2.95000004768
500 2.96900010109
501 2.95799994469
502 2.98300004005
503 1.42100000381
504 1.2009999752
505 1.10099995136
506 1.10699999332
507 1.09700000286
508 1.09899997711
509 1.10000002384
510 1.13199996948
511 1.14300000668
512 1.17599999905
513 1.1590000391
514 1.17299997807
515 1.19599997997
516 1.1970000267
517 1.18299996853
518 1.21500003338
519 1.22500002384
520 1.2460000515
521 1.39999997616
522 3.16300010681
523 3.1740000248
524 0.930000007153
525 0.912000000477
526 0.90600001812
527 0.949999988079
528 3.04299998283
529 1.23099994659
530 1.21899998188
531 1.07299995422
532 1.07099997997
533 1.06599998474
534 1.07000005245
535 1.05799996853
536 1.04600000381
537 1.05799996853
538 1.06400001049
539 1.05099999905
540 1.05999994278
