0 4.50600004196
1 4.4279999733
2 4.4470000267
3 4.46899986267
4 4.50600004196
5 4.64400005341
6 4.66499996185
7 4.70300006866
8 4.71799993515
9 4.75699996948
10 4.79699993134
11 4.83199977875
12 4.84800004959
13 4.882999897
14 4.92600011826
15 4.9279999733
16 4.82999992371
17 4.84399986267
18 4.87599992752
19 4.96400022507
20 5.12400007248
21 5.17999982834
22 5.20900011063
23 5.27500009537
24 5.29699993134
25 5.34299993515
26 5.40100002289
27 5.4439997673
28 5.49100017548
29 5.54500007629
30 5.59600019455
31 5.65100002289
32 5.64200019836
33 0.0
34 17.1490001678
35 17.1490001678
36 17.1509990692
37 0.0
38 0.0
39 0.0
40 17.2409992218
41 17.1620006561
42 17.0599994659
43 17.0060005188
44 16.513999939
45 16.545999527
46 16.5109996796
47 13.1639995575
48 13.0570001602
49 12.3210000992
50 11.9200000763
51 11.5819997787
52 11.6000003815
53 11.6219997406
54 11.6350002289
55 11.3389997482
56 10.998000145
57 10.4530000687
58 10.0900001526
59 8.2889995575
60 8.32299995422
61 8.20899963379
62 7.91200017929
63 7.63800001144
64 7.45200014114
65 7.22700023651
66 7.05499982834
67 6.90299987793
68 6.78599977493
69 6.77699995041
70 6.80999994278
71 6.81300020218
72 6.83799982071
73 6.86899995804
74 6.78299999237
75 6.63500022888
76 1.6970000267
77 1.69099998474
78 1.70299994946
79 1.72099995613
80 5.24800014496
81 4.96299982071
82 4.86100006104
83 4.7610001564
84 4.67299985886
85 4.61000013351
86 4.53599977493
87 4.46999979019
88 4.40500020981
89 4.33599996567
90 4.26399993896
91 4.21000003815
92 4.16099977493
93 4.09800004959
94 4.03599977493
95 3.99300003052
96 3.93600010872
97 3.88400006294
98 3.82500004768
99 3.77900004387
100 3.76600003242
101 3.77699995041
102 3.82500004768
103 3.84999990463
104 3.882999897
105 3.89700007439
106 3.91599988937
107 3.94000005722
108 3.89700007439
109 3.88800001144
110 3.83899998665
111 3.79800009727
112 3.76999998093
113 3.73600006104
114 3.69099998474
115 3.65599989891
116 3.62299990654
117 3.57899999619
118 3.5490000248
119 3.53800010681
120 3.49000000954
121 3.46900010109
122 3.43799996376
123 3.40100002289
124 3.40100002289
125 3.38499999046
126 3.42199993134
127 3.43600010872
128 3.48799991608
129 3.51900005341
130 3.56999993324
131 3.58800005913
132 3.65300011635
133 4.00699996948
134 4.03999996185
135 4.10099983215
136 4.11999988556
137 4.15600013733
138 4.17299985886
139 4.21600008011
140 4.25299978256
141 4.26800012589
142 4.32000017166
143 4.33900022507
144 4.38000011444
145 4.41599988937
146 4.46000003815
147 4.49399995804
148 4.51000022888
149 4.52699995041
150 4.53599977493
151 4.19600009918
152 4.29099988937
153 0.0
154 3.28699994087
155 3.40000009537
156 4.70300006866
157 4.60699987411
158 4.5609998703
159 4.78700017929
160 4.82600021362
161 4.85599994659
162 4.89099979401
163 4.92999982834
164 4.94899988174
165 4.98600006104
166 5.00699996948
167 5.02600002289
168 3.125
169 3.19899988174
170 3.37800002098
171 4.10799980164
172 4.91300010681
173 4.87900018692
174 4.84499979019
175 4.83099985123
176 4.81799983978
177 4.80499982834
178 4.8189997673
179 4.83500003815
180 4.86299991608
181 4.89699983597
182 4.81599998474
183 5.29500007629
184 5.47100019455
185 5.47900009155
186 5.48999977112
187 5.49599981308
188 4.59299993515
189 4.58199977875
190 5.54899978638
191 5.57600021362
192 3.625
193 3.52600002289
194 4.07899999619
195 4.04899978638
196 5.6859998703
197 5.70300006866
198 5.73000001907
199 5.75099992752
200 5.78499984741
201 5.79699993134
202 5.8060002327
203 5.83599996567
204 5.83900022507
205 5.84600019455
206 5.86199998856
207 5.85900020599
208 5.86499977112
209 5.91099977493
210 5.91800022125
211 5.94799995422
212 5.95599985123
213 5.96000003815
214 5.97300004959
215 5.98199987411
216 6.02199983597
217 6.03900003433
218 6.03200006485
219 6.07399988174
220 6.08400011063
221 6.09000015259
222 6.08599996567
223 6.10400009155
224 6.09899997711
225 6.11100006104
226 6.11299991608
227 6.12200021744
228 6.13100004196
229 6.14099979401
230 6.16400003433
231 6.15100002289
232 6.15600013733
233 6.18800020218
234 6.1859998703
235 6.21999979019
236 6.20200014114
237 6.20800018311
238 6.22200012207
239 6.22900009155
240 6.22800016403
241 6.21099996567
242 6.21400022507
243 6.21899986267
244 2.06999993324
245 2.04299998283
246 2.02300000191
247 2.02900004387
248 2.00900006294
249 2.02099990845
250 2.02300000191
251 2.00200009346
252 2.01600003242
253 2.0039999485
254 2.00999999046
255 2.00900006294
256 2.00500011444
257 2.00600004196
258 1.98399996758
259 1.98800003529
260 1.98800003529
261 1.98699998856
262 1.98800003529
263 2.0150001049
264 2.04200005531
265 6.22599983215
266 2.40499997139
267 2.36400008202
268 2.38400006294
269 2.33699989319
270 2.28699994087
271 2.20600008965
272 2.20600008965
273 2.16899991035
274 2.16899991035
275 2.15400004387
276 2.11500000954
277 2.132999897
278 2.14100003242
279 2.14400005341
280 2.14599990845
281 2.20900011063
282 2.21600008011
283 2.26999998093
284 2.33899998665
285 2.382999897
286 2.40499997139
287 2.43799996376
288 6.0720000267
289 6.04300022125
290 6.04199981689
291 6.01599979401
292 5.99399995804
293 5.96400022507
294 5.94999980927
295 5.9470000267
296 5.91599988937
297 5.90199995041
298 5.89900016785
299 5.86199998856
300 5.86299991608
301 5.84200000763
302 5.82700014114
303 5.81300020218
304 5.81500005722
305 5.78800010681
306 5.79400014877
307 5.77699995041
308 5.74599981308
309 5.71500015259
310 5.68800020218
311 5.66400003433
312 5.64200019836
313 5.61999988556
314 5.58900022507
315 5.57100009918
316 5.5689997673
317 5.52899980545
318 5.51499986649
319 5.30399990082
320 5.08400011063
321 5.44999980927
322 5.4439997673
323 5.41900014877
324 5.40999984741
325 5.39599990845
326 5.36000013351
327 5.32999992371
328 5.28399991989
329 4.37900018692
330 4.04099988937
331 4.117000103
332 5.01200008392
333 5.16499996185
334 5.12699985504
335 5.11199998856
336 5.08300018311
337 5.05800008774
338 5.03700017929
339 5.01300001144
340 4.95699977875
341 4.80399990082
342 4.95399999619
343 4.92700004578
344 4.89599990845
345 4.86299991608
346 4.83199977875
347 4.69299983978
348 4.55399990082
349 4.72900009155
350 4.69199991226
351 4.66800022125
352 4.65199995041
353 4.61899995804
354 4.57000017166
355 4.55200004578
356 4.3029999733
357 4.35799980164
358 4.48999977112
359 4.46700000763
360 4.44199991226
361 4.41699981689
362 4.37099981308
363 4.32499980927
364 4.31799983978
365 4.27199983597
366 4.23299980164
367 4.20699977875
368 4.17000007629
369 4.14499998093
370 4.117000103
371 4.07299995422
372 4.03700017929
373 4.00600004196
374 3.97300004959
375 3.95900011063
376 3.90899991989
377 3.89299988747
378 3.88599991798
379 3.84899997711
380 3.81900000572
381 3.71600008011
382 3.61800003052
383 3.57899999619
384 3.5529999733
385 3.52099990845
386 3.49399995804
387 3.45900011063
388 3.40899991989
389 3.39400005341
390 3.36599993706
391 3.33299994469
392 3.28399991989
393 3.28800010681
394 3.26099991798
395 3.25500011444
396 3.29999995232
397 3.32100009918
398 3.36599993706
399 3.40799999237
400 3.42899990082
401 3.46600008011
402 3.49900007248
403 3.56100010872
404 3.57800006866
405 3.63199996948
406 3.67300009727
407 3.72000002861
408 3.72799992561
409 3.76200008392
410 3.82399988174
411 3.8710000515
412 3.93899989128
413 3.99099993706
414 4.06799983978
415 4.11899995804
416 4.15600013733
417 4.22800016403
418 4.3029999733
419 4.37099981308
420 4.44799995422
421 4.492000103
422 4.58900022507
423 4.65999984741
424 4.73299980164
425 4.80000019073
426 4.89799976349
427 5.01200008392
428 5.10300016403
429 5.20699977875
430 5.30399990082
431 5.41499996185
432 5.53800010681
433 5.63899993896
434 5.75099992752
435 5.882999897
436 6.01499986649
437 6.17500019073
438 6.30800008774
439 6.47599983215
440 6.49499988556
441 6.59600019455
442 6.42299985886
443 3.05900001526
444 3.03900003433
445 3.03999996185
446 3.04800009727
447 3.02200007439
448 3.0150001049
449 3.01399993896
450 2.99499988556
451 2.98300004005
452 2.98000001907
453 2.97699999809
454 2.98399996758
455 2.9509999752
456 2.97499990463
457 2.95499992371
458 2.94600009918
459 2.93799996376
460 2.94400000572
461 2.93400001526
462 2.96000003815
463 2.92700004578
464 2.92600011826
465 2.92499995232
466 2.92000007629
467 2.92600011826
468 2.90599989891
469 2.91599988937
470 2.64700007439
471 2.6400001049
472 2.617000103
473 2.64299988747
474 0.940999984741
475 0.712000012398
476 0.699000000954
477 0.913999974728
478 2.63700008392
479 2.63800001144
480 2.63800001144
481 2.62599992752
482 2.65000009537
483 2.63599991798
484 2.66100001335
485 2.65700006485
486 2.66499996185
487 2.65599989891
488 2.68300008774
489 2.67000007629
490 2.83299994469
491 2.93099999428
492 2.9509999752
493 2.94600009918
494 2.9509999752
495 2.94099998474
496 2.93600010872
497 2.96300005913
498 2.95600008965
499 2.94600009918
500 2.96399998665
501 2.98600006104
502 2.9960000515
503 1.38900005817
504 1.1970000267
505 1.11899995804
506 1.10699999332
507 1.11300003529
508 1.11600005627
509 1.11300003529
510 1.11600005627
511 1.14400005341
512 1.17499995232
513 1.19400000572
514 1.19299995899
515 1.16900002956
516 1.21300005913
517 1.21099996567
518 1.21300005913
519 1.24199998379
520 1.2879999876
521 1.41600000858
522 3.16100001335
523 3.16899991035
524 0.930000007153
525 0.90499997139
526 0.898000001907
527 0.948000013828
528 3.03299999237
529 1.40699994564
530 1.14199995995
531 1.06700003147
532 1.06400001049
533 1.07099997997
534 1.06900000572
535 1.05799996853
536 1.08299994469
537 1.06599998474
538 1.07899999619
539 1.05999994278
540 1.06400001049
