0 4.49800014496
1 4.4279999733
2 4.43499994278
3 4.47100019455
4 4.53700017929
5 4.6360001564
6 4.67500019073
7 4.69000005722
8 4.71600008011
9 4.75600004196
10 4.78100013733
11 4.82700014114
12 4.85900020599
13 4.89900016785
14 4.91900014877
15 4.9359998703
16 4.83699989319
17 4.83900022507
18 4.86600017548
19 4.96899986267
20 5.14200019836
21 5.1859998703
22 5.21700000763
23 5.26499986649
24 5.30800008774
25 5.36100006104
26 5.38999986649
27 5.4470000267
28 5.49399995804
29 5.54799985886
30 5.59499979019
31 5.63899993896
32 5.65399980545
33 0.0
34 17.1410007477
35 17.1289997101
36 17.1350002289
37 0.0
38 0.0
39 0.0
40 17.216999054
41 17.1560001373
42 17.061000824
43 16.9960002899
44 16.5289993286
45 16.5389995575
46 16.4990005493
47 13.1470003128
48 13.0679998398
49 12.3140001297
50 11.9589996338
51 11.5839996338
52 11.6120004654
53 11.6180000305
54 11.6029996872
55 11.3280000687
56 11.0080003738
57 10.4630002975
58 10.1129999161
59 8.31299972534
60 8.33199977875
61 8.20600032806
62 7.90299987793
63 7.63500022888
64 7.43800020218
65 7.22399997711
66 7.05100011826
67 6.88000011444
68 6.78399991989
69 6.78200006485
70 6.78900003433
71 6.81199979782
72 6.84000015259
73 6.86600017548
74 6.78499984741
75 6.64200019836
76 1.68599998951
77 1.68200004101
78 1.67200005054
79 1.72699999809
80 5.21999979019
81 4.96199989319
82 4.84399986267
83 4.77400016785
84 4.66099977493
85 4.60500001907
86 4.53900003433
87 4.47499990463
88 4.40399980545
89 4.31799983978
90 4.26999998093
91 4.19500017166
92 4.13500022888
93 4.10500001907
94 4.04600000381
95 3.98699998856
96 3.9430000782
97 3.88400006294
98 3.84500002861
99 3.80200004578
100 3.77600002289
101 3.77800011635
102 3.81399989128
103 3.84400010109
104 3.87599992752
105 3.91300010681
106 3.95399999619
107 3.94499993324
108 3.92000007629
109 3.86400008202
110 3.82699990273
111 3.80999994278
112 3.7539999485
113 3.72099995613
114 3.68300008774
115 3.66100001335
116 3.62199997902
117 3.58800005913
118 3.55999994278
119 3.52600002289
120 3.49499988556
121 3.46099996567
122 3.43799996376
123 3.41300010681
124 3.39899992943
125 3.37700009346
126 3.42499995232
127 3.44499993324
128 3.48900008202
129 3.52900004387
130 3.57399988174
131 3.59599995613
132 3.66700005531
133 4.02899980545
134 4.06699991226
135 4.08900022507
136 4.09800004959
137 4.13000011444
138 4.17399978638
139 4.21600008011
140 4.24499988556
141 4.28800010681
142 4.29699993134
143 4.33500003815
144 4.39400005341
145 4.43200016022
146 4.45499992371
147 4.47800016403
148 4.48000001907
149 4.53499984741
150 4.54699993134
151 4.20399999619
152 4.27099990845
153 4.60900020599
154 3.27600002289
155 3.39899992943
156 4.70699977875
157 4.59100008011
158 4.56300020218
159 4.79400014877
160 4.8220000267
161 4.84600019455
162 4.8860001564
163 4.92299985886
164 4.96400022507
165 4.99599981308
166 5.01499986649
167 5.03599977493
168 3.11100006104
169 3.22399997711
170 3.35299992561
171 4.09100008011
172 4.90999984741
173 4.87900018692
174 4.84700012207
175 4.82499980927
176 4.8109998703
177 4.8189997673
178 4.82499980927
179 4.83699989319
180 4.8639998436
181 4.89400005341
182 4.81599998474
183 5.32000017166
184 5.44600009918
185 5.48199987411
186 5.492000103
187 5.51900005341
188 4.59600019455
189 4.5609998703
190 5.55700016022
191 5.59800004959
192 3.632999897
193 3.52099990845
194 4.07600021362
195 4.06599998474
196 5.70399999619
197 5.70200014114
198 5.72800016403
199 5.75199985504
200 5.77699995041
201 5.80800008774
202 5.8189997673
203 5.81599998474
204 5.85099983215
205 5.86499977112
206 5.87400007248
207 5.875
208 5.87200021744
209 5.89900016785
210 5.91400003433
211 5.92899990082
212 5.94799995422
213 5.96799993515
214 5.97700023651
215 5.992000103
216 6.02699995041
217 6.01300001144
218 6.04199981689
219 6.06500005722
220 6.07100009918
221 6.09100008011
222 6.10099983215
223 6.08900022507
224 6.08400011063
225 6.11299991608
226 6.10099983215
227 6.12099981308
228 6.12599992752
229 6.15299987793
230 6.14300012589
231 6.17399978638
232 6.16300010681
233 6.16499996185
234 6.18400001526
235 6.21299982071
236 6.21999979019
237 6.22200012207
238 6.23600006104
239 6.21099996567
240 6.21899986267
241 6.22499990463
242 6.23000001907
243 6.22399997711
244 2.07100009918
245 2.04099988937
246 2.02800011635
247 2.01099991798
248 2.01099991798
249 2.007999897
250 2.00099992752
251 2.0039999485
252 2.01699995995
253 1.9960000515
254 2.00300002098
255 2.01200008392
256 2.0150001049
257 1.9960000515
258 1.98800003529
259 2.00500011444
260 1.98399996758
261 1.98800003529
262 1.99199998379
263 1.9960000515
264 2.03299999237
265 6.23600006104
266 2.38800001144
267 2.37299990654
268 2.38199996948
269 2.33100008965
270 2.30200004578
271 2.20700001717
272 2.18400001526
273 2.20199990273
274 2.16799998283
275 2.15499997139
276 2.13700008392
277 2.13599991798
278 2.125
279 2.13499999046
280 2.16499996185
281 2.18899989128
282 2.21900010109
283 2.27900004387
284 2.3180000782
285 2.38100004196
286 2.39599990845
287 2.43499994278
288 6.05999994278
289 6.05000019073
290 6.03499984741
291 6.02299976349
292 5.97900009155
293 5.96600008011
294 5.95200014114
295 5.93200016022
296 5.90700006485
297 5.91300010681
298 5.87900018692
299 5.86199998856
300 5.85699987411
301 5.85099983215
302 5.82899999619
303 5.8220000267
304 5.79400014877
305 5.79699993134
306 5.76900005341
307 5.7610001564
308 5.74100017548
309 5.71700000763
310 5.6939997673
311 5.65999984741
312 5.64400005341
313 5.62200021744
314 5.59200000763
315 5.55900001526
316 5.54600000381
317 5.53100013733
318 5.52099990845
319 5.30900001526
320 5.08599996567
321 5.45100021362
322 5.44999980927
323 5.41800022125
324 5.40500020981
325 5.39099979401
326 5.36299991608
327 5.33099985123
328 5.31500005722
329 4.34800004959
330 4.04899978638
331 4.11199998856
332 5.01999998093
333 5.16300010681
334 5.13000011444
335 5.11600017548
336 5.08500003815
337 5.05900001526
338 5.03700017929
339 5.01399993896
340 4.95800018311
341 4.80399990082
342 4.95200014114
343 4.92700004578
344 4.89799976349
345 4.86899995804
346 4.8189997673
347 4.6939997673
348 4.55800008774
349 4.73199987411
350 4.69500017166
351 4.68200016022
352 4.64300012589
353 4.60900020599
354 4.57600021362
355 4.55999994278
356 4.29400014877
357 4.35799980164
358 4.48400020599
359 4.46600008011
360 4.44600009918
361 4.41800022125
362 4.37599992752
363 4.34800004959
364 4.3029999733
365 4.27400016785
366 4.22499990463
367 4.20399999619
368 4.15600013733
369 4.13500022888
370 4.117000103
371 4.06799983978
372 4.02400016785
373 3.99799990654
374 3.98000001907
375 3.95399999619
376 3.94000005722
377 3.91000008583
378 3.85700011253
379 3.84200000763
380 3.8220000267
381 3.70799994469
382 3.64599990845
383 3.60700011253
384 3.5490000248
385 3.52300000191
386 3.5
387 3.46000003815
388 3.42199993134
389 3.40199995041
390 3.37299990654
391 3.34100008011
392 3.28999996185
393 3.26799988747
394 3.24799990654
395 3.26900005341
396 3.29600000381
397 3.32399988174
398 3.35800004005
399 3.40499997139
400 3.43499994278
401 3.46600008011
402 3.51799988747
403 3.54200005531
404 3.59100008011
405 3.64400005341
406 3.68099999428
407 3.72000002861
408 3.74300003052
409 3.7650001049
410 3.82399988174
411 3.87700009346
412 3.93300008774
413 3.97600007057
414 4.07000017166
415 4.117000103
416 4.17399978638
417 4.23400020599
418 4.30399990082
419 4.36899995804
420 4.42299985886
421 4.51200008392
422 4.59100008011
423 4.632999897
424 4.72800016403
425 4.8060002327
426 4.89200019836
427 5.01300001144
428 5.09600019455
429 5.19899988174
430 5.31199979782
431 5.41400003433
432 5.52799987793
433 5.64499998093
434 5.7610001564
435 5.8639998436
436 6.01900005341
437 6.14900016785
438 6.3189997673
439 6.47599983215
440 6.49599981308
441 6.59399986267
442 6.42700004578
443 3.05900001526
444 3.03699994087
445 3.02800011635
446 3.03099989891
447 3.03900003433
448 3.00300002098
449 3.00900006294
450 3.00099992752
451 2.99699997902
452 2.98900008202
453 2.98399996758
454 2.96499991417
455 2.97099995613
456 2.9849998951
457 2.95600008965
458 2.94499993324
459 2.94099998474
460 2.95600008965
461 2.95300006866
462 2.93799996376
463 2.93499994278
464 2.93799996376
465 2.9279999733
466 2.9240000248
467 2.90899991989
468 2.91400003433
469 2.92000007629
470 2.65300011635
471 2.65400004387
472 2.65000009537
473 2.632999897
474 0.939999997616
475 0.708000004292
476 0.698000013828
477 0.912999987602
478 2.65100002289
479 2.64400005341
480 2.64199995995
481 2.64700007439
482 2.66000008583
483 2.65000009537
484 2.65100002289
485 2.63899993896
486 2.66599988937
487 2.66400003433
488 2.66700005531
489 2.67300009727
490 2.81399989128
491 2.92600011826
492 2.94600009918
493 2.94400000572
494 2.92899990082
495 2.93700003624
496 2.95900011063
497 2.96000003815
498 2.95300006866
499 2.96399998665
500 2.96399998665
501 2.98300004005
502 2.99099993706
503 1.39300000668
504 1.20299994946
505 1.10300004482
506 1.09200000763
507 1.10899996758
508 1.11399996281
509 1.11199998856
510 1.12399995327
511 1.13600003719
512 1.18700003624
513 1.18900001049
514 1.19200003147
515 1.1779999733
516 1.19200003147
517 1.19799995422
518 1.22200000286
519 1.24199998379
520 1.28100001812
521 1.41700005531
522 3.15100002289
523 3.17000007629
524 0.921000003815
525 0.907999992371
526 0.912999987602
527 0.954999983311
528 3.04399991035
529 1.42100000381
530 1.14600002766
531 1.05099999905
532 1.07099997997
533 1.04600000381
534 1.05999994278
535 1.04999995232
536 1.07099997997
537 1.07899999619
538 1.06799995899
539 1.04799997807
540 1.04700005054
