0 4.51499986649
1 4.4470000267
2 4.45399999619
3 4.48199987411
4 4.54099988937
5 4.64599990845
6 4.67500019073
7 4.71099996567
8 4.74499988556
9 4.76999998093
10 4.81199979782
11 4.82999992371
12 4.867000103
13 4.88800001144
14 4.92600011826
15 4.9439997673
16 4.84299993515
17 4.85099983215
18 4.88399982452
19 4.97300004959
20 5.13100004196
21 5.19000005722
22 5.22200012207
23 5.2610001564
24 5.31699991226
25 5.35500001907
26 5.40600013733
27 5.44999980927
28 5.49800014496
29 5.5560002327
30 5.59899997711
31 5.65899991989
32 5.65999984741
33 0.0
34 17.1499996185
35 17.138999939
36 17.1469993591
37 0.0
38 0.0
39 0.0
40 17.2460002899
41 17.1590003967
42 17.0760002136
43 17.0060005188
44 16.5170001984
45 16.5429992676
46 16.5090007782
47 13.1560001373
48 13.0839996338
49 12.3249998093
50 11.9359998703
51 11.5939998627
52 11.6049995422
53 11.6210002899
54 11.6300001144
55 11.3389997482
56 10.986000061
57 10.4610004425
58 10.107000351
59 8.34399986267
60 8.33899974823
61 8.20800018311
62 7.90600013733
63 7.63500022888
64 7.4470000267
65 7.23199987411
66 7.06500005722
67 6.90899991989
68 6.78599977493
69 6.77799987793
70 6.80900001526
71 6.82000017166
72 6.85300016403
73 6.87300014496
74 6.78299999237
75 6.63700008392
76 1.70000004768
77 1.69900000095
78 1.69000005722
79 1.72399997711
80 5.24300003052
81 4.96099996567
82 4.85599994659
83 4.77899980545
84 4.67700004578
85 4.61000013351
86 4.54300022125
87 4.47900009155
88 4.38199996948
89 4.32999992371
90 4.25099992752
91 4.21700000763
92 4.15999984741
93 4.11299991608
94 4.04300022125
95 3.98399996758
96 3.93899989128
97 3.88899993896
98 3.83599996567
99 3.78500008583
100 3.7650001049
101 3.77399992943
102 3.81100010872
103 3.85400009155
104 3.88100004196
105 3.88800001144
106 3.93400001526
107 3.93600010872
108 3.91300010681
109 3.867000103
110 3.84400010109
111 3.79600000381
112 3.77200007439
113 3.72799992561
114 3.69000005722
115 3.66000008583
116 3.625
117 3.59400010109
118 3.5720000267
119 3.53099989891
120 3.50999999046
121 3.47000002861
122 3.4470000267
123 3.4240000248
124 3.40400004387
125 3.39100003242
126 3.43400001526
127 3.45399999619
128 3.4960000515
129 3.52200007439
130 3.56599998474
131 3.60700011253
132 3.66100001335
133 4.03599977493
134 4.05399990082
135 4.07700014114
136 4.12900018692
137 4.14900016785
138 4.17700004578
139 4.21700000763
140 4.25600004196
141 4.28800010681
142 4.31799983978
143 4.32600021362
144 4.39599990845
145 4.41400003433
146 4.46400022507
147 4.48600006104
148 4.50600004196
149 4.53299999237
150 4.53800010681
151 4.21400022507
152 4.29600000381
153 4.48000001907
154 3.26900005341
155 3.4279999733
156 4.70399999619
157 4.60599994659
158 4.56799983978
159 4.78599977493
160 4.83400011063
161 4.85400009155
162 4.89300012589
163 4.9359998703
164 4.96500015259
165 5.00099992752
166 5.01800012589
167 5.03200006485
168 3.15499997139
169 3.21099996567
170 3.37299990654
171 4.117000103
172 4.90299987793
173 4.87799978256
174 4.86299991608
175 4.82899999619
176 4.81599998474
177 4.82000017166
178 4.82299995422
179 4.84600019455
180 4.86999988556
181 4.89799976349
182 4.82800006866
183 5.31199979782
184 5.47499990463
185 5.47599983215
186 5.50199985504
187 5.52500009537
188 4.59899997711
189 4.5609998703
190 5.56799983978
191 5.58400011063
192 3.63400006294
193 3.52099990845
194 4.09700012207
195 4.0609998703
196 5.69999980927
197 5.70800018311
198 5.72599983215
199 5.75199985504
200 5.76499986649
201 5.79699993134
202 5.82899999619
203 5.82499980927
204 5.82899999619
205 5.86600017548
206 5.85200023651
207 5.87400007248
208 5.89300012589
209 5.90000009537
210 5.91900014877
211 5.94099998474
212 5.96199989319
213 5.97800016403
214 5.99100017548
215 6.0
216 6.00600004196
217 6.01999998093
218 6.04199981689
219 6.0720000267
220 6.06599998474
221 6.08300018311
222 6.09800004959
223 6.10200023651
224 6.09800004959
225 6.1139998436
226 6.10699987411
227 6.11999988556
228 6.14400005341
229 6.14499998093
230 6.13700008392
231 6.16800022125
232 6.18699979782
233 6.20399999619
234 6.20100021362
235 6.21000003815
236 6.22200012207
237 6.22399997711
238 6.23699998856
239 6.22900009155
240 6.22100019455
241 6.22700023651
242 6.24800014496
243 6.22900009155
244 2.08100008965
245 2.0529999733
246 2.02999997139
247 2.04299998283
248 2.03999996185
249 2.02399992943
250 2.00099992752
251 2.00600004196
252 2.00900006294
253 1.99800002575
254 2.0039999485
255 2.01099991798
256 2.01600003242
257 2.00600004196
258 2.0
259 1.98699998856
260 1.99699997902
261 2.01200008392
262 2.00999999046
263 2.02300000191
264 2.07299995422
265 6.2389998436
266 2.40400004387
267 2.3900001049
268 2.38400006294
269 2.34500002861
270 2.27999997139
271 2.22199988365
272 2.19499993324
273 2.18400001526
274 2.18499994278
275 2.1740000248
276 2.13199996948
277 2.14299988747
278 2.15100002289
279 2.14899992943
280 2.18799996376
281 2.19400000572
282 2.21199989319
283 2.29200005531
284 2.34899997711
285 2.39899992943
286 2.39199995995
287 2.43899989128
288 6.05399990082
289 6.04099988937
290 6.04600000381
291 6.01300001144
292 5.98699998856
293 5.98999977112
294 5.96700000763
295 5.9390001297
296 5.93200016022
297 5.91900014877
298 5.875
299 5.87599992752
300 5.87200021744
301 5.83599996567
302 5.84000015259
303 5.82800006866
304 5.81300020218
305 5.78999996185
306 5.77899980545
307 5.76000022888
308 5.73999977112
309 5.72200012207
310 5.70100021362
311 5.6779999733
312 5.64599990845
313 5.62599992752
314 5.58799982071
315 5.58699989319
316 5.56599998474
317 5.52899980545
318 5.52699995041
319 5.32800006866
320 5.09899997711
321 5.44899988174
322 5.4439997673
323 5.43800020218
324 5.42000007629
325 5.39699983597
326 5.34499979019
327 5.33099985123
328 5.30700016022
329 4.37900018692
330 4.05100011826
331 4.12400007248
332 5.01300001144
333 5.16800022125
334 5.14900016785
335 5.117000103
336 5.08500003815
337 5.06599998474
338 5.05100011826
339 5.02600002289
340 4.95599985123
341 4.81300020218
342 4.94600009918
343 4.94099998474
344 4.89300012589
345 4.86600017548
346 4.82800006866
347 4.70200014114
348 4.54400014877
349 4.73299980164
350 4.70699977875
351 4.67899990082
352 4.65000009537
353 4.62099981308
354 4.60400009155
355 4.56699991226
356 4.29600000381
357 4.35200023651
358 4.49800014496
359 4.46500015259
360 4.43400001526
361 4.41300010681
362 4.39799976349
363 4.35599994659
364 4.32999992371
365 4.27600002289
366 4.24100017548
367 4.19999980927
368 4.1859998703
369 4.14300012589
370 4.11999988556
371 4.0609998703
372 4.05100011826
373 4.00400018692
374 3.98399996758
375 3.95000004768
376 3.91599988937
377 3.89100003242
378 3.8710000515
379 3.85500001907
380 3.82999992371
381 3.71099996567
382 3.64400005341
383 3.59599995613
384 3.55999994278
385 3.52200007439
386 3.48099994659
387 3.45900011063
388 3.43600010872
389 3.40799999237
390 3.36999988556
391 3.34299993515
392 3.30500006676
393 3.28800010681
394 3.27300000191
395 3.25099992752
396 3.29999995232
397 3.33200001717
398 3.3710000515
399 3.40700006485
400 3.43700003624
401 3.48099994659
402 3.51999998093
403 3.56399989128
404 3.58899998665
405 3.64199995995
406 3.69600009918
407 3.72199988365
408 3.75
409 3.79299998283
410 3.83699989319
411 3.867000103
412 3.9240000248
413 4.00099992752
414 4.06500005722
415 4.13000011444
416 4.1859998703
417 4.23500013351
418 4.30999994278
419 4.35599994659
420 4.45399999619
421 4.51399993896
422 4.59899997711
423 4.65500020981
424 4.73799991608
425 4.8140001297
426 4.91300010681
427 5.02500009537
428 5.11100006104
429 5.21999979019
430 5.31599998474
431 5.42199993134
432 5.53299999237
433 5.6360001564
434 5.76900005341
435 5.89300012589
436 6.01599979401
437 6.15799999237
438 6.32399988174
439 6.47700023651
440 6.51000022888
441 6.60500001907
442 6.48600006104
443 3.0759999752
444 3.05900001526
445 3.03500008583
446 3.02399992943
447 3.04099988937
448 3.01900005341
449 3.01900005341
450 3.01699995995
451 2.99399995804
452 2.98600006104
453 2.9960000515
454 2.9849998951
455 2.97099995613
456 2.96799993515
457 2.96499991417
458 2.94400000572
459 2.96799993515
460 2.97000002861
461 2.95700001717
462 2.93300008774
463 2.92700004578
464 2.9319999218
465 2.9319999218
466 2.93000006676
467 2.91899991035
468 2.9240000248
469 2.91100001335
470 2.66899991035
471 2.64100003242
472 2.62199997902
473 2.6400001049
474 0.950999975204
475 0.708999991417
476 0.703999996185
477 0.916999995708
478 2.66300010681
479 2.66000008583
480 2.64400005341
481 2.65599989891
482 2.65499997139
483 2.67499995232
484 2.65700006485
485 2.64700007439
486 2.66400003433
487 2.66499996185
488 2.67199993134
489 2.66300010681
490 2.83699989319
491 1.24699997902
492 1.09800004959
493 1.00600004196
494 1.00600004196
495 0.966000020504
496 0.966000020504
497 0.98299998045
498 0.987999975681
499 0.96899998188
500 0.989000022411
501 0.995000004768
502 0.990999996662
503 0.976000010967
504 0.987999975681
505 1.00300002098
506 1.03299999237
507 1.14900004864
508 1.11099994183
509 1.18299996853
510 1.05200004578
511 1.0340000391
512 1.02799999714
513 0.987999975681
514 0.989000022411
515 1.00899994373
516 0.98400002718
517 0.985000014305
518 1.01100003719
519 1.0
520 1.01499998569
521 1.00199997425
522 0.998000025749
523 1.01699995995
524 0.962000012398
525 0.907000005245
526 0.913999974728
527 0.926999986172
528 3.04299998283
529 2.99300003052
530 2.9319999218
531 2.88400006294
532 2.82100009918
533 2.78399991989
534 2.7460000515
535 2.70000004768
536 2.95399999619
537 2.91599988937
538 0.0
539 0.0
540 0.0
