0 4.49300003052
1 4.42399978638
2 4.43300008774
3 4.48099994659
4 4.54500007629
5 4.64300012589
6 4.68499994278
7 4.72200012207
8 4.75199985504
9 4.75600004196
10 4.79500007629
11 4.82399988174
12 4.867000103
13 4.90199995041
14 4.93300008774
15 4.93699979782
16 4.85099983215
17 4.85300016403
18 4.89099979401
19 4.95800018311
20 5.14099979401
21 5.1890001297
22 5.23199987411
23 5.27600002289
24 5.30999994278
25 5.36800003052
26 5.39699983597
27 5.45399999619
28 5.4889998436
29 5.54500007629
30 5.58900022507
31 5.64599990845
32 5.65500020981
33 0.0
34 17.1599998474
35 17.1480007172
36 17.1399993896
37 0.0
38 0.0
39 0.0
40 17.2430000305
41 17.1700000763
42 17.0620002747
43 17.0060005188
44 16.5270004272
45 16.5370006561
46 16.5359992981
47 13.1599998474
48 13.0860004425
49 12.3360004425
50 11.9270000458
51 11.5920000076
52 11.5920000076
53 11.6379995346
54 11.6260004044
55 11.3680000305
56 10.9960002899
57 10.4569997787
58 10.1059999466
59 8.34899997711
60 8.33699989319
61 8.19299983978
62 7.92299985886
63 7.64099979401
64 7.44600009918
65 7.24599981308
66 7.07899999619
67 6.90199995041
68 6.79099988937
69 6.77799987793
70 6.80900001526
71 6.82800006866
72 6.85699987411
73 6.882999897
74 6.80900001526
75 6.65299987793
76 1.68400001526
77 1.6740000248
78 1.67599999905
79 1.72699999809
80 5.23299980164
81 4.96799993515
82 4.85900020599
83 4.78499984741
84 4.69199991226
85 4.61600017548
86 4.53399991989
87 4.46799993515
88 4.40299987793
89 4.32700014114
90 4.28200006485
91 4.22200012207
92 4.16800022125
93 4.09399986267
94 4.04199981689
95 3.99699997902
96 3.94400000572
97 3.8900001049
98 3.82999992371
99 3.79399991035
100 3.77699995041
101 3.79800009727
102 3.82299995422
103 3.84100008011
104 3.875
105 3.91899991035
106 3.92700004578
107 3.9509999752
108 3.92300009727
109 3.88100004196
110 3.84500002861
111 3.81299996376
112 3.77399992943
113 3.74699997902
114 3.68400001526
115 3.65700006485
116 3.63700008392
117 3.58500003815
118 3.54999995232
119 3.52399992943
120 3.50200009346
121 3.48200011253
122 3.44899988174
123 3.40799999237
124 3.39599990845
125 3.38499999046
126 3.43499994278
127 3.45900011063
128 3.49300003052
129 3.53699994087
130 3.57500004768
131 3.60400009155
132 3.67199993134
133 4.02699995041
134 4.04799985886
135 4.07800006866
136 4.10500001907
137 4.16400003433
138 4.17999982834
139 4.22800016403
140 4.24599981308
141 4.29199981689
142 4.32600021362
143 4.36299991608
144 4.3860001564
145 4.43699979782
146 4.45699977875
147 4.49399995804
148 4.50500011444
149 4.54899978638
150 4.55700016022
151 4.17899990082
152 4.29400014877
153 4.50400018692
154 3.27300000191
155 3.41000008583
156 4.72200012207
157 4.61499977112
158 4.5720000267
159 4.79600000381
160 4.82700014114
161 4.86999988556
162 4.90500020981
163 4.9390001297
164 4.96000003815
165 5.00500011444
166 5.01900005341
167 5.03200006485
168 3.16400003433
169 3.22300004959
170 3.37299990654
171 4.11999988556
172 4.91300010681
173 4.89499998093
174 4.85500001907
175 4.83199977875
176 4.82299995422
177 4.82399988174
178 4.83699989319
179 4.84600019455
180 4.87599992752
181 4.90500020981
182 4.82700014114
183 5.33599996567
184 5.46899986267
185 5.49100017548
186 5.50299978256
187 5.50400018692
188 4.59600019455
189 4.58699989319
190 5.56199979782
191 5.60099983215
192 3.63899993896
193 3.52099990845
194 4.07499980927
195 4.04699993134
196 5.70100021362
197 5.70599985123
198 5.73999977112
199 5.75199985504
200 5.77600002289
201 5.81300020218
202 5.80700016022
203 5.83900022507
204 5.85099983215
205 5.87300014496
206 5.8639998436
207 5.87900018692
208 5.89499998093
209 5.89499998093
210 5.93400001526
211 5.93400001526
212 5.95200014114
213 5.98099994659
214 5.99300003052
215 6.01200008392
216 6.00899982452
217 6.03499984741
218 6.04199981689
219 6.0609998703
220 6.07700014114
221 6.07499980927
222 6.09299993515
223 6.10599994659
224 6.10699987411
225 6.10699987411
226 6.10500001907
227 6.11199998856
228 6.132999897
229 6.14900016785
230 6.15999984741
231 6.1810002327
232 6.17299985886
233 6.19799995422
234 6.20800018311
235 6.19899988174
236 6.22800016403
237 6.22900009155
238 6.22300004959
239 6.22700023651
240 6.25500011444
241 6.23999977112
242 6.22399997711
243 6.22300004959
244 2.0680000782
245 2.07299995422
246 2.02900004387
247 2.02999997139
248 2.03800010681
249 2.03200006485
250 2.02900004387
251 2.01600003242
252 2.0039999485
253 2.0
254 1.99699997902
255 2.01799988747
256 2.0150001049
257 1.99800002575
258 2.01999998093
259 2.01399993896
260 2.01799988747
261 2.007999897
262 2.01200008392
263 2.01200008392
264 2.0680000782
265 6.24700021744
266 2.41100001335
267 2.382999897
268 2.38499999046
269 2.34599995613
270 2.28099989891
271 2.21499991417
272 2.18400001526
273 2.18499994278
274 2.17199993134
275 2.15400004387
276 2.1400001049
277 2.13800001144
278 2.12800002098
279 2.12199997902
280 2.17600011826
281 2.18899989128
282 2.19799995422
283 2.28200006485
284 2.34800004959
285 2.41400003433
286 2.42499995232
287 2.43000006676
288 6.07299995422
289 6.05399990082
290 6.04099988937
291 6.01599979401
292 5.99100017548
293 5.97599983215
294 5.96099996567
295 5.95499992371
296 5.93300008774
297 5.91499996185
298 5.89300012589
299 5.88199996948
300 5.86800003052
301 5.84499979019
302 5.83699989319
303 5.82800006866
304 5.80399990082
305 5.79699993134
306 5.79600000381
307 5.78399991989
308 5.73999977112
309 5.71799993515
310 5.69600009918
311 5.66200017929
312 5.65399980545
313 5.64300012589
314 5.61299991608
315 5.58699989319
316 5.56300020218
317 5.54400014877
318 5.53000020981
319 5.32600021362
320 5.09499979019
321 5.45900011063
322 5.45800018311
323 5.4470000267
324 5.42299985886
325 5.38700008392
326 5.35500001907
327 5.33099985123
328 5.30999994278
329 4.36299991608
330 4.05200004578
331 4.12699985504
332 5.00600004196
333 5.1859998703
334 5.14200019836
335 5.11899995804
336 5.09299993515
337 5.07299995422
338 5.04899978638
339 5.02899980545
340 4.96099996567
341 4.80800008774
342 4.96199989319
343 4.9359998703
344 4.89799976349
345 4.875
346 4.84700012207
347 4.70300006866
348 4.55700016022
349 4.71999979019
350 4.70300006866
351 4.6810002327
352 4.63500022888
353 4.6139998436
354 4.59600019455
355 4.56300020218
356 4.31500005722
357 4.33900022507
358 4.49700021744
359 4.46199989319
360 4.43400001526
361 4.40100002289
362 4.39799976349
363 4.36299991608
364 4.32800006866
365 4.28599977493
366 4.24499988556
367 4.22300004959
368 4.16200017929
369 4.13700008392
370 4.12099981308
371 4.06199979782
372 4.03599977493
373 4.01700019836
374 3.9849998951
375 3.96799993515
376 3.91899991035
377 3.91400003433
378 3.88100004196
379 3.85199999809
380 3.81200003624
381 3.70799994469
382 3.64299988747
383 3.59200000763
384 3.56200003624
385 3.53200006485
386 3.5
387 3.46399998665
388 3.43499994278
389 3.38599991798
390 3.36800003052
391 3.33100008965
392 3.2990000248
393 3.29099988937
394 3.27099990845
395 3.26799988747
396 3.29999995232
397 3.34800004959
398 3.35800004005
399 3.40300011635
400 3.43099999428
401 3.46799993515
402 3.52500009537
403 3.55500006676
404 3.60199999809
405 3.63700008392
406 3.68499994278
407 3.72699999809
408 3.73600006104
409 3.78800010681
410 3.83100008965
411 3.88499999046
412 3.93600010872
413 4.01300001144
414 4.07499980927
415 4.12200021744
416 4.18699979782
417 4.22499990463
418 4.3060002327
419 4.38100004196
420 4.45599985123
421 4.52400016785
422 4.59999990463
423 4.65199995041
424 4.71500015259
425 4.81500005722
426 4.90600013733
427 5.01800012589
428 5.11199998856
429 5.21000003815
430 5.32499980927
431 5.42399978638
432 5.53800010681
433 5.63700008392
434 5.75699996948
435 5.89400005341
436 6.00299978256
437 6.16699981689
438 6.31300020218
439 6.45499992371
440 6.49399995804
441 6.60900020599
442 6.47599983215
443 3.09699988365
444 3.06200003624
445 3.04399991035
446 3.03200006485
447 3.01600003242
448 3.01900005341
449 2.99799990654
450 3.02200007439
451 3.00099992752
452 2.99300003052
453 2.98099994659
454 2.992000103
455 2.9849998951
456 2.97499990463
457 2.97000002861
458 2.97300004959
459 2.95199990273
460 2.95700001717
461 2.95600008965
462 2.9430000782
463 2.95399999619
464 2.94000005722
465 2.93000006676
466 2.94099998474
467 2.93099999428
468 2.92899990082
469 2.91100001335
470 2.64700007439
471 2.63499999046
472 2.63899993896
473 2.64899992943
474 0.953999996185
475 0.708999991417
476 0.717000007629
477 0.915000021458
478 2.65499997139
479 2.64599990845
480 2.64100003242
481 2.65199995041
482 2.65400004387
483 2.66000008583
484 2.65300011635
485 2.66899991035
486 2.66199994087
487 2.66799998283
488 2.67700004578
489 2.67000007629
490 2.82500004768
491 1.07799994946
492 1.12300002575
493 0.994000017643
494 0.995000004768
495 0.971000015736
496 0.990999996662
497 0.953999996185
498 0.980000019073
499 0.978999972343
500 0.971000015736
501 0.949999988079
502 0.987999975681
503 0.977999985218
504 0.98299998045
505 1.00800001621
506 1.00300002098
507 1.0039999485
508 1.15600001812
509 1.07000005245
510 1.12399995327
511 1.01100003719
512 1.00899994373
513 0.981999993324
514 0.964999973774
515 0.98400002718
516 0.98400002718
517 0.975000023842
518 0.967999994755
519 0.953999996185
520 0.957000017166
521 0.986000001431
522 0.994000017643
523 0.975000023842
524 0.967999994755
525 0.897000014782
526 0.911000013351
527 0.935000002384
528 3.04600000381
529 2.98600006104
530 2.93099999428
531 2.8900001049
532 2.8220000267
533 2.79099988937
534 2.73000001907
535 2.72199988365
536 2.94400000572
537 2.9240000248
538 0.0
539 0.0
540 0.0
