0 4.49399995804
1 4.42199993134
2 4.4439997673
3 4.46099996567
4 4.53200006485
5 4.64900016785
6 4.68200016022
7 4.71899986267
8 4.74700021744
9 4.76399993896
10 4.78499984741
11 4.82399988174
12 4.87099981308
13 4.88899993896
14 4.92500019073
15 4.94500017166
16 4.85699987411
17 4.84399986267
18 4.87200021744
19 4.96000003815
20 5.13700008392
21 5.17899990082
22 5.22900009155
23 5.26800012589
24 5.29699993134
25 5.36299991608
26 5.40700006485
27 5.44299983978
28 5.49700021744
29 5.54500007629
30 5.59999990463
31 5.64099979401
32 5.66499996185
33 0.0
34 17.1590003967
35 17.1539993286
36 17.1490001678
37 0.0
38 0.0
39 0.0
40 17.2439994812
41 17.1639995575
42 17.0760002136
43 17.0069999695
44 16.5090007782
45 16.547000885
46 16.5219993591
47 13.1730003357
48 13.0679998398
49 12.329000473
50 11.9589996338
51 11.595000267
52 11.595000267
53 11.6370000839
54 11.6140003204
55 11.3319997787
56 10.9960002899
57 10.4670000076
58 10.1120004654
59 8.34599971771
60 8.32999992371
61 8.2110004425
62 7.92299985886
63 7.64799976349
64 7.45200014114
65 7.24900007248
66 7.05000019073
67 6.90600013733
68 6.78999996185
69 6.77899980545
70 6.8060002327
71 6.83099985123
72 6.83900022507
73 6.86800003052
74 6.79199981689
75 6.63000011444
76 1.69400000572
77 1.66799998283
78 1.66999995708
79 1.72899997234
80 5.242000103
81 4.96899986267
82 4.86100006104
83 4.76999998093
84 4.67899990082
85 4.59899997711
86 4.53800010681
87 4.46799993515
88 4.41099977493
89 4.32700014114
90 4.25400018692
91 4.20499992371
92 4.15199995041
93 4.10799980164
94 4.02600002289
95 3.9849998951
96 3.93899989128
97 3.88899993896
98 3.84299993515
99 3.79600000381
100 3.78299999237
101 3.7990000248
102 3.8220000267
103 3.85100007057
104 3.87199997902
105 3.91300010681
106 3.92300009727
107 3.94899988174
108 3.93799996376
109 3.89199995995
110 3.83800005913
111 3.80100011826
112 3.76200008392
113 3.73799991608
114 3.68799996376
115 3.64899992943
116 3.62700009346
117 3.60599994659
118 3.55599999428
119 3.52800011635
120 3.507999897
121 3.46799993515
122 3.4319999218
123 3.40599989891
124 3.40700006485
125 3.39400005341
126 3.43799996376
127 3.46199989319
128 3.492000103
129 3.53299999237
130 3.56900000572
131 3.59100008011
132 3.65899991989
133 4.02799987793
134 4.04799985886
135 4.07499980927
136 4.09800004959
137 4.13899993896
138 4.18300008774
139 4.19999980927
140 4.24499988556
141 4.26399993896
142 4.29099988937
143 4.36000013351
144 4.39699983597
145 4.42600011826
146 4.44099998474
147 4.49300003052
148 4.50699996948
149 4.53700017929
150 4.52899980545
151 4.19600009918
152 4.29400014877
153 4.61199998856
154 3.27999997139
155 3.41199994087
156 4.70499992371
157 4.60200023651
158 4.55399990082
159 4.80700016022
160 4.83099985123
161 4.86000013351
162 4.90000009537
163 4.92399978638
164 4.96500015259
165 4.99599981308
166 5.01900005341
167 5.04300022125
168 3.16199994087
169 3.21900010109
170 3.3710000515
171 4.12599992752
172 4.91300010681
173 4.87300014496
174 4.84899997711
175 4.84299993515
176 4.81199979782
177 4.82399988174
178 4.82999992371
179 4.84899997711
180 4.8639998436
181 4.89799976349
182 4.81599998474
183 5.31799983978
184 5.46700000763
185 5.46700000763
186 5.5
187 5.51900005341
188 4.60099983215
189 4.59100008011
190 5.5560002327
191 5.59299993515
192 3.63899993896
193 3.52699995041
194 4.06799983978
195 4.03800010681
196 5.69600009918
197 5.71600008011
198 5.72700023651
199 5.757999897
200 5.78800010681
201 5.80800008774
202 5.80700016022
203 5.83300018311
204 5.85599994659
205 5.85400009155
206 5.86299991608
207 5.875
208 5.89900016785
209 5.91699981689
210 5.90299987793
211 5.93200016022
212 5.95300006866
213 5.96899986267
214 5.97900009155
215 6.00899982452
216 6.01399993896
217 6.04099988937
218 6.05200004578
219 6.07600021362
220 6.06599998474
221 6.07899999619
222 6.07499980927
223 6.10599994659
224 6.09899997711
225 6.11199998856
226 6.10900020599
227 6.11100006104
228 6.13500022888
229 6.13000011444
230 6.15199995041
231 6.16400003433
232 6.15199995041
233 6.18699979782
234 6.19299983978
235 6.19899988174
236 6.21400022507
237 6.22700023651
238 6.22900009155
239 6.23099994659
240 6.24499988556
241 6.23199987411
242 6.24599981308
243 6.22499990463
244 2.06599998474
245 2.04500007629
246 2.03699994087
247 2.03099989891
248 2.03600001335
249 2.03099989891
250 2.01999998093
251 2.01200008392
252 2.01300001144
253 2.02399992943
254 2.00999999046
255 2.01600003242
256 2.00900006294
257 2.00900006294
258 1.99300003052
259 1.99100005627
260 1.99199998379
261 1.99100005627
262 1.9960000515
263 2.01099991798
264 2.0680000782
265 6.21999979019
266 2.41599988937
267 2.39100003242
268 2.38199996948
269 2.33200001717
270 2.29399991035
271 2.20300006866
272 2.2009999752
273 2.19499993324
274 2.16599988937
275 2.16799998283
276 2.14599990845
277 2.14499998093
278 2.13599991798
279 2.132999897
280 2.16700005531
281 2.17700004578
282 2.20000004768
283 2.28399991989
284 2.34999990463
285 2.39899992943
286 2.41199994087
287 2.43400001526
288 6.0689997673
289 6.04500007629
290 6.03299999237
291 6.01900005341
292 5.99800014496
293 5.9889998436
294 5.94299983978
295 5.9310002327
296 5.92999982834
297 5.89599990845
298 5.88000011444
299 5.88000011444
300 5.85500001907
301 5.84700012207
302 5.83099985123
303 5.83799982071
304 5.81300020218
305 5.8109998703
306 5.79099988937
307 5.75299978256
308 5.742000103
309 5.72300004959
310 5.69600009918
311 5.67500019073
312 5.64900016785
313 5.62699985504
314 5.60099983215
315 5.59499979019
316 5.5609998703
317 5.54199981689
318 5.51599979401
319 5.32999992371
320 5.10599994659
321 5.44799995422
322 5.45100021362
323 5.42999982834
324 5.41599988937
325 5.38700008392
326 5.35599994659
327 5.33099985123
328 5.30000019073
329 4.3860001564
330 4.03100013733
331 4.11000013351
332 5.01599979401
333 5.17299985886
334 5.14699983597
335 5.117000103
336 5.09600019455
337 5.08400011063
338 5.04400014877
339 5.01399993896
340 4.94799995422
341 4.82100009918
342 4.94500017166
343 4.93699979782
344 4.90799999237
345 4.867000103
346 4.83199977875
347 4.70599985123
348 4.55900001526
349 4.73600006104
350 4.69899988174
351 4.66699981689
352 4.65999984741
353 4.61999988556
354 4.59299993515
355 4.55999994278
356 4.29699993134
357 4.34299993515
358 4.48600006104
359 4.46099996567
360 4.44999980927
361 4.42500019073
362 4.375
363 4.36299991608
364 4.30800008774
365 4.26200008392
366 4.24399995804
367 4.19999980927
368 4.1810002327
369 4.14499998093
370 4.11499977112
371 4.07600021362
372 4.0529999733
373 4.0110001564
374 3.98000001907
375 3.95300006866
376 3.91599988937
377 3.90199995041
378 3.88400006294
379 3.85199999809
380 3.8180000782
381 3.72399997711
382 3.63800001144
383 3.61199998856
384 3.55599999428
385 3.50900006294
386 3.48399996758
387 3.46700000763
388 3.43400001526
389 3.39199995995
390 3.37299990654
391 3.34200000763
392 3.31599998474
393 3.28600001335
394 3.27500009537
395 3.27800011635
396 3.28200006485
397 3.33599996567
398 3.37299990654
399 3.3900001049
400 3.43700003624
401 3.48699998856
402 3.51999998093
403 3.56299996376
404 3.58599996567
405 3.63400006294
406 3.67600011826
407 3.71499991417
408 3.74099993706
409 3.77699995041
410 3.81500005722
411 3.88800001144
412 3.92700004578
413 3.992000103
414 4.0689997673
415 4.13000011444
416 4.19799995422
417 4.22399997711
418 4.3140001297
419 4.36999988556
420 4.46000003815
421 4.52899980545
422 4.59800004959
423 4.67299985886
424 4.72499990463
425 4.8189997673
426 4.91400003433
427 5.01800012589
428 5.10699987411
429 5.21400022507
430 5.31300020218
431 5.42600011826
432 5.52899980545
433 5.64699983597
434 5.757999897
435 5.87599992752
436 6.01399993896
437 6.16200017929
438 6.3109998703
439 6.47800016403
440 6.48799991608
441 6.60099983215
442 6.44600009918
443 3.06900000572
444 3.04299998283
445 3.05200004578
446 3.03900003433
447 3.0150001049
448 3.03399991989
449 3.01999998093
450 2.99099993706
451 3.00200009346
452 2.98699998856
453 2.96900010109
454 2.98200011253
455 2.96399998665
456 2.96300005913
457 2.95900011063
458 2.97600007057
459 2.97499990463
460 2.95199990273
461 2.94000005722
462 2.93799996376
463 2.95199990273
464 2.93000006676
465 2.92300009727
466 2.93499994278
467 2.92100000381
468 2.91799998283
469 2.92100000381
470 2.65599989891
471 2.64299988747
472 2.6400001049
473 2.65000009537
474 0.943000018597
475 0.703999996185
476 0.717999994755
477 0.929000020027
478 2.65899991989
479 2.64499998093
480 2.65000009537
481 2.64700007439
482 2.65100002289
483 2.67000007629
484 2.65700006485
485 2.66499996185
486 2.66199994087
487 2.64899992943
488 2.66400003433
489 2.68099999428
490 2.83899998665
491 2.93000006676
492 2.94000005722
493 2.93899989128
494 1.28999996185
495 1.1629999876
496 1.10899996758
497 1.10599994659
498 1.10800004005
499 1.23500001431
500 1.1970000267
501 1.31099998951
502 1.17900002003
503 1.15499997139
504 1.16400003433
505 1.15100002289
506 1.15299999714
507 1.13399994373
508 1.15199995041
509 1.13800001144
510 1.16400003433
511 1.15299999714
512 1.18200004101
513 1.18900001049
514 1.21399998665
515 1.31500005722
516 1.51999998093
517 3.10400009155
518 3.09100008011
519 3.12400007248
520 3.15100002289
521 3.14700007439
522 3.15899991989
523 3.16199994087
524 0.949000000954
525 0.910000026226
526 0.93599998951
527 1.10599994659
528 1.11899995804
529 1.11500000954
530 1.11300003529
531 1.11099994183
532 1.08200001717
533 1.07400000095
534 1.12000000477
535 1.11000001431
536 1.03600001335
537 1.03199994564
538 1.03999996185
539 1.04299998283
540 3.52500009537
