0 4.52400016785
1 4.4310002327
2 4.45399999619
3 4.48199987411
4 4.51200008392
5 4.65999984741
6 4.68300008774
7 4.70499992371
8 4.73199987411
9 4.75500011444
10 4.80499982834
11 4.84499979019
12 4.867000103
13 4.88700008392
14 4.93200016022
15 4.9470000267
16 4.83199977875
17 4.84800004959
18 4.88700008392
19 4.96500015259
20 5.13999986649
21 5.1890001297
22 5.23299980164
23 5.26999998093
24 5.31500005722
25 5.36800003052
26 5.39300012589
27 5.4470000267
28 5.49900007248
29 5.54300022125
30 5.6139998436
31 5.63999986649
32 5.68200016022
33 0.0
34 17.156999588
35 17.1509990692
36 17.1490001678
37 0.0
38 0.0
39 0.0
40 17.2399997711
41 17.1779994965
42 17.0720005035
43 17.0100002289
44 16.5340003967
45 16.5359992981
46 16.5090007782
47 13.1649999619
48 13.093000412
49 12.3299999237
50 11.9270000458
51 11.6020002365
52 11.595000267
53 11.6330003738
54 11.6199998856
55 11.3520002365
56 10.9890003204
57 10.4670000076
58 10.1079998016
59 8.36499977112
60 8.33699989319
61 8.21800041199
62 7.91099977493
63 7.64400005341
64 7.44799995422
65 7.22900009155
66 7.0640001297
67 6.90500020981
68 6.79199981689
69 6.78000020981
70 6.80000019073
71 6.81799983978
72 6.84299993515
73 6.86299991608
74 6.79500007629
75 6.65299987793
76 1.70200002193
77 1.6779999733
78 1.69000005722
79 1.73599994183
80 5.25400018692
81 4.96400022507
82 4.84700012207
83 4.77199983597
84 4.68300008774
85 4.60900020599
86 4.54699993134
87 4.47100019455
88 4.41599988937
89 4.34899997711
90 4.27500009537
91 4.23600006104
92 4.15600013733
93 4.117000103
94 4.01900005341
95 3.99099993706
96 3.9319999218
97 3.89299988747
98 3.85100007057
99 3.79699993134
100 3.77999997139
101 3.81200003624
102 3.81999993324
103 3.85599994659
104 3.8599998951
105 3.90599989891
106 3.95000004768
107 3.95499992371
108 3.91899991035
109 3.89299988747
110 3.84299993515
111 3.80100011826
112 3.76900005341
113 3.74399995804
114 3.70399999619
115 3.66000008583
116 3.63100004196
117 3.60400009155
118 3.57500004768
119 3.53600001335
120 3.492000103
121 3.48000001907
122 3.43899989128
123 3.41499996185
124 3.40499997139
125 3.39599990845
126 3.4319999218
127 3.46300005913
128 3.49900007248
129 3.53399991989
130 3.5720000267
131 3.61599993706
132 3.67000007629
133 4.02400016785
134 4.07299995422
135 4.10099983215
136 4.1360001564
137 4.16300010681
138 4.17999982834
139 4.21500015259
140 4.25299978256
141 4.27600002289
142 4.31599998474
143 4.35699987411
144 4.39900016785
145 4.43499994278
146 4.47399997711
147 4.48000001907
148 4.51300001144
149 4.54199981689
150 4.55399990082
151 4.20800018311
152 4.30700016022
153 4.59499979019
154 3.25999999046
155 3.40899991989
156 4.70300006866
157 4.59000015259
158 4.55200004578
159 4.79300022125
160 4.84100008011
161 4.87300014496
162 4.89099979401
163 4.93699979782
164 4.95900011063
165 5.00099992752
166 5.01999998093
167 5.03599977493
168 3.11999988556
169 3.21799993515
170 3.36199998856
171 4.10400009155
172 4.92700004578
173 4.87900018692
174 4.85799980164
175 4.83199977875
176 4.82700014114
177 4.82100009918
178 4.82999992371
179 4.85400009155
180 4.87400007248
181 4.90299987793
182 4.81500005722
183 5.32899999619
184 5.47599983215
185 5.48799991608
186 5.5
187 5.51000022888
188 4.59600019455
189 4.58400011063
190 5.55999994278
191 5.59999990463
192 3.66400003433
193 3.53099989891
194 4.06799983978
195 4.05999994278
196 5.69799995422
197 5.73099994659
198 5.73500013351
199 5.75600004196
200 5.78599977493
201 5.82399988174
202 5.8189997673
203 5.83400011063
204 5.84700012207
205 5.84800004959
206 5.86299991608
207 5.875
208 5.89599990845
209 5.90600013733
210 5.92299985886
211 5.9439997673
212 5.96299982071
213 5.96999979019
214 5.98999977112
215 5.98600006104
216 6.01999998093
217 6.03700017929
218 6.0720000267
219 6.06500005722
220 6.09100008011
221 6.08300018311
222 6.0720000267
223 6.08199977875
224 6.10300016403
225 6.11499977112
226 6.12400007248
227 6.13500022888
228 6.14300012589
229 6.15600013733
230 6.14799976349
231 6.15899991989
232 6.1859998703
233 6.1810002327
234 6.20100021362
235 6.20800018311
236 6.23799991608
237 6.21899986267
238 6.22100019455
239 6.23400020599
240 6.22300004959
241 6.21799993515
242 6.22900009155
243 6.23199987411
244 2.08999991417
245 2.05100011826
246 2.04399991035
247 2.03600001335
248 2.03999996185
249 2.01200008392
250 2.00300002098
251 2.03299999237
252 2.01300001144
253 2.02500009537
254 1.99399995804
255 2.01200008392
256 1.99300003052
257 2.007999897
258 2.00300002098
259 1.99300003052
260 1.99800002575
261 2.007999897
262 2.01799988747
263 2.02800011635
264 2.06999993324
265 6.22800016403
266 2.41000008583
267 2.40499997139
268 2.3900001049
269 2.36100006104
270 2.30399990082
271 2.21099996567
272 2.21199989319
273 2.20399999619
274 2.17100000381
275 2.13400006294
276 2.13700008392
277 2.16700005531
278 2.14899992943
279 2.16400003433
280 2.17600011826
281 2.19199991226
282 2.20499992371
283 2.27600002289
284 2.35700011253
285 2.40499997139
286 2.40799999237
287 2.44400000572
288 6.0609998703
289 6.06500005722
290 6.02099990845
291 6.01200008392
292 6.007999897
293 5.98199987411
294 5.96600008011
295 5.94899988174
296 5.92100000381
297 5.92100000381
298 5.89900016785
299 5.89200019836
300 5.86299991608
301 5.84700012207
302 5.84700012207
303 5.82299995422
304 5.79799985886
305 5.78900003433
306 5.78700017929
307 5.77299976349
308 5.75500011444
309 5.72100019455
310 5.70699977875
311 5.66499996185
312 5.65100002289
313 5.632999897
314 5.617000103
315 5.57499980927
316 5.56500005722
317 5.54899978638
318 5.52500009537
319 5.33099985123
320 5.12200021744
321 5.45399999619
322 5.44899988174
323 5.43300008774
324 5.41400003433
325 5.40299987793
326 5.35799980164
327 5.33699989319
328 5.29899978638
329 4.36600017548
330 4.05100011826
331 4.11999988556
332 5.02899980545
333 5.17100000381
334 5.13199996948
335 5.11800003052
336 5.09499979019
337 5.07000017166
338 5.04899978638
339 5.01900005341
340 4.94999980927
341 4.82399988174
342 4.96799993515
343 4.94799995422
344 4.90000009537
345 4.87099981308
346 4.82700014114
347 4.70800018311
348 4.54300022125
349 4.742000103
350 4.71799993515
351 4.68499994278
352 4.66099977493
353 4.62300014496
354 4.58900022507
355 4.5640001297
356 4.29500007629
357 4.34899997711
358 4.4889998436
359 4.46400022507
360 4.43499994278
361 4.42500019073
362 4.39900016785
363 4.35400009155
364 4.32299995422
365 4.29600000381
366 4.22499990463
367 4.21600008011
368 4.17899990082
369 4.14900016785
370 4.125
371 4.0720000267
372 4.03299999237
373 4.03599977493
374 3.97399997711
375 3.96399998665
376 3.92100000381
377 3.90799999237
378 3.88700008392
379 3.85400009155
380 3.82299995422
381 3.70499992371
382 3.63599991798
383 3.60400009155
384 3.55999994278
385 3.53299999237
386 3.50699996948
387 3.46399998665
388 3.43600010872
389 3.41000008583
390 3.36599993706
391 3.34299993515
392 3.31500005722
393 3.29600000381
394 3.25
395 3.27600002289
396 3.29200005531
397 3.34200000763
398 3.37400007248
399 3.39299988747
400 3.43400001526
401 3.48799991608
402 3.52399992943
403 3.55599999428
404 3.59400010109
405 3.64499998093
406 3.69199991226
407 3.70900011063
408 3.75500011444
409 3.77699995041
410 3.82999992371
411 3.87199997902
412 3.9240000248
413 4.00299978256
414 4.06599998474
415 4.13000011444
416 4.18800020218
417 4.25199985504
418 4.32299995422
419 4.36499977112
420 4.44199991226
421 4.52600002289
422 4.57499980927
423 4.65999984741
424 4.73799991608
425 4.81199979782
426 4.91900014877
427 5.02899980545
428 5.11499977112
429 5.21400022507
430 5.31599998474
431 5.4310002327
432 5.51999998093
433 5.64799976349
434 5.77099990845
435 5.88399982452
436 6.02600002289
437 6.15999984741
438 6.31799983978
439 6.47399997711
440 6.49100017548
441 6.60900020599
442 6.48400020599
443 3.07399988174
444 3.04500007629
445 3.03500008583
446 3.01999998093
447 3.02300000191
448 3.02500009537
449 3.0
450 2.99699997902
451 2.99099993706
452 2.97799992561
453 2.992000103
454 2.97300004959
455 2.97900009155
456 2.97499990463
457 2.97600007057
458 2.97199988365
459 2.95399999619
460 2.97000002861
461 2.95799994469
462 2.95199990273
463 2.9319999218
464 2.94000005722
465 2.93899989128
466 2.93300008774
467 2.91700005531
468 2.92300009727
469 2.91799998283
470 2.65400004387
471 2.65000009537
472 2.63800001144
473 2.64299988747
474 0.963999986649
475 0.713999986649
476 0.704999983311
477 0.915000021458
478 2.66199994087
479 2.64800000191
480 2.65199995041
481 2.63400006294
482 2.65799999237
483 2.66799998283
484 2.66499996185
485 2.66300010681
486 2.65400004387
487 2.67100000381
488 2.69199991226
489 2.68300008774
490 2.83200001717
491 2.93700003624
492 1.26600003242
493 1.10099995136
494 1.00800001621
495 0.999000012875
496 0.989000022411
497 0.972999989986
498 0.994000017643
499 0.971000015736
500 0.990999996662
501 0.989000022411
502 0.990000009537
503 0.976999998093
504 0.994000017643
505 0.989000022411
506 1.01800000668
507 1.02499997616
508 1.06500005722
509 1.22099995613
510 1.14199995995
511 1.01199996471
512 1.01800000668
513 0.994000017643
514 0.972000002861
515 0.964999973774
516 0.98400002718
517 0.961000025272
518 0.971000015736
519 0.981000006199
520 0.980000019073
521 0.959999978542
522 0.981000006199
523 1.00300002098
524 0.962000012398
525 0.910000026226
526 0.912999987602
527 0.961000025272
528 3.04800009727
529 2.99000000954
530 2.93300008774
531 2.88400006294
532 2.84100008011
533 2.78800010681
534 2.72600007057
535 2.71000003815
536 2.97000002861
537 2.93099999428
538 0.0
539 0.0
540 0.0
