0 4.49900007248
1 4.42299985886
2 4.44500017166
3 4.44999980927
4 4.53000020981
5 4.64099979401
6 4.66400003433
7 4.69299983978
8 4.72700023651
9 4.74900007248
10 4.77799987793
11 4.82299995422
12 4.86299991608
13 4.87799978256
14 4.92199993134
15 4.90600013733
16 4.82100009918
17 4.83300018311
18 4.88000011444
19 4.96000003815
20 5.13199996948
21 5.16699981689
22 5.21999979019
23 5.26900005341
24 5.30999994278
25 5.35599994659
26 5.39099979401
27 5.44099998474
28 5.49100017548
29 5.53800010681
30 5.59200000763
31 5.62900018692
32 5.64400005341
33 0.0
34 17.1369991302
35 17.1219997406
36 17.142999649
37 0.0
38 0.0
39 0.0
40 17.2299995422
41 17.1679992676
42 17.0429992676
43 16.9930000305
44 16.513999939
45 16.5279998779
46 16.5200004578
47 13.1420001984
48 13.0839996338
49 12.3199996948
50 11.9300003052
51 11.5850000381
52 11.5939998627
53 11.6149997711
54 11.6219997406
55 11.3470001221
56 10.9750003815
57 10.4549999237
58 10.093000412
59 8.31799983978
60 8.34000015259
61 8.18999958038
62 7.90199995041
63 7.62099981308
64 7.44500017166
65 7.23999977112
66 7.06199979782
67 6.88199996948
68 6.77400016785
69 6.77600002289
70 6.78800010681
71 6.8060002327
72 6.85400009155
73 6.86199998856
74 6.78000020981
75 6.62099981308
76 1.68700003624
77 1.68700003624
78 1.67200005054
79 1.71800005436
80 5.23600006104
81 4.96400022507
82 4.84600019455
83 4.75400018692
84 4.6779999733
85 4.60799980164
86 4.54099988937
87 4.47300004959
88 4.37699985504
89 4.3220000267
90 4.27600002289
91 4.18800020218
92 4.15199995041
93 4.09899997711
94 4.01200008392
95 3.98300004005
96 3.9240000248
97 3.88199996948
98 3.84100008011
99 3.77399992943
100 3.76200008392
101 3.77600002289
102 3.81500005722
103 3.83599996567
104 3.86400008202
105 3.91100001335
106 3.9430000782
107 3.9509999752
108 3.90899991989
109 3.86400008202
110 3.82800006866
111 3.80399990082
112 3.76399993896
113 3.72099995613
114 3.68400001526
115 3.65100002289
116 3.60800004005
117 3.58800005913
118 3.54699993134
119 3.51799988747
120 3.49399995804
121 3.47499990463
122 3.4240000248
123 3.39899992943
124 3.40000009537
125 3.3789999485
126 3.41300010681
127 3.43400001526
128 3.4849998951
129 3.52999997139
130 3.56900000572
131 3.60899996758
132 3.65799999237
133 4.01700019836
134 4.04500007629
135 4.07399988174
136 4.11100006104
137 4.14900016785
138 4.1810002327
139 4.19899988174
140 4.25299978256
141 4.28000020981
142 4.3060002327
143 4.32999992371
144 4.38999986649
145 4.40500020981
146 4.45900011063
147 4.48999977112
148 4.51399993896
149 4.51800012589
150 4.51800012589
151 4.19799995422
152 4.31500005722
153 4.60500001907
154 3.25900006294
155 3.39599990845
156 4.71500015259
157 4.59200000763
158 4.53499984741
159 4.78000020981
160 4.81599998474
161 4.84800004959
162 4.88500022888
163 4.91699981689
164 4.94600009918
165 4.98299980164
166 5.01900005341
167 5.03800010681
168 3.13199996948
169 3.22099995613
170 3.36299991608
171 4.10200023651
172 4.91400003433
173 4.87699985504
174 4.85200023651
175 4.8220000267
176 4.8189997673
177 4.80399990082
178 4.81699991226
179 4.84800004959
180 4.86299991608
181 4.88800001144
182 4.8140001297
183 5.32299995422
184 5.46299982071
185 5.48000001907
186 5.48500013351
187 5.50500011444
188 4.58900022507
189 4.56599998474
190 5.53999996185
191 5.58599996567
192 3.64100003242
193 3.51900005341
194 4.07800006866
195 4.03999996185
196 5.67600011826
197 5.70499992371
198 5.70399999619
199 5.74499988556
200 5.78200006485
201 5.79400014877
202 5.82499980927
203 5.83400011063
204 5.82899999619
205 5.84299993515
206 5.84600019455
207 5.86299991608
208 5.89499998093
209 5.90399980545
210 5.92000007629
211 5.92000007629
212 5.92600011826
213 5.95599985123
214 5.95699977875
215 5.98500013351
216 6.01200008392
217 6.02899980545
218 6.06300020218
219 6.07000017166
220 6.0720000267
221 6.08300018311
222 6.0689997673
223 6.07600021362
224 6.09299993515
225 6.09700012207
226 6.11899995804
227 6.12699985504
228 6.13700008392
229 6.15100002289
230 6.13899993896
231 6.14499998093
232 6.17700004578
233 6.17399978638
234 6.20300006866
235 6.19099998474
236 6.22499990463
237 6.21400022507
238 6.21099996567
239 6.21799993515
240 6.20200014114
241 6.21600008011
242 6.22100019455
243 6.21799993515
244 2.08299994469
245 2.06100010872
246 2.03800010681
247 2.02900004387
248 2.02300000191
249 2.00900006294
250 2.01200008392
251 2.02300000191
252 2.01300001144
253 2.01300001144
254 2.00699996948
255 2.00699996948
256 2.0
257 1.99100005627
258 2.0039999485
259 1.99199998379
260 1.99199998379
261 2.0039999485
262 2.00999999046
263 2.00699996948
264 2.03999996185
265 6.21299982071
266 2.38700008392
267 2.38700008392
268 2.37400007248
269 2.32100009918
270 2.31100010872
271 2.22300004959
272 2.20199990273
273 2.17600011826
274 2.15300011635
275 2.13899993896
276 2.13899993896
277 2.14899992943
278 2.13800001144
279 2.14499998093
280 2.15599989891
281 2.20399999619
282 2.1970000267
283 2.26399993896
284 2.33899998665
285 2.38899993896
286 2.41400003433
287 2.4240000248
288 6.06300020218
289 6.05200004578
290 6.02299976349
291 5.99700021744
292 5.97800016403
293 5.95800018311
294 5.93400001526
295 5.93400001526
296 5.90600013733
297 5.90500020981
298 5.89300012589
299 5.86600017548
300 5.85799980164
301 5.84000015259
302 5.8109998703
303 5.81199979782
304 5.79099988937
305 5.78399991989
306 5.78299999237
307 5.75899982452
308 5.73500013351
309 5.71000003815
310 5.68300008774
311 5.66400003433
312 5.63100004196
313 5.61899995804
314 5.58599996567
315 5.57700014114
316 5.55000019073
317 5.53000020981
318 5.51300001144
319 5.32000017166
320 5.08799982071
321 5.45499992371
322 5.44899988174
323 5.42500019073
324 5.41499996185
325 5.38500022888
326 5.35200023651
327 5.32499980927
328 5.28900003433
329 4.35799980164
330 4.02199983597
331 4.13000011444
332 4.99800014496
333 5.15999984741
334 5.13500022888
335 5.10200023651
336 5.08300018311
337 5.06199979782
338 5.04699993134
339 5.01300001144
340 4.92999982834
341 4.80900001526
342 4.95200014114
343 4.92199993134
344 4.89099979401
345 4.86299991608
346 4.82800006866
347 4.70200014114
348 4.55999994278
349 4.72100019455
350 4.69099998474
351 4.65299987793
352 4.62900018692
353 4.61000013351
354 4.58300018311
355 4.53599977493
356 4.3140001297
357 4.35900020599
358 4.47800016403
359 4.44199991226
360 4.41699981689
361 4.38999986649
362 4.37599992752
363 4.34000015259
364 4.30499982834
365 4.28399991989
366 4.23699998856
367 4.20800018311
368 4.17199993134
369 4.1360001564
370 4.08599996567
371 4.06199979782
372 4.04300022125
373 4.01000022888
374 3.98600006104
375 3.96199989319
376 3.91799998283
377 3.88199996948
378 3.84899997711
379 3.83599996567
380 3.81299996376
381 3.70700001717
382 3.63100004196
383 3.59299993515
384 3.55500006676
385 3.52200007439
386 3.47799992561
387 3.46099996567
388 3.42899990082
389 3.39800000191
390 3.3599998951
391 3.32399988174
392 3.30999994278
393 3.26799988747
394 3.2539999485
395 3.26399993896
396 3.29200005531
397 3.31100010872
398 3.34400010109
399 3.40499997139
400 3.4319999218
401 3.46799993515
402 3.50500011444
403 3.55100011826
404 3.59299993515
405 3.6289999485
406 3.65599989891
407 3.71099996567
408 3.73799991608
409 3.77699995041
410 3.83599996567
411 3.86599993706
412 3.93499994278
413 3.98799991608
414 4.04199981689
415 4.11100006104
416 4.18699979782
417 4.23000001907
418 4.30900001526
419 4.375
420 4.42000007629
421 4.50299978256
422 4.58699989319
423 4.65500020981
424 4.71600008011
425 4.79199981689
426 4.89400005341
427 5.00899982452
428 5.10400009155
429 5.21099996567
430 5.3109998703
431 5.41300010681
432 5.52799987793
433 5.63999986649
434 5.73600006104
435 5.87699985504
436 6.01300001144
437 6.16499996185
438 6.28800010681
439 6.46999979019
440 6.48000001907
441 6.59800004959
442 6.46500015259
443 3.0569999218
444 3.03699994087
445 3.04999995232
446 3.01699995995
447 3.00900006294
448 3.01799988747
449 2.99300003052
450 3.00300002098
451 2.992000103
452 2.98600006104
453 2.98399996758
454 2.97600007057
455 2.95900011063
456 2.95799994469
457 2.96799993515
458 2.94799995422
459 2.93600010872
460 2.95199990273
461 2.94899988174
462 2.93600010872
463 2.92700004578
464 2.92000007629
465 2.92199993134
466 2.93300008774
467 2.91199994087
468 2.91599988937
469 2.90300011635
470 2.64599990845
471 2.64299988747
472 2.63199996948
473 2.63199996948
474 0.940999984741
475 0.711000025272
476 0.698000013828
477 0.920000016689
478 2.64800000191
479 2.63499999046
480 2.64100003242
481 2.65000009537
482 2.63599991798
483 2.64400005341
484 2.65000009537
485 2.64499998093
486 2.66300010681
487 2.67700004578
488 2.65799999237
489 2.67600011826
490 2.82699990273
491 2.92100000381
492 2.94600009918
493 2.93499994278
494 2.93700003624
495 2.94400000572
496 2.93700003624
497 2.95000004768
498 2.94499993324
499 2.95199990273
500 2.95199990273
501 2.98099994659
502 2.95600008965
503 1.14100003242
504 1.22500002384
505 1.12399995327
506 1.11800003052
507 1.10699999332
508 1.10099995136
509 1.0909999609
510 1.09899997711
511 1.12999999523
512 1.16900002956
513 1.18099999428
514 1.18700003624
515 1.19599997997
516 1.19299995899
517 1.20799994469
518 1.22300004959
519 1.20399999619
520 1.26100003719
521 1.35699999332
522 1.33200001717
523 3.16400003433
524 0.927999973297
525 0.903999984264
526 0.903999984264
527 0.921000003815
528 3.03099989891
529 2.98699998856
530 1.24300003052
531 1.08899998665
532 1.06700003147
533 1.04999995232
534 1.05400002003
535 1.05200004578
536 1.04700005054
537 1.07299995422
538 1.04200005531
539 1.04100000858
540 1.04100000858
