0 4.50600004196
1 4.43200016022
2 4.45399999619
3 4.46099996567
4 4.51399993896
5 4.6360001564
6 4.67000007629
7 4.71000003815
8 4.72800016403
9 4.76300001144
10 4.78399991989
11 4.8189997673
12 4.84499979019
13 4.88700008392
14 4.92399978638
15 4.92899990082
16 4.83300018311
17 4.85799980164
18 4.88700008392
19 4.96600008011
20 5.13899993896
21 5.17600011826
22 5.22300004959
23 5.26000022888
24 5.3109998703
25 5.35200023651
26 5.39900016785
27 5.4390001297
28 5.492000103
29 5.55100011826
30 5.59100008011
31 5.63700008392
32 5.65199995041
33 0.0
34 17.1459999084
35 17.142999649
36 17.1420001984
37 0.0
38 0.0
39 0.0
40 17.236000061
41 17.172000885
42 17.0590000153
43 16.9969997406
44 16.5060005188
45 16.5349998474
46 16.5130004883
47 13.1579999924
48 13.0659999847
49 12.3400001526
50 11.9200000763
51 11.5860004425
52 11.5939998627
53 11.640999794
54 11.6210002899
55 11.3380002975
56 10.984000206
57 10.4630002975
58 10.109000206
59 8.31499958038
60 8.32299995422
61 8.20400047302
62 7.91099977493
63 7.62799978256
64 7.44000005722
65 7.23600006104
66 7.05499982834
67 6.88800001144
68 6.78000020981
69 6.78200006485
70 6.80000019073
71 6.82399988174
72 6.85400009155
73 6.86499977112
74 6.78399991989
75 6.64099979401
76 1.6740000248
77 1.67999994755
78 1.68200004101
79 1.74500000477
80 5.21899986267
81 4.97100019455
82 4.8639998436
83 4.75400018692
84 4.66800022125
85 4.57999992371
86 4.52899980545
87 4.46299982071
88 4.39699983597
89 4.33799982071
90 4.25500011444
91 4.1939997673
92 4.16800022125
93 4.09899997711
94 4.02099990845
95 3.97399997711
96 3.9470000267
97 3.875
98 3.82100009918
99 3.79699993134
100 3.75999999046
101 3.78999996185
102 3.83400011063
103 3.86199998856
104 3.875
105 3.89100003242
106 3.93400001526
107 3.95600008965
108 3.9240000248
109 3.88199996948
110 3.83999991417
111 3.80800008774
112 3.75500011444
113 3.71199989319
114 3.68899989128
115 3.63800001144
116 3.61500000954
117 3.58800005913
118 3.56100010872
119 3.53399991989
120 3.49499988556
121 3.46300005913
122 3.43700003624
123 3.40899991989
124 3.40400004387
125 3.38499999046
126 3.42000007629
127 3.45000004768
128 3.49499988556
129 3.5150001049
130 3.56699991226
131 3.60599994659
132 3.66000008583
133 4.01200008392
134 4.06300020218
135 4.08799982071
136 4.10099983215
137 4.15500020981
138 4.1779999733
139 4.19600009918
140 4.25299978256
141 4.25400018692
142 4.3140001297
143 4.35900020599
144 4.36100006104
145 4.42700004578
146 4.46199989319
147 4.46000003815
148 4.48699998856
149 4.52799987793
150 4.55200004578
151 4.19500017166
152 4.28900003433
153 4.52899980545
154 3.26099991798
155 3.40799999237
156 4.70100021362
157 4.58699989319
158 4.54799985886
159 4.78900003433
160 4.82700014114
161 4.86299991608
162 4.90299987793
163 4.92399978638
164 4.95900011063
165 4.98400020599
166 5.01900005341
167 5.02799987793
168 3.13499999046
169 3.21900010109
170 3.36899995804
171 4.11299991608
172 4.90799999237
173 4.87799978256
174 4.84200000763
175 4.83099985123
176 4.81199979782
177 4.80700016022
178 4.83599996567
179 4.85099983215
180 4.87300014496
181 4.89400005341
182 4.81300020218
183 5.30399990082
184 5.45800018311
185 5.46299982071
186 5.49700021744
187 5.50400018692
188 4.59899997711
189 4.58199977875
190 5.56699991226
191 5.58900022507
192 3.63899993896
193 3.52699995041
194 4.06500005722
195 4.04099988937
196 5.66900014877
197 5.69999980927
198 5.72900009155
199 5.75299978256
200 5.757999897
201 5.79699993134
202 5.8140001297
203 5.8140001297
204 5.82999992371
205 5.85099983215
206 5.86199998856
207 5.88700008392
208 5.89400005341
209 5.89499998093
210 5.91800022125
211 5.93800020218
212 5.94600009918
213 5.95699977875
214 5.97599983215
215 6.00500011444
216 6.01999998093
217 6.03399991989
218 6.05900001526
219 6.06300020218
220 6.05900001526
221 6.09100008011
222 6.07800006866
223 6.09299993515
224 6.09499979019
225 6.08699989319
226 6.12900018692
227 6.11999988556
228 6.11800003052
229 6.13199996948
230 6.15899991989
231 6.16300010681
232 6.17899990082
233 6.1890001297
234 6.18800020218
235 6.20599985123
236 6.20800018311
237 6.21000003815
238 6.21000003815
239 6.21400022507
240 6.22200012207
241 6.22900009155
242 6.22100019455
243 6.22399997711
244 2.07999992371
245 2.02500009537
246 2.02900004387
247 2.00900006294
248 2.02699995041
249 2.02099990845
250 2.01999998093
251 2.01600003242
252 2.01300001144
253 1.99100005627
254 2.00200009346
255 2.01399993896
256 1.99100005627
257 2.01300001144
258 2.00699996948
259 2.01399993896
260 2.01099991798
261 2.0039999485
262 1.99199998379
263 1.9960000515
264 2.04099988937
265 6.22399997711
266 2.40599989891
267 2.35899996758
268 2.3789999485
269 2.35299992561
270 2.31500005722
271 2.19499993324
272 2.1779999733
273 2.16599988937
274 2.16899991035
275 2.15199995041
276 2.14100003242
277 2.15700006485
278 2.15000009537
279 2.1400001049
280 2.14800000191
281 2.18600010872
282 2.19400000572
283 2.27399992943
284 2.34999990463
285 2.40499997139
286 2.40599989891
287 2.42700004578
288 6.0560002327
289 6.04500007629
290 6.04300022125
291 6.01599979401
292 5.97900009155
293 5.96999979019
294 5.95399999619
295 5.94099998474
296 5.91599988937
297 5.89699983597
298 5.8860001564
299 5.86000013351
300 5.84100008011
301 5.84299993515
302 5.83500003815
303 5.82000017166
304 5.79400014877
305 5.78100013733
306 5.77400016785
307 5.77699995041
308 5.742000103
309 5.6939997673
310 5.6859998703
311 5.66400003433
312 5.64900016785
313 5.61800003052
314 5.59700012207
315 5.57800006866
316 5.55000019073
317 5.54899978638
318 5.51999998093
319 5.3029999733
320 5.09000015259
321 5.45100021362
322 5.44199991226
323 5.42199993134
324 5.40999984741
325 5.38999986649
326 5.35400009155
327 5.33300018311
328 5.28499984741
329 4.367000103
330 4.05700016022
331 4.10900020599
332 5.01000022888
333 5.15600013733
334 5.13199996948
335 5.117000103
336 5.08500003815
337 5.06500005722
338 5.04500007629
339 5.02400016785
340 4.9359998703
341 4.79400014877
342 4.95599985123
343 4.93699979782
344 4.89099979401
345 4.87300014496
346 4.83300018311
347 4.69299983978
348 4.55100011826
349 4.72300004959
350 4.70100021362
351 4.67399978638
352 4.63399982452
353 4.61199998856
354 4.59100008011
355 4.5720000267
356 4.3140001297
357 4.33900022507
358 4.47100019455
359 4.45699977875
360 4.42600011826
361 4.39699983597
362 4.39300012589
363 4.34700012207
364 4.32000017166
365 4.27799987793
366 4.22499990463
367 4.1890001297
368 4.16099977493
369 4.14799976349
370 4.09899997711
371 4.07299995422
372 4.03800010681
373 4.01200008392
374 3.97300004959
375 3.94400000572
376 3.93499994278
377 3.87800002098
378 3.882999897
379 3.84200000763
380 3.82899999619
381 3.72199988365
382 3.6289999485
383 3.58599996567
384 3.56299996376
385 3.52699995041
386 3.47699999809
387 3.44199991226
388 3.41799998283
389 3.38800001144
390 3.34800004959
391 3.33899998665
392 3.29500007629
393 3.26699995995
394 3.26099991798
395 3.2539999485
396 3.28600001335
397 3.33999991417
398 3.36899995804
399 3.40100002289
400 3.43400001526
401 3.47799992561
402 3.51900005341
403 3.54399991035
404 3.59400010109
405 3.63700008392
406 3.67899990082
407 3.72099995613
408 3.72799992561
409 3.78099989891
410 3.82699990273
411 3.86100006104
412 3.93899989128
413 3.99900007248
414 4.06500005722
415 4.11299991608
416 4.1779999733
417 4.25099992752
418 4.29400014877
419 4.35300016403
420 4.4439997673
421 4.51900005341
422 4.58599996567
423 4.65999984741
424 4.73500013351
425 4.81699991226
426 4.90600013733
427 5.00400018692
428 5.09499979019
429 5.1970000267
430 5.30900001526
431 5.41200017929
432 5.51200008392
433 5.63399982452
434 5.757999897
435 5.87400007248
436 6.01300001144
437 6.16400003433
438 6.31699991226
439 6.46999979019
440 6.50199985504
441 6.60300016403
442 6.42899990082
443 3.07899999619
444 3.03699994087
445 3.02500009537
446 3.02300000191
447 3.02399992943
448 3.00600004196
449 3.00999999046
450 2.99099993706
451 2.99799990654
452 2.99099993706
453 2.97499990463
454 2.96499991417
455 2.98900008202
456 2.97600007057
457 2.94899988174
458 2.9509999752
459 2.94400000572
460 2.95700001717
461 2.93400001526
462 2.94499993324
463 2.9240000248
464 2.93700003624
465 2.93300008774
466 2.91499996185
467 2.91700005531
468 2.91799998283
469 2.90499997139
470 2.65400004387
471 2.64299988747
472 2.63100004196
473 2.64400005341
474 0.944000005722
475 0.694999992847
476 0.695999979973
477 0.922999978065
478 2.65300011635
479 2.61599993706
480 2.64499998093
481 2.63700008392
482 2.65000009537
483 2.65100002289
484 2.64100003242
485 2.65799999237
486 2.65899991989
487 2.67899990082
488 2.64800000191
489 2.66799998283
490 2.81299996376
491 2.94799995422
492 2.92700004578
493 2.93600010872
494 2.94499993324
495 2.94199991226
496 2.94799995422
497 2.9509999752
498 2.94899988174
499 2.96000003815
500 2.97699999809
501 2.95900011063
502 2.97099995613
503 1.30499994755
504 1.15400004387
505 1.11500000954
506 1.09500002861
507 1.09700000286
508 1.10399997234
509 1.08399999142
510 1.11800003052
511 1.14400005341
512 1.1740000248
513 1.17900002003
514 1.19200003147
515 1.17299997807
516 1.18799996376
517 1.20299994946
518 1.19099998474
519 1.22300004959
520 1.28900003433
521 1.41700005531
522 3.15300011635
523 3.17199993134
524 0.917999982834
525 0.910000026226
526 0.90499997139
527 0.948000013828
528 3.04200005531
529 1.47000002861
530 1.16999995708
531 1.07099997997
532 1.04299998283
533 1.05200004578
534 1.06299996376
535 1.05700004101
536 1.03999996185
537 1.05999994278
538 1.05499994755
539 1.05099999905
540 1.05099999905
