0 4.50400018692
1 4.42399978638
2 4.4279999733
3 4.46799993515
4 4.52600002289
5 4.66099977493
6 4.67500019073
7 4.70399999619
8 4.75
9 4.76900005341
10 4.78999996185
11 4.82299995422
12 4.86000013351
13 4.88700008392
14 4.92100000381
15 4.93499994278
16 4.83099985123
17 4.85300016403
18 4.89099979401
19 4.96199989319
20 5.13399982452
21 5.17999982834
22 5.22599983215
23 5.27400016785
24 5.31599998474
25 5.34700012207
26 5.40199995041
27 5.44899988174
28 5.50699996948
29 5.55200004578
30 5.59399986267
31 5.63500022888
32 5.65100002289
33 0.0
34 17.1340007782
35 17.1499996185
36 17.1450004578
37 0.0
38 0.0
39 0.0
40 17.2380008698
41 17.1739997864
42 17.0709991455
43 16.9939994812
44 16.5370006561
45 16.531999588
46 16.517999649
47 13.1619997025
48 13.0740003586
49 12.3280000687
50 11.9399995804
51 11.5900001526
52 11.5959997177
53 11.626999855
54 11.611000061
55 11.3489999771
56 10.9919996262
57 10.4659996033
58 10.1099996567
59 8.35499954224
60 8.34000015259
61 8.20300006866
62 7.92299985886
63 7.6360001564
64 7.44799995422
65 7.22700023651
66 7.0529999733
67 6.89400005341
68 6.78299999237
69 6.77299976349
70 6.81300020218
71 6.82100009918
72 6.85300016403
73 6.86899995804
74 6.79799985886
75 6.65600013733
76 1.68499994278
77 1.66499996185
78 1.66600000858
79 1.71800005436
80 5.22200012207
81 4.97100019455
82 4.86899995804
83 4.78000020981
84 4.6779999733
85 4.59399986267
86 4.53999996185
87 4.47200012207
88 4.40299987793
89 4.33400011063
90 4.27400016785
91 4.19600009918
92 4.16800022125
93 4.11000013351
94 4.03900003433
95 3.97900009155
96 3.92199993134
97 3.89299988747
98 3.8259999752
99 3.79200005531
100 3.77699995041
101 3.78200006485
102 3.81299996376
103 3.86599993706
104 3.87700009346
105 3.90599989891
106 3.93899989128
107 3.94600009918
108 3.9240000248
109 3.8900001049
110 3.85100007057
111 3.80500006676
112 3.77699995041
113 3.72000002861
114 3.70000004768
115 3.65199995041
116 3.61100006104
117 3.57999992371
118 3.56200003624
119 3.53399991989
120 3.50500011444
121 3.47399997711
122 3.44099998474
123 3.42100000381
124 3.40100002289
125 3.38800001144
126 3.42499995232
127 3.44199991226
128 3.49399995804
129 3.53800010681
130 3.57999992371
131 3.60800004005
132 3.65300011635
133 4.00400018692
134 4.05499982834
135 4.09999990463
136 4.13700008392
137 4.15100002289
138 4.19600009918
139 4.22499990463
140 4.24399995804
141 4.28000020981
142 4.30499982834
143 4.36600017548
144 4.37900018692
145 4.42299985886
146 4.47100019455
147 4.47900009155
148 4.50500011444
149 4.53200006485
150 4.53299999237
151 4.18800020218
152 4.29099988937
153 4.54500007629
154 3.27800011635
155 3.40499997139
156 4.72300004959
157 4.60400009155
158 4.56799983978
159 4.79600000381
160 4.83599996567
161 4.86000013351
162 4.89799976349
163 4.93200016022
164 4.96899986267
165 4.99599981308
166 5.01399993896
167 5.04899978638
168 3.13400006294
169 3.22099995613
170 3.36500000954
171 4.10599994659
172 4.91099977493
173 4.88500022888
174 4.8639998436
175 4.84600019455
176 4.81599998474
177 4.82499980927
178 4.82499980927
179 4.84399986267
180 4.87900018692
181 4.89499998093
182 4.82299995422
183 5.30800008774
184 5.47599983215
185 5.47300004959
186 5.49700021744
187 5.51399993896
188 4.59499979019
189 4.59600019455
190 5.56300020218
191 5.59399986267
192 3.63199996948
193 3.51900005341
194 4.07700014114
195 4.03700017929
196 5.69000005722
197 5.6970000267
198 5.73400020599
199 5.76700019836
200 5.76900005341
201 5.81799983978
202 5.81799983978
203 5.84499979019
204 5.84200000763
205 5.85599994659
206 5.88000011444
207 5.88899993896
208 5.875
209 5.90000009537
210 5.9279999733
211 5.93699979782
212 5.96299982071
213 5.96299982071
214 5.98199987411
215 6.01200008392
216 6.02600002289
217 6.04400014877
218 6.0560002327
219 6.07700014114
220 6.08799982071
221 6.10400009155
222 6.08099985123
223 6.08300018311
224 6.09800004959
225 6.11000013351
226 6.12200021744
227 6.12900018692
228 6.14400005341
229 6.14499998093
230 6.15000009537
231 6.16300010681
232 6.15999984741
233 6.1810002327
234 6.1810002327
235 6.21199989319
236 6.19999980927
237 6.22300004959
238 6.22599983215
239 6.23299980164
240 6.21999979019
241 6.23299980164
242 6.23400020599
243 6.21700000763
244 2.09200000763
245 2.0490000248
246 2.02699995041
247 2.0150001049
248 2.03800010681
249 2.01300001144
250 2.02999997139
251 2.01999998093
252 2.0039999485
253 2.02699995041
254 2.02300000191
255 2.01600003242
256 2.00699996948
257 1.99199998379
258 1.99399995804
259 1.99100005627
260 2.00500011444
261 2.00900006294
262 1.99699997902
263 2.00500011444
264 2.05200004578
265 6.24599981308
266 2.39299988747
267 2.37400007248
268 2.38000011444
269 2.33699989319
270 2.30100011826
271 2.20399999619
272 2.19799995422
273 2.2009999752
274 2.18700003624
275 2.14299988747
276 2.1400001049
277 2.14100003242
278 2.13599991798
279 2.15199995041
280 2.16799998283
281 2.19099998474
282 2.22000002861
283 2.28299999237
284 2.33500003815
285 2.41000008583
286 2.40700006485
287 2.43400001526
288 6.06300020218
289 6.05700016022
290 6.04099988937
291 6.02500009537
292 6.00400018692
293 5.96700000763
294 5.94500017166
295 5.93699979782
296 5.90700006485
297 5.90100002289
298 5.88199996948
299 5.88199996948
300 5.86299991608
301 5.86100006104
302 5.84200000763
303 5.81599998474
304 5.80100011826
305 5.78200006485
306 5.77899980545
307 5.76200008392
308 5.74800014496
309 5.72300004959
310 5.69600009918
311 5.67000007629
312 5.63399982452
313 5.61999988556
314 5.61299991608
315 5.57299995422
316 5.56599998474
317 5.54099988937
318 5.52400016785
319 5.32800006866
320 5.09299993515
321 5.45300006866
322 5.44600009918
323 5.43200016022
324 5.42199993134
325 5.37599992752
326 5.35200023651
327 5.33099985123
328 5.29600000381
329 4.36000013351
330 4.0529999733
331 4.11100006104
332 5.01000022888
333 5.16400003433
334 5.12900018692
335 5.11800003052
336 5.09700012207
337 5.06500005722
338 5.05100011826
339 5.02199983597
340 4.95699977875
341 4.82100009918
342 4.96299982071
343 4.9359998703
344 4.90799999237
345 4.86000013351
346 4.82700014114
347 4.69999980927
348 4.57499980927
349 4.72800016403
350 4.71299982071
351 4.68499994278
352 4.65799999237
353 4.61600017548
354 4.59000015259
355 4.5609998703
356 4.29899978638
357 4.35300016403
358 4.48999977112
359 4.46199989319
360 4.45499992371
361 4.42399978638
362 4.39699983597
363 4.36199998856
364 4.29400014877
365 4.25899982452
366 4.2389998436
367 4.21899986267
368 4.16099977493
369 4.13999986649
370 4.117000103
371 4.07100009918
372 4.02899980545
373 4.01599979401
374 3.97300004959
375 3.94199991226
376 3.9279999733
377 3.90599989891
378 3.88199996948
379 3.83599996567
380 3.82399988174
381 3.70600008965
382 3.64599990845
383 3.60199999809
384 3.57699990273
385 3.51900005341
386 3.492000103
387 3.46499991417
388 3.43700003624
389 3.38499999046
390 3.3599998951
391 3.33800005913
392 3.31299996376
393 3.29099988937
394 3.27099990845
395 3.26900005341
396 3.28999996185
397 3.33800005913
398 3.36999988556
399 3.39400005341
400 3.44499993324
401 3.47600007057
402 3.50200009346
403 3.56299996376
404 3.59500002861
405 3.64599990845
406 3.68099999428
407 3.72000002861
408 3.72699999809
409 3.78399991989
410 3.83100008965
411 3.867000103
412 3.94799995422
413 3.97900009155
414 4.05900001526
415 4.11299991608
416 4.19000005722
417 4.25600004196
418 4.29899978638
419 4.36800003052
420 4.44099998474
421 4.51700019836
422 4.60300016403
423 4.67000007629
424 4.73400020599
425 4.8140001297
426 4.90799999237
427 5.02099990845
428 5.117000103
429 5.20699977875
430 5.31300020218
431 5.42299985886
432 5.52799987793
433 5.64499998093
434 5.77799987793
435 5.87799978256
436 6.02699995041
437 6.15399980545
438 6.32399988174
439 6.47300004959
440 6.5
441 6.60200023651
442 6.44299983978
443 3.06999993324
444 3.04500007629
445 3.02200007439
446 3.04500007629
447 3.03500008583
448 3.01799988747
449 2.99699997902
450 3.00500011444
451 2.99099993706
452 3.00099992752
453 2.97799992561
454 2.97199988365
455 2.98300004005
456 2.97799992561
457 2.95600008965
458 2.96000003815
459 2.96900010109
460 2.94400000572
461 2.94000005722
462 2.92899990082
463 2.93600010872
464 2.95000004768
465 2.92499995232
466 2.92600011826
467 2.92499995232
468 2.91700005531
469 2.91799998283
470 2.66400003433
471 2.66000008583
472 2.64400005341
473 2.65000009537
474 0.947000026703
475 0.699999988079
476 0.702000021935
477 0.930000007153
478 2.66000008583
479 2.63199996948
480 2.63100004196
481 2.64800000191
482 2.65499997139
483 2.65400004387
484 2.66899991035
485 2.66899991035
486 2.68099999428
487 2.66799998283
488 2.67100000381
489 2.65700006485
490 2.81599998474
491 1.25600004196
492 1.13499999046
493 1.09599995613
494 1.12000000477
495 1.11399996281
496 1.11300003529
497 1.10899996758
498 1.11600005627
499 1.11300003529
500 1.11699998379
501 1.12199997902
502 1.11600005627
503 1.13999998569
504 1.17700004578
505 1.24199998379
506 1.10399997234
507 1.11500000954
508 1.10800004005
509 1.0909999609
510 1.09399998188
511 1.05799996853
512 1.0870000124
513 1.07700002193
514 1.08899998665
515 1.08500003815
516 1.08800005913
517 1.09000003338
518 1.10899996758
519 1.2120000124
520 1.1629999876
521 3.15100002289
522 3.15700006485
523 3.17600011826
524 0.926999986172
525 0.907000005245
526 0.90499997139
527 0.929000020027
528 3.04999995232
529 2.99099993706
530 2.9279999733
531 2.86999988556
532 2.82699990273
533 2.77999997139
534 2.72600007057
535 2.72000002861
536 2.9470000267
537 2.92100000381
538 0.0
539 0.0
540 0.0
