0 4.51300001144
1 4.43400001526
2 4.45100021362
3 4.46899986267
4 4.54300022125
5 4.66300010681
6 4.68800020218
7 4.6970000267
8 4.73699998856
9 4.77199983597
10 4.78900003433
11 4.82700014114
12 4.86899995804
13 4.88000011444
14 4.92500019073
15 4.92199993134
16 4.82800006866
17 4.84800004959
18 4.88000011444
19 4.96700000763
20 5.14400005341
21 5.19000005722
22 5.23199987411
23 5.27500009537
24 5.32299995422
25 5.35099983215
26 5.40899991989
27 5.4470000267
28 5.49900007248
29 5.54799985886
30 5.60699987411
31 5.63800001144
32 5.65500020981
33 0.0
34 17.1520004272
35 17.1359996796
36 17.1490001678
37 0.0
38 0.0
39 0.0
40 17.2339992523
41 17.1550006866
42 17.061000824
43 16.9920005798
44 16.5189990997
45 16.531999588
46 16.5219993591
47 13.1490001678
48 13.0740003586
49 12.3389997482
50 11.9359998703
51 11.6020002365
52 11.5869998932
53 11.6370000839
54 11.6190004349
55 11.3459997177
56 11.0190000534
57 10.4619998932
58 10.109000206
59 8.34200000763
60 8.33899974823
61 8.19900035858
62 7.89900016785
63 7.63899993896
64 7.44500017166
65 7.24300003052
66 7.05999994278
67 6.90600013733
68 6.78700017929
69 6.78700017929
70 6.79500007629
71 6.8220000267
72 6.84800004959
73 6.86600017548
74 6.79099988937
75 6.62799978256
76 1.70500004292
77 1.67700004578
78 1.69799995422
79 1.73899996281
80 5.22599983215
81 4.97200012207
82 4.867000103
83 4.77799987793
84 4.68499994278
85 4.60300016403
86 4.52899980545
87 4.48299980164
88 4.41699981689
89 4.31500005722
90 4.28999996185
91 4.22700023651
92 4.15299987793
93 4.10699987411
94 4.03700017929
95 3.9849998951
96 3.9430000782
97 3.86999988556
98 3.83500003815
99 3.78099989891
100 3.75500011444
101 3.79200005531
102 3.82299995422
103 3.83999991417
104 3.8789999485
105 3.90799999237
106 3.9509999752
107 3.95900011063
108 3.91599988937
109 3.88499999046
110 3.85599994659
111 3.79999995232
112 3.75600004196
113 3.72900009155
114 3.7009999752
115 3.66100001335
116 3.62199997902
117 3.59699988365
118 3.56399989128
119 3.52699995041
120 3.49099993706
121 3.47000002861
122 3.45199990273
123 3.41599988937
124 3.40700006485
125 3.38499999046
126 3.43799996376
127 3.45199990273
128 3.47900009155
129 3.5150001049
130 3.57100009918
131 3.61800003052
132 3.65499997139
133 4.02500009537
134 4.05999994278
135 4.08199977875
136 4.13100004196
137 4.16099977493
138 4.17899990082
139 4.20599985123
140 4.25699996948
141 4.28900003433
142 4.30999994278
143 4.35099983215
144 4.39400005341
145 4.4310002327
146 4.46899986267
147 4.46500015259
148 4.51300001144
149 4.53200006485
150 4.54799985886
151 4.1939997673
152 4.27899980545
153 4.60099983215
154 3.26600003242
155 3.39899992943
156 4.72100019455
157 4.58500003815
158 4.55399990082
159 4.79300022125
160 4.8140001297
161 4.8639998436
162 4.90100002289
163 4.92500019073
164 4.96400022507
165 4.99300003052
166 5.007999897
167 5.03900003433
168 3.13199996948
169 3.21600008011
170 3.36100006104
171 4.11800003052
172 4.90700006485
173 4.87799978256
174 4.85599994659
175 4.84200000763
176 4.81300020218
177 4.81599998474
178 4.82899999619
179 4.83599996567
180 4.87400007248
181 4.89900016785
182 4.82000017166
183 5.29899978638
184 5.46000003815
185 5.48299980164
186 5.49499988556
187 5.51499986649
188 4.61000013351
189 4.57100009918
190 5.56199979782
191 5.58400011063
192 3.63700008392
193 3.53099989891
194 4.08500003815
195 4.03499984741
196 5.6779999733
197 5.71500015259
198 5.73799991608
199 5.74900007248
200 5.77500009537
201 5.81799983978
202 5.82299995422
203 5.83199977875
204 5.84499979019
205 5.86600017548
206 5.86499977112
207 5.88100004196
208 5.90100002289
209 5.89900016785
210 5.92700004578
211 5.94600009918
212 5.96199989319
213 5.97399997711
214 5.97800016403
215 6.00500011444
216 6.01900005341
217 6.01900005341
218 6.03800010681
219 6.07899999619
220 6.07000017166
221 6.07600021362
222 6.07499980927
223 6.08900022507
224 6.08900022507
225 6.09700012207
226 6.11299991608
227 6.12699985504
228 6.14400005341
229 6.15399980545
230 6.14599990845
231 6.15100002289
232 6.17700004578
233 6.16900014877
234 6.1890001297
235 6.21700000763
236 6.22499990463
237 6.21899986267
238 6.24399995804
239 6.23099994659
240 6.22200012207
241 6.23099994659
242 6.23500013351
243 6.21999979019
244 2.08200001717
245 2.0529999733
246 2.03399991989
247 2.04200005531
248 2.02600002289
249 2.02999997139
250 2.007999897
251 2.007999897
252 1.99699997902
253 2.01799988747
254 2.00099992752
255 1.99699997902
256 2.01799988747
257 2.00600004196
258 2.0039999485
259 1.99000000954
260 1.99399995804
261 1.99100005627
262 1.99500000477
263 2.02200007439
264 2.04999995232
265 6.22100019455
266 2.41199994087
267 2.3789999485
268 2.36400008202
269 2.33699989319
270 2.3029999733
271 2.23399996758
272 2.19099998474
273 2.18499994278
274 2.18700003624
275 2.15899991989
276 2.16000008583
277 2.14700007439
278 2.12299990654
279 2.12800002098
280 2.17499995232
281 2.18099999428
282 2.22000002861
283 2.28500008583
284 2.35100007057
285 2.3900001049
286 2.42100000381
287 2.43799996376
288 6.07299995422
289 6.05000019073
290 6.03000020981
291 6.02500009537
292 5.99700021744
293 5.96999979019
294 5.95300006866
295 5.93200016022
296 5.90399980545
297 5.90000009537
298 5.90299987793
299 5.87200021744
300 5.87099981308
301 5.85200023651
302 5.83199977875
303 5.8220000267
304 5.80700016022
305 5.81199979782
306 5.77600002289
307 5.77500009537
308 5.757999897
309 5.71799993515
310 5.69999980927
311 5.68300008774
312 5.64699983597
313 5.62300014496
314 5.60300016403
315 5.56799983978
316 5.5560002327
317 5.54199981689
318 5.53599977493
319 5.33400011063
320 5.10699987411
321 5.45800018311
322 5.45100021362
323 5.43300008774
324 5.41499996185
325 5.38500022888
326 5.36800003052
327 5.31799983978
328 5.29699993134
329 4.37699985504
330 4.03999996185
331 4.10300016403
332 5.02199983597
333 5.15999984741
334 5.13700008392
335 5.10900020599
336 5.08799982071
337 5.06199979782
338 5.04699993134
339 5.0110001564
340 4.94000005722
341 4.81799983978
342 4.96799993515
343 4.93499994278
344 4.89499998093
345 4.86000013351
346 4.82999992371
347 4.70900011063
348 4.55200004578
349 4.7389998436
350 4.70200014114
351 4.67700004578
352 4.65899991989
353 4.62099981308
354 4.59600019455
355 4.5560002327
356 4.29799985886
357 4.36600017548
358 4.48999977112
359 4.46000003815
360 4.4470000267
361 4.42600011826
362 4.38999986649
363 4.33699989319
364 4.32100009918
365 4.27899980545
366 4.25400018692
367 4.20800018311
368 4.17899990082
369 4.13800001144
370 4.117000103
371 4.08699989319
372 4.04600000381
373 4.01900005341
374 3.97300004959
375 3.94499993324
376 3.94400000572
377 3.90400004387
378 3.87599992752
379 3.84999990463
380 3.83699989319
381 3.72300004959
382 3.63700008392
383 3.59599995613
384 3.57299995422
385 3.52699995041
386 3.5
387 3.46099996567
388 3.43099999428
389 3.40100002289
390 3.36899995804
391 3.33699989319
392 3.31500005722
393 3.27200007439
394 3.25099992752
395 3.26200008392
396 3.29600000381
397 3.34200000763
398 3.36199998856
399 3.40000009537
400 3.44600009918
401 3.48300004005
402 3.51600003242
403 3.54500007629
404 3.60400009155
405 3.64599990845
406 3.68300008774
407 3.72600007057
408 3.742000103
409 3.78299999237
410 3.83699989319
411 3.86400008202
412 3.91899991035
413 3.99399995804
414 4.07700014114
415 4.13000011444
416 4.17700004578
417 4.21899986267
418 4.30200004578
419 4.38500022888
420 4.44000005722
421 4.51800012589
422 4.59499979019
423 4.65999984741
424 4.72800016403
425 4.80200004578
426 4.91900014877
427 5.02500009537
428 5.10699987411
429 5.21799993515
430 5.30900001526
431 5.41400003433
432 5.53100013733
433 5.65799999237
434 5.75400018692
435 5.8860001564
436 6.01900005341
437 6.15799999237
438 6.30900001526
439 6.48000001907
440 6.50099992752
441 6.59600019455
442 6.41499996185
443 3.09299993515
444 3.05100011826
445 3.03299999237
446 3.02099990845
447 3.01200008392
448 3.0
449 3.0
450 2.99499988556
451 2.99000000954
452 2.98699998856
453 2.97600007057
454 2.99300003052
455 2.98699998856
456 2.95300006866
457 2.9470000267
458 2.96700000763
459 2.96099996567
460 2.9470000267
461 2.9470000267
462 2.95199990273
463 2.9470000267
464 2.93300008774
465 2.93000006676
466 2.94199991226
467 2.92000007629
468 2.92100000381
469 2.91199994087
470 2.66300010681
471 2.6400001049
472 2.66100001335
473 2.64899992943
474 0.947000026703
475 0.709999978542
476 0.72000002861
477 0.93599998951
478 2.65599989891
479 2.64400005341
480 2.64400005341
481 2.64899992943
482 2.65599989891
483 2.65300011635
484 2.65700006485
485 2.65300011635
486 2.66300010681
487 2.65599989891
488 2.65599989891
489 2.6740000248
490 2.84500002861
491 2.93600010872
492 2.9279999733
493 2.93600010872
494 2.93300008774
495 2.95900011063
496 2.94799995422
497 2.94499993324
498 2.97499990463
499 2.97300004959
500 2.96099996567
501 2.97000002861
502 2.992000103
503 1.18200004101
504 1.24399995804
505 1.12199997902
506 1.13100004196
507 1.10099995136
508 1.12199997902
509 1.12600004673
510 1.11899995804
511 1.13600003719
512 1.18799996376
513 1.18099999428
514 1.18400001526
515 1.20000004768
516 1.18099999428
517 1.18900001049
518 1.21399998665
519 1.22800004482
520 1.25899994373
521 1.36300003529
522 1.5759999752
523 3.15799999237
524 0.93599998951
525 0.907000005245
526 0.922999978065
527 0.939999997616
528 3.04399991035
529 2.97900009155
530 1.26400005817
531 1.08800005913
532 1.07700002193
533 1.07400000095
534 1.06599998474
535 1.04299998283
536 1.0529999733
537 1.07899999619
538 1.07400000095
539 1.05499994755
540 1.04999995232
