0 4.52099990845
1 4.39699983597
2 4.44199991226
3 4.44799995422
4 4.52400016785
5 4.64799976349
6 4.67399978638
7 4.69299983978
8 4.73999977112
9 4.75400018692
10 4.77899980545
11 4.82000017166
12 4.85099983215
13 4.88700008392
14 4.91900014877
15 4.93699979782
16 4.83699989319
17 4.83599996567
18 4.86299991608
19 4.9439997673
20 5.14400005341
21 5.1810002327
22 5.22200012207
23 5.26200008392
24 5.30900001526
25 5.35400009155
26 5.38899993896
27 5.45399999619
28 5.49300003052
29 5.53999996185
30 5.58900022507
31 5.625
32 5.66599988937
33 0.0
34 17.1599998474
35 17.158000946
36 17.1520004272
37 0.0
38 0.0
39 0.0
40 17.232000351
41 17.1550006866
42 17.061000824
43 17.0100002289
44 16.5240001678
45 16.5300006866
46 16.5219993591
47 13.1639995575
48 13.0690002441
49 12.3240003586
50 11.9460000992
51 11.5869998932
52 11.5979995728
53 11.6210002899
54 11.6160001755
55 11.3380002975
56 10.9890003204
57 10.4530000687
58 10.107000351
59 8.31900024414
60 8.34500026703
61 8.2110004425
62 7.90299987793
63 7.6360001564
64 7.43800020218
65 7.24100017548
66 7.05900001526
67 6.88999986649
68 6.79199981689
69 6.76900005341
70 6.79500007629
71 6.82600021362
72 6.85099983215
73 6.85400009155
74 6.77899980545
75 6.62699985504
76 1.68400001526
77 1.67200005054
78 1.67999994755
79 1.74399995804
80 5.22900009155
81 4.95900011063
82 4.83900022507
83 4.76700019836
84 4.67700004578
85 4.59899997711
86 4.53499984741
87 4.46899986267
88 4.39799976349
89 4.34200000763
90 4.27099990845
91 4.19500017166
92 4.14300012589
93 4.08400011063
94 4.02600002289
95 3.98300004005
96 3.92600011826
97 3.88800001144
98 3.84699988365
99 3.8029999733
100 3.74799990654
101 3.77999997139
102 3.81500005722
103 3.83400011063
104 3.882999897
105 3.88800001144
106 3.9240000248
107 3.96000003815
108 3.92100000381
109 3.875
110 3.83899998665
111 3.79099988937
112 3.76200008392
113 3.73099994659
114 3.68899989128
115 3.66499996185
116 3.61599993706
117 3.58599996567
118 3.54200005531
119 3.51999998093
120 3.49499988556
121 3.46199989319
122 3.42499995232
123 3.40799999237
124 3.40499997139
125 3.38499999046
126 3.42600011826
127 3.43499994278
128 3.49499988556
129 3.52300000191
130 3.5720000267
131 3.60700011253
132 3.65199995041
133 4.02500009537
134 4.07100009918
135 4.08300018311
136 4.12200021744
137 4.12699985504
138 4.17000007629
139 4.21999979019
140 4.23799991608
141 4.27600002289
142 4.32299995422
143 4.35200023651
144 4.38800001144
145 4.40000009537
146 4.4470000267
147 4.47499990463
148 4.51200008392
149 4.50099992752
150 4.53800010681
151 4.19299983978
152 4.28700017929
153 4.5720000267
154 3.24699997902
155 3.4240000248
156 4.70599985123
157 4.59200000763
158 4.55900001526
159 4.79400014877
160 4.84000015259
161 4.85200023651
162 4.88999986649
163 4.91599988937
164 4.95599985123
165 4.992000103
166 5.01300001144
167 5.04099988937
168 3.15199995041
169 3.20900011063
170 3.35800004005
171 4.13500022888
172 4.92000007629
173 4.86899995804
174 4.84499979019
175 4.8189997673
176 4.82999992371
177 4.82800006866
178 4.82899999619
179 4.83599996567
180 4.85900020599
181 4.88700008392
182 4.8029999733
183 5.32000017166
184 5.46299982071
185 5.46600008011
186 5.48400020599
187 5.51200008392
188 4.59899997711
189 4.5689997673
190 5.55499982834
191 5.58500003815
192 3.62700009346
193 3.51999998093
194 4.05399990082
195 4.04199981689
196 5.6970000267
197 5.6939997673
198 5.74100017548
199 5.76200008392
200 5.77400016785
201 5.78599977493
202 5.80999994278
203 5.82700014114
204 5.84800004959
205 5.83799982071
206 5.87300014496
207 5.87300014496
208 5.89799976349
209 5.8860001564
210 5.91300010681
211 5.91599988937
212 5.94199991226
213 5.97100019455
214 5.98699998856
215 6.00099992752
216 6.01599979401
217 6.03499984741
218 6.03700017929
219 6.05800008774
220 6.07399988174
221 6.06199979782
222 6.08900022507
223 6.09200000763
224 6.10200023651
225 6.09100008011
226 6.09399986267
227 6.117000103
228 6.125
229 6.14799976349
230 6.15500020981
231 6.15100002289
232 6.17399978638
233 6.17899990082
234 6.17399978638
235 6.21600008011
236 6.19799995422
237 6.23999977112
238 6.21799993515
239 6.23699998856
240 6.22599983215
241 6.22399997711
242 6.21000003815
243 6.22300004959
244 2.07399988174
245 2.03900003433
246 2.02200007439
247 2.01200008392
248 2.03200006485
249 2.00500011444
250 2.00500011444
251 2.0039999485
252 2.0
253 1.99100005627
254 2.00900006294
255 2.00600004196
256 1.99399995804
257 2.00900006294
258 2.00300002098
259 2.0
260 1.99100005627
261 1.98000001907
262 1.98699998856
263 2.01399993896
264 2.06200003624
265 6.23699998856
266 2.41599988937
267 2.39499998093
268 2.37199997902
269 2.32500004768
270 2.28500008583
271 2.19899988174
272 2.1930000782
273 2.16899991035
274 2.1819999218
275 2.16199994087
276 2.15400004387
277 2.12400007248
278 2.1289999485
279 2.12800002098
280 2.15400004387
281 2.17000007629
282 2.20600008965
283 2.26200008392
284 2.31900000572
285 2.39700007439
286 2.38100004196
287 2.42499995232
288 6.04600000381
289 6.05499982834
290 6.03399991989
291 6.00899982452
292 5.97399997711
293 5.97399997711
294 5.95200014114
295 5.92600011826
296 5.89599990845
297 5.89699983597
298 5.89799976349
299 5.87300014496
300 5.867000103
301 5.85500001907
302 5.84299993515
303 5.8109998703
304 5.79699993134
305 5.78100013733
306 5.76800012589
307 5.75500011444
308 5.73600006104
309 5.71899986267
310 5.6939997673
311 5.67899990082
312 5.63100004196
313 5.61800003052
314 5.59499979019
315 5.5720000267
316 5.54799985886
317 5.52799987793
318 5.52099990845
319 5.31300020218
320 5.08500003815
321 5.44999980927
322 5.4390001297
323 5.42600011826
324 5.40100002289
325 5.37799978256
326 5.36100006104
327 5.32399988174
328 5.3029999733
329 4.35900020599
330 4.04500007629
331 4.09999990463
332 5.03200006485
333 5.16300010681
334 5.132999897
335 5.10500001907
336 5.08799982071
337 5.0609998703
338 5.03100013733
339 5.01999998093
340 4.9390001297
341 4.8109998703
342 4.94899988174
343 4.93699979782
344 4.89699983597
345 4.86299991608
346 4.81599998474
347 4.70200014114
348 4.54199981689
349 4.72499990463
350 4.71000003815
351 4.68300008774
352 4.65199995041
353 4.61199998856
354 4.59299993515
355 4.55000019073
356 4.3060002327
357 4.35500001907
358 4.49100017548
359 4.47200012207
360 4.43499994278
361 4.42199993134
362 4.38500022888
363 4.35599994659
364 4.29199981689
365 4.28599977493
366 4.21899986267
367 4.19899988174
368 4.16599988937
369 4.12900018692
370 4.08500003815
371 4.08099985123
372 4.03499984741
373 3.99499988556
374 3.97199988365
375 3.95900011063
376 3.9240000248
377 3.90300011635
378 3.88000011444
379 3.82999992371
380 3.82399988174
381 3.72499990463
382 3.6289999485
383 3.57699990273
384 3.54699993134
385 3.5039999485
386 3.48799991608
387 3.46199989319
388 3.40799999237
389 3.38400006294
390 3.35299992561
391 3.32500004768
392 3.30999994278
393 3.26600003242
394 3.24099993706
395 3.25900006294
396 3.29500007629
397 3.32500004768
398 3.34800004959
399 3.40300011635
400 3.43600010872
401 3.45600008965
402 3.51099991798
403 3.55100011826
404 3.60400009155
405 3.63499999046
406 3.67499995232
407 3.71399998665
408 3.73799991608
409 3.77900004387
410 3.82100009918
411 3.86999988556
412 3.92700004578
413 3.9960000515
414 4.04600000381
415 4.09700012207
416 4.16300010681
417 4.22499990463
418 4.29899978638
419 4.367000103
420 4.4439997673
421 4.51800012589
422 4.60400009155
423 4.66699981689
424 4.71999979019
425 4.80100011826
426 4.89799976349
427 5.01399993896
428 5.10900020599
429 5.21199989319
430 5.29899978638
431 5.40000009537
432 5.52199983597
433 5.64599990845
434 5.75500011444
435 5.87099981308
436 6.01300001144
437 6.15999984741
438 6.28900003433
439 6.47599983215
440 6.50299978256
441 6.58599996567
442 6.42199993134
443 3.08500003815
444 3.05100011826
445 3.02600002289
446 3.01900005341
447 3.03299999237
448 3.00600004196
449 3.0
450 3.0039999485
451 2.98099994659
452 2.98699998856
453 2.99499988556
454 2.96700000763
455 2.96499991417
456 2.98000001907
457 2.94899988174
458 2.9470000267
459 2.9430000782
460 2.9470000267
461 2.93400001526
462 2.93700003624
463 2.92199993134
464 2.93300008774
465 2.93000006676
466 2.91700005531
467 2.91499996185
468 2.91300010681
469 2.90799999237
470 2.66300010681
471 2.62700009346
472 2.63400006294
473 2.64499998093
474 0.935000002384
475 0.698000013828
476 0.697000026703
477 0.912000000477
478 2.64499998093
479 2.64899992943
480 2.64400005341
481 2.64400005341
482 2.64800000191
483 2.64800000191
484 2.65100002289
485 2.63499999046
486 2.65899991989
487 2.6779999733
488 2.66199994087
489 2.67600011826
490 2.81100010872
491 2.92499995232
492 2.94099998474
493 2.94400000572
494 2.94499993324
495 2.93499994278
496 2.94499993324
497 2.93899989128
498 2.96799993515
499 2.95499992371
500 2.97600007057
501 2.96600008011
502 2.9849998951
503 1.35199999809
504 1.16600000858
505 1.11899995804
506 1.10599994659
507 1.11000001431
508 1.10000002384
509 1.09899997711
510 1.12399995327
511 1.13900005817
512 1.17499995232
513 1.18400001526
514 1.16700005531
515 1.19599997997
516 1.18299996853
517 1.19500005245
518 1.21099996567
519 1.24100005627
520 1.28499996662
521 1.41700005531
522 3.16499996185
523 3.17199993134
524 0.924000024796
525 0.912000000477
526 0.899999976158
527 0.949000000954
528 3.03399991989
529 1.42900002003
530 1.15799999237
531 1.06400001049
532 1.04499995708
533 1.04799997807
534 1.05599999428
535 1.05700004101
536 1.0720000267
537 1.08200001717
538 1.05700004101
539 1.05499994755
540 1.06500005722
