282 5.81300020218 0
281 5.76999998093 0
280 5.73799991608 0
279 5.65000009537 0
278 5.41499996185 0
277 5.26900005341 0
276 5.25 0
275 5.21199989319 0
274 5.21899986267 0
273 5.25099992752 0
272 2.45499992371 1
271 2.43799996376 1
270 2.39299988747 1
269 5.22499990463 2
268 5.06199979782 2
267 5.03599977493 2
266 5.03100013733 2
265 5.03900003433 2
264 5.03599977493 2
263 5.04099988937 2
262 5.03299999237 2
261 5.17899990082 2
260 6.21899986267 3
259 6.24599981308 3
258 6.257999897 3
257 6.26700019836 3
256 6.27299976349 3
