282 5.80800008774 0
281 5.76900005341 0
280 5.74700021744 0
279 5.65700006485 0
278 5.39900016785 0
277 5.26300001144 0
276 5.24399995804 0
275 5.20699977875 0
274 5.22399997711 0
273 5.25699996948 0
272 2.43899989128 1
271 2.41799998283 1
270 2.40300011635 1
269 5.24300003052 2
268 5.0689997673 2
267 5.03100013733 2
266 5.01900005341 2
265 5.02699995041 2
264 5.03000020981 2
263 5.02199983597 2
262 5.04500007629 2
261 5.19199991226 2
260 6.24599981308 3
259 6.25099992752 3
258 6.23999977112 3
257 6.24700021744 3
256 6.26200008392 3
