282 5.79799985886 0
281 5.77899980545 0
280 5.74499988556 0
279 5.66099977493 0
278 5.41099977493 0
277 5.27500009537 0
276 5.23999977112 0
275 5.21099996567 0
274 5.21299982071 0
273 5.24499988556 0
272 2.43899989128 1
271 2.41700005531 1
270 2.43000006676 1
269 5.24499988556 2
268 5.07000017166 2
267 5.02699995041 2
266 5.03299999237 2
265 5.02799987793 2
264 5.03900003433 2
263 5.03499984741 2
262 5.04600000381 2
261 5.20399999619 2
260 6.23699998856 3
259 6.25099992752 3
258 6.23799991608 3
257 6.24700021744 3
256 6.25500011444 3
