282 5.80700016022 0
281 5.77600002289 0
280 5.74100017548 0
279 5.67199993134 0
278 5.41699981689 0
277 5.26999998093 0
276 5.23099994659 0
275 5.21700000763 0
274 5.21700000763 0
273 5.24300003052 0
272 2.45199990273 1
271 2.4319999218 1
270 2.39499998093 1
269 5.23099994659 2
268 5.06500005722 2
267 5.02400016785 2
266 5.03800010681 2
265 5.03599977493 2
264 5.04600000381 2
263 5.02699995041 2
262 5.02799987793 2
261 5.18400001526 2
260 6.22399997711 3
259 6.23999977112 3
258 6.25 3
257 6.25899982452 3
256 6.26700019836 3
