282 5.80800008774 0
281 5.76999998093 0
280 5.73699998856 0
279 5.66900014877 0
278 5.41800022125 0
277 5.26599979401 0
276 5.23299980164 0
275 5.21899986267 0
274 5.21899986267 0
273 5.25600004196 0
272 2.45000004768 1
271 2.43700003624 1
270 2.41599988937 1
269 5.2389998436 2
268 5.06699991226 2
267 5.02600002289 2
266 5.03100013733 2
265 5.03100013733 2
264 5.02400016785 2
263 5.02899980545 2
262 5.03700017929 2
261 5.19600009918 2
260 6.23999977112 3
259 6.24700021744 3
258 6.26399993896 3
257 6.26599979401 3
256 6.27299976349 3
