282 5.79400014877 0
281 5.75 0
280 5.7389998436 0
279 5.65899991989 0
278 5.40600013733 0
277 5.26300001144 0
276 5.25500011444 0
275 5.20800018311 0
274 5.21199989319 0
273 5.24100017548 0
272 2.44400000572 1
271 2.39899992943 1
270 2.42000007629 1
269 5.25400018692 2
268 5.07899999619 2
267 5.03900003433 2
266 5.02400016785 2
265 5.03299999237 2
264 5.03700017929 2
263 5.02799987793 2
262 5.04899978638 2
261 5.20300006866 2
260 6.22800016403 3
259 6.24399995804 3
258 6.25199985504 3
257 6.24900007248 3
