283 5.93400001526 0
282 5.80999994278 0
281 5.76499986649 0
280 5.74700021744 0
279 5.65000009537 0
278 5.40999984741 0
277 5.26200008392 0
276 5.24499988556 0
275 5.20100021362 0
274 5.20200014114 0
273 5.25400018692 0
272 2.45199990273 1
271 2.43300008774 1
270 2.42000007629 1
269 5.23600006104 2
268 5.07700014114 2
267 5.02199983597 2
266 5.02500009537 2
265 5.02699995041 2
264 5.02099990845 2
263 5.03100013733 2
262 5.04099988937 2
261 5.18800020218 2
260 6.21600008011 3
259 6.23500013351 3
258 6.2389998436 3
257 6.25500011444 3
256 6.25299978256 3
