282 5.8220000267 0
281 5.76900005341 0
280 5.75199985504 0
279 5.66800022125 0
278 5.41099977493 0
277 5.27299976349 0
276 5.23000001907 0
275 5.21199989319 0
274 5.21299982071 0
273 5.24900007248 0
272 2.4430000782 1
271 2.39700007439 1
270 2.40899991989 1
269 5.24499988556 2
268 5.0640001297 2
267 5.02799987793 2
266 5.03499984741 2
265 5.02199983597 2
264 5.04600000381 2
263 5.02299976349 2
262 5.05800008774 2
261 5.18400001526 2
260 6.25299978256 3
259 6.257999897 3
258 6.2610001564 3
257 6.26399993896 3
256 6.27400016785 3
