283 5.95399999619 0
282 5.8060002327 0
281 5.75299978256 0
280 5.74100017548 0
279 5.65899991989 0
278 5.39900016785 0
277 5.26999998093 0
276 5.24499988556 0
275 5.19899988174 0
274 5.22300004959 0
273 5.25299978256 0
272 2.45000004768 1
271 2.41899991035 1
270 2.40000009537 1
269 5.25699996948 2
268 5.06799983978 2
267 5.03100013733 2
266 5.02600002289 2
265 5.02600002289 2
264 5.04300022125 2
263 5.04699993134 2
262 5.04099988937 2
261 5.18499994278 2
260 6.21400022507 3
259 6.26000022888 3
258 6.26599979401 3
257 6.26700019836 3
256 6.24700021744 3
