282 5.79500007629 0
281 5.77600002289 0
280 5.73799991608 0
279 5.67399978638 0
278 5.41300010681 0
277 5.27299976349 0
276 5.23699998856 0
275 5.21899986267 0
274 5.21700000763 0
273 5.24800014496 0
272 2.45000004768 1
271 2.41100001335 1
270 2.40000009537 1
269 5.24300003052 2
268 5.0609998703 2
267 5.03299999237 2
266 5.02299976349 2
265 5.03800010681 2
264 5.03599977493 2
263 5.03499984741 2
262 5.03200006485 2
261 5.17700004578 2
260 6.24900007248 3
259 6.25699996948 3
258 6.26300001144 3
257 6.26499986649 3
256 6.26000022888 3
