283 5.95800018311 0
282 5.79600000381 0
281 5.77199983597 0
280 5.742000103 0
279 5.65700006485 0
278 5.39900016785 0
277 5.26900005341 0
276 5.23699998856 0
275 5.21700000763 0
274 5.21899986267 0
273 5.25400018692 0
272 2.45900011063 1
271 2.41400003433 1
270 2.43000006676 1
269 5.24399995804 2
268 5.05999994278 2
267 5.04199981689 2
266 5.02899980545 2
265 5.04199981689 2
264 5.03900003433 2
263 5.02400016785 2
262 5.03100013733 2
261 5.19500017166 2
260 6.25 3
259 6.24399995804 3
258 6.257999897 3
257 6.257999897 3
256 6.26200008392 3
