282 5.79699993134 0
281 5.76700019836 0
280 5.74399995804 0
279 5.66300010681 0
278 5.40799999237 0
277 5.26800012589 0
276 5.23500013351 0
275 5.20900011063 0
274 5.20800018311 0
273 5.25099992752 0
272 2.44799995422 1
271 2.41499996185 1
270 2.41400003433 1
269 5.242000103 2
268 5.05100011826 2
267 5.04099988937 2
266 5.02799987793 2
265 5.02799987793 2
264 5.03000020981 2
263 5.03399991989 2
262 5.04899978638 2
261 5.20499992371 2
260 6.23400020599 3
259 6.24800014496 3
258 6.25899982452 3
257 6.27199983597 3
