282 5.80399990082 0
281 5.78599977493 0
280 5.75 0
279 5.65500020981 0
278 5.39900016785 0
277 5.27299976349 0
276 5.23600006104 0
275 5.20399999619 0
274 5.20800018311 0
273 5.24300003052 0
272 2.45700001717 1
271 2.42499995232 1
270 2.42899990082 1
269 5.23999977112 2
268 5.07000017166 2
267 5.03700017929 2
266 5.01800012589 2
265 5.02899980545 2
264 5.03999996185 2
263 5.02699995041 2
262 5.04899978638 2
261 5.19999980927 2
260 6.2389998436 3
259 6.2610001564 3
258 6.26200008392 3
257 6.25 3
