282 5.82000017166 0
281 5.77099990845 0
280 5.73000001907 0
279 5.65500020981 0
278 5.41099977493 0
277 5.26399993896 0
276 5.24300003052 0
275 5.21000003815 0
274 5.22300004959 0
273 5.25099992752 0
272 2.45399999619 1
271 2.43499994278 1
270 2.41599988937 1
269 5.26200008392 2
268 5.08099985123 2
267 5.03000020981 2
266 5.02799987793 2
265 5.03200006485 2
264 5.03000020981 2
263 5.03200006485 2
262 5.03200006485 2
261 5.19600009918 2
260 6.24100017548 3
259 6.257999897 3
258 6.24100017548 3
257 6.24599981308 3
256 6.25600004196 3
