282 5.81199979782 0
281 5.76599979401 0
280 5.74499988556 0
279 5.64900016785 0
278 5.41599988937 0
277 5.26300001144 0
276 5.23400020599 0
275 5.21600008011 0
274 5.21700000763 0
273 5.24700021744 0
272 2.45700001717 1
271 2.43499994278 1
270 2.41300010681 1
269 5.25400018692 2
268 5.06699991226 2
267 5.03700017929 2
266 5.04400014877 2
265 5.04699993134 2
264 5.04400014877 2
263 5.02099990845 2
262 5.04300022125 2
261 5.19600009918 2
260 6.24300003052 3
259 6.24800014496 3
258 6.257999897 3
257 6.26300001144 3
