282 5.8109998703 0
281 5.76599979401 0
280 5.74499988556 0
279 5.66699981689 0
278 5.41400003433 0
277 5.27699995041 0
276 5.23999977112 0
275 5.21600008011 0
274 5.22200012207 0
273 5.26300001144 0
272 2.45499992371 1
271 2.42499995232 1
270 2.41899991035 1
269 5.24300003052 2
268 5.06199979782 2
267 5.03100013733 2
266 5.03599977493 2
265 5.03299999237 2
264 5.03299999237 2
263 5.03299999237 2
262 5.0640001297 2
261 5.20900011063 2
260 6.257999897 3
259 6.23799991608 3
258 6.24700021744 3
257 6.27199983597 3
256 6.27400016785 3
