282 5.81500005722 0
281 5.75600004196 0
280 5.73799991608 0
279 5.67700004578 0
278 5.40500020981 1
277 5.27899980545 1
276 5.25 1
275 5.22900009155 1
274 5.22499990463 1
273 5.24599981308 1
272 2.45300006866 2
271 2.43300008774 2
270 2.42600011826 2
269 5.25099992752 3
268 5.05800008774 3
267 5.04099988937 3
266 5.04400014877 3
265 5.04500007629 3
264 5.04500007629 3
263 5.04099988937 3
262 5.05200004578 3
261 5.20699977875 3
260 6.23199987411 4
259 6.242000103 4
258 6.26300001144 4
257 6.26599979401 4
