282 5.81500005722 0
281 5.77699995041 0
280 5.73400020599 0
279 5.65299987793 0
278 5.40000009537 0
277 5.27400016785 0
276 5.24700021744 0
275 5.22399997711 0
274 5.21999979019 0
273 5.25699996948 0
272 2.45499992371 1
271 2.41599988937 1
270 2.42499995232 1
269 5.25099992752 2
268 5.0689997673 2
267 5.03999996185 2
266 5.03499984741 2
265 5.02799987793 2
264 5.03299999237 2
263 5.03900003433 2
262 5.03700017929 2
261 5.20599985123 2
260 6.23600006104 3
259 6.24100017548 3
258 6.242000103 3
257 6.25299978256 3
