282 5.80100011826 0
281 5.757999897 0
280 5.74900007248 0
279 5.66499996185 0
278 5.40999984741 0
277 5.27400016785 0
276 5.23400020599 0
275 5.20300006866 0
274 5.21400022507 0
273 5.25400018692 0
272 2.45199990273 1
271 2.41400003433 1
270 2.42000007629 1
269 5.25400018692 2
268 5.07499980927 2
267 5.03800010681 2
266 5.04899978638 2
265 5.03499984741 2
264 5.02899980545 2
263 5.02799987793 2
262 5.03900003433 2
261 5.19500017166 2
260 6.21799993515 3
259 6.2389998436 3
258 6.26200008392 3
257 6.25899982452 3
