282 5.80200004578 0
281 5.77600002289 0
280 5.75 0
279 5.66400003433 0
278 5.41599988937 0
277 5.27299976349 0
276 5.23600006104 0
275 5.21500015259 0
274 5.20900011063 0
273 5.25400018692 0
272 2.4430000782 1
271 2.4319999218 1
270 2.4240000248 1
269 5.23500013351 2
268 5.05499982834 2
267 5.01900005341 2
266 5.03800010681 2
265 5.03599977493 2
264 5.03599977493 2
263 5.03100013733 2
262 5.04600000381 2
261 5.19500017166 2
260 6.22100019455 3
259 6.23699998856 3
258 6.23500013351 3
257 6.26000022888 3
