282 5.82299995422 0
281 5.77299976349 0
280 5.73799991608 0
279 5.67000007629 0
278 5.42000007629 0
277 5.26200008392 0
276 5.24599981308 0
275 5.21000003815 0
274 5.20900011063 0
273 5.24800014496 0
272 2.45000004768 1
271 2.42300009727 1
270 2.42300009727 1
269 5.23799991608 2
268 5.08699989319 2
267 5.01999998093 2
266 5.04099988937 2
265 5.04699993134 2
264 5.02500009537 2
263 5.03900003433 2
262 5.04199981689 2
261 5.18300008774 2
260 6.23000001907 3
259 6.25 3
258 6.24100017548 3
257 6.26200008392 3
