283 5.9439997673 0
282 5.81500005722 0
281 5.77199983597 0
280 5.73999977112 0
279 5.65299987793 0
278 5.40000009537 0
277 5.26300001144 0
276 5.242000103 0
275 5.20800018311 0
274 5.20699977875 0
273 5.25600004196 0
272 2.45399999619 1
271 2.39899992943 1
270 2.41599988937 1
269 5.24100017548 2
268 5.08099985123 2
267 5.01999998093 2
266 5.02799987793 2
265 5.04099988937 2
264 5.03499984741 2
263 5.03999996185 2
262 5.04199981689 2
261 5.20900011063 2
260 6.242000103 3
259 6.26399993896 3
258 6.24700021744 3
257 6.23799991608 3
256 6.27199983597 3
