282 5.80100011826 0
281 5.76999998093 0
280 5.73500013351 0
279 5.65899991989 0
278 5.40600013733 0
277 5.26399993896 0
276 5.23600006104 0
275 5.21199989319 0
274 5.20599985123 0
273 5.24499988556 0
272 2.44600009918 1
271 2.4430000782 1
270 2.39400005341 1
269 5.24700021744 2
268 5.06699991226 2
267 5.02799987793 2
266 5.03100013733 2
265 5.03599977493 2
264 5.03999996185 2
263 5.02500009537 2
262 5.03000020981 2
261 5.1939997673 2
260 6.23099994659 3
259 6.22499990463 3
258 6.25699996948 3
257 6.26000022888 3
