282 5.80800008774 0
281 5.76399993896 0
280 5.74100017548 0
279 5.65299987793 0
278 5.41499996185 0
277 5.27299976349 0
276 5.24700021744 0
275 5.22300004959 0
274 5.21000003815 0
273 5.24300003052 0
272 2.4509999752 1
271 2.43600010872 1
270 2.39899992943 1
269 5.25899982452 2
268 5.05700016022 2
267 5.02099990845 2
266 5.02799987793 2
265 5.03900003433 2
264 5.04500007629 2
263 5.02699995041 2
262 5.03599977493 2
261 5.19999980927 2
260 6.22100019455 3
259 6.26200008392 3
258 6.25199985504 3
257 6.25299978256 3
256 6.26599979401 3
