282 5.80399990082 0
281 5.77699995041 0
280 5.74800014496 0
279 5.65799999237 0
278 5.40999984741 0
277 5.27400016785 0
276 5.23299980164 0
275 5.21400022507 0
274 5.19999980927 0
273 5.24599981308 0
272 2.43799996376 1
271 2.40599989891 1
270 2.38599991798 1
269 5.23600006104 2
268 5.05700016022 2
267 5.02600002289 2
266 5.03499984741 2
265 5.02299976349 2
264 5.03399991989 2
263 5.03200006485 2
262 5.03999996185 2
261 5.19199991226 2
260 6.22499990463 3
259 6.23699998856 3
258 6.25199985504 3
257 6.24499988556 3
256 6.24800014496 3
