282 5.81699991226 0
281 5.77199983597 0
280 5.742000103 0
279 5.64900016785 0
278 5.41499996185 0
277 5.257999897 0
276 5.25199985504 0
275 5.20699977875 0
274 5.21700000763 0
273 5.24499988556 0
272 2.44600009918 1
271 2.41499996185 1
270 2.40599989891 1
269 5.23199987411 2
268 5.08500003815 2
267 5.02099990845 2
266 5.03800010681 2
265 5.01999998093 2
264 5.02400016785 2
263 5.02199983597 2
262 5.05399990082 2
261 5.19299983978 2
260 6.24700021744 3
259 6.25400018692 3
258 6.25199985504 3
257 6.26800012589 3
256 6.24900007248 3
