229 5.3029999733 0
228 5.26900005341 0
227 5.34600019455 0
226 5.34899997711 0
225 5.34200000763 0
224 5.26200008392 0
223 5.2389998436 0
222 5.40000009537 0
221 5.71899986267 1
220 5.12300014496 2
219 5.03599977493 2
218 5.04500007629 2
217 5.04500007629 2
216 5.03700017929 2
215 5.03900003433 2
214 5.03800010681 2
213 5.09600019455 2
212 5.50600004196 3
211 5.94600009918 4
210 5.91400003433 4
209 5.90199995041 4
208 5.89300012589 4
207 5.88899993896 4
206 5.85599994659 4
205 5.85500001907 4
204 5.84399986267 4
203 5.83599996567 4
