227 5.45100021362 0
226 5.23999977112 0
225 5.22399997711 0
224 5.22700023651 0
223 5.20800018311 0
222 5.20699977875 0
221 2.382999897 1
220 2.36199998856 1
219 2.38800001144 1
218 5.19899988174 2
217 5.01300001144 2
216 5.007999897 2
215 5.01200008392 2
214 5.01900005341 2
213 5.03100013733 2
212 5.01900005341 2
211 5.01800012589 2
210 5.13800001144 2
209 5.8860001564 3
208 5.90399980545 3
207 5.89599990845 3
206 5.87599992752 3
205 5.84499979019 3
204 5.82800006866 3
203 5.83500003815 3
202 5.8189997673 3
201 5.79199981689 3
