230 6.16300010681 0
229 6.117000103 0
228 5.65899991989 1
227 5.46099996567 1
226 5.24700021744 1
225 5.22900009155 1
224 5.2389998436 1
223 5.21899986267 1
222 5.22399997711 1
221 2.39700007439 2
220 2.36500000954 2
219 2.38400006294 2
218 5.1970000267 3
217 5.01700019836 3
216 5.00299978256 3
215 5.01300001144 3
214 5.0110001564 3
213 5.01499986649 3
212 5.03399991989 3
211 5.03000020981 3
210 5.14699983597 3
209 5.90700006485 4
208 5.90600013733 4
207 5.867000103 4
206 5.86600017548 4
205 5.85900020599 4
204 5.85400009155 4
203 5.84100008011 4
202 5.82700014114 4
