228 5.66300010681 0
227 5.45100021362 0
226 5.24100017548 0
225 5.22900009155 0
224 5.24599981308 0
223 5.21199989319 0
222 5.22399997711 0
221 2.38599991798 1
220 2.37400007248 1
219 2.37599992752 1
218 5.19600009918 2
217 5.01200008392 2
216 5.01900005341 2
215 5.01300001144 2
214 5.00500011444 2
213 5.01599979401 2
212 5.01599979401 2
211 5.03499984741 2
210 5.15999984741 2
209 5.90600013733 3
208 5.8860001564 3
207 5.87699985504 3
206 5.87799978256 3
205 5.86800003052 3
204 5.84100008011 3
203 5.83599996567 3
202 5.80900001526 3
201 5.82299995422 3
