230 6.16599988937 0
229 6.13199996948 0
228 5.64499998093 1
227 5.44799995422 1
226 5.242000103 1
225 5.22800016403 1
224 5.22700023651 1
223 5.20900011063 1
222 5.21999979019 1
221 2.39499998093 2
220 2.3900001049 2
219 2.38599991798 2
218 5.20200014114 3
217 5.00400018692 3
216 4.99700021744 3
215 5.00400018692 3
214 5.02400016785 3
213 5.02199983597 3
212 5.01599979401 3
211 5.03599977493 3
210 5.13999986649 3
209 5.88999986649 4
208 5.90199995041 4
207 5.87599992752 4
206 5.86299991608 4
205 5.86800003052 4
204 5.85400009155 4
203 5.83199977875 4
202 5.80700016022 4
