227 5.46600008011 0
226 5.24399995804 0
225 5.22800016403 0
224 5.23799991608 0
223 5.20300006866 0
222 5.22399997711 0
221 2.38599991798 1
220 2.37800002098 1
219 2.382999897 1
218 5.19999980927 2
217 5.01499986649 2
216 5.01499986649 2
215 5.0 2
214 5.00899982452 2
213 5.00699996948 2
212 5.02500009537 2
211 5.03900003433 2
210 5.14699983597 2
209 5.90600013733 3
208 5.88199996948 3
207 5.88899993896 3
206 5.87799978256 3
205 5.8639998436 3
204 5.84999990463 3
203 5.82499980927 3
202 5.8109998703 3
201 5.80800008774 3
