227 5.46299982071 0
226 5.24300003052 0
225 5.23400020599 0
224 5.23799991608 0
223 5.21700000763 0
222 5.21899986267 0
221 2.38100004196 1
220 2.36500000954 1
219 2.38100004196 1
218 5.19199991226 2
217 5.01000022888 2
216 5.00400018692 2
215 5.01399993896 2
214 5.00199985504 2
213 5.00899982452 2
212 5.02699995041 2
211 5.01800012589 2
210 5.14699983597 2
209 5.90700006485 3
208 5.90700006485 3
207 5.87699985504 3
206 5.86899995804 3
205 5.85599994659 3
204 5.84299993515 3
203 5.82299995422 3
202 5.80900001526 3
201 5.79400014877 3
