230 6.16499996185 0
229 6.13700008392 0
228 5.632999897 1
227 5.45100021362 1
226 5.24499988556 1
225 5.22499990463 1
224 5.24100017548 1
223 5.22200012207 1
222 5.22200012207 1
221 2.39100003242 2
220 2.39100003242 2
219 2.39199995995 2
218 5.21099996567 3
217 5.01599979401 3
216 4.99399995804 3
215 5.00899982452 3
214 5.0110001564 3
213 5.02500009537 3
212 5.02299976349 3
211 5.03299999237 3
210 5.15100002289 3
209 5.88199996948 4
208 5.87799978256 4
207 5.88500022888 4
206 5.87400007248 4
205 5.85900020599 4
204 5.84499979019 4
203 5.83900022507 4
202 5.81599998474 4
