228 5.63700008392 0
227 5.44799995422 0
226 5.22700023651 0
225 5.23799991608 0
224 5.2389998436 0
223 5.21299982071 0
222 5.21799993515 0
221 2.38800001144 1
220 2.38899993896 1
219 2.39199995995 1
218 5.19099998474 2
217 5.01900005341 2
216 5.00400018692 2
215 5.0110001564 2
214 5.02299976349 2
213 5.01700019836 2
212 5.01800012589 2
211 5.02099990845 2
210 5.14300012589 2
209 5.90100002289 3
208 5.89400005341 3
207 5.87200021744 3
206 5.85900020599 3
205 5.86000013351 3
204 5.84999990463 3
203 5.83699989319 3
