228 5.65299987793 0
227 5.46199989319 0
226 5.25699996948 0
225 5.23600006104 0
224 5.22800016403 0
223 5.21199989319 0
222 5.22399997711 0
221 2.3789999485 1
220 2.36500000954 1
219 2.38499999046 1
218 5.1890001297 2
217 5.00899982452 2
216 5.01200008392 2
215 5.01499986649 2
214 5.00299978256 2
213 5.00500011444 2
212 5.01800012589 2
211 5.02799987793 2
210 5.14300012589 2
209 5.90000009537 3
208 5.90399980545 3
207 5.89099979401 3
206 5.8639998436 3
205 5.84700012207 3
204 5.84000015259 3
203 5.83500003815 3
