228 5.63800001144 0
227 5.45599985123 0
226 5.23000001907 0
225 5.23299980164 0
224 5.23400020599 0
223 5.22100019455 0
222 5.22200012207 0
221 2.3599998951 1
220 2.35899996758 1
219 2.38800001144 1
218 5.19600009918 2
217 5.007999897 2
216 5.01800012589 2
215 4.99900007248 2
214 5.02299976349 2
213 5.01000022888 2
212 5.03499984741 2
211 5.02500009537 2
210 5.15100002289 2
209 5.89200019836 3
208 5.90799999237 3
207 5.882999897 3
206 5.85099983215 3
205 5.8639998436 3
204 5.83500003815 3
203 5.82899999619 3
