227 5.44299983978 0
226 5.25 0
225 5.21700000763 0
224 5.23400020599 0
223 5.21500015259 0
222 5.21400022507 0
221 2.38800001144 1
220 2.36199998856 1
219 2.38199996948 1
218 5.19999980927 2
217 5.01599979401 2
216 5.00099992752 2
215 5.01700019836 2
214 5.00099992752 2
213 5.0110001564 2
212 5.02199983597 2
211 5.03200006485 2
210 5.13999986649 2
209 5.90100002289 3
208 5.89200019836 3
207 5.88399982452 3
206 5.87599992752 3
205 5.84499979019 3
204 5.85400009155 3
203 5.83400011063 3
202 5.82999992371 3
201 5.81599998474 3
