229 6.117000103 0
228 5.65100002289 1
227 5.44299983978 1
226 5.25099992752 1
225 5.23199987411 1
224 5.23500013351 1
223 5.21500015259 1
222 5.21299982071 1
221 2.40599989891 2
220 2.375 2
219 2.37299990654 2
218 5.19500017166 3
217 5.01200008392 3
216 5.00899982452 3
215 4.99900007248 3
214 5.02500009537 3
213 5.02899980545 3
212 5.02899980545 3
211 5.03100013733 3
210 5.15299987793 3
209 5.8860001564 4
208 5.90899991989 4
207 5.88000011444 4
206 5.86800003052 4
205 5.85799980164 4
204 5.84600019455 4
