227 5.46600008011 0
226 5.23600006104 0
225 5.23500013351 0
224 5.23099994659 0
223 5.20499992371 0
222 5.21600008011 0
221 2.36800003052 1
220 2.38400006294 1
219 2.382999897 1
218 5.19899988174 2
217 5.01300001144 2
216 5.0110001564 2
215 5.00500011444 2
214 5.00699996948 2
213 5.01599979401 2
212 5.03100013733 2
211 5.01599979401 2
210 5.13700008392 2
209 5.90700006485 3
208 5.88999986649 3
207 5.87599992752 3
206 5.86600017548 3
205 5.86600017548 3
204 5.83900022507 3
203 5.83099985123 3
202 5.82299995422 3
201 5.80999994278 3
