228 5.63399982452 0
227 5.44600009918 0
226 5.25 0
225 5.22300004959 0
224 5.242000103 0
223 5.21299982071 0
222 5.22300004959 0
221 2.38800001144 1
220 2.38599991798 1
219 2.38499999046 1
218 5.18699979782 2
217 5.02299976349 2
216 5.0110001564 2
215 5.00600004196 2
214 5.01300001144 2
213 5.02799987793 2
212 5.02600002289 2
211 5.02400016785 2
210 5.14499998093 2
209 5.89200019836 3
208 5.91200017929 3
207 5.87099981308 3
206 5.87400007248 3
205 5.85799980164 3
204 5.84999990463 3
203 5.85200023651 3
202 5.82999992371 3
201 5.8220000267 3
