0 4.51000022888
1 4.42899990082
2 4.4439997673
3 4.47599983215
4 4.54099988937
5 4.65899991989
6 4.67899990082
7 4.71400022507
8 4.73299980164
9 4.77099990845
10 4.80499982834
11 4.83900022507
12 4.86299991608
13 4.89400005341
14 4.93699979782
15 4.94299983978
16 4.82899999619
17 4.84499979019
18 4.8860001564
19 4.96199989319
20 5.15000009537
21 5.19000005722
22 5.22300004959
23 5.27299976349
24 5.30399990082
25 5.35400009155
26 5.41300010681
27 5.45300006866
28 5.49900007248
29 5.54199981689
30 5.59299993515
31 5.65000009537
32 5.67500019073
33 0.0
34 17.1499996185
35 17.1289997101
36 17.1690006256
37 0.0
38 0.0
39 0.0
40 17.2420005798
41 17.1700000763
42 17.0629997253
43 16.9950008392
44 16.5370006561
45 16.5480003357
46 16.5380001068
47 13.1770000458
48 13.0830001831
49 12.3219995499
50 11.9490003586
51 11.5839996338
52 11.609000206
53 11.6260004044
54 11.6180000305
55 11.3360004425
56 11.0059995651
57 10.4490003586
58 10.111000061
59 8.31999969482
60 8.34300041199
61 8.21800041199
62 7.91900014877
63 7.64300012589
64 7.45699977875
65 7.25600004196
66 7.0720000267
67 6.90999984741
68 6.78800010681
69 6.78499984741
70 6.79899978638
71 6.84100008011
72 6.85500001907
73 6.882999897
74 6.80200004578
75 6.64099979401
76 6.51900005341
77 6.38999986649
78 6.26000022888
79 6.14900016785
80 5.24100017548
81 4.97100019455
82 4.85799980164
83 4.77899980545
84 4.69199991226
85 4.61999988556
86 4.5529999733
87 4.44999980927
88 4.42299985886
89 4.35099983215
90 4.27099990845
91 4.22300004959
92 4.14699983597
93 4.10599994659
94 4.04199981689
95 3.9960000515
96 3.95399999619
97 3.89400005341
98 3.84999990463
99 3.8029999733
100 3.78399991989
101 3.79099988937
102 3.82500004768
103 3.83800005913
104 3.88400006294
105 3.92100000381
106 3.93400001526
107 3.95300006866
108 3.92100000381
109 3.86899995804
110 3.83800005913
111 3.81900000572
112 3.77300000191
113 3.74099993706
114 3.70499992371
115 3.66300010681
116 3.63899993896
117 3.58800005913
118 3.56900000572
119 3.53800010681
120 3.49300003052
121 3.46099996567
122 3.44600009918
123 3.41899991035
124 3.40700006485
125 3.40400004387
126 3.4240000248
127 3.45600008965
128 3.48300004005
129 3.53200006485
130 3.56100010872
131 3.60299992561
132 3.66899991035
133 4.03399991989
134 4.07399988174
135 4.09800004959
136 4.12699985504
137 4.13399982452
138 4.16800022125
139 4.21600008011
140 4.25199985504
141 4.28800010681
142 4.32399988174
143 4.36000013351
144 4.40100002289
145 4.42500019073
146 4.45900011063
147 4.48199987411
148 4.51200008392
149 4.51800012589
150 4.54300022125
151 4.19500017166
152 4.31799983978
153 4.61999988556
154 3.27900004387
155 3.40700006485
156 4.71500015259
157 4.59000015259
158 4.55499982834
159 4.80200004578
160 4.83599996567
161 4.87400007248
162 4.90299987793
163 4.92700004578
164 4.97399997711
165 4.99499988556
166 5.01399993896
167 5.04799985886
168 3.13800001144
169 3.22799992561
170 3.36999988556
171 4.10799980164
172 4.92899990082
173 4.87699985504
174 4.85699987411
175 4.84700012207
176 4.8220000267
177 4.81300020218
178 4.83799982071
179 4.86000013351
180 4.87200021744
181 4.90799999237
182 4.8220000267
183 5.31500005722
184 5.46999979019
185 5.48400020599
186 5.49599981308
187 5.52099990845
188 4.60500001907
189 4.58199977875
190 5.5720000267
191 5.59999990463
192 3.64199995995
193 3.52699995041
194 4.09899997711
195 4.04300022125
196 5.70900011063
197 5.73099994659
198 5.72499990463
199 5.757999897
200 5.78399991989
201 5.8140001297
202 5.82700014114
203 5.83699989319
204 5.85599994659
205 5.85900020599
206 5.88700008392
207 5.87300014496
208 5.89900016785
209 5.91499996185
210 5.93800020218
211 5.95399999619
212 5.94000005722
213 5.96400022507
214 5.98600006104
215 5.992000103
216 6.03000020981
217 6.03399991989
218 6.03800010681
219 6.07499980927
220 6.05800008774
221 6.09700012207
222 6.10300016403
223 6.08799982071
224 6.09999990463
225 6.11800003052
226 6.10699987411
227 6.12200021744
228 6.13700008392
229 6.13399982452
230 6.16499996185
231 6.15999984741
232 6.17600011826
233 6.17899990082
234 6.18200016022
235 6.22200012207
236 6.22700023651
237 6.21600008011
238 6.23099994659
239 6.22900009155
240 6.22700023651
241 6.25199985504
242 6.23999977112
243 6.22399997711
244 6.22399997711
245 6.23600006104
246 6.23699998856
247 6.23500013351
248 6.26399993896
249 6.26700019836
250 6.26900005341
251 6.24499988556
252 6.25899982452
253 6.28900003433
254 6.27099990845
255 6.28200006485
256 6.26999998093
257 6.242000103
258 6.21199989319
259 5.17700004578
260 5.07000017166
261 5.04799985886
262 5.04799985886
263 5.03900003433
264 5.05100011826
265 5.03700017929
266 5.08699989319
267 5.34499979019
268 5.59800004959
269 5.35200023651
270 5.22200012207
271 5.19799995422
272 5.20900011063
273 5.20499992371
274 5.2389998436
275 5.28399991989
276 5.507999897
277 5.67899990082
278 5.72200012207
279 5.72700023651
280 5.742000103
281 5.76599979401
282 5.8140001297
283 5.94299983978
284 6.08500003815
285 6.07700014114
286 6.0720000267
287 6.0720000267
288 6.0689997673
289 6.0529999733
290 6.04099988937
291 6.00500011444
292 6.01700019836
293 5.97700023651
294 5.96999979019
295 5.94199991226
296 5.93800020218
297 5.92500019073
298 5.90000009537
299 5.88100004196
300 5.87099981308
301 5.83799982071
302 5.83199977875
303 5.82600021362
304 5.8220000267
305 5.80100011826
306 5.80100011826
307 5.78399991989
308 5.76000022888
309 5.73099994659
310 5.69899988174
311 5.68400001526
312 5.63500022888
313 5.62699985504
314 5.61299991608
315 5.59499979019
316 5.21099996567
317 4.88500022888
318 5.47800016403
319 5.5110001564
320 5.48799991608
321 5.47200012207
322 5.43499994278
323 5.43499994278
324 5.42100000381
325 5.36600017548
326 5.02899980545
327 5.3060002327
328 5.29799985886
329 4.37799978256
330 4.04500007629
331 4.11800003052
332 5.02099990845
333 5.15299987793
334 5.14200019836
335 5.11499977112
336 5.09399986267
337 5.06199979782
338 5.0529999733
339 5.03299999237
340 4.96199989319
341 4.82100009918
342 4.96099996567
343 4.94099998474
344 4.90700006485
345 4.867000103
346 4.83799982071
347 4.70100021362
348 4.56500005722
349 4.74300003052
350 4.71999979019
351 4.67600011826
352 4.66200017929
353 4.62699985504
354 4.59399986267
355 4.56199979782
356 4.32499980927
357 4.37699985504
358 4.48999977112
359 4.46600008011
360 4.44899988174
361 4.42399978638
362 4.40799999237
363 4.36899995804
364 4.29899978638
365 4.26599979401
366 4.26000022888
367 4.22499990463
368 4.18300008774
369 4.15199995041
370 4.12400007248
371 4.09499979019
372 4.0560002327
373 4.03100013733
374 4.00099992752
375 3.93799996376
376 3.91899991035
377 3.90499997139
378 3.87800002098
379 3.84999990463
380 3.8259999752
381 3.71700000763
382 3.64299988747
383 3.58800005913
384 3.56699991226
385 3.51999998093
386 3.49000000954
387 3.4509999752
388 3.44199991226
389 3.39899992943
390 3.37400007248
391 3.33500003815
392 3.29600000381
393 3.29800009727
394 3.27399992943
395 3.27600002289
396 3.29299998283
397 3.33299994469
398 3.37400007248
399 3.40499997139
400 3.45399999619
401 3.48099994659
402 3.52399992943
403 3.55999994278
404 3.58999991417
405 3.63599991798
406 3.6819999218
407 3.73300004005
408 3.74699997902
409 3.80599999428
410 3.84800004959
411 3.88499999046
412 3.94600009918
413 3.98200011253
414 4.05800008774
415 4.13199996948
416 4.19899988174
417 4.24100017548
418 4.31599998474
419 4.38999986649
420 4.43200016022
421 4.52699995041
422 4.59800004959
423 4.66400003433
424 4.74399995804
425 4.82399988174
426 4.91900014877
427 5.01599979401
428 5.11999988556
429 5.22200012207
430 5.32700014114
431 5.41400003433
432 5.53999996185
433 5.64400005341
434 5.7610001564
435 5.89300012589
436 6.02500009537
437 6.16599988937
438 6.32800006866
439 6.46099996567
440 6.50400018692
441 6.61000013351
442 6.47100019455
443 3.06699991226
444 3.07100009918
445 3.04600000381
446 3.03500008583
447 3.03600001335
448 3.01799988747
449 3.00099992752
450 2.99799990654
451 3.01300001144
452 2.99000000954
453 2.99099993706
454 2.98200011253
455 2.97600007057
456 2.96300005913
457 2.98300004005
458 2.95700001717
459 2.96600008011
460 2.95300006866
461 2.96300005913
462 2.94000005722
463 2.9430000782
464 2.93600010872
465 2.93799996376
466 2.92199993134
467 2.93099999428
468 2.92000007629
469 2.91499996185
470 2.66899991035
471 2.64599990845
472 2.64599990845
473 2.65300011635
474 0.947000026703
475 0.70300000906
476 0.717000007629
477 0.929000020027
478 2.66499996185
479 2.64800000191
480 2.65199995041
481 2.65799999237
482 2.65799999237
483 2.65300011635
484 2.66000008583
485 2.66599988937
486 2.65199995041
487 2.67499995232
488 2.6779999733
489 2.67000007629
490 2.82999992371
491 2.9279999733
492 2.9430000782
493 2.94899988174
494 2.96000003815
495 2.96000003815
496 2.96199989319
497 2.95399999619
498 2.96600008011
499 2.96399998665
500 2.9960000515
501 2.992000103
502 2.99399995804
503 2.98399996758
504 3.00099992752
505 3.0
506 3.00200009346
507 3.01099991798
508 3.01799988747
509 3.03900003433
510 3.04399991035
511 3.05200004578
512 3.07299995422
513 3.06299996376
514 3.07500004768
515 3.08899998665
516 3.08599996567
517 3.10899996758
518 1.48500001431
519 1.26900005341
520 1.23899996281
521 1.22300004959
522 1.20899999142
523 1.19000005722
524 1.01100003719
525 0.90600001812
526 0.912000000477
527 1.17700004578
528 1.21500003338
529 1.20399999619
530 1.22000002861
531 1.21899998188
532 1.25199997425
533 1.38300001621
534 1.42599999905
535 1.19599997997
536 1.11199998856
537 1.09800004959
538 1.08099997044
539 1.04200005531
540 1.02199995518
