0 4.52199983597
1 4.4359998703
2 4.4439997673
3 4.47100019455
4 4.52400016785
5 4.65100002289
6 4.6859998703
7 4.69799995422
8 4.73299980164
9 4.76999998093
10 4.78700017929
11 4.84000015259
12 4.86600017548
13 4.89300012589
14 4.91900014877
15 4.9310002327
16 4.83799982071
17 4.84299993515
18 4.88800001144
19 4.96299982071
20 5.15299987793
21 5.19500017166
22 5.22300004959
23 5.27199983597
24 5.30900001526
25 5.34299993515
26 5.40799999237
27 5.44899988174
28 5.50899982452
29 5.55000019073
30 5.58599996567
31 5.64099979401
32 5.68499994278
33 0.0
34 17.1439990997
35 17.1480007172
36 17.158000946
37 0.0
38 0.0
39 0.0
40 17.2259998322
41 17.1630001068
42 17.0590000153
43 16.9969997406
44 16.5240001678
45 16.5310001373
46 16.5230007172
47 13.1780004501
48 13.0719995499
49 12.3219995499
50 11.9309997559
51 11.5819997787
52 11.6190004349
53 11.6280002594
54 11.6359996796
55 11.3549995422
56 10.9930000305
57 10.4549999237
58 10.0839996338
59 8.34200000763
60 8.34300041199
61 8.20499992371
62 7.91599988937
63 7.64499998093
64 7.45800018311
65 7.25199985504
66 7.07800006866
67 6.89599990845
68 6.78999996185
69 6.79300022125
70 6.80700016022
71 6.83400011063
72 6.84700012207
73 6.87799978256
74 6.79699993134
75 6.64599990845
76 6.52899980545
77 6.38800001144
78 6.26200008392
79 6.13500022888
80 5.22300004959
81 4.96600008011
82 4.85599994659
83 4.77199983597
84 4.69299983978
85 4.59999990463
86 4.55000019073
87 4.45200014114
88 4.39799976349
89 4.33300018311
90 4.27500009537
91 4.21899986267
92 4.16099977493
93 4.10599994659
94 4.04799985886
95 3.99499988556
96 3.93700003624
97 3.89800000191
98 3.83899998665
99 3.80999994278
100 3.76399993896
101 3.8029999733
102 3.81399989128
103 3.85199999809
104 3.87700009346
105 3.92600011826
106 3.93600010872
107 3.95900011063
108 3.90799999237
109 3.86500000954
110 3.83400011063
111 3.7990000248
112 3.76999998093
113 3.73699998856
114 3.70399999619
115 3.66700005531
116 3.62700009346
117 3.59999990463
118 3.5720000267
119 3.51999998093
120 3.50600004196
121 3.46199989319
122 3.44799995422
123 3.41000008583
124 3.40799999237
125 3.39299988747
126 3.43499994278
127 3.45700001717
128 3.4960000515
129 3.51699995995
130 3.56599998474
131 3.617000103
132 3.67300009727
133 4.02699995041
134 4.06500005722
135 4.08099985123
136 4.10300016403
137 4.14599990845
138 4.18800020218
139 4.21700000763
140 4.25
141 4.28000020981
142 4.3189997673
143 4.36299991608
144 4.367000103
145 4.40999984741
146 4.46799993515
147 4.48400020599
148 4.50199985504
149 4.51300001144
150 4.5560002327
151 4.22300004959
152 4.29899978638
153 4.50400018692
154 3.26699995995
155 3.43099999428
156 4.71799993515
157 4.60200023651
158 4.56300020218
159 4.8029999733
160 4.83400011063
161 4.85500001907
162 4.89400005341
163 4.92500019073
164 4.95499992371
165 5.00699996948
166 5.02099990845
167 5.05000019073
168 3.1210000515
169 3.22099995613
170 3.3710000515
171 4.1139998436
172 4.92700004578
173 4.88999986649
174 4.85200023651
175 4.83199977875
176 4.82499980927
177 4.82800006866
178 4.83300018311
179 4.84000015259
180 4.875
181 4.90600013733
182 4.83599996567
183 5.32100009918
184 5.46999979019
185 5.48199987411
186 5.48299980164
187 5.52500009537
188 4.60599994659
189 4.58900022507
190 5.5689997673
191 5.57399988174
192 3.64199995995
193 3.52500009537
194 4.07600021362
195 4.05200004578
196 5.69299983978
197 5.71899986267
198 5.74499988556
199 5.76700019836
200 5.78200006485
201 5.81599998474
202 5.83300018311
203 5.82299995422
204 5.83199977875
205 5.85799980164
206 5.87599992752
207 5.89499998093
208 5.882999897
209 5.90700006485
210 5.90899991989
211 5.94199991226
212 5.9439997673
213 5.96099996567
214 5.98199987411
215 6.0110001564
216 6.02400016785
217 6.04400014877
218 6.07299995422
219 6.07700014114
220 6.06300020218
221 6.0720000267
222 6.08500003815
223 6.08799982071
224 6.11299991608
225 6.11100006104
226 6.11999988556
227 6.13500022888
228 6.125
229 6.15299987793
230 6.16300010681
231 6.16099977493
232 6.15999984741
233 6.19299983978
234 6.1970000267
235 6.21899986267
236 6.23299980164
237 6.23799991608
238 6.22800016403
239 6.21899986267
240 6.21899986267
241 6.22700023651
242 6.23000001907
243 6.22599983215
244 6.24800014496
245 6.21899986267
246 6.24100017548
247 6.23199987411
248 6.23400020599
249 6.23699998856
250 6.24800014496
251 6.25600004196
252 6.27799987793
253 6.27799987793
254 6.28700017929
255 6.28200006485
256 6.27500009537
257 6.26599979401
258 6.22599983215
259 5.19000005722
260 5.0720000267
261 5.05399990082
262 5.04400014877
263 5.03999996185
264 5.05200004578
265 5.04300022125
266 5.0689997673
267 5.35900020599
268 5.61100006104
269 5.34299993515
270 5.23099994659
271 5.1939997673
272 5.20300006866
273 5.19999980927
274 5.23000001907
275 5.29799985886
276 5.507999897
277 5.67600011826
278 5.70800018311
279 5.71600008011
280 5.75099992752
281 5.76999998093
282 5.80399990082
283 5.9470000267
284 6.08500003815
285 6.07999992371
286 6.0560002327
287 6.04699993134
288 6.0529999733
289 6.05399990082
290 6.02799987793
291 6.01599979401
292 6.00299978256
293 5.96099996567
294 5.96400022507
295 5.94000005722
296 5.90299987793
297 5.90100002289
298 5.88100004196
299 5.87400007248
300 5.86199998856
301 5.84700012207
302 5.83699989319
303 5.81699991226
304 5.80999994278
305 5.78800010681
306 5.79199981689
307 5.76700019836
308 5.75
309 5.72700023651
310 5.70100021362
311 5.68499994278
312 5.64799976349
313 5.61899995804
314 5.617000103
315 5.59000015259
316 5.19099998474
317 4.89400005341
318 5.48400020599
319 5.49399995804
320 5.49100017548
321 5.46000003815
322 5.45399999619
323 5.43200016022
324 5.41300010681
325 5.35300016403
326 5.03200006485
327 5.32399988174
328 5.30200004578
329 4.38999986649
330 4.04699993134
331 4.12300014496
332 5.01900005341
333 5.16699981689
334 5.14400005341
335 5.125
336 5.08799982071
337 5.05999994278
338 5.05200004578
339 5.01700019836
340 4.95800018311
341 4.80900001526
342 4.95300006866
343 4.9439997673
344 4.90999984741
345 4.87400007248
346 4.82899999619
347 4.69600009918
348 4.54699993134
349 4.742000103
350 4.70900011063
351 4.67700004578
352 4.65000009537
353 4.62300014496
354 4.59899997711
355 4.57399988174
356 4.3220000267
357 4.38100004196
358 4.46799993515
359 4.45399999619
360 4.43400001526
361 4.41499996185
362 4.36800003052
363 4.35500001907
364 4.32700014114
365 4.28399991989
366 4.25600004196
367 4.20100021362
368 4.15899991989
369 4.12799978256
370 4.10099983215
371 4.08099985123
372 4.05499982834
373 4.02199983597
374 3.99499988556
375 3.96700000763
376 3.9240000248
377 3.90599989891
378 3.86299991608
379 3.84599995613
380 3.8180000782
381 3.72300004959
382 3.64800000191
383 3.60599994659
384 3.55999994278
385 3.53299999237
386 3.5039999485
387 3.47000002861
388 3.43400001526
389 3.40899991989
390 3.36100006104
391 3.34100008011
392 3.31399989128
393 3.28999996185
394 3.26099991798
395 3.26799988747
396 3.30599999428
397 3.3259999752
398 3.375
399 3.39899992943
400 3.44199991226
401 3.47699999809
402 3.52099990845
403 3.54999995232
404 3.60700011253
405 3.64899992943
406 3.68000006676
407 3.71000003815
408 3.7349998951
409 3.7990000248
410 3.83999991417
411 3.89199995995
412 3.91899991035
413 4.00500011444
414 4.0640001297
415 4.12400007248
416 4.19199991226
417 4.23799991608
418 4.30800008774
419 4.38399982452
420 4.45499992371
421 4.53200006485
422 4.57499980927
423 4.67399978638
424 4.72700023651
425 4.81699991226
426 4.91499996185
427 5.02199983597
428 5.125
429 5.21700000763
430 5.31699991226
431 5.4279999733
432 5.53000020981
433 5.6360001564
434 5.77099990845
435 5.8639998436
436 6.02199983597
437 6.17199993134
438 6.3220000267
439 6.47399997711
440 6.5
441 6.60099983215
442 6.48400020599
443 3.09500002861
444 3.05500006676
445 3.03299999237
446 3.02699995041
447 3.01600003242
448 3.00699996948
449 3.02099990845
450 3.00200009346
451 2.98799991608
452 2.98600006104
453 2.99499988556
454 2.97699999809
455 2.96600008011
456 2.97199988365
457 2.96900010109
458 2.95600008965
459 2.94899988174
460 2.94799995422
461 2.94199991226
462 2.95399999619
463 2.94400000572
464 2.93600010872
465 2.9319999218
466 2.92199993134
467 2.92600011826
468 2.9279999733
469 2.91000008583
470 2.65599989891
471 2.63700008392
472 2.64400005341
473 2.66199994087
474 0.945999979973
475 0.697000026703
476 0.723999977112
477 0.930999994278
478 2.65899991989
479 2.63700008392
480 2.66700005531
481 2.65599989891
482 2.65799999237
483 2.65799999237
484 2.65700006485
485 2.67199993134
486 2.66799998283
487 2.66700005531
488 2.67000007629
489 2.68400001526
490 2.83699989319
491 2.9319999218
492 2.94400000572
493 2.94400000572
494 2.96600008011
495 2.94799995422
496 2.96799993515
497 2.94799995422
498 2.95700001717
499 2.96300005913
500 2.98200011253
501 2.97099995613
502 2.97799992561
503 2.98699998856
504 2.9960000515
505 3.00699996948
506 2.99900007248
507 3.00900006294
508 3.03200006485
509 3.04600000381
510 3.04999995232
511 3.03399991989
512 3.05900001526
513 3.06900000572
514 3.08100008965
515 3.09500002861
516 3.09999990463
517 3.10400009155
518 3.11999988556
519 3.12800002098
520 3.12199997902
521 3.13000011444
522 3.16499996185
523 3.18000006676
524 0.931999981403
525 0.90600001812
526 0.916000008583
527 0.941999971867
528 3.04800009727
529 2.99000000954
530 2.94199991226
531 2.89100003242
532 2.82399988174
533 2.79500007629
534 2.72799992561
535 2.7009999752
536 2.95700001717
537 2.94400000572
538 0.0
539 1.17700004578
540 1.12199997902
