0 4.51300001144
1 4.42999982834
2 4.44199991226
3 4.47200012207
4 4.54099988937
5 4.63899993896
6 4.67500019073
7 4.70300006866
8 4.73999977112
9 4.76700019836
10 4.8109998703
11 4.83799982071
12 4.86499977112
13 4.89200019836
14 4.92999982834
15 4.92999982834
16 4.83500003815
17 4.85200023651
18 4.88199996948
19 4.97200012207
20 5.15199995041
21 5.18699979782
22 5.23799991608
23 5.27400016785
24 5.30399990082
25 5.36100006104
26 5.41200017929
27 5.46199989319
28 5.48400020599
29 5.54300022125
30 5.59700012207
31 5.64699983597
32 5.68300008774
33 0.0
34 17.1539993286
35 17.1529998779
36 17.1450004578
37 0.0
38 0.0
39 0.0
40 17.236000061
41 17.1739997864
42 17.0830001831
43 16.9899997711
44 16.5359992981
45 16.5370006561
46 16.5200004578
47 13.1770000458
48 13.0749998093
49 12.3380002975
50 11.9499998093
51 11.5740003586
52 11.609000206
53 11.6190004349
54 11.6210002899
55 11.3299999237
56 10.9960002899
57 10.4809999466
58 10.0970001221
59 8.35599994659
60 8.34200000763
61 8.1890001297
62 7.90700006485
63 7.62599992752
64 7.44500017166
65 7.22499990463
66 7.05499982834
67 6.90100002289
68 6.8060002327
69 6.77099990845
70 6.80200004578
71 6.81799983978
72 6.84700012207
73 6.87599992752
74 6.80200004578
75 6.64599990845
76 6.52299976349
77 6.39900016785
78 6.27699995041
79 6.15299987793
80 5.23600006104
81 4.96299982071
82 4.85099983215
83 4.76700019836
84 4.68300008774
85 4.61199998856
86 4.54400014877
87 4.48099994659
88 4.41599988937
89 4.34899997711
90 4.26000022888
91 4.22300004959
92 4.16699981689
93 4.09800004959
94 4.01999998093
95 3.99499988556
96 3.94499993324
97 3.89700007439
98 3.83800005913
99 3.77999997139
100 3.77900004387
101 3.78999996185
102 3.82100009918
103 3.85199999809
104 3.87599992752
105 3.91700005531
106 3.94000005722
107 3.96799993515
108 3.93600010872
109 3.90000009537
110 3.84800004959
111 3.81200003624
112 3.75900006294
113 3.73799991608
114 3.70300006866
115 3.66499996185
116 3.61999988556
117 3.58999991417
118 3.56699991226
119 3.53399991989
120 3.50999999046
121 3.4849998951
122 3.4430000782
123 3.40799999237
124 3.41100001335
125 3.39400005341
126 3.4279999733
127 3.46399998665
128 3.49699997902
129 3.53600001335
130 3.57100009918
131 3.6099998951
132 3.65700006485
133 4.03000020981
134 4.06500005722
135 4.09700012207
136 4.10699987411
137 4.15999984741
138 4.17500019073
139 4.22900009155
140 4.24100017548
141 4.28700017929
142 4.3140001297
143 4.36499977112
144 4.39900016785
145 4.4390001297
146 4.46899986267
147 4.48500013351
148 4.49100017548
149 4.54699993134
150 4.55200004578
151 4.20200014114
152 4.29699993134
153 4.61999988556
154 3.26300001144
155 3.42499995232
156 4.71299982071
157 4.58699989319
158 4.57399988174
159 4.79699993134
160 4.84499979019
161 4.8639998436
162 4.90399980545
163 4.92999982834
164 4.95499992371
165 4.99900007248
166 5.01599979401
167 5.03999996185
168 3.14299988747
169 3.23699998856
170 3.38800001144
171 4.11600017548
172 4.91599988937
173 4.88899993896
174 4.84999990463
175 4.83400011063
176 4.83900022507
177 4.81799983978
178 4.84100008011
179 4.85699987411
180 4.87699985504
181 4.89699983597
182 4.83099985123
183 5.3140001297
184 5.47700023651
185 5.47700023651
186 5.5
187 5.52099990845
188 4.60799980164
189 4.59899997711
190 5.54799985886
191 5.59899997711
192 3.64400005341
193 3.52300000191
194 4.08500003815
195 4.06199979782
196 5.68699979782
197 5.71000003815
198 5.71899986267
199 5.76399993896
200 5.78800010681
201 5.81300020218
202 5.82899999619
203 5.83599996567
204 5.85599994659
205 5.85699987411
206 5.86800003052
207 5.88100004196
208 5.88999986649
209 5.90199995041
210 5.91800022125
211 5.94600009918
212 5.96199989319
213 5.97800016403
214 5.98799991608
215 5.99700021744
216 6.02199983597
217 6.03299999237
218 6.05399990082
219 6.0720000267
220 6.09200000763
221 6.09600019455
222 6.09200000763
223 6.08900022507
224 6.09100008011
225 6.09999990463
226 6.11199998856
227 6.13000011444
228 6.14300012589
229 6.15799999237
230 6.16800022125
231 6.1779999733
232 6.1779999733
233 6.17199993134
234 6.18400001526
235 6.21299982071
236 6.23000001907
237 6.23099994659
238 6.22800016403
239 6.21899986267
240 6.23799991608
241 6.22499990463
242 6.22800016403
243 6.23400020599
244 6.22900009155
245 6.23099994659
246 6.25600004196
247 6.21899986267
248 6.2610001564
249 6.26000022888
250 6.24800014496
251 6.25299978256
252 6.27699995041
253 6.26700019836
254 6.26399993896
255 6.28100013733
256 6.25299978256
257 6.27299976349
258 6.25099992752
259 5.19299983978
260 5.05900001526
261 5.05900001526
262 5.05999994278
263 5.04300022125
264 5.03700017929
265 5.03499984741
266 5.08199977875
267 5.35599994659
268 5.625
269 5.34100008011
270 5.22499990463
271 5.20100021362
272 5.21099996567
273 5.20499992371
274 5.23299980164
275 5.28900003433
276 5.507999897
277 5.6810002327
278 5.73000001907
279 5.73199987411
280 5.74599981308
281 5.75699996948
282 5.80000019073
283 5.94899988174
284 6.08599996567
285 6.08699989319
286 6.07399988174
287 6.06699991226
288 6.04899978638
289 6.04799985886
290 6.04099988937
291 6.01200008392
292 5.98400020599
293 5.97800016403
294 5.97900009155
295 5.95499992371
296 5.93300008774
297 5.91699981689
298 5.90399980545
299 5.87099981308
300 5.85900020599
301 5.84999990463
302 5.84200000763
303 5.82100009918
304 5.82299995422
305 5.80900001526
306 5.78499984741
307 5.77500009537
308 5.75299978256
309 5.70100021362
310 5.68499994278
311 5.67700004578
312 5.65399980545
313 5.63100004196
314 5.62300014496
315 5.58300018311
316 5.20300006866
317 4.88800001144
318 5.47200012207
319 5.49100017548
320 5.48099994659
321 5.47100019455
322 5.45499992371
323 5.43699979782
324 5.40700006485
325 5.33900022507
326 5.0110001564
327 5.31599998474
328 5.30399990082
329 4.38000011444
330 4.04899978638
331 4.12599992752
332 5.01300001144
333 5.17500019073
334 5.14599990845
335 5.117000103
336 5.09200000763
337 5.07800006866
338 5.04699993134
339 5.01800012589
340 4.95399999619
341 4.80999994278
342 4.95499992371
343 4.94199991226
344 4.90199995041
345 4.86999988556
346 4.83400011063
347 4.69899988174
348 4.57899999619
349 4.74599981308
350 4.70300006866
351 4.67199993134
352 4.63800001144
353 4.60799980164
354 4.59899997711
355 4.56699991226
356 4.31500005722
357 4.35900020599
358 4.5
359 4.46700000763
360 4.44299983978
361 4.40000009537
362 4.38999986649
363 4.36299991608
364 4.31500005722
365 4.27899980545
366 4.24900007248
367 4.21999979019
368 4.17100000381
369 4.14099979401
370 4.09700012207
371 4.06199979782
372 4.02799987793
373 4.01200008392
374 3.99900007248
375 3.97499990463
376 3.93499994278
377 3.89100003242
378 3.87599992752
379 3.85899996758
380 3.81299996376
381 3.72799992561
382 3.62299990654
383 3.60400009155
384 3.55500006676
385 3.53900003433
386 3.50500011444
387 3.47099995613
388 3.42700004578
389 3.40300011635
390 3.37199997902
391 3.34200000763
392 3.2990000248
393 3.27800011635
394 3.27399992943
395 3.27800011635
396 3.3069999218
397 3.31999993324
398 3.36999988556
399 3.41700005531
400 3.4319999218
401 3.48300004005
402 3.51399993896
403 3.56699991226
404 3.60700011253
405 3.632999897
406 3.69199991226
407 3.72399997711
408 3.75
409 3.77999997139
410 3.82100009918
411 3.89499998093
412 3.95000004768
413 3.98900008202
414 4.07000017166
415 4.12400007248
416 4.18400001526
417 4.22700023651
418 4.3029999733
419 4.37900018692
420 4.4439997673
421 4.53000020981
422 4.60300016403
423 4.66400003433
424 4.74700021744
425 4.82700014114
426 4.92000007629
427 5.02600002289
428 5.11899995804
429 5.21999979019
430 5.3029999733
431 5.42100000381
432 5.53599977493
433 5.65999984741
434 5.76000022888
435 5.87799978256
436 6.02600002289
437 6.16699981689
438 6.32800006866
439 6.47200012207
440 6.507999897
441 6.60699987411
442 0.0
443 3.07899999619
444 3.05100011826
445 3.02900004387
446 3.02600002289
447 3.02399992943
448 3.00699996948
449 2.99499988556
450 3.0039999485
451 2.99099993706
452 3.00500011444
453 2.97799992561
454 2.97900009155
455 2.98900008202
456 2.98000001907
457 2.94899988174
458 2.95799994469
459 2.97000002861
460 2.95199990273
461 2.96499991417
462 2.93899989128
463 2.93300008774
464 2.93700003624
465 2.94600009918
466 2.9279999733
467 2.9319999218
468 2.92700004578
469 2.90899991989
470 2.67100000381
471 2.64599990845
472 2.65799999237
473 2.65799999237
474 0.941999971867
475 0.717000007629
476 0.708999991417
477 0.93599998951
478 2.66000008583
479 2.64499998093
480 2.63800001144
481 2.63899993896
482 2.64199995995
483 2.66199994087
484 2.65899991989
485 2.67100000381
486 2.66799998283
487 2.66799998283
488 2.66799998283
489 2.68600010872
490 2.82699990273
491 2.93400001526
492 2.9470000267
493 2.95300006866
494 2.93400001526
495 2.94400000572
496 2.96099996567
497 2.96399998665
498 2.97499990463
499 2.96700000763
500 2.96499991417
501 2.99099993706
502 3.0039999485
503 2.9960000515
504 2.98200011253
505 3.00699996948
506 3.01900005341
507 3.02099990845
508 3.02200007439
509 3.01999998093
510 3.04800009727
511 3.0490000248
512 3.05999994278
513 3.0759999752
514 3.08500003815
515 3.09899997711
516 3.10100007057
517 3.11599993706
518 3.10500001907
519 1.44000005722
520 1.26600003242
521 1.22599995136
522 1.22699999809
523 1.23899996281
524 1.02600002289
525 0.916999995708
526 0.939999997616
527 1.19299995899
528 1.24500000477
529 1.24500000477
530 1.25600004196
531 1.27199995518
532 1.36800003052
533 2.77800011635
534 2.7460000515
535 2.70900011063
536 2.96099996567
537 2.93000006676
538 1.22899997234
539 1.17599999905
540 1.14300000668
