0 4.51800012589
1 4.4310002327
2 4.45499992371
3 4.47200012207
4 4.53000020981
5 4.64300012589
6 4.67399978638
7 4.71899986267
8 4.7389998436
9 4.76700019836
10 4.80499982834
11 4.83300018311
12 4.84800004959
13 4.89300012589
14 4.91900014877
15 4.9470000267
16 4.84899997711
17 4.84999990463
18 4.88999986649
19 4.97399997711
20 5.14599990845
21 5.18800020218
22 5.22700023651
23 5.26200008392
24 5.31599998474
25 5.35799980164
26 5.40100002289
27 5.45499992371
28 5.507999897
29 5.55399990082
30 5.58199977875
31 5.63399982452
32 5.67999982834
33 0.0
34 17.1609992981
35 17.1369991302
36 17.1499996185
37 0.0
38 0.0
39 0.0
40 17.2280006409
41 17.1730003357
42 17.0729999542
43 17.0100002289
44 16.5249996185
45 16.5529994965
46 16.5240001678
47 13.1750001907
48 13.0760002136
49 12.3439998627
50 11.9619998932
51 11.5889997482
52 11.6099996567
53 11.623000145
54 11.6160001755
55 11.3459997177
56 11.0
57 10.4759998322
58 10.1160001755
59 8.32199954987
60 8.35799980164
61 8.19999980927
62 7.91599988937
63 7.64499998093
64 7.45399999619
65 7.24100017548
66 7.06599998474
67 6.90100002289
68 6.78900003433
69 6.77500009537
70 6.82100009918
71 6.83599996567
72 6.86299991608
73 6.86100006104
74 6.79099988937
75 6.63800001144
76 6.51499986649
77 6.39499998093
78 6.27099990845
79 6.14099979401
80 5.24399995804
81 4.97399997711
82 4.84600019455
83 4.76399993896
84 4.68200016022
85 4.58799982071
86 4.53599977493
87 4.47700023651
88 4.41900014877
89 4.33699989319
90 4.28499984741
91 4.23500013351
92 4.16900014877
93 4.11000013351
94 4.03499984741
95 3.98699998856
96 3.91799998283
97 3.89100003242
98 3.8599998951
99 3.78200006485
100 3.77699995041
101 3.79299998283
102 3.82699990273
103 3.85299992561
104 3.88000011444
105 3.89700007439
106 3.92700004578
107 3.95499992371
108 3.91899991035
109 3.89199995995
110 3.85500001907
111 3.80599999428
112 3.75500011444
113 3.73900008202
114 3.69799995422
115 3.66599988937
116 3.63599991798
117 3.58800005913
118 3.55800008774
119 3.52800011635
120 3.50600004196
121 3.47900009155
122 3.44799995422
123 3.41899991035
124 3.39800000191
125 3.39299988747
126 3.4279999733
127 3.46300005913
128 3.47799992561
129 3.53099989891
130 3.58500003815
131 3.61400008202
132 3.66700005531
133 4.02699995041
134 4.07600021362
135 4.0720000267
136 4.12599992752
137 4.15999984741
138 4.19600009918
139 4.21700000763
140 4.26200008392
141 4.29199981689
142 4.32399988174
143 4.33400011063
144 4.39300012589
145 4.43800020218
146 4.47900009155
147 4.46700000763
148 4.51200008392
149 4.53399991989
150 4.55499982834
151 4.21799993515
152 4.30399990082
153 3.34699988365
154 3.27300000191
155 3.42000007629
156 4.72700023651
157 4.60200023651
158 4.5560002327
159 4.80499982834
160 4.83300018311
161 4.85599994659
162 4.90199995041
163 4.93200016022
164 4.96500015259
165 4.99399995804
166 5.01800012589
167 5.03999996185
168 3.12599992752
169 3.22199988365
170 3.38000011444
171 4.11499977112
172 4.92399978638
173 4.875
174 4.85099983215
175 4.83799982071
176 4.81699991226
177 4.82100009918
178 4.84499979019
179 4.85300016403
180 4.87200021744
181 4.90799999237
182 4.82299995422
183 5.32100009918
184 5.46600008011
185 5.48999977112
186 5.49499988556
187 5.50299978256
188 4.60300016403
189 4.57399988174
190 5.56199979782
191 5.59499979019
192 3.64700007439
193 3.51699995995
194 4.0720000267
195 4.03700017929
196 5.67399978638
197 5.71000003815
198 5.74100017548
199 5.76999998093
200 5.79699993134
201 5.80100011826
202 5.82399988174
203 5.83900022507
204 5.83500003815
205 5.84899997711
206 5.88000011444
207 5.89400005341
208 5.90100002289
209 5.91400003433
210 5.92299985886
211 5.92399978638
212 5.95800018311
213 5.96000003815
214 5.98799991608
215 6.01700019836
216 6.02600002289
217 6.04099988937
218 6.0640001297
219 6.08300018311
220 6.08900022507
221 6.07899999619
222 6.09200000763
223 6.08199977875
224 6.09299993515
225 6.1139998436
226 6.12099981308
227 6.13000011444
228 6.14799976349
229 6.15399980545
230 6.17199993134
231 6.15799999237
232 6.17600011826
233 6.20200014114
234 6.20800018311
235 6.22100019455
236 6.22200012207
237 6.23000001907
238 6.23099994659
239 6.23000001907
240 6.22499990463
241 6.22200012207
242 6.22399997711
243 6.23299980164
244 6.25400018692
245 6.25199985504
246 6.24399995804
247 6.23600006104
248 6.24499988556
249 6.2389998436
250 6.23999977112
251 6.24700021744
252 6.25899982452
253 6.26900005341
254 6.28299999237
255 6.25600004196
256 6.27799987793
257 6.26900005341
258 6.25199985504
259 5.1810002327
260 5.05900001526
261 5.04799985886
262 5.05999994278
263 5.05499982834
264 5.04600000381
265 5.03399991989
266 5.08799982071
267 5.38500022888
268 5.61199998856
269 5.35099983215
270 5.23699998856
271 5.21099996567
272 5.20300006866
273 5.21400022507
274 5.23699998856
275 5.27899980545
276 5.51999998093
277 5.68300008774
278 5.71700000763
279 5.71799993515
280 5.74599981308
281 5.7610001564
282 5.80499982834
283 5.96400022507
284 6.08300018311
285 6.08799982071
286 6.07700014114
287 6.07299995422
288 6.0560002327
289 6.05200004578
290 6.03599977493
291 6.01399993896
292 5.98299980164
293 5.98299980164
294 5.95499992371
295 5.94500017166
296 5.90999984741
297 5.90899991989
298 5.89200019836
299 5.87400007248
300 5.85200023651
301 5.86199998856
302 5.83500003815
303 5.83900022507
304 5.8029999733
305 5.80499982834
306 5.80200004578
307 5.78100013733
308 5.73999977112
309 5.72300004959
310 5.69600009918
311 5.66499996185
312 5.64699983597
313 5.62200021744
314 5.60599994659
315 5.58400011063
316 5.19299983978
317 4.88899993896
318 5.47100019455
319 5.51000022888
320 5.48199987411
321 5.45499992371
322 5.44299983978
323 5.43400001526
324 5.42299985886
325 5.36299991608
326 5.02699995041
327 5.31799983978
328 5.29799985886
329 4.37699985504
330 4.05900001526
331 4.117000103
332 5.02600002289
333 5.17100000381
334 5.14799976349
335 5.11600017548
336 5.09100008011
337 5.0640001297
338 5.05499982834
339 5.02799987793
340 4.96199989319
341 4.81199979782
342 4.95499992371
343 4.92999982834
344 4.90199995041
345 4.88199996948
346 4.84399986267
347 4.70399999619
348 4.5640001297
349 4.73199987411
350 4.71799993515
351 4.68499994278
352 4.64699983597
353 4.61499977112
354 4.57299995422
355 4.5529999733
356 4.30399990082
357 4.37900018692
358 4.48400020599
359 4.45599985123
360 4.44000005722
361 4.42600011826
362 4.39599990845
363 4.35400009155
364 4.30499982834
365 4.26200008392
366 4.24300003052
367 4.21099996567
368 4.17199993134
369 4.14599990845
370 4.11299991608
371 4.06500005722
372 4.0640001297
373 4.01800012589
374 3.97499990463
375 3.95900011063
376 3.93499994278
377 3.90199995041
378 3.86400008202
379 3.85800004005
380 3.82699990273
381 3.73300004005
382 3.63400006294
383 3.60400009155
384 3.57800006866
385 3.53800010681
386 3.50300002098
387 3.45799994469
388 3.42199993134
389 3.40100002289
390 3.38100004196
391 3.34899997711
392 3.3220000267
393 3.27900004387
394 3.27200007439
395 3.27900004387
396 3.30500006676
397 3.3259999752
398 3.38199996948
399 3.41599988937
400 3.4509999752
401 3.48300004005
402 3.52099990845
403 3.56299996376
404 3.59999990463
405 3.64700007439
406 3.67100000381
407 3.73799991608
408 3.73699998856
409 3.78900003433
410 3.8220000267
411 3.88800001144
412 3.93600010872
413 3.99399995804
414 4.06199979782
415 4.132999897
416 4.19299983978
417 4.23799991608
418 4.32000017166
419 4.38000011444
420 4.45100021362
421 4.53200006485
422 4.58799982071
423 4.65899991989
424 4.72900009155
425 4.81199979782
426 4.90600013733
427 5.03000020981
428 5.10799980164
429 5.21799993515
430 5.31300020218
431 5.42899990082
432 5.54400014877
433 5.64699983597
434 5.77199983597
435 5.88199996948
436 6.01900005341
437 6.15000009537
438 6.31500005722
439 6.48199987411
440 6.48299980164
441 6.61100006104
442 6.4470000267
443 3.0680000782
444 3.05900001526
445 3.03200006485
446 3.03900003433
447 3.04200005531
448 3.03099989891
449 3.02999997139
450 3.00099992752
451 2.98900008202
452 3.00999999046
453 3.00500011444
454 2.99499988556
455 2.96799993515
456 2.98399996758
457 2.96700000763
458 2.97399997711
459 2.9470000267
460 2.96399998665
461 2.94600009918
462 2.95600008965
463 2.94199991226
464 2.94600009918
465 2.93600010872
466 2.93300008774
467 2.92600011826
468 2.92700004578
469 2.91100001335
470 2.66899991035
471 2.65700006485
472 2.62299990654
473 2.65599989891
474 0.95300000906
475 0.704999983311
476 0.70300000906
477 0.927999973297
478 2.64100003242
479 2.632999897
480 2.64599990845
481 2.65899991989
482 2.65599989891
483 2.66000008583
484 2.66400003433
485 2.64800000191
486 2.66700005531
487 2.65400004387
488 2.6740000248
489 2.68899989128
490 2.82399988174
491 2.93099999428
492 2.94400000572
493 2.93600010872
494 2.95000004768
495 2.94499993324
496 2.95199990273
497 2.96700000763
498 2.96399998665
499 2.95900011063
500 2.97699999809
501 2.97099995613
502 2.98699998856
503 2.97799992561
504 2.9960000515
505 3.01099991798
506 3.01900005341
507 3.01300001144
508 3.02200007439
509 3.04200005531
510 3.05100011826
511 3.05800008774
512 3.04299998283
513 3.05599999428
514 3.08500003815
515 3.07800006866
516 3.10700011253
517 3.10299992561
518 3.10199999809
519 3.13599991798
520 3.12299990654
521 3.15599989891
522 3.17000007629
523 3.17199993134
524 0.939999997616
525 0.908999979496
526 0.930000007153
527 0.933000028133
528 3.04099988937
529 2.9960000515
530 2.93600010872
531 2.88199996948
532 2.83200001717
533 2.7990000248
534 2.74699997902
535 2.71600008011
536 2.96300005913
537 2.91499996185
538 1.17299997807
539 1.125
540 1.09399998188
