0 4.51599979401
1 4.43400001526
2 4.45200014114
3 4.46099996567
4 4.53100013733
5 4.64699983597
6 4.6810002327
7 4.70699977875
8 4.73799991608
9 4.76900005341
10 4.8140001297
11 4.8220000267
12 4.85799980164
13 4.88899993896
14 4.92700004578
15 4.94000005722
16 4.83699989319
17 4.85400009155
18 4.88500022888
19 4.96799993515
20 5.15100002289
21 5.19299983978
22 5.22800016403
23 5.27299976349
24 5.3140001297
25 5.3639998436
26 5.41099977493
27 5.4470000267
28 5.5
29 5.55800008774
30 5.60599994659
31 5.65299987793
32 5.66099977493
33 0.0
34 17.1520004272
35 17.1459999084
36 17.1620006561
37 0.0
38 0.0
39 0.0
40 17.2299995422
41 17.1879997253
42 17.0659999847
43 17.0
44 16.5300006866
45 16.5419998169
46 16.533000946
47 13.1450004578
48 13.0780000687
49 12.345000267
50 11.9460000992
51 11.6059999466
52 11.6199998856
53 11.642999649
54 11.6199998856
55 11.3439998627
56 10.9750003815
57 10.4619998932
58 10.1149997711
59 8.31599998474
60 8.33699989319
61 8.21700000763
62 7.92100000381
63 7.6360001564
64 7.4470000267
65 7.2389998436
66 7.06500005722
67 6.89900016785
68 6.79099988937
69 6.78700017929
70 6.8140001297
71 6.84200000763
72 6.85599994659
73 6.88399982452
74 6.78599977493
75 6.64099979401
76 6.52400016785
77 6.40700006485
78 6.28100013733
79 6.15100002289
80 5.21700000763
81 4.97300004959
82 4.8639998436
83 4.76200008392
84 4.68800020218
85 4.61299991608
86 4.55000019073
87 4.47900009155
88 4.41599988937
89 4.34200000763
90 4.28800010681
91 4.22700023651
92 4.17100000381
93 4.09800004959
94 4.03000020981
95 3.98200011253
96 3.93600010872
97 3.8900001049
98 3.84999990463
99 3.80200004578
100 3.79200005531
101 3.80200004578
102 3.83800005913
103 3.85299992561
104 3.88899993896
105 3.89599990845
106 3.95000004768
107 3.95799994469
108 3.92700004578
109 3.89800000191
110 3.8599998951
111 3.80500006676
112 3.77600002289
113 3.742000103
114 3.68499994278
115 3.65400004387
116 3.63100004196
117 3.58899998665
118 3.56699991226
119 3.52500009537
120 3.4960000515
121 3.48099994659
122 3.45700001717
123 3.42100000381
124 3.41400003433
125 3.39400005341
126 3.43400001526
127 3.46600008011
128 3.50500011444
129 3.54099988937
130 3.5759999752
131 3.61899995804
132 3.67700004578
133 4.02199983597
134 4.0720000267
135 4.09899997711
136 4.13999986649
137 4.15500020981
138 4.18699979782
139 4.23000001907
140 4.26399993896
141 4.28200006485
142 4.30900001526
143 4.35500001907
144 4.39300012589
145 4.43699979782
146 4.47100019455
147 4.4889998436
148 4.52199983597
149 4.50899982452
150 4.54899978638
151 4.21600008011
152 4.30900001526
153 4.60599994659
154 3.26900005341
155 3.41700005531
156 4.72399997711
157 4.60300016403
158 4.56500005722
159 4.80499982834
160 4.83099985123
161 4.86600017548
162 4.89300012589
163 4.92999982834
164 4.96000003815
165 5.007999897
166 5.01499986649
167 5.04300022125
168 3.13599991798
169 3.22099995613
170 3.37599992752
171 4.12099981308
172 4.91599988937
173 4.882999897
174 4.86899995804
175 4.85099983215
176 4.82299995422
177 4.82899999619
178 4.8220000267
179 4.85599994659
180 4.87599992752
181 4.88800001144
182 4.82800006866
183 5.31300020218
184 5.47399997711
185 5.4889998436
186 5.5110001564
187 5.52500009537
188 4.59100008011
189 4.57000017166
190 5.5720000267
191 5.58799982071
192 3.65300011635
193 3.53200006485
194 4.06300020218
195 4.04199981689
196 5.70300006866
197 5.71899986267
198 5.73699998856
199 5.76999998093
200 5.77400016785
201 5.79300022125
202 5.82700014114
203 5.84399986267
204 5.85200023651
205 5.867000103
206 5.86199998856
207 5.882999897
208 5.89799976349
209 5.90600013733
210 5.91699981689
211 5.93699979782
212 5.96099996567
213 5.97300004959
214 6.00500011444
215 6.00500011444
216 6.02699995041
217 6.04099988937
218 6.0689997673
219 6.07100009918
220 6.09800004959
221 6.09100008011
222 6.08599996567
223 6.10900020599
224 6.11800003052
225 6.12699985504
226 6.10799980164
227 6.13199996948
228 6.13399982452
229 6.1360001564
230 6.14099979401
231 6.16300010681
232 6.1890001297
233 6.18400001526
234 6.21400022507
235 6.22200012207
236 6.23400020599
237 6.21999979019
238 6.23000001907
239 6.23400020599
240 6.23099994659
241 6.21999979019
242 6.22700023651
243 6.22900009155
244 6.242000103
245 6.23099994659
246 6.25600004196
247 6.24100017548
248 6.26300001144
249 6.25699996948
250 6.26200008392
251 6.25199985504
252 6.26999998093
253 6.26000022888
254 6.28499984741
255 6.28599977493
256 6.2610001564
257 6.26800012589
258 6.24700021744
259 5.17899990082
260 5.0640001297
261 5.05000019073
262 5.05700016022
263 5.04400014877
264 5.03900003433
265 5.03100013733
266 5.10400009155
267 5.35699987411
268 5.61199998856
269 5.37300014496
270 5.23500013351
271 5.20100021362
272 5.22200012207
273 5.20900011063
274 5.22800016403
275 5.28100013733
276 5.52400016785
277 5.66599988937
278 5.72499990463
279 5.74499988556
280 5.74800014496
281 5.76900005341
282 5.79899978638
283 5.9470000267
284 6.07100009918
285 6.08500003815
286 6.0689997673
287 6.06599998474
288 6.07100009918
289 6.0529999733
290 6.04300022125
291 6.02099990845
292 5.99800014496
293 5.97399997711
294 5.94999980927
295 5.93200016022
296 5.93400001526
297 5.92500019073
298 5.89900016785
299 5.86899995804
300 5.87799978256
301 5.85400009155
302 5.83699989319
303 5.80900001526
304 5.80100011826
305 5.79199981689
306 5.78200006485
307 5.78599977493
308 5.75400018692
309 5.72700023651
310 5.68699979782
311 5.67000007629
312 5.65899991989
313 5.62099981308
314 5.60900020599
315 5.57999992371
316 5.19299983978
317 4.90299987793
318 5.49399995804
319 5.50400018692
320 5.49300003052
321 5.45800018311
322 5.45800018311
323 5.43699979782
324 5.40999984741
325 5.34700012207
326 5.03399991989
327 5.32399988174
328 5.30000019073
329 4.36199998856
330 4.05100011826
331 4.13199996948
332 5.04199981689
333 5.17199993134
334 5.14499998093
335 5.11800003052
336 5.09700012207
337 5.07899999619
338 5.05000019073
339 5.02600002289
340 4.94500017166
341 4.82499980927
342 4.96299982071
343 4.94999980927
344 4.90600013733
345 4.86499977112
346 4.83599996567
347 4.70800018311
348 4.56599998474
349 4.74599981308
350 4.71500015259
351 4.68499994278
352 4.65999984741
353 4.62099981308
354 4.59600019455
355 4.56799983978
356 4.30700016022
357 4.34600019455
358 4.49599981308
359 4.46899986267
360 4.44799995422
361 4.41699981689
362 4.40799999237
363 4.36899995804
364 4.32800006866
365 4.28299999237
366 4.257999897
367 4.19099998474
368 4.1779999733
369 4.14599990845
370 4.11600017548
371 4.08099985123
372 4.06300020218
373 4.03299999237
374 4.00400018692
375 3.96000003815
376 3.92899990082
377 3.8900001049
378 3.86500000954
379 3.83500003815
380 3.83200001717
381 3.72699999809
382 3.65199995041
383 3.60500001907
384 3.5680000782
385 3.53800010681
386 3.50200009346
387 3.46099996567
388 3.41700005531
389 3.40700006485
390 3.3789999485
391 3.35100007057
392 3.31699991226
393 3.27500009537
394 3.25200009346
395 3.27500009537
396 3.3069999218
397 3.33599996567
398 3.36400008202
399 3.39599990845
400 3.43700003624
401 3.48600006104
402 3.52900004387
403 3.56599998474
404 3.60599994659
405 3.65499997139
406 3.68000006676
407 3.73300004005
408 3.742000103
409 3.79800009727
410 3.84299993515
411 3.90100002289
412 3.94899988174
413 4.01000022888
414 4.0560002327
415 4.11800003052
416 4.1859998703
417 4.25500011444
418 4.31799983978
419 4.38999986649
420 4.46000003815
421 4.51300001144
422 4.59499979019
423 4.66699981689
424 4.75099992752
425 4.82499980927
426 4.90500020981
427 5.03200006485
428 5.1139998436
429 5.21899986267
430 5.31799983978
431 5.42100000381
432 5.52699995041
433 5.64300012589
434 5.75099992752
435 5.89400005341
436 6.03200006485
437 6.17100000381
438 6.33699989319
439 6.48500013351
440 6.50299978256
441 6.61199998856
442 6.48999977112
443 3.06999993324
444 3.05900001526
445 3.0569999218
446 3.02600002289
447 3.03399991989
448 3.0150001049
449 3.02800011635
450 3.01200008392
451 2.99399995804
452 3.00999999046
453 2.98099994659
454 2.992000103
455 2.96700000763
456 2.97799992561
457 2.97900009155
458 2.96199989319
459 2.95300006866
460 2.95000004768
461 2.94600009918
462 2.96399998665
463 2.95300006866
464 2.93400001526
465 2.93899989128
466 2.93899989128
467 2.92499995232
468 2.92600011826
469 2.91199994087
470 2.67499995232
471 2.63199996948
472 2.625
473 2.65300011635
474 0.952000021935
475 0.702000021935
476 0.721000015736
477 0.92199999094
478 2.64499998093
479 2.65199995041
480 2.63499999046
481 2.66199994087
482 2.65599989891
483 2.65199995041
484 2.66199994087
485 2.67499995232
486 2.66799998283
487 2.67300009727
488 2.66199994087
489 2.68400001526
490 2.83200001717
491 2.95300006866
492 2.9430000782
493 2.94600009918
494 2.96300005913
495 2.96000003815
496 2.96000003815
497 2.95600008965
498 2.96499991417
499 2.97199988365
500 2.97199988365
501 2.99099993706
502 2.98399996758
503 2.98600006104
504 2.98900008202
505 2.99900007248
506 3.02099990845
507 3.00600004196
508 3.02200007439
509 3.04399991035
510 3.05200004578
511 3.04699993134
512 3.0490000248
513 3.07699990273
514 3.0759999752
515 3.09200000763
516 3.10700011253
517 3.10899996758
518 3.10500001907
519 3.1289999485
520 3.15100002289
521 3.13199996948
522 3.15700006485
523 3.17100000381
524 0.935000002384
525 0.925999999046
526 0.921000003815
527 0.950999975204
528 3.05100011826
529 2.992000103
530 2.94099998474
531 2.88800001144
532 2.84500002861
533 2.79600000381
534 2.73099994659
535 2.70300006866
536 2.96700000763
537 2.91599988937
538 1.09700000286
539 1.04100000858
540 1.00999999046
