0 4.51700019836
1 4.40899991989
2 4.45499992371
3 4.48000001907
4 4.53999996185
5 4.64400005341
6 4.67600011826
7 4.71199989319
8 4.74399995804
9 4.76900005341
10 4.79899978638
11 4.84299993515
12 4.86000013351
13 4.90500020981
14 4.92199993134
15 4.94099998474
16 4.83599996567
17 4.85200023651
18 4.88999986649
19 4.97300004959
20 5.14400005341
21 5.18400001526
22 5.22399997711
23 5.28299999237
24 5.31699991226
25 5.3639998436
26 5.40899991989
27 5.44799995422
28 5.50699996948
29 5.53200006485
30 5.59999990463
31 5.64300012589
32 5.66400003433
33 0.0
34 17.156999588
35 17.142999649
36 17.1550006866
37 0.0
38 0.0
39 0.0
40 17.2240009308
41 17.1760005951
42 17.0629997253
43 17.0100002289
44 16.5249996185
45 16.5349998474
46 16.5209999084
47 13.1590003967
48 13.0880002975
49 12.3229999542
50 11.968000412
51 11.5780000687
52 11.623000145
53 11.642999649
54 11.6260004044
55 11.3500003815
56 11.0030002594
57 10.4659996033
58 10.0909996033
59 8.33800029755
60 8.32699966431
61 8.21800041199
62 7.91800022125
63 7.65500020981
64 7.44999980927
65 7.26000022888
66 7.05900001526
67 6.90799999237
68 6.79300022125
69 6.77600002289
70 6.80200004578
71 6.82700014114
72 6.84999990463
73 6.86999988556
74 6.78399991989
75 6.63399982452
76 6.507999897
77 6.38399982452
78 6.26499986649
79 6.14900016785
80 5.23600006104
81 4.96600008011
82 4.85099983215
83 4.77199983597
84 4.67399978638
85 4.59499979019
86 4.54699993134
87 4.44999980927
88 4.40700006485
89 4.33599996567
90 4.28999996185
91 4.22800016403
92 4.17299985886
93 4.11100006104
94 4.03700017929
95 3.98399996758
96 3.93799996376
97 3.87299990654
98 3.85500001907
99 3.80399990082
100 3.77699995041
101 3.78999996185
102 3.81999993324
103 3.86800003052
104 3.87700009346
105 3.90100002289
106 3.92600011826
107 3.94899988174
108 3.91799998283
109 3.88700008392
110 3.85100007057
111 3.81100010872
112 3.76799988747
113 3.74799990654
114 3.69499993324
115 3.65400004387
116 3.63100004196
117 3.58500003815
118 3.55100011826
119 3.52800011635
120 3.49300003052
121 3.48200011253
122 3.45000004768
123 3.42100000381
124 3.41100001335
125 3.39199995995
126 3.42700004578
127 3.45499992371
128 3.48099994659
129 3.52600002289
130 3.57500004768
131 3.61599993706
132 3.6740000248
133 4.01300001144
134 4.07399988174
135 4.07499980927
136 4.10699987411
137 4.15000009537
138 4.18200016022
139 4.19899988174
140 4.25699996948
141 4.29199981689
142 4.32499980927
143 4.34800004959
144 4.39699983597
145 4.40199995041
146 4.46600008011
147 4.48199987411
148 4.507999897
149 4.53999996185
150 4.55499982834
151 4.21299982071
152 4.3140001297
153 4.60400009155
154 3.26600003242
155 3.42700004578
156 4.71600008011
157 4.59499979019
158 4.5529999733
159 4.8029999733
160 4.83900022507
161 4.85799980164
162 4.90299987793
163 4.92999982834
164 4.95900011063
165 4.99499988556
166 5.02699995041
167 5.04600000381
168 3.13199996948
169 3.21499991417
170 3.39100003242
171 4.12799978256
172 4.90700006485
173 4.86899995804
174 4.84700012207
175 4.83099985123
176 4.82700014114
177 4.81500005722
178 4.83300018311
179 4.85200023651
180 4.87599992752
181 4.89200019836
182 4.82299995422
183 5.31799983978
184 5.46400022507
185 5.48199987411
186 5.50099992752
187 5.52500009537
188 4.60900020599
189 4.58599996567
190 5.56799983978
191 5.59600019455
192 3.64100003242
193 3.51799988747
194 4.07299995422
195 4.03999996185
196 5.68200016022
197 5.71099996567
198 5.742000103
199 5.76300001144
200 5.78399991989
201 5.80800008774
202 5.82700014114
203 5.84600019455
204 5.85200023651
205 5.84000015259
206 5.86600017548
207 5.88500022888
208 5.90500020981
209 5.92100000381
210 5.92299985886
211 5.9279999733
212 5.96199989319
213 5.97900009155
214 5.99100017548
215 6.01399993896
216 6.01800012589
217 6.04300022125
218 6.07000017166
219 6.07899999619
220 6.09499979019
221 6.09200000763
222 6.09899997711
223 6.08400011063
224 6.10099983215
225 6.1139998436
226 6.12300014496
227 6.14300012589
228 6.14499998093
229 6.15799999237
230 6.16800022125
231 6.15899991989
232 6.15999984741
233 6.20399999619
234 6.21299982071
235 6.21400022507
236 6.22599983215
237 6.25400018692
238 6.242000103
239 6.23699998856
240 6.23299980164
241 6.22700023651
242 6.22700023651
243 6.23000001907
244 6.24900007248
245 6.24700021744
246 6.22700023651
247 6.242000103
248 6.24700021744
249 6.24399995804
250 6.23799991608
251 6.25099992752
252 6.25400018692
253 6.27099990845
254 6.28599977493
255 6.25400018692
256 6.27299976349
257 6.26300001144
258 6.24399995804
259 5.17999982834
260 5.05900001526
261 5.04799985886
262 5.05999994278
263 5.04899978638
264 5.03999996185
265 5.03100013733
266 5.07800006866
267 5.35900020599
268 5.6139998436
269 5.35900020599
270 5.23099994659
271 5.20100021362
272 5.21099996567
273 5.20800018311
274 5.242000103
275 5.27600002289
276 5.52400016785
277 5.67500019073
278 5.71600008011
279 5.73299980164
280 5.742000103
281 5.76800012589
282 5.8189997673
283 5.94600009918
284 6.08599996567
285 6.06599998474
286 6.08199977875
287 6.07399988174
288 6.04899978638
289 6.04600000381
290 6.03399991989
291 6.01399993896
292 5.98299980164
293 5.98500013351
294 5.94600009918
295 5.96299982071
296 5.91099977493
297 5.90399980545
298 5.89099979401
299 5.87200021744
300 5.87099981308
301 5.85799980164
302 5.83799982071
303 5.83099985123
304 5.81699991226
305 5.80800008774
306 5.79500007629
307 5.77099990845
308 5.75299978256
309 5.70800018311
310 5.6890001297
311 5.65600013733
312 5.64900016785
313 5.62099981308
314 5.60200023651
315 5.58900022507
316 5.19899988174
317 4.87699985504
318 5.47900009155
319 5.50600004196
320 5.48400020599
321 5.46299982071
322 5.44299983978
323 5.44000005722
324 5.42000007629
325 5.35500001907
326 5.03499984741
327 5.33199977875
328 5.30399990082
329 4.36800003052
330 4.0720000267
331 4.11499977112
332 5.02099990845
333 5.16599988937
334 5.1360001564
335 5.11600017548
336 5.10300016403
337 5.06599998474
338 5.05399990082
339 5.03100013733
340 4.96199989319
341 4.81500005722
342 4.94899988174
343 4.93400001526
344 4.91099977493
345 4.87699985504
346 4.84499979019
347 4.70599985123
348 4.56500005722
349 4.74100017548
350 4.71600008011
351 4.68499994278
352 4.65000009537
353 4.60799980164
354 4.59100008011
355 4.55399990082
356 4.29799985886
357 4.37599992752
358 4.48299980164
359 4.46799993515
360 4.42700004578
361 4.42500019073
362 4.40199995041
363 4.36000013351
364 4.29899978638
365 4.28399991989
366 4.23299980164
367 4.20900011063
368 4.18300008774
369 4.14499998093
370 4.12099981308
371 4.09100008011
372 4.0529999733
373 4.02199983597
374 3.99399995804
375 3.96099996567
376 3.92499995232
377 3.90700006485
378 3.87199997902
379 3.86500000954
380 3.82800006866
381 3.71399998665
382 3.63700008392
383 3.60199999809
384 3.56399989128
385 3.53600001335
386 3.49900007248
387 3.45900011063
388 3.42600011826
389 3.40000009537
390 3.36899995804
391 3.3220000267
392 3.30200004578
393 3.28299999237
394 3.26699995995
395 3.26999998093
396 3.30200004578
397 3.32800006866
398 3.36899995804
399 3.39899992943
400 3.45300006866
401 3.48200011253
402 3.51799988747
403 3.56299996376
404 3.58800005913
405 3.63499999046
406 3.6930000782
407 3.71300005913
408 3.74900007248
409 3.78999996185
410 3.85100007057
411 3.88400006294
412 3.93300008774
413 3.97099995613
414 4.0720000267
415 4.11499977112
416 4.19799995422
417 4.21799993515
418 4.32299995422
419 4.38500022888
420 4.45699977875
421 4.51200008392
422 4.58900022507
423 4.65799999237
424 4.74399995804
425 4.81599998474
426 4.91599988937
427 5.03100013733
428 5.11800003052
429 5.21899986267
430 5.3140001297
431 5.4279999733
432 5.52400016785
433 5.64699983597
434 5.74300003052
435 5.88500022888
436 6.03100013733
437 6.17700004578
438 6.30999994278
439 6.47300004959
440 6.49300003052
441 6.59700012207
442 6.45499992371
443 3.06699991226
444 3.05800008774
445 3.03600001335
446 3.04200005531
447 3.02300000191
448 3.02300000191
449 3.00500011444
450 3.00600004196
451 3.01900005341
452 3.007999897
453 2.98600006104
454 2.99000000954
455 2.97799992561
456 2.98000001907
457 2.95499992371
458 2.97000002861
459 2.95199990273
460 2.9470000267
461 2.94400000572
462 2.93799996376
463 2.93000006676
464 2.93499994278
465 2.9470000267
466 2.93000006676
467 2.93300008774
468 2.91899991035
469 2.91499996185
470 2.65400004387
471 2.66000008583
472 2.65300011635
473 2.63599991798
474 0.948000013828
475 0.714999973774
476 0.712000012398
477 0.936999976635
478 2.65499997139
479 2.64299988747
480 2.64100003242
481 2.64800000191
482 2.65899991989
483 2.65400004387
484 2.64199995995
485 2.66400003433
486 2.67000007629
487 2.65300011635
488 2.66700005531
489 2.68499994278
490 2.82500004768
491 2.93799996376
492 2.93000006676
493 2.94799995422
494 2.94199991226
495 2.94199991226
496 2.96600008011
497 2.95399999619
498 2.96399998665
499 2.96199989319
500 2.97199988365
501 2.98000001907
502 2.97399997711
503 2.98200011253
504 3.007999897
505 3.00200009346
506 3.01399993896
507 3.0039999485
508 3.01799988747
509 3.03299999237
510 3.04600000381
511 3.04200005531
512 3.07299995422
513 3.06999993324
514 3.07399988174
515 3.09999990463
516 3.10700011253
517 3.08999991417
518 3.12299990654
519 3.13400006294
520 3.13499999046
521 3.13499999046
522 3.14700007439
523 3.1740000248
524 0.93599998951
525 0.919000029564
526 0.910000026226
527 0.962999999523
528 3.04999995232
529 2.97300004959
530 2.93600010872
531 2.882999897
532 2.84500002861
533 1.25800001621
534 1.25899994373
535 1.17599999905
536 1.15699994564
537 1.15100002289
538 1.14300000668
539 1.13199996948
540 1.09800004959
