0 4.51999998093
1 4.43800020218
2 4.46199989319
3 4.46000003815
4 4.53399991989
5 4.65000009537
6 4.6779999733
7 4.70699977875
8 4.73699998856
9 4.76700019836
10 4.8060002327
11 4.83500003815
12 4.86299991608
13 4.90100002289
14 4.92999982834
15 4.93800020218
16 4.83300018311
17 4.84700012207
18 4.875
19 4.96199989319
20 5.14699983597
21 5.19000005722
22 5.23500013351
23 5.26999998093
24 5.32000017166
25 5.36800003052
26 5.40999984741
27 5.45399999619
28 5.49399995804
29 5.54699993134
30 5.60300016403
31 5.65399980545
32 5.66900014877
33 0.0
34 17.1609992981
35 17.1380004883
36 17.1669998169
37 0.0
38 0.0
39 0.0
40 17.2409992218
41 17.1590003967
42 17.0669994354
43 17.0270004272
44 16.5200004578
45 16.5389995575
46 16.5259990692
47 13.1649999619
48 13.0649995804
49 12.3299999237
50 11.9549999237
51 11.5869998932
52 11.6099996567
53 11.6300001144
54 11.6210002899
55 11.3489999771
56 10.9930000305
57 10.4720001221
58 10.1239995956
59 8.34300041199
60 8.34200000763
61 8.19799995422
62 7.92500019073
63 7.63700008392
64 7.44600009918
65 7.25
66 7.05399990082
67 6.89699983597
68 6.78800010681
69 6.79699993134
70 6.80399990082
71 6.82700014114
72 6.84000015259
73 6.875
74 6.78900003433
75 6.64400005341
76 6.51999998093
77 6.382999897
78 6.27099990845
79 6.14799976349
80 5.21299982071
81 4.97300004959
82 4.85699987411
83 4.78399991989
84 4.68300008774
85 4.61600017548
86 4.54600000381
87 4.48299980164
88 4.38399982452
89 4.33500003815
90 4.27400016785
91 4.22200012207
92 4.17500019073
93 4.11600017548
94 4.04300022125
95 3.99499988556
96 3.93700003624
97 3.8710000515
98 3.8220000267
99 3.78500008583
100 3.76399993896
101 3.79999995232
102 3.84400010109
103 3.84100008011
104 3.88899993896
105 3.91499996185
106 3.92499995232
107 3.93899989128
108 3.90499997139
109 3.87599992752
110 3.83800005913
111 3.80900001526
112 3.77999997139
113 3.74399995804
114 3.69799995422
115 3.66199994087
116 3.63199996948
117 3.59999990463
118 3.5569999218
119 3.51600003242
120 3.49699997902
121 3.47199988365
122 3.4509999752
123 3.42499995232
124 3.40799999237
125 3.38499999046
126 3.40799999237
127 3.45399999619
128 3.50500011444
129 3.53900003433
130 3.56599998474
131 3.6210000515
132 3.6779999733
133 4.03599977493
134 4.06199979782
135 4.08199977875
136 4.11800003052
137 4.16200017929
138 4.18200016022
139 4.21099996567
140 4.24900007248
141 4.27799987793
142 4.32299995422
143 4.36199998856
144 4.39599990845
145 4.4359998703
146 4.47499990463
147 4.49300003052
148 4.51599979401
149 4.54199981689
150 4.55399990082
151 4.20300006866
152 4.29400014877
153 0.0
154 3.257999897
155 3.40599989891
156 4.71999979019
157 4.59399986267
158 4.55499982834
159 4.79500007629
160 4.82999992371
161 4.85699987411
162 4.89799976349
163 4.92700004578
164 4.96000003815
165 4.99599981308
166 5.02500009537
167 5.03700017929
168 3.15300011635
169 3.22600007057
170 3.3710000515
171 4.117000103
172 4.9310002327
173 4.875
174 4.84999990463
175 4.82700014114
176 4.82100009918
177 4.83199977875
178 4.83500003815
179 4.85500001907
180 4.86600017548
181 4.89900016785
182 4.82499980927
183 5.33099985123
184 5.46799993515
185 5.48799991608
186 5.492000103
187 5.50400018692
188 4.59899997711
189 4.58400011063
190 5.56699991226
191 5.61000013351
192 3.64400005341
193 3.51999998093
194 4.07999992371
195 4.03900003433
196 5.69199991226
197 5.71999979019
198 5.74100017548
199 5.76300001144
200 5.80200004578
201 5.81599998474
202 5.81599998474
203 5.83199977875
204 5.85400009155
205 5.86600017548
206 5.85599994659
207 5.87900018692
208 5.90399980545
209 5.92199993134
210 5.93200016022
211 5.93400001526
212 5.9470000267
213 5.95599985123
214 5.97900009155
215 6.00600004196
216 6.01700019836
217 6.03900003433
218 6.0609998703
219 6.07000017166
220 6.07999992371
221 6.07899999619
222 6.07899999619
223 6.08900022507
224 6.10400009155
225 6.10900020599
226 6.12200021744
227 6.13899993896
228 6.11899995804
229 6.15600013733
230 6.15199995041
231 6.17600011826
232 6.17100000381
233 6.19000005722
234 6.19600009918
235 6.21400022507
236 6.22900009155
237 6.24599981308
238 6.23500013351
239 6.23400020599
240 6.21700000763
241 6.23600006104
242 6.23799991608
243 6.23000001907
244 6.22800016403
245 6.23600006104
246 6.26000022888
247 6.24599981308
248 6.24300003052
249 6.24100017548
250 6.257999897
251 6.25600004196
252 6.27199983597
253 6.26200008392
254 6.28100013733
255 6.28100013733
256 6.27699995041
257 6.26999998093
258 6.22300004959
259 5.1810002327
260 5.0689997673
261 5.06799983978
262 5.05800008774
263 5.04199981689
264 5.05499982834
265 5.03399991989
266 5.07700014114
267 5.35500001907
268 5.60500001907
269 5.36600017548
270 5.22399997711
271 5.1939997673
272 5.20499992371
273 5.21500015259
274 5.23799991608
275 5.29600000381
276 5.51399993896
277 5.6779999733
278 5.72599983215
279 5.72200012207
280 5.74399995804
281 5.76399993896
282 5.80800008774
283 5.95300006866
284 6.08799982071
285 6.08500003815
286 6.08400011063
287 6.05200004578
288 6.05900001526
289 6.04500007629
290 6.03100013733
291 6.01700019836
292 6.00199985504
293 5.97499990463
294 5.95200014114
295 5.94899988174
296 5.92199993134
297 5.91099977493
298 5.87699985504
299 5.88199996948
300 5.867000103
301 5.84000015259
302 5.83300018311
303 5.83199977875
304 5.81699991226
305 5.79600000381
306 5.78499984741
307 5.77500009537
308 5.75400018692
309 5.71899986267
310 5.69000005722
311 5.67199993134
312 5.65700006485
313 5.632999897
314 5.61600017548
315 5.57999992371
316 5.21400022507
317 4.89400005341
318 5.48000001907
319 5.50199985504
320 5.48799991608
321 5.45900011063
322 5.45100021362
323 5.43800020218
324 5.42100000381
325 5.35400009155
326 5.02199983597
327 5.32499980927
328 5.30399990082
329 4.35799980164
330 4.03800010681
331 4.11600017548
332 5.02199983597
333 5.16300010681
334 5.15000009537
335 5.11899995804
336 5.09299993515
337 5.07000017166
338 5.05200004578
339 5.01999998093
340 4.95300006866
341 4.81199979782
342 4.96000003815
343 4.9359998703
344 4.90600013733
345 4.86899995804
346 4.84399986267
347 4.69199991226
348 4.58199977875
349 4.74599981308
350 4.69199991226
351 4.66800022125
352 4.65700006485
353 4.61299991608
354 4.61199998856
355 4.55700016022
356 4.31300020218
357 4.37300014496
358 4.48600006104
359 4.45599985123
360 4.45100021362
361 4.42100000381
362 4.37599992752
363 4.35500001907
364 4.3220000267
365 4.27299976349
366 4.25
367 4.21700000763
368 4.18400001526
369 4.15299987793
370 4.09000015259
371 4.07700014114
372 4.03499984741
373 4.00500011444
374 3.98099994659
375 3.96000003815
376 3.93000006676
377 3.90700006485
378 3.88599991798
379 3.86599993706
380 3.82899999619
381 3.72799992561
382 3.61899995804
383 3.59400010109
384 3.5529999733
385 3.52900004387
386 3.4960000515
387 3.46700000763
388 3.43000006676
389 3.38899993896
390 3.36500000954
391 3.33999991417
392 3.30800008774
393 3.27300000191
394 3.24799990654
395 3.27300000191
396 3.30399990082
397 3.34200000763
398 3.375
399 3.40000009537
400 3.44899988174
401 3.49000000954
402 3.51999998093
403 3.5490000248
404 3.60500001907
405 3.64700007439
406 3.67700004578
407 3.72799992561
408 3.73900008202
409 3.78299999237
410 3.82399988174
411 3.875
412 3.93600010872
413 4.01399993896
414 4.04400014877
415 4.125
416 4.19199991226
417 4.24700021744
418 4.31300020218
419 4.35599994659
420 4.44600009918
421 4.52199983597
422 4.59600019455
423 4.67199993134
424 4.72599983215
425 4.80700016022
426 4.90999984741
427 5.00899982452
428 5.1139998436
429 5.20599985123
430 5.31699991226
431 5.4310002327
432 5.52699995041
433 5.64699983597
434 5.76999998093
435 5.88500022888
436 6.02600002289
437 6.16200017929
438 6.31699991226
439 6.48099994659
440 6.49599981308
441 6.61800003052
442 6.45499992371
443 3.09299993515
444 3.04999995232
445 3.0569999218
446 3.03999996185
447 3.0150001049
448 3.00600004196
449 3.01900005341
450 2.992000103
451 2.99300003052
452 2.99699997902
453 3.00300002098
454 2.97000002861
455 2.98200011253
456 2.96600008011
457 2.96199989319
458 2.97699999809
459 2.96099996567
460 2.94499993324
461 2.95700001717
462 2.94899988174
463 2.9470000267
464 2.94600009918
465 2.9240000248
466 2.92300009727
467 2.93600010872
468 2.91700005531
469 2.92300009727
470 2.67600011826
471 2.62599992752
472 2.64400005341
473 2.65199995041
474 0.950999975204
475 0.702000021935
476 0.704999983311
477 0.930999994278
478 2.66700005531
479 2.65300011635
480 2.65499997139
481 2.64100003242
482 2.65199995041
483 2.65000009537
484 2.64299988747
485 2.66300010681
486 2.66300010681
487 2.68099999428
488 2.6819999218
489 2.69600009918
490 2.83100008965
491 2.92899990082
492 2.94199991226
493 2.94099998474
494 2.95199990273
495 2.95700001717
496 2.94400000572
497 2.95199990273
498 2.96600008011
499 2.96600008011
500 2.99399995804
501 2.98399996758
502 2.97699999809
503 3.00699996948
504 3.0
505 3.01099991798
506 3.00500011444
507 3.02300000191
508 3.02200007439
509 3.04800009727
510 3.03500008583
511 3.0569999218
512 3.05900001526
513 3.05800008774
514 3.08800005913
515 3.09200000763
516 3.11199998856
517 3.11299991608
518 3.10599994659
519 3.1099998951
520 3.14700007439
521 3.13800001144
522 3.14299988747
523 3.17300009727
524 0.934000015259
525 0.907000005245
526 0.92199999094
527 0.948000013828
528 3.04399991035
529 2.97199988365
530 2.93799996376
531 2.88499999046
532 2.84100008011
533 1.35699999332
534 1.11699998379
535 1.08200001717
536 1.06900000572
537 1.05700004101
538 1.05400002003
539 1.02300000191
540 0.978999972343
