0 4.52799987793
1 4.44000005722
2 4.45599985123
3 4.46500015259
4 4.54500007629
5 4.66499996185
6 4.68499994278
7 4.69999980927
8 4.73199987411
9 4.77600002289
10 4.79899978638
11 4.83500003815
12 4.87799978256
13 4.89300012589
14 4.92500019073
15 4.93400001526
16 4.82999992371
17 4.84399986267
18 4.882999897
19 4.97599983215
20 5.15500020981
21 5.19299983978
22 5.21999979019
23 5.27699995041
24 5.32100009918
25 5.35300016403
26 5.41699981689
27 5.45100021362
28 5.50400018692
29 5.55999994278
30 5.60799980164
31 5.65199995041
32 5.67600011826
33 0.0
34 17.1590003967
35 17.1310005188
36 17.1590003967
37 0.0
38 0.0
39 0.0
40 17.2569999695
41 17.1800003052
42 17.0750007629
43 17.0069999695
44 16.533000946
45 16.5529994965
46 16.5170001984
47 13.1619997025
48 13.0740003586
49 12.3319997787
50 11.9449996948
51 11.593000412
52 11.6049995422
53 11.6289997101
54 11.6160001755
55 11.3339996338
56 11.0109996796
57 10.4709997177
58 10.109000206
59 8.35099983215
60 8.33699989319
61 8.21700000763
62 7.92100000381
63 7.62599992752
64 7.45800018311
65 7.24700021744
66 7.07499980927
67 6.90600013733
68 6.79500007629
69 6.78800010681
70 6.80499982834
71 6.83300018311
72 6.86100006104
73 6.867000103
74 6.80000019073
75 6.65500020981
76 6.52500009537
77 6.38999986649
78 6.27099990845
79 6.15899991989
80 5.21700000763
81 4.97900009155
82 4.87300014496
83 4.78900003433
84 4.69099998474
85 4.58300018311
86 4.52899980545
87 4.48299980164
88 4.40500020981
89 4.34000015259
90 4.27500009537
91 4.21799993515
92 4.15000009537
93 4.10400009155
94 4.05100011826
95 3.98200011253
96 3.94600009918
97 3.88100004196
98 3.83599996567
99 3.79600000381
100 3.77500009537
101 3.8029999733
102 3.80800008774
103 3.85700011253
104 3.86500000954
105 3.90799999237
106 3.95900011063
107 3.95900011063
108 3.91100001335
109 3.88400006294
110 3.84400010109
111 3.81299996376
112 3.77999997139
113 3.71799993515
114 3.70300006866
115 3.65700006485
116 3.63199996948
117 3.59400010109
118 3.56900000572
119 3.54800009727
120 3.50300002098
121 3.47499990463
122 3.45600008965
123 3.42700004578
124 3.40100002289
125 3.39299988747
126 3.43400001526
127 3.46000003815
128 3.50200009346
129 3.52300000191
130 3.58200001717
131 3.61999988556
132 3.67300009727
133 4.03900003433
134 4.07499980927
135 4.09100008011
136 4.10900020599
137 4.17100000381
138 4.17899990082
139 4.23299980164
140 4.25
141 4.29500007629
142 4.32800006866
143 4.35900020599
144 4.37599992752
145 4.39900016785
146 4.44999980927
147 4.49100017548
148 4.51599979401
149 4.51999998093
150 4.54799985886
151 4.21799993515
152 4.3140001297
153 4.59899997711
154 3.28099989891
155 3.41599988937
156 4.72700023651
157 4.60799980164
158 4.55200004578
159 4.80800008774
160 4.83699989319
161 4.867000103
162 4.90700006485
163 4.93800020218
164 4.96799993515
165 4.99900007248
166 5.01999998093
167 5.04600000381
168 3.15799999237
169 3.22300004959
170 3.36599993706
171 4.10699987411
172 4.93400001526
173 4.88500022888
174 4.84800004959
175 4.83599996567
176 4.81599998474
177 4.8189997673
178 4.83900022507
179 4.8639998436
180 4.88399982452
181 4.89900016785
182 4.82999992371
183 5.3109998703
184 5.46600008011
185 5.48400020599
186 5.50699996948
187 5.50600004196
188 4.61000013351
189 4.58599996567
190 5.57100009918
191 5.59999990463
192 3.65000009537
193 3.51900005341
194 4.0720000267
195 4.06300020218
196 5.69500017166
197 5.72200012207
198 5.72399997711
199 5.77299976349
200 5.79199981689
201 5.8189997673
202 5.84200000763
203 5.83400011063
204 5.85400009155
205 5.84800004959
206 5.867000103
207 5.88800001144
208 5.89499998093
209 5.91800022125
210 5.94000005722
211 5.95300006866
212 5.95699977875
213 5.97599983215
214 5.97599983215
215 5.98999977112
216 6.03100013733
217 6.04699993134
218 6.04099988937
219 6.09100008011
220 6.07999992371
221 6.07999992371
222 6.08199977875
223 6.08400011063
224 6.08599996567
225 6.11100006104
226 6.12400007248
227 6.12400007248
228 6.132999897
229 6.14200019836
230 6.16300010681
231 6.17100000381
232 6.16800022125
233 6.19899988174
234 6.19500017166
235 6.21999979019
236 6.22800016403
237 6.24100017548
238 6.22499990463
239 6.22300004959
240 6.23199987411
241 6.22800016403
242 6.24800014496
243 6.23400020599
244 6.23500013351
245 6.21400022507
246 6.23099994659
247 6.22200012207
248 6.26700019836
249 6.25099992752
250 6.26300001144
251 6.24700021744
252 6.26000022888
253 6.26999998093
254 6.28299999237
255 6.26800012589
256 6.28100013733
257 6.27899980545
258 6.24900007248
259 5.19000005722
260 5.06599998474
261 5.06699991226
262 5.0560002327
263 5.03599977493
264 5.03299999237
265 5.03200006485
266 5.09800004959
267 5.36199998856
268 5.61000013351
269 5.34499979019
270 5.22700023651
271 5.20100021362
272 5.21799993515
273 5.21000003815
274 5.23000001907
275 5.27899980545
276 5.507999897
277 5.6810002327
278 5.72100019455
279 5.73299980164
280 5.74499988556
281 5.76800012589
282 5.80700016022
283 5.95200014114
284 6.09800004959
285 6.08900022507
286 6.07399988174
287 6.07399988174
288 6.05900001526
289 6.06300020218
290 6.04699993134
291 6.00600004196
292 6.01399993896
293 5.97399997711
294 5.96500015259
295 5.95100021362
296 5.94099998474
297 5.91699981689
298 5.89599990845
299 5.87900018692
300 5.87300014496
301 5.86000013351
302 5.83199977875
303 5.83699989319
304 5.8109998703
305 5.80700016022
306 5.78800010681
307 5.76999998093
308 5.74800014496
309 5.73199987411
310 5.69600009918
311 5.67399978638
312 5.64099979401
313 5.62699985504
314 5.6139998436
315 5.58599996567
316 5.21700000763
317 4.89200019836
318 5.47100019455
319 5.50500011444
320 5.49300003052
321 5.46899986267
322 5.44199991226
323 5.43699979782
324 5.42399978638
325 5.35599994659
326 5.02899980545
327 5.31300020218
328 5.3060002327
329 4.37400007248
330 4.06199979782
331 4.11199998856
332 5.03800010681
333 5.16699981689
334 5.14900016785
335 5.11899995804
336 5.09499979019
337 5.06699991226
338 5.0529999733
339 5.03399991989
340 4.95100021362
341 4.8220000267
342 4.96000003815
343 4.94799995422
344 4.91599988937
345 4.87099981308
346 4.83500003815
347 4.70200014114
348 4.57000017166
349 4.74599981308
350 4.72200012207
351 4.6939997673
352 4.65999984741
353 4.63199996948
354 4.60500001907
355 4.55100011826
356 4.30999994278
357 4.35300016403
358 4.49499988556
359 4.47200012207
360 4.45100021362
361 4.42899990082
362 4.40700006485
363 4.36499977112
364 4.32999992371
365 4.28700017929
366 4.23199987411
367 4.19600009918
368 4.17399978638
369 4.14799976349
370 4.09800004959
371 4.08400011063
372 4.0609998703
373 4.01300001144
374 3.97699999809
375 3.96900010109
376 3.93600010872
377 3.90300011635
378 3.89299988747
379 3.84599995613
380 3.82999992371
381 3.71099996567
382 3.63000011444
383 3.61199998856
384 3.56900000572
385 3.52999997139
386 3.48200011253
387 3.45399999619
388 3.42700004578
389 3.39700007439
390 3.38100004196
391 3.35100007057
392 3.29800009727
393 3.28999996185
394 3.27600002289
395 3.27500009537
396 3.31100010872
397 3.33899998665
398 3.36999988556
399 3.42300009727
400 3.4509999752
401 3.48099994659
402 3.52900004387
403 3.56999993324
404 3.6099998951
405 3.6289999485
406 3.6740000248
407 3.73799991608
408 3.75600004196
409 3.78600001335
410 3.84200000763
411 3.88700008392
412 3.94600009918
413 3.99799990654
414 4.05399990082
415 4.132999897
416 4.1859998703
417 4.257999897
418 4.31799983978
419 4.36299991608
420 4.46199989319
421 4.51999998093
422 4.59299993515
423 4.65799999237
424 4.72499990463
425 4.80999994278
426 4.90700006485
427 5.02400016785
428 5.11499977112
429 5.21799993515
430 5.31500005722
431 5.43200016022
432 5.52600002289
433 5.64799976349
434 5.76800012589
435 5.88999986649
436 6.03499984741
437 6.17899990082
438 6.3140001297
439 6.48500013351
440 6.48500013351
441 6.60200023651
442 6.48500013351
443 3.09299993515
444 3.05500006676
445 3.04099988937
446 3.04399991035
447 3.03699994087
448 3.02500009537
449 3.0039999485
450 3.00900006294
451 2.99699997902
452 3.0039999485
453 2.992000103
454 2.99900007248
455 2.98399996758
456 2.99000000954
457 2.96099996567
458 2.96000003815
459 2.94600009918
460 2.95000004768
461 2.95799994469
462 2.95700001717
463 2.94199991226
464 2.9430000782
465 2.95799994469
466 2.9279999733
467 2.93899989128
468 2.91799998283
469 2.91799998283
470 2.66700005531
471 2.65700006485
472 2.63199996948
473 2.65799999237
474 0.953999996185
475 0.712999999523
476 0.707000017166
477 0.940999984741
478 2.67600011826
479 2.64299988747
480 2.65700006485
481 2.64100003242
482 2.65799999237
483 2.65599989891
484 2.67300009727
485 2.6819999218
486 2.67100000381
487 2.67100000381
488 2.67600011826
489 2.68300008774
490 2.83100008965
491 2.93799996376
492 2.93499994278
493 2.93700003624
494 2.96499991417
495 2.95199990273
496 2.95399999619
497 2.95900011063
498 2.95700001717
499 2.97000002861
500 2.96900010109
501 2.97699999809
502 2.99799990654
503 3.00099992752
504 2.98900008202
505 2.9960000515
506 3.01600003242
507 3.01200008392
508 3.01600003242
509 3.04200005531
510 3.04699993134
511 3.04999995232
512 3.06200003624
513 3.06999993324
514 3.07100009918
515 3.08999991417
516 3.08599996567
517 3.09400010109
518 3.10700011253
519 3.13599991798
520 3.13000011444
521 3.15100002289
522 3.16400003433
523 3.18400001526
524 0.939999997616
525 0.924000024796
526 0.912000000477
527 0.954999983311
528 3.04999995232
529 2.992000103
530 2.92700004578
531 2.88599991798
532 2.84400010109
533 2.7990000248
534 2.72499990463
535 2.71199989319
536 2.95799994469
537 2.91700005531
538 1.12000000477
539 1.08000004292
540 1.0490000248
