0 4.52500009537
1 4.43800020218
2 4.45599985123
3 4.46700000763
4 4.53299999237
5 4.65500020981
6 4.67999982834
7 4.70300006866
8 4.75400018692
9 4.76499986649
10 4.80399990082
11 4.83699989319
12 4.86000013351
13 4.89499998093
14 4.92100000381
15 4.94899988174
16 4.85099983215
17 4.85699987411
18 4.88800001144
19 4.97599983215
20 5.14300012589
21 5.19099998474
22 5.23400020599
23 5.26399993896
24 5.32399988174
25 5.36199998856
26 5.40999984741
27 5.44500017166
28 5.49399995804
29 5.54500007629
30 5.60599994659
31 5.64900016785
32 5.67899990082
33 0.0
34 17.1520004272
35 17.1590003967
36 17.1620006561
37 0.0
38 0.0
39 0.0
40 17.2469997406
41 17.1760005951
42 17.0769996643
43 17.0090007782
44 16.5219993591
45 16.5440006256
46 16.5170001984
47 13.1730003357
48 13.0690002441
49 12.3509998322
50 11.9270000458
51 11.6000003815
52 11.6140003204
53 11.640999794
54 11.6319999695
55 11.3470001221
56 11.0039997101
57 10.4600000381
58 10.1219997406
59 8.31599998474
60 8.34099960327
61 8.19600009918
62 7.90799999237
63 7.63399982452
64 7.43800020218
65 7.25600004196
66 7.06500005722
67 6.90000009537
68 6.78499984741
69 6.79300022125
70 6.80700016022
71 6.82100009918
72 6.85300016403
73 6.88199996948
74 6.80100011826
75 6.63999986649
76 6.51599979401
77 6.40600013733
78 6.29099988937
79 6.16400003433
80 5.23600006104
81 4.95900011063
82 4.86199998856
83 4.76800012589
84 4.68699979782
85 4.60099983215
86 4.54400014877
87 4.47700023651
88 4.41699981689
89 4.34999990463
90 4.28599977493
91 4.22100019455
92 4.14900016785
93 4.09000015259
94 4.01599979401
95 3.98099994659
96 3.9430000782
97 3.90400004387
98 3.85599994659
99 3.80500006676
100 3.77399992943
101 3.79999995232
102 3.81100010872
103 3.83899998665
104 3.8710000515
105 3.90599989891
106 3.94600009918
107 3.96499991417
108 3.90899991989
109 3.89899992943
110 3.85899996758
111 3.80900001526
112 3.76799988747
113 3.72799992561
114 3.68300008774
115 3.65599989891
116 3.62199997902
117 3.60599994659
118 3.56699991226
119 3.53800010681
120 3.50699996948
121 3.48099994659
122 3.45600008965
123 3.42600011826
124 3.41300010681
125 3.40400004387
126 3.41799998283
127 3.46399998665
128 3.50600004196
129 3.53299999237
130 3.57699990273
131 3.60700011253
132 3.6819999218
133 4.01700019836
134 4.07299995422
135 4.09299993515
136 4.11000013351
137 4.17000007629
138 4.19500017166
139 4.21899986267
140 4.26499986649
141 4.28499984741
142 4.32000017166
143 4.35799980164
144 4.39300012589
145 4.4310002327
146 4.47599983215
147 4.48400020599
148 4.507999897
149 4.51900005341
150 4.54300022125
151 4.19199991226
152 4.30800008774
153 4.51000022888
154 3.27099990845
155 3.42199993134
156 4.72100019455
157 4.59600019455
158 4.55200004578
159 4.79899978638
160 4.83099985123
161 4.85599994659
162 4.90500020981
163 4.93699979782
164 4.96400022507
165 5.00500011444
166 5.03200006485
167 5.03999996185
168 3.15700006485
169 3.21799993515
170 3.3789999485
171 4.1139998436
172 4.92100000381
173 4.88999986649
174 4.87099981308
175 4.84000015259
176 4.81500005722
177 4.83699989319
178 4.82800006866
179 4.85400009155
180 4.87900018692
181 4.90899991989
182 4.83400011063
183 5.31199979782
184 5.46999979019
185 5.49800014496
186 5.49900007248
187 5.51999998093
188 4.61299991608
189 4.60200023651
190 5.56300020218
191 5.58400011063
192 3.63700008392
193 3.53099989891
194 4.09499979019
195 4.0529999733
196 5.70499992371
197 5.70800018311
198 5.74399995804
199 5.75500011444
200 5.78100013733
201 5.8220000267
202 5.83099985123
203 5.83199977875
204 5.85099983215
205 5.86899995804
206 5.87200021744
207 5.882999897
208 5.882999897
209 5.90199995041
210 5.91499996185
211 5.92600011826
212 5.94299983978
213 5.97700023651
214 5.97499990463
215 6.01000022888
216 6.02199983597
217 6.01800012589
218 6.05499982834
219 6.07800006866
220 6.08699989319
221 6.08099985123
222 6.08599996567
223 6.10799980164
224 6.10400009155
225 6.09800004959
226 6.10599994659
227 6.12200021744
228 6.13999986649
229 6.15100002289
230 6.15799999237
231 6.1810002327
232 6.18800020218
233 6.19899988174
234 6.1859998703
235 6.21799993515
236 6.20699977875
237 6.23199987411
238 6.22700023651
239 6.23600006104
240 6.21700000763
241 6.23799991608
242 6.23199987411
243 6.22900009155
244 6.23299980164
245 6.21799993515
246 6.24499988556
247 6.2610001564
248 6.23999977112
249 6.26200008392
250 6.27299976349
251 6.26200008392
252 6.27799987793
253 6.25899982452
254 6.26900005341
255 6.27199983597
256 6.27500009537
257 6.25899982452
258 6.23699998856
259 5.1810002327
260 5.07600021362
261 5.06699991226
262 5.05999994278
263 5.04300022125
264 5.05200004578
265 5.0560002327
266 5.07399988174
267 5.36199998856
268 5.61499977112
269 5.36299991608
270 5.24499988556
271 5.19099998474
272 5.22300004959
273 5.21899986267
274 5.22900009155
275 5.29199981689
276 5.49599981308
277 5.67399978638
278 5.72399997711
279 5.73400020599
280 5.74300003052
281 5.77299976349
282 5.80700016022
283 5.93400001526
284 6.09899997711
285 6.08400011063
286 6.06599998474
287 6.0689997673
288 6.0689997673
289 6.05200004578
290 6.03499984741
291 6.02799987793
292 6.00500011444
293 5.97499990463
294 5.96000003815
295 5.95300006866
296 5.93400001526
297 5.90299987793
298 5.89599990845
299 5.88700008392
300 5.86000013351
301 5.84399986267
302 5.82600021362
303 5.8140001297
304 5.82000017166
305 5.80200004578
306 5.78900003433
307 5.77899980545
308 5.74499988556
309 5.72499990463
310 5.70200014114
311 5.65899991989
312 5.64099979401
313 5.63100004196
314 5.62099981308
315 5.59499979019
316 5.20399999619
317 4.88199996948
318 5.48600006104
319 5.50899982452
320 5.49700021744
321 5.46600008011
322 5.44999980927
323 5.44000005722
324 5.42600011826
325 5.35599994659
326 5.03299999237
327 5.3140001297
328 5.29899978638
329 4.367000103
330 4.06300020218
331 4.125
332 5.02299976349
333 5.17100000381
334 5.13399982452
335 5.12099981308
336 5.09899997711
337 5.06500005722
338 5.0529999733
339 5.02500009537
340 4.94799995422
341 4.81599998474
342 4.96999979019
343 4.94299983978
344 4.91400003433
345 4.87300014496
346 4.84100008011
347 4.70399999619
348 4.57100009918
349 4.7389998436
350 4.69500017166
351 4.6859998703
352 4.64900016785
353 4.625
354 4.57899999619
355 4.55000019073
356 4.31599998474
357 4.36600017548
358 4.48999977112
359 4.48199987411
360 4.44999980927
361 4.4310002327
362 4.37599992752
363 4.36000013351
364 4.32499980927
365 4.28000020981
366 4.26300001144
367 4.21500015259
368 4.18800020218
369 4.14900016785
370 4.12300014496
371 4.09100008011
372 4.05000019073
373 4.02099990845
374 3.97199988365
375 3.96700000763
376 3.92899990082
377 3.91899991035
378 3.88400006294
379 3.85500001907
380 3.81999993324
381 3.72900009155
382 3.64599990845
383 3.60400009155
384 3.56299996376
385 3.52500009537
386 3.48900008202
387 3.45499992371
388 3.4430000782
389 3.40899991989
390 3.35899996758
391 3.33200001717
392 3.3069999218
393 3.29099988937
394 3.25500011444
395 3.25699996948
396 3.30900001526
397 3.33400011063
398 3.38000011444
399 3.40899991989
400 3.4430000782
401 3.48799991608
402 3.51900005341
403 3.5720000267
404 3.59999990463
405 3.65199995041
406 3.68600010872
407 3.72900009155
408 3.73300004005
409 3.78399991989
410 3.83100008965
411 3.89100003242
412 3.93300008774
413 3.98099994659
414 4.0609998703
415 4.13100004196
416 4.19299983978
417 4.26000022888
418 4.30100011826
419 4.35900020599
420 4.45200014114
421 4.53000020981
422 4.60799980164
423 4.66900014877
424 4.73099994659
425 4.8109998703
426 4.92199993134
427 5.02899980545
428 5.11899995804
429 5.21700000763
430 5.3189997673
431 5.42399978638
432 5.53700017929
433 5.64300012589
434 5.76999998093
435 5.89099979401
436 6.02500009537
437 6.17600011826
438 6.3029999733
439 6.47399997711
440 6.49800014496
441 6.61999988556
442 6.46600008011
443 3.09299993515
444 3.05500006676
445 3.0490000248
446 3.03600001335
447 3.01799988747
448 3.02300000191
449 3.01600003242
450 3.01200008392
451 2.99000000954
452 3.0
453 2.97900009155
454 2.9960000515
455 2.96799993515
456 2.96499991417
457 2.96700000763
458 2.95799994469
459 2.97000002861
460 2.95199990273
461 2.95300006866
462 2.96199989319
463 2.94799995422
464 2.95399999619
465 2.9319999218
466 2.93000006676
467 2.92300009727
468 2.92700004578
469 2.92700004578
470 2.66499996185
471 2.64499998093
472 2.64599990845
473 2.65400004387
474 0.959999978542
475 0.699999988079
476 0.713999986649
477 0.93900001049
478 2.66400003433
479 2.64800000191
480 2.65499997139
481 2.64899992943
482 2.63899993896
483 2.64499998093
484 2.64499998093
485 2.66799998283
486 2.6740000248
487 2.68000006676
488 2.6779999733
489 2.67899990082
490 2.84100008011
491 2.93000006676
492 2.94600009918
493 2.94099998474
494 2.94499993324
495 2.96399998665
496 2.97499990463
497 2.96300005913
498 2.96099996567
499 2.97699999809
500 2.97399997711
501 2.99699997902
502 2.98200011253
503 3.00699996948
504 2.99499988556
505 3.01799988747
506 3.00699996948
507 3.00999999046
508 3.01600003242
509 3.0490000248
510 3.0490000248
511 3.04699993134
512 3.07399988174
513 3.06599998474
514 3.06699991226
515 3.09200000763
516 3.08100008965
517 3.10400009155
518 3.125
519 3.13599991798
520 3.1400001049
521 3.14700007439
522 3.15899991989
523 3.16599988937
524 0.935000002384
525 0.908999979496
526 0.912000000477
527 0.957000017166
528 3.05800008774
529 2.99799990654
530 2.94099998474
531 2.88000011444
532 2.83500003815
533 2.78900003433
534 2.75
535 2.71300005913
536 2.97099995613
537 2.92300009727
538 0.0
539 0.0
540 0.0
