0 4.50899982452
1 4.4279999733
2 4.45399999619
3 4.47800016403
4 4.54099988937
5 4.66099977493
6 4.67999982834
7 4.72499990463
8 4.73799991608
9 4.76599979401
10 4.79699993134
11 4.83699989319
12 4.86499977112
13 4.89099979401
14 4.9310002327
15 4.94099998474
16 4.85599994659
17 4.85699987411
18 4.88199996948
19 4.97100019455
20 5.1360001564
21 5.19500017166
22 5.22499990463
23 5.26999998093
24 5.32800006866
25 5.34800004959
26 5.40899991989
27 5.45900011063
28 5.50699996948
29 5.5689997673
30 5.60300016403
31 5.65100002289
32 5.63700008392
33 0.0
34 17.156999588
35 17.1439990997
36 17.1520004272
37 0.0
38 0.0
39 0.0
40 17.2469997406
41 17.1790008545
42 17.0760002136
43 17.0
44 16.5310001373
45 16.5480003357
46 16.5270004272
47 13.1759996414
48 13.0909996033
49 12.3319997787
50 11.9449996948
51 11.579000473
52 11.5979995728
53 11.6300001144
54 11.607000351
55 11.3500003815
56 11.0059995651
57 10.4729995728
58 10.1190004349
59 8.3109998703
60 8.34099960327
61 8.19999980927
62 7.91099977493
63 7.64400005341
64 7.45599985123
65 7.24100017548
66 7.0560002327
67 6.90600013733
68 6.78499984741
69 6.77299976349
70 6.80499982834
71 6.83300018311
72 6.85400009155
73 6.87200021744
74 6.79899978638
75 6.64900016785
76 6.50899982452
77 6.38100004196
78 6.27099990845
79 6.13999986649
80 5.22499990463
81 4.97399997711
82 4.85400009155
83 4.78100013733
84 4.6810002327
85 4.60699987411
86 4.51800012589
87 4.47499990463
88 4.42299985886
89 4.34100008011
90 4.26499986649
91 4.23799991608
92 4.15899991989
93 4.09200000763
94 4.05000019073
95 3.98300004005
96 3.93499994278
97 3.89199995995
98 3.84599995613
99 3.79699993134
100 3.78399991989
101 3.7990000248
102 3.82299995422
103 3.84200000763
104 3.88400006294
105 3.92199993134
106 3.94099998474
107 3.95900011063
108 3.93499994278
109 3.89599990845
110 3.84800004959
111 3.8069999218
112 3.77600002289
113 3.73699998856
114 3.69499993324
115 3.6779999733
116 3.63599991798
117 3.61100006104
118 3.56999993324
119 3.52399992943
120 3.50999999046
121 3.48300004005
122 3.45199990273
123 3.40700006485
124 3.38800001144
125 3.40199995041
126 3.43899989128
127 3.46300005913
128 3.50300002098
129 3.53699994087
130 3.5759999752
131 3.60199999809
132 3.67499995232
133 4.02799987793
134 4.06599998474
135 4.09399986267
136 4.13500022888
137 4.16400003433
138 4.1890001297
139 4.21099996567
140 4.23099994659
141 4.27799987793
142 4.32600021362
143 4.35799980164
144 4.40000009537
145 4.43300008774
146 4.46400022507
147 4.4889998436
148 4.51499986649
149 4.51900005341
150 4.5609998703
151 4.19899988174
152 4.3060002327
153 0.0
154 3.28099989891
155 3.42600011826
156 4.71400022507
157 4.59499979019
158 4.55800008774
159 4.80100011826
160 4.82899999619
161 4.86999988556
162 4.90000009537
163 4.9390001297
164 4.96099996567
165 4.99700021744
166 5.03299999237
167 5.05000019073
168 3.15199995041
169 3.23900008202
170 3.38199996948
171 4.12900018692
172 4.90899991989
173 4.88500022888
174 4.8639998436
175 4.83599996567
176 4.82499980927
177 4.82399988174
178 4.84399986267
179 4.85900020599
180 4.87599992752
181 4.90700006485
182 4.82600021362
183 5.30999994278
184 5.46999979019
185 5.49399995804
186 5.507999897
187 5.51900005341
188 4.60400009155
189 4.59499979019
190 5.56799983978
191 5.59700012207
192 3.64800000191
193 3.52600002289
194 4.08300018311
195 4.07100009918
196 5.70499992371
197 5.72200012207
198 5.742000103
199 5.76999998093
200 5.79400014877
201 5.78900003433
202 5.82299995422
203 5.83599996567
204 5.85900020599
205 5.86600017548
206 5.86999988556
207 5.87900018692
208 5.89799976349
209 5.90000009537
210 5.9359998703
211 5.9279999733
212 5.95499992371
213 5.96700000763
214 5.99399995804
215 6.01499986649
216 6.00600004196
217 6.03700017929
218 6.05999994278
219 6.06799983978
220 6.08699989319
221 6.08500003815
222 6.08599996567
223 6.09499979019
224 6.11499977112
225 6.12599992752
226 6.11899995804
227 6.13899993896
228 6.1360001564
229 6.14499998093
230 6.16900014877
231 6.17000007629
232 6.16599988937
233 6.1890001297
234 6.21999979019
235 6.21099996567
236 6.22700023651
237 6.22300004959
238 6.25099992752
239 6.22700023651
240 6.23199987411
241 6.24599981308
242 6.24100017548
243 6.25600004196
244 6.23400020599
245 6.23400020599
246 6.23799991608
247 6.23299980164
248 6.25400018692
249 6.24700021744
250 6.25899982452
251 6.27600002289
252 6.28299999237
253 6.28399991989
254 6.27099990845
255 6.27600002289
256 6.27500009537
257 6.27299976349
258 6.22700023651
259 5.17600011826
260 5.07299995422
261 5.05999994278
262 5.05700016022
263 5.05700016022
264 5.03800010681
265 5.03200006485
266 5.07600021362
267 5.35099983215
268 5.60500001907
269 5.34399986267
270 5.23999977112
271 5.19600009918
272 5.22200012207
273 5.22200012207
274 5.2389998436
275 5.28999996185
276 5.51000022888
277 5.65899991989
278 5.72200012207
279 5.73199987411
280 5.75199985504
281 5.7610001564
282 5.8220000267
283 5.94299983978
284 6.09000015259
285 6.06300020218
286 6.06599998474
287 6.07299995422
288 6.0609998703
289 6.0529999733
290 6.05000019073
291 6.02299976349
292 5.99900007248
293 5.98199987411
294 5.96600008011
295 5.94899988174
296 5.92299985886
297 5.91800022125
298 5.90100002289
299 5.87300014496
300 5.86899995804
301 5.86600017548
302 5.83500003815
303 5.82399988174
304 5.80499982834
305 5.78999996185
306 5.78800010681
307 5.77799987793
308 5.75899982452
309 5.73299980164
310 5.70100021362
311 5.67100000381
312 5.65600013733
313 5.62599992752
314 5.60799980164
315 5.57800006866
316 5.19000005722
317 4.88899993896
318 5.47900009155
319 5.51499986649
320 5.50099992752
321 5.46700000763
322 5.45499992371
323 5.4359998703
324 5.42399978638
325 5.34700012207
326 5.03299999237
327 5.32600021362
328 5.30499982834
329 4.3860001564
330 4.03399991989
331 4.10799980164
332 5.03399991989
333 5.17500019073
334 5.14900016785
335 5.12099981308
336 5.09200000763
337 5.0689997673
338 5.05100011826
339 5.02899980545
340 4.96700000763
341 4.80999994278
342 4.96899986267
343 4.94600009918
344 4.91300010681
345 4.88800001144
346 4.84299993515
347 4.70399999619
348 4.57700014114
349 4.74599981308
350 4.71000003815
351 4.68200016022
352 4.65299987793
353 4.62699985504
354 4.58599996567
355 4.5720000267
356 4.32899999619
357 4.36800003052
358 4.47900009155
359 4.46799993515
360 4.4439997673
361 4.41800022125
362 4.39400005341
363 4.36100006104
364 4.30399990082
365 4.29699993134
366 4.26399993896
367 4.21400022507
368 4.16900014877
369 4.15399980545
370 4.11299991608
371 4.09200000763
372 4.04799985886
373 4.02500009537
374 3.99099993706
375 3.97799992561
376 3.94899988174
377 3.91000008583
378 3.87400007248
379 3.83999991417
380 3.81699991226
381 3.71700000763
382 3.65000009537
383 3.60400009155
384 3.5529999733
385 3.51600003242
386 3.50200009346
387 3.47300004959
388 3.44600009918
389 3.40499997139
390 3.35599994659
391 3.33400011063
392 3.30900001526
393 3.2990000248
394 3.27600002289
395 3.27699995041
396 3.30500006676
397 3.33800005913
398 3.36299991608
399 3.40499997139
400 3.43300008774
401 3.47199988365
402 3.51699995995
403 3.5680000782
404 3.61100006104
405 3.65400004387
406 3.68899989128
407 3.72600007057
408 3.73300004005
409 3.79999995232
410 3.84100008011
411 3.89299988747
412 3.94499993324
413 4.00500011444
414 4.07600021362
415 4.12400007248
416 4.16599988937
417 4.25
418 4.3140001297
419 4.37900018692
420 4.45900011063
421 4.50600004196
422 4.60200023651
423 4.67199993134
424 4.73000001907
425 4.81799983978
426 4.91800022125
427 5.02799987793
428 5.11100006104
429 5.21500015259
430 5.31300020218
431 5.42399978638
432 5.53200006485
433 5.65000009537
434 5.76300001144
435 5.89200019836
436 6.01800012589
437 6.17000007629
438 6.32999992371
439 6.47800016403
440 6.50299978256
441 6.61499977112
442 0.0
443 3.08500003815
444 3.04999995232
445 3.03500008583
446 3.05200004578
447 3.03999996185
448 3.02600002289
449 3.02500009537
450 3.00500011444
451 2.99000000954
452 3.00099992752
453 2.99799990654
454 2.97900009155
455 2.98099994659
456 2.98799991608
457 2.97699999809
458 2.95499992371
459 2.95499992371
460 2.9509999752
461 2.94499993324
462 2.94499993324
463 2.96000003815
464 2.94000005722
465 2.93099999428
466 2.93099999428
467 2.92899990082
468 2.92499995232
469 2.91700005531
470 2.67199993134
471 2.63599991798
472 2.64299988747
473 2.66899991035
474 0.961000025272
475 0.712000012398
476 0.713999986649
477 0.925999999046
478 2.65799999237
479 2.66799998283
480 2.64899992943
481 2.65799999237
482 2.66599988937
483 2.66599988937
484 2.66300010681
485 2.67899990082
486 2.66599988937
487 2.6779999733
488 2.67300009727
489 2.67199993134
490 2.82899999619
491 2.9279999733
492 2.93499994278
493 2.94199991226
494 2.95700001717
495 2.96499991417
496 2.97199988365
497 2.96499991417
498 2.98300004005
499 2.96900010109
500 2.9849998951
501 2.97099995613
502 2.97799992561
503 2.98600006104
504 3.01699995995
505 3.0
506 3.00600004196
507 3.02399992943
508 3.03500008583
509 3.04099988937
510 3.06200003624
511 3.0490000248
512 3.05900001526
513 3.07800006866
514 3.08899998665
515 3.0759999752
516 3.08599996567
517 3.117000103
518 3.13400006294
519 3.12700009346
520 3.12299990654
521 3.13800001144
522 3.17000007629
523 3.18300008774
524 0.926999986172
525 0.931999981403
526 0.911000013351
527 0.948000013828
528 3.04500007629
529 2.97000002861
530 2.9430000782
531 2.88599991798
532 2.82500004768
533 2.78299999237
534 2.72900009155
535 2.71499991417
536 2.95799994469
537 2.93499994278
538 1.09300005436
539 1.04100000858
540 0.991999983788
