0 4.52299976349
1 4.43300008774
2 4.45200014114
3 4.46999979019
4 4.54699993134
5 4.65000009537
6 4.6970000267
7 4.70900011063
8 4.74599981308
9 4.76000022888
10 4.79699993134
11 4.83099985123
12 4.87200021744
13 4.90000009537
14 4.94000005722
15 4.94899988174
16 4.84200000763
17 4.84299993515
18 4.89699983597
19 4.97800016403
20 5.15500020981
21 5.18200016022
22 5.23199987411
23 5.28299999237
24 5.31500005722
25 5.36000013351
26 5.40299987793
27 5.46000003815
28 5.507999897
29 5.54899978638
30 5.60200023651
31 5.65000009537
32 5.64499998093
33 0.0
34 17.1529998779
35 17.1509990692
36 17.1539993286
37 0.0
38 0.0
39 0.0
40 17.2399997711
41 17.1669998169
42 17.0750007629
43 17.0009994507
44 16.533000946
45 16.5410003662
46 16.5130004883
47 13.1529998779
48 13.0920000076
49 12.3299999237
50 11.9490003586
51 11.5860004425
52 11.6020002365
53 11.6479997635
54 11.6059999466
55 11.345000267
56 11.0059995651
57 10.4510002136
58 10.1239995956
59 8.32800006866
60 8.33699989319
61 8.21500015259
62 7.90600013733
63 7.64099979401
64 7.44899988174
65 7.24300003052
66 7.05399990082
67 6.89799976349
68 6.78900003433
69 6.78900003433
70 6.80100011826
71 6.8220000267
72 6.84999990463
73 6.87799978256
74 6.79600000381
75 6.63899993896
76 6.507999897
77 6.39400005341
78 6.27299976349
79 6.13899993896
80 5.22499990463
81 4.97200012207
82 4.86800003052
83 4.76499986649
84 4.67899990082
85 4.59800004959
86 4.54699993134
87 4.47499990463
88 4.42299985886
89 4.32899999619
90 4.26300001144
91 4.23500013351
92 4.16300010681
93 4.11100006104
94 4.03800010681
95 3.99499988556
96 3.94199991226
97 3.88000011444
98 3.85500001907
99 3.80999994278
100 3.76900005341
101 3.78699994087
102 3.81100010872
103 3.83800005913
104 3.88199996948
105 3.91700005531
106 3.94600009918
107 3.96600008011
108 3.93600010872
109 3.89800000191
110 3.85800004005
111 3.80800008774
112 3.757999897
113 3.73600006104
114 3.70000004768
115 3.67100000381
116 3.63599991798
117 3.58999991417
118 3.56299996376
119 3.54399991035
120 3.51699995995
121 3.48200011253
122 3.46000003815
123 3.41199994087
124 3.40700006485
125 3.39299988747
126 3.4319999218
127 3.4509999752
128 3.5039999485
129 3.54299998283
130 3.5759999752
131 3.617000103
132 3.6779999733
133 4.02099990845
134 4.06599998474
135 4.09100008011
136 4.12699985504
137 4.15100002289
138 4.1970000267
139 4.20100021362
140 4.2610001564
141 4.29199981689
142 4.31300020218
143 4.34800004959
144 4.39400005341
145 4.43400001526
146 4.44999980927
147 4.49700021744
148 4.51499986649
149 4.52699995041
150 4.5529999733
151 4.19600009918
152 4.30499982834
153 4.59800004959
154 3.28099989891
155 3.39899992943
156 4.72700023651
157 4.60300016403
158 4.56300020218
159 4.79799985886
160 4.83699989319
161 4.86999988556
162 4.90799999237
163 4.9310002327
164 4.96700000763
165 5.00600004196
166 5.02099990845
167 5.03800010681
168 3.14400005341
169 3.21700000763
170 3.37199997902
171 4.10900020599
172 4.9359998703
173 4.88999986649
174 4.85599994659
175 4.85400009155
176 4.82000017166
177 4.82700014114
178 4.84000015259
179 4.85599994659
180 4.867000103
181 4.89699983597
182 4.81799983978
183 5.32499980927
184 5.47700023651
185 5.48600006104
186 5.50899982452
187 5.52699995041
188 4.61499977112
189 4.58300018311
190 5.56300020218
191 5.59800004959
192 3.63800001144
193 3.52399992943
194 4.07000017166
195 4.05100011826
196 5.70200014114
197 5.71899986267
198 5.74300003052
199 5.757999897
200 5.79099988937
201 5.80900001526
202 5.83900022507
203 5.83599996567
204 5.84800004959
205 5.87599992752
206 5.882999897
207 5.87400007248
208 5.89499998093
209 5.90399980545
210 5.92600011826
211 5.91599988937
212 5.96500015259
213 5.97800016403
214 5.99499988556
215 6.01300001144
216 6.02799987793
217 6.03599977493
218 6.05900001526
219 6.07000017166
220 6.08699989319
221 6.09999990463
222 6.09299993515
223 6.11299991608
224 6.10699987411
225 6.12400007248
226 6.14200019836
227 6.13999986649
228 6.13899993896
229 6.13000011444
230 6.14799976349
231 6.16200017929
232 6.18800020218
233 6.20900011063
234 6.21099996567
235 6.21899986267
236 6.23000001907
237 6.22300004959
238 6.23000001907
239 6.22399997711
240 6.22599983215
241 6.22599983215
242 6.23199987411
243 6.22100019455
244 6.25299978256
245 6.24300003052
246 6.2389998436
247 6.22599983215
248 6.23999977112
249 6.25299978256
250 6.25
251 6.27099990845
252 6.26999998093
253 6.27899980545
254 6.28800010681
255 6.28800010681
256 6.257999897
257 6.24900007248
258 6.22499990463
259 5.18400001526
260 5.05700016022
261 5.0640001297
262 5.04899978638
263 5.04099988937
264 5.04400014877
265 5.04899978638
266 5.07399988174
267 5.34800004959
268 5.61000013351
269 5.35400009155
270 5.24499988556
271 5.20200014114
272 5.21000003815
273 5.22800016403
274 5.22800016403
275 5.29799985886
276 5.49700021744
277 5.68499994278
278 5.73999977112
279 5.72900009155
280 5.75099992752
281 5.76200008392
282 5.78499984741
283 5.95499992371
284 6.09399986267
285 6.07399988174
286 6.05700016022
287 6.07000017166
288 6.05100011826
289 6.03299999237
290 6.01800012589
291 6.01700019836
292 5.99100017548
293 5.98699998856
294 5.97100019455
295 5.9279999733
296 5.91900014877
297 5.90700006485
298 5.89200019836
299 5.87200021744
300 5.85599994659
301 5.85300016403
302 5.82499980927
303 5.83599996567
304 5.82600021362
305 5.79699993134
306 5.80000019073
307 5.77400016785
308 5.7610001564
309 5.72200012207
310 5.69099998474
311 5.66300010681
312 5.64799976349
313 5.6360001564
314 5.61299991608
315 5.59499979019
316 5.21999979019
317 4.90100002289
318 5.46700000763
319 5.51000022888
320 5.492000103
321 5.47100019455
322 5.4390001297
323 5.43800020218
324 5.40999984741
325 5.34600019455
326 5.02799987793
327 5.31300020218
328 5.3109998703
329 4.37799978256
330 4.05100011826
331 4.14799976349
332 5.01900005341
333 5.17100000381
334 5.14699983597
335 5.12699985504
336 5.09299993515
337 5.07600021362
338 5.04600000381
339 5.02400016785
340 4.95100021362
341 4.82399988174
342 4.96000003815
343 4.9439997673
344 4.90700006485
345 4.87099981308
346 4.83699989319
347 4.71799993515
348 4.55999994278
349 4.73600006104
350 4.71999979019
351 4.69500017166
352 4.66499996185
353 4.632999897
354 4.57600021362
355 4.56799983978
356 4.29799985886
357 4.37200021744
358 4.48299980164
359 4.46700000763
360 4.45699977875
361 4.42600011826
362 4.37799978256
363 4.36499977112
364 4.3109998703
365 4.27899980545
366 4.23099994659
367 4.21700000763
368 4.18800020218
369 4.15500020981
370 4.09700012207
371 4.08599996567
372 4.05399990082
373 4.02199983597
374 3.99099993706
375 3.95900011063
376 3.93700003624
377 3.89199995995
378 3.88000011444
379 3.86100006104
380 3.83100008965
381 3.72699999809
382 3.64599990845
383 3.61400008202
384 3.56299996376
385 3.53500008583
386 3.49300003052
387 3.44899988174
388 3.43099999428
389 3.41499996185
390 3.38199996948
391 3.35299992561
392 3.32100009918
393 3.29500007629
394 3.26699995995
395 3.26200008392
396 3.3029999733
397 3.34200000763
398 3.37199997902
399 3.41700005531
400 3.43300008774
401 3.48799991608
402 3.52800011635
403 3.57100009918
404 3.60800004005
405 3.63499999046
406 3.69199991226
407 3.72900009155
408 3.75200009346
409 3.78399991989
410 3.83899998665
411 3.89199995995
412 3.92100000381
413 3.98099994659
414 4.04400014877
415 4.10799980164
416 4.1890001297
417 4.25
418 4.3220000267
419 4.38500022888
420 4.45800018311
421 4.53100013733
422 4.59100008011
423 4.66599988937
424 4.73600006104
425 4.8220000267
426 4.91300010681
427 5.02099990845
428 5.11800003052
429 5.22599983215
430 5.3189997673
431 5.42899990082
432 5.53499984741
433 5.64699983597
434 5.76900005341
435 5.88800001144
436 6.03999996185
437 6.17999982834
438 6.32399988174
439 6.48400020599
440 6.50600004196
441 6.61499977112
442 6.50299978256
443 3.07800006866
444 3.06100010872
445 3.05399990082
446 3.05100011826
447 3.03699994087
448 3.01200008392
449 3.01200008392
450 3.01099991798
451 2.99499988556
452 2.99799990654
453 2.99099993706
454 2.99300003052
455 2.97600007057
456 2.97900009155
457 2.97099995613
458 2.96300005913
459 2.95199990273
460 2.94899988174
461 2.95000004768
462 2.95600008965
463 2.95600008965
464 2.94099998474
465 2.94600009918
466 2.9509999752
467 2.9470000267
468 2.91700005531
469 2.91300010681
470 2.67499995232
471 2.65300011635
472 2.64100003242
473 2.65899991989
474 0.950999975204
475 0.717000007629
476 0.723999977112
477 0.943000018597
478 2.66100001335
479 2.65499997139
480 2.64400005341
481 2.63899993896
482 2.63899993896
483 2.65199995041
484 2.66000008583
485 2.66300010681
486 2.6779999733
487 2.67600011826
488 2.67700004578
489 2.68300008774
490 2.82999992371
491 2.93799996376
492 2.93600010872
493 2.95799994469
494 2.96700000763
495 2.95199990273
496 2.96700000763
497 2.98000001907
498 2.96799993515
499 2.97799992561
500 2.9849998951
501 2.99300003052
502 2.9960000515
503 3.01200008392
504 3.01300001144
505 2.99900007248
506 3.00200009346
507 3.00900006294
508 3.03699994087
509 3.03800010681
510 3.03999996185
511 3.06900000572
512 3.06299996376
513 3.07800006866
514 3.08400011063
515 3.09200000763
516 3.09800004959
517 3.10899996758
518 3.12400007248
519 3.12800002098
520 3.14800000191
521 3.16199994087
522 3.17300009727
523 3.18700003624
524 0.931999981403
525 0.916000008583
526 0.925999999046
527 0.950999975204
528 3.05100011826
529 2.99799990654
530 2.94000005722
531 2.88899993896
532 2.84699988365
533 2.78900003433
534 2.7460000515
535 2.72000002861
536 2.97399997711
537 2.94499993324
538 1.10500001907
539 1.04700005054
540 0.991999983788
