0 4.51999998093
1 4.41099977493
2 4.45100021362
3 4.47300004959
4 4.51700019836
5 4.65299987793
6 4.67399978638
7 4.70900011063
8 4.74900007248
9 4.77299976349
10 4.79500007629
11 4.8189997673
12 4.85799980164
13 4.91099977493
14 4.92100000381
15 4.9390001297
16 4.84499979019
17 4.85400009155
18 4.88800001144
19 4.97200012207
20 5.14099979401
21 5.18300008774
22 5.23099994659
23 5.26900005341
24 5.31300020218
25 5.36199998856
26 5.40199995041
27 5.45699977875
28 5.49700021744
29 5.53800010681
30 5.60900020599
31 5.64499998093
32 5.6939997673
33 0.0
34 17.1459999084
35 17.1509990692
36 17.1609992981
37 0.0
38 0.0
39 0.0
40 17.2420005798
41 17.1739997864
42 17.079000473
43 16.9960002899
44 16.5270004272
45 16.5520000458
46 16.5200004578
47 13.1630001068
48 13.0869998932
49 12.3479995728
50 11.9879999161
51 11.5959997177
52 11.6020002365
53 11.6319999695
54 11.6169996262
55 11.3489999771
56 10.998000145
57 10.4589996338
58 10.1180000305
59 8.35000038147
60 8.33100032806
61 8.19999980927
62 7.9310002327
63 7.64300012589
64 7.44899988174
65 7.24800014496
66 7.05999994278
67 6.90899991989
68 6.78900003433
69 6.78200006485
70 6.80100011826
71 6.82800006866
72 6.86600017548
73 6.86800003052
74 6.79799985886
75 6.64099979401
76 6.51399993896
77 6.39099979401
78 6.26999998093
79 6.15700006485
80 5.24300003052
81 4.96299982071
82 4.86199998856
83 4.78599977493
84 4.69500017166
85 4.59600019455
86 4.54300022125
87 4.47200012207
88 4.40899991989
89 4.33900022507
90 4.28499984741
91 4.22900009155
92 4.16900014877
93 4.10699987411
94 4.02699995041
95 3.99000000954
96 3.9240000248
97 3.8710000515
98 3.85500001907
99 3.8069999218
100 3.78299999237
101 3.80999994278
102 3.81100010872
103 3.84899997711
104 3.88000011444
105 3.89599990845
106 3.9509999752
107 3.96099996567
108 3.92600011826
109 3.89199995995
110 3.85400009155
111 3.79099988937
112 3.76600003242
113 3.73300004005
114 3.69899988174
115 3.65799999237
116 3.63000011444
117 3.58899998665
118 3.5680000782
119 3.53600001335
120 3.50699996948
121 3.47900009155
122 3.45199990273
123 3.41199994087
124 3.40899991989
125 3.38100004196
126 3.43000006676
127 3.45000004768
128 3.4960000515
129 3.53299999237
130 3.57899999619
131 3.617000103
132 3.67100000381
133 4.03200006485
134 4.06699991226
135 4.09399986267
136 4.125
137 4.15999984741
138 4.19199991226
139 4.22100019455
140 4.2610001564
141 4.29500007629
142 4.29899978638
143 4.33500003815
144 4.37400007248
145 4.40799999237
146 4.46899986267
147 4.49599981308
148 4.52400016785
149 4.53800010681
150 4.53999996185
151 4.18499994278
152 4.3189997673
153 0.0
154 3.28900003433
155 3.41199994087
156 4.72300004959
157 4.6139998436
158 4.55999994278
159 4.80200004578
160 4.83900022507
161 4.867000103
162 4.89699983597
163 4.92600011826
164 4.97200012207
165 5.00199985504
166 5.03100013733
167 5.04899978638
168 3.14400005341
169 3.23900008202
170 3.39400005341
171 4.11299991608
172 4.90999984741
173 4.88800001144
174 4.85799980164
175 4.84800004959
176 4.81799983978
177 4.82399988174
178 4.84200000763
179 4.85900020599
180 4.87799978256
181 4.90199995041
182 4.81799983978
183 5.33699989319
184 5.46999979019
185 5.47499990463
186 5.5
187 5.52199983597
188 4.60900020599
189 4.56799983978
190 5.57800006866
191 5.57999992371
192 3.65000009537
193 3.52900004387
194 4.08500003815
195 4.03700017929
196 5.71099996567
197 5.71700000763
198 5.742000103
199 5.76300001144
200 5.78700017929
201 5.80800008774
202 5.82899999619
203 5.84299993515
204 5.85200023651
205 5.86199998856
206 5.86000013351
207 5.89699983597
208 5.90299987793
209 5.91200017929
210 5.92199993134
211 5.92500019073
212 5.95100021362
213 5.96500015259
214 5.98600006104
215 6.0110001564
216 6.03100013733
217 6.04600000381
218 6.05700016022
219 6.08300018311
220 6.07800006866
221 6.08900022507
222 6.09800004959
223 6.11199998856
224 6.11199998856
225 6.125
226 6.10699987411
227 6.13399982452
228 6.13399982452
229 6.15999984741
230 6.15199995041
231 6.16900014877
232 6.1859998703
233 6.17999982834
234 6.21000003815
235 6.22300004959
236 6.22599983215
237 6.22800016403
238 6.22499990463
239 6.22100019455
240 6.23099994659
241 6.23000001907
242 6.23600006104
243 6.23299980164
244 6.23099994659
245 6.23699998856
246 6.23600006104
247 6.22399997711
248 6.23600006104
249 6.26300001144
250 6.27199983597
251 6.26200008392
252 6.27299976349
253 6.28499984741
254 6.28900003433
255 6.26999998093
256 6.25199985504
257 6.24900007248
258 6.22200012207
259 5.19000005722
260 5.06199979782
261 5.0560002327
262 5.0560002327
263 5.05399990082
264 5.03900003433
265 5.04500007629
266 5.0720000267
267 5.375
268 5.61100006104
269 5.34800004959
270 5.23699998856
271 5.1970000267
272 5.21199989319
273 5.19799995422
274 5.23299980164
275 5.29500007629
276 5.51200008392
277 5.67500019073
278 5.71999979019
279 5.72900009155
280 5.74800014496
281 5.77500009537
282 5.80999994278
283 5.9439997673
284 6.09200000763
285 6.0640001297
286 6.05900001526
287 6.07399988174
288 6.05800008774
289 6.04799985886
290 6.04500007629
291 6.02400016785
292 6.01300001144
293 5.97800016403
294 5.96400022507
295 5.9470000267
296 5.91400003433
297 5.91800022125
298 5.89200019836
299 5.89300012589
300 5.875
301 5.84600019455
302 5.84999990463
303 5.81199979782
304 5.8109998703
305 5.79400014877
306 5.79400014877
307 5.76999998093
308 5.74900007248
309 5.72499990463
310 5.6939997673
311 5.6859998703
312 5.64499998093
313 5.63100004196
314 5.60599994659
315 5.58699989319
316 5.18499994278
317 4.90500020981
318 5.48099994659
319 5.50899982452
320 5.49700021744
321 5.46899986267
322 5.45800018311
323 5.44299983978
324 5.41599988937
325 5.35200023651
326 5.03299999237
327 5.31599998474
328 5.30399990082
329 4.3860001564
330 4.05000019073
331 4.11600017548
332 5.01599979401
333 5.17500019073
334 5.14400005341
335 5.12400007248
336 5.09200000763
337 5.07100009918
338 5.05000019073
339 5.02600002289
340 4.9439997673
341 4.82600021362
342 4.96500015259
343 4.94199991226
344 4.90100002289
345 4.88399982452
346 4.84100008011
347 4.70599985123
348 4.55800008774
349 4.72399997711
350 4.71199989319
351 4.67500019073
352 4.65399980545
353 4.61499977112
354 4.59999990463
355 4.55499982834
356 4.3109998703
357 4.36899995804
358 4.47499990463
359 4.44899988174
360 4.4390001297
361 4.41900014877
362 4.39900016785
363 4.36600017548
364 4.29899978638
365 4.29799985886
366 4.25400018692
367 4.21999979019
368 4.19000005722
369 4.12699985504
370 4.12300014496
371 4.07700014114
372 4.05800008774
373 4.02500009537
374 3.98799991608
375 3.96700000763
376 3.95000004768
377 3.91799998283
378 3.87599992752
379 3.83299994469
380 3.81500005722
381 3.72600007057
382 3.63899993896
383 3.60400009155
384 3.5720000267
385 3.54099988937
386 3.48000001907
387 3.47099995613
388 3.44199991226
389 3.41799998283
390 3.35500001907
391 3.32800006866
392 3.30900001526
393 3.29299998283
394 3.27200007439
395 3.27800011635
396 3.28999996185
397 3.32999992371
398 3.36999988556
399 3.41300010681
400 3.45000004768
401 3.47600007057
402 3.52099990845
403 3.5720000267
404 3.58400011063
405 3.65199995041
406 3.6970000267
407 3.72199988365
408 3.7460000515
409 3.80200004578
410 3.83800005913
411 3.89299988747
412 3.93799996376
413 4.01499986649
414 4.06799983978
415 4.11100006104
416 4.16599988937
417 4.2610001564
418 4.3060002327
419 4.38100004196
420 4.45900011063
421 4.53399991989
422 4.60699987411
423 4.65999984741
424 4.73199987411
425 4.80700016022
426 4.92000007629
427 5.02099990845
428 5.11800003052
429 5.21899986267
430 5.30800008774
431 5.42600011826
432 5.53800010681
433 5.64900016785
434 5.75199985504
435 5.89200019836
436 6.02400016785
437 6.17100000381
438 6.32000017166
439 6.48699998856
440 6.49800014496
441 6.60699987411
442 6.41599988937
443 3.10800004005
444 3.04999995232
445 3.04699993134
446 3.04699993134
447 3.03099989891
448 3.01699995995
449 3.0039999485
450 3.00300002098
451 3.00099992752
452 2.99300003052
453 3.00300002098
454 2.98399996758
455 2.99900007248
456 2.98099994659
457 2.95799994469
458 2.96900010109
459 2.96600008011
460 2.95000004768
461 2.96499991417
462 2.94199991226
463 2.93899989128
464 2.94400000572
465 2.93700003624
466 2.92600011826
467 2.92899990082
468 2.93600010872
469 2.91100001335
470 2.68000006676
471 2.632999897
472 2.65899991989
473 2.64100003242
474 0.952000021935
475 0.721000015736
476 0.698000013828
477 0.933000028133
478 2.66799998283
479 2.65000009537
480 2.65199995041
481 2.65400004387
482 2.65400004387
483 2.65799999237
484 2.6740000248
485 2.67199993134
486 2.67199993134
487 2.67899990082
488 2.67600011826
489 2.67300009727
490 2.84899997711
491 2.93499994278
492 2.94000005722
493 2.93899989128
494 2.95000004768
495 2.94099998474
496 2.96199989319
497 2.97399997711
498 2.96099996567
499 2.96499991417
500 2.99300003052
501 2.98799991608
502 2.98399996758
503 2.98099994659
504 2.98900008202
505 2.98900008202
506 3.01900005341
507 3.00999999046
508 3.03399991989
509 3.03299999237
510 3.03200006485
511 3.04600000381
512 3.06200003624
513 3.06699991226
514 3.06599998474
515 3.08800005913
516 3.10899996758
517 3.09400010109
518 3.11500000954
519 3.11599993706
520 3.1289999485
521 3.15599989891
522 3.17000007629
523 3.18499994278
524 0.931999981403
525 0.912000000477
526 0.921000003815
527 0.978999972343
528 3.04999995232
529 3.00300002098
530 2.9470000267
531 2.89100003242
532 2.84299993515
533 2.77300000191
534 2.74699997902
535 2.72600007057
536 2.95900011063
537 1.06500005722
538 1.04999995232
539 1.01499998569
540 0.981999993324
