0 4.51700019836
1 4.43499994278
2 4.44199991226
3 4.48600006104
4 4.54899978638
5 4.65600013733
6 4.68400001526
7 4.73000001907
8 4.73400020599
9 4.77099990845
10 4.79400014877
11 4.84299993515
12 4.87699985504
13 4.89900016785
14 4.9279999733
15 4.94500017166
16 4.86100006104
17 4.8639998436
18 4.89400005341
19 4.96600008011
20 5.15799999237
21 5.20499992371
22 5.23699998856
23 5.27500009537
24 5.31199979782
25 5.35400009155
26 5.41300010681
27 5.45699977875
28 5.51200008392
29 5.5529999733
30 5.60099983215
31 5.65399980545
32 5.64699983597
33 0.0
34 17.1620006561
35 17.1469993591
36 17.1669998169
37 0.0
38 0.0
39 0.0
40 17.236000061
41 17.1800003052
42 17.079000473
43 17.0149993896
44 16.5389995575
45 16.5499992371
46 16.531999588
47 13.1759996414
48 13.0830001831
49 12.3260002136
50 11.9309997559
51 11.5810003281
52 11.609000206
53 11.626999855
54 11.6479997635
55 11.3579998016
56 11.0220003128
57 10.4720001221
58 10.1079998016
59 8.30399990082
60 8.33899974823
61 8.19600009918
62 7.90999984741
63 7.64799976349
64 7.45399999619
65 7.25199985504
66 7.07000017166
67 6.91499996185
68 6.79600000381
69 6.78900003433
70 6.79799985886
71 6.82800006866
72 6.85699987411
73 6.88000011444
74 6.78100013733
75 6.64900016785
76 6.51599979401
77 6.39300012589
78 6.28000020981
79 6.14900016785
80 5.22100019455
81 4.96500015259
82 4.86600017548
83 4.77799987793
84 4.68300008774
85 4.61899995804
86 4.54799985886
87 4.46500015259
88 4.41800022125
89 4.34299993515
90 4.26800012589
91 4.20599985123
92 4.14900016785
93 4.09499979019
94 4.04400014877
95 3.99699997902
96 3.93700003624
97 3.89100003242
98 3.83500003815
99 3.79800009727
100 3.78099989891
101 3.79600000381
102 3.84100008011
103 3.83500003815
104 3.87800002098
105 3.92100000381
106 3.95399999619
107 3.96900010109
108 3.93600010872
109 3.89800000191
110 3.84500002861
111 3.80999994278
112 3.75900006294
113 3.72000002861
114 3.6930000782
115 3.6819999218
116 3.64299988747
117 3.60400009155
118 3.5759999752
119 3.54299998283
120 3.49399995804
121 3.47699999809
122 3.45700001717
123 3.42899990082
124 3.40799999237
125 3.39400005341
126 3.44199991226
127 3.46600008011
128 3.50600004196
129 3.54099988937
130 3.57500004768
131 3.62400007248
132 3.67300009727
133 4.03900003433
134 4.07100009918
135 4.09399986267
136 4.12799978256
137 4.15299987793
138 4.19199991226
139 4.23699998856
140 4.23600006104
141 4.28900003433
142 4.32999992371
143 4.35300016403
144 4.38999986649
145 4.43400001526
146 4.45200014114
147 4.49800014496
148 4.51700019836
149 4.53700017929
150 4.53700017929
151 4.19000005722
152 4.29899978638
153 0.0
154 3.29099988937
155 3.41799998283
156 4.70800018311
157 4.61499977112
158 4.55499982834
159 4.79899978638
160 4.84100008011
161 4.875
162 4.90199995041
163 4.9359998703
164 4.97100019455
165 5.00099992752
166 5.02699995041
167 5.04400014877
168 3.19099998474
169 3.21499991417
170 3.375
171 4.117000103
172 4.92999982834
173 4.88899993896
174 4.86100006104
175 4.83099985123
176 4.82700014114
177 4.82100009918
178 4.83400011063
179 4.85400009155
180 4.87599992752
181 4.91200017929
182 4.82499980927
183 5.32800006866
184 5.45900011063
185 5.48000001907
186 5.50400018692
187 5.51000022888
188 4.59999990463
189 4.58500003815
190 5.56699991226
191 5.59800004959
192 3.64400005341
193 3.53600001335
194 4.06199979782
195 4.05499982834
196 5.70499992371
197 5.73099994659
198 5.7389998436
199 5.76200008392
200 5.80000019073
201 5.79899978638
202 5.8109998703
203 5.84800004959
204 5.85900020599
205 5.86600017548
206 5.88399982452
207 5.89400005341
208 5.89699983597
209 5.90299987793
210 5.91599988937
211 5.94999980927
212 5.96099996567
213 5.97800016403
214 5.99700021744
215 6.01900005341
216 6.03100013733
217 6.02899980545
218 6.0640001297
219 6.07000017166
220 6.07299995422
221 6.08300018311
222 6.10699987411
223 6.09999990463
224 6.11000013351
225 6.10200023651
226 6.13199996948
227 6.13999986649
228 6.13700008392
229 6.14599990845
230 6.15600013733
231 6.18200016022
232 6.18699979782
233 6.19799995422
234 6.21799993515
235 6.21999979019
236 6.24100017548
237 6.22300004959
238 6.22499990463
239 6.21500015259
240 6.22100019455
241 6.22599983215
242 6.23999977112
243 6.2389998436
244 6.25099992752
245 6.26300001144
246 6.25600004196
247 6.24900007248
248 6.23600006104
249 6.242000103
250 6.26999998093
251 6.27099990845
252 6.26999998093
253 6.28700017929
254 6.29600000381
255 6.28299999237
256 6.28200006485
257 6.26900005341
258 6.24800014496
259 5.1810002327
260 5.07700014114
261 5.05999994278
262 5.06199979782
263 5.04799985886
264 5.04099988937
265 5.03999996185
266 5.07499980927
267 5.35900020599
268 5.60400009155
269 5.36000013351
270 5.23799991608
271 5.20599985123
272 5.20900011063
273 5.20200014114
274 5.22100019455
275 5.29199981689
276 5.51700019836
277 5.69099998474
278 5.71899986267
279 5.73199987411
280 5.757999897
281 5.76700019836
282 5.78700017929
283 5.95200014114
284 6.09999990463
285 6.08199977875
286 6.08699989319
287 6.06300020218
288 6.05100011826
289 6.04500007629
290 6.03999996185
291 6.02799987793
292 5.99900007248
293 5.98799991608
294 5.94299983978
295 5.94600009918
296 5.92899990082
297 5.89499998093
298 5.88199996948
299 5.88399982452
300 5.86899995804
301 5.87300014496
302 5.84200000763
303 5.8109998703
304 5.82399988174
305 5.80200004578
306 5.78599977493
307 5.76599979401
308 5.74399995804
309 5.70800018311
310 5.69899988174
311 5.68300008774
312 5.65399980545
313 5.63199996948
314 5.59499979019
315 5.59200000763
316 5.23400020599
317 4.90799999237
318 5.46999979019
319 5.5
320 5.492000103
321 5.47599983215
322 5.46700000763
323 5.42999982834
324 5.42100000381
325 5.35300016403
326 5.03299999237
327 5.33099985123
328 5.30000019073
329 4.39200019836
330 4.05000019073
331 4.12599992752
332 5.03000020981
333 5.17299985886
334 5.14099979401
335 5.12400007248
336 5.10200023651
337 5.06699991226
338 5.04300022125
339 5.02699995041
340 4.95200014114
341 4.8140001297
342 4.96799993515
343 4.94199991226
344 4.91099977493
345 4.882999897
346 4.84000015259
347 4.71400022507
348 4.5529999733
349 4.73699998856
350 4.70599985123
351 4.67199993134
352 4.63999986649
353 4.62599992752
354 4.59100008011
355 4.56799983978
356 4.32100009918
357 4.36199998856
358 4.50199985504
359 4.46600008011
360 4.43800020218
361 4.40299987793
362 4.3860001564
363 4.3639998436
364 4.32100009918
365 4.29300022125
366 4.24900007248
367 4.21799993515
368 4.18699979782
369 4.12900018692
370 4.09499979019
371 4.08799982071
372 4.04199981689
373 4.0110001564
374 3.98200011253
375 3.95700001717
376 3.9470000267
377 3.91400003433
378 3.88800001144
379 3.8710000515
380 3.81200003624
381 3.71099996567
382 3.64199995995
383 3.59400010109
384 3.5680000782
385 3.53399991989
386 3.49699997902
387 3.46600008011
388 3.4430000782
389 3.41100001335
390 3.36199998856
391 3.34800004959
392 3.31699991226
393 3.28600001335
394 3.26699995995
395 3.27200007439
396 3.30100011826
397 3.34699988365
398 3.38199996948
399 3.41300010681
400 3.44899988174
401 3.492000103
402 3.52800011635
403 3.56399989128
404 3.60700011253
405 3.65199995041
406 3.69799995422
407 3.72099995613
408 3.75300002098
409 3.80200004578
410 3.83599996567
411 3.90199995041
412 3.92300009727
413 3.9960000515
414 4.06799983978
415 4.13199996948
416 4.18699979782
417 4.25299978256
418 4.32800006866
419 4.38999986649
420 4.45399999619
421 4.52299976349
422 4.60200023651
423 4.67500019073
424 4.74599981308
425 4.82399988174
426 4.91200017929
427 5.01499986649
428 5.12599992752
429 5.21199989319
430 5.32600021362
431 5.42999982834
432 5.53999996185
433 5.64099979401
434 5.77199983597
435 5.88500022888
436 6.04500007629
437 6.16699981689
438 6.31799983978
439 6.48799991608
440 6.50400018692
441 6.61299991608
442 6.49499988556
443 3.08100008965
444 3.04600000381
445 3.0529999733
446 3.02800011635
447 3.03800010681
448 3.02399992943
449 3.01600003242
450 3.00999999046
451 2.992000103
452 2.99699997902
453 2.97799992561
454 2.99000000954
455 2.98600006104
456 2.97900009155
457 2.98200011253
458 2.95799994469
459 2.95399999619
460 2.95799994469
461 2.94899988174
462 2.93899989128
463 2.95799994469
464 2.95000004768
465 2.93300008774
466 2.93700003624
467 2.92199993134
468 2.91899991035
469 2.92600011826
470 2.66400003433
471 2.65400004387
472 2.632999897
473 2.65300011635
474 0.954999983311
475 0.717000007629
476 0.716000020504
477 0.948000013828
478 2.66300010681
479 2.65400004387
480 2.65300011635
481 2.65599989891
482 2.65700006485
483 2.66199994087
484 2.63899993896
485 2.67100000381
486 2.65899991989
487 2.68099999428
488 2.68000006676
489 2.6819999218
490 2.85299992561
491 2.94400000572
492 2.9430000782
493 2.96199989319
494 2.96499991417
495 2.95399999619
496 2.95499992371
497 2.96199989319
498 2.96600008011
499 2.96600008011
500 2.9960000515
501 2.97699999809
502 2.98099994659
503 2.99799990654
504 2.99399995804
505 3.01600003242
506 3.0
507 3.00699996948
508 3.03399991989
509 3.05200004578
510 3.04299998283
511 3.05900001526
512 3.06699991226
513 3.07999992371
514 3.08500003815
515 3.10199999809
516 3.09100008011
517 3.11400008202
518 3.11100006104
519 3.13000011444
520 3.14199995995
521 3.15599989891
522 3.16700005531
523 3.1740000248
524 0.947000026703
525 0.908999979496
526 0.922999978065
527 0.954999983311
528 3.05800008774
529 2.99099993706
530 2.94199991226
531 2.89199995995
532 2.82999992371
533 2.77699995041
534 2.73799991608
535 2.70399999619
536 2.96099996567
537 2.93099999428
538 1.10899996758
539 1.04299998283
540 1.00999999046
