0 4.507999897
1 4.4359998703
2 4.44000005722
3 4.47300004959
4 4.54099988937
5 4.65299987793
6 4.68699979782
7 4.71500015259
8 4.73999977112
9 4.77899980545
10 4.8060002327
11 4.83900022507
12 4.86100006104
13 4.89099979401
14 4.92600011826
15 4.9439997673
16 4.85200023651
17 4.84000015259
18 4.88199996948
19 4.96500015259
20 5.14300012589
21 5.18699979782
22 5.22200012207
23 5.27699995041
24 5.31500005722
25 5.35400009155
26 5.40799999237
27 5.45699977875
28 5.50199985504
29 5.55000019073
30 5.59399986267
31 5.63700008392
32 5.65500020981
33 0.0
34 17.1490001678
35 17.1499996185
36 17.156999588
37 0.0
38 0.0
39 0.0
40 17.2390003204
41 17.1760005951
42 17.079000473
43 17.0020008087
44 16.5340003967
45 16.5440006256
46 16.5389995575
47 13.1739997864
48 13.0749998093
49 12.3360004425
50 11.9370002747
51 11.5799999237
52 11.6099996567
53 11.6289997101
54 11.6210002899
55 11.343000412
56 11.0039997101
57 10.4630002975
58 10.123000145
59 8.33500003815
60 8.33500003815
61 8.21500015259
62 7.91400003433
63 7.632999897
64 7.44899988174
65 7.24300003052
66 7.0720000267
67 6.90299987793
68 6.78700017929
69 6.77400016785
70 6.79899978638
71 6.82899999619
72 6.85699987411
73 6.86999988556
74 6.78999996185
75 6.63800001144
76 6.51399993896
77 6.39200019836
78 6.27500009537
79 6.15500020981
80 5.24399995804
81 4.96700000763
82 4.86299991608
83 4.76900005341
84 4.67999982834
85 4.61499977112
86 4.55499982834
87 4.48299980164
88 4.40899991989
89 4.34000015259
90 4.25400018692
91 4.21099996567
92 4.16200017929
93 4.10799980164
94 4.04400014877
95 3.99300003052
96 3.9470000267
97 3.91000008583
98 3.84699988365
99 3.80200004578
100 3.77300000191
101 3.78600001335
102 3.83699989319
103 3.85400009155
104 3.88400006294
105 3.91300010681
106 3.94000005722
107 3.97799992561
108 3.91799998283
109 3.88199996948
110 3.83800005913
111 3.8180000782
112 3.78099989891
113 3.73699998856
114 3.69400000572
115 3.67100000381
116 3.63100004196
117 3.58200001717
118 3.55200004578
119 3.54099988937
120 3.50500011444
121 3.48399996758
122 3.45799994469
123 3.42300009727
124 3.41100001335
125 3.39800000191
126 3.43600010872
127 3.46600008011
128 3.49099993706
129 3.52999997139
130 3.57299995422
131 3.59999990463
132 3.66799998283
133 4.03499984741
134 4.04600000381
135 4.09299993515
136 4.12599992752
137 4.16200017929
138 4.1779999733
139 4.19899988174
140 4.257999897
141 4.28499984741
142 4.32000017166
143 4.3639998436
144 4.367000103
145 4.41699981689
146 4.46799993515
147 4.48199987411
148 4.492000103
149 4.54699993134
150 4.54600000381
151 4.21000003815
152 4.30499982834
153 0.0
154 3.27900004387
155 3.41499996185
156 4.71099996567
157 4.59600019455
158 4.55399990082
159 4.79899978638
160 4.84499979019
161 4.85799980164
162 4.89400005341
163 4.93300008774
164 4.95200014114
165 4.99599981308
166 5.01300001144
167 5.04500007629
168 3.15199995041
169 3.22000002861
170 3.36899995804
171 4.09200000763
172 4.92299985886
173 4.87900018692
174 4.85300016403
175 4.82499980927
176 4.81799983978
177 4.8220000267
178 4.83099985123
179 4.85699987411
180 4.86800003052
181 4.89400005341
182 4.82000017166
183 5.31799983978
184 5.47700023651
185 5.47800016403
186 5.50299978256
187 5.51800012589
188 4.61600017548
189 4.58400011063
190 5.5609998703
191 5.58900022507
192 3.64100003242
193 3.51200008392
194 4.07800006866
195 4.03900003433
196 5.6890001297
197 5.71600008011
198 5.72700023651
199 5.74399995804
200 5.78399991989
201 5.80800008774
202 5.82999992371
203 5.84200000763
204 5.85300016403
205 5.8639998436
206 5.86600017548
207 5.88800001144
208 5.88399982452
209 5.92000007629
210 5.93400001526
211 5.9390001297
212 5.96799993515
213 5.97900009155
214 5.98199987411
215 5.99300003052
216 6.02600002289
217 6.01499986649
218 6.0560002327
219 6.06799983978
220 6.07999992371
221 6.09399986267
222 6.10200023651
223 6.11199998856
224 6.09899997711
225 6.09700012207
226 6.11899995804
227 6.13800001144
228 6.14200019836
229 6.14599990845
230 6.16599988937
231 6.17700004578
232 6.19000005722
233 6.18699979782
234 6.18800020218
235 6.19099998474
236 6.21700000763
237 6.24100017548
238 6.23500013351
239 6.23199987411
240 6.23799991608
241 6.22700023651
242 6.23699998856
243 6.22200012207
244 6.22599983215
245 6.23999977112
246 6.242000103
247 6.242000103
248 6.24100017548
249 6.26300001144
250 6.24300003052
251 6.2610001564
252 6.27299976349
253 6.28299999237
254 6.2610001564
255 6.25600004196
256 6.27099990845
257 6.26800012589
258 6.24700021744
259 5.1810002327
260 5.0529999733
261 5.0640001297
262 5.04500007629
263 5.04600000381
264 5.04300022125
265 5.04899978638
266 5.09000015259
267 5.34899997711
268 5.60699987411
269 5.36100006104
270 5.23299980164
271 5.1810002327
272 5.21000003815
273 5.20200014114
274 5.22200012207
275 5.28599977493
276 5.51000022888
277 5.6810002327
278 5.72499990463
279 5.73000001907
280 5.74499988556
281 5.76499986649
282 5.8060002327
283 5.95300006866
284 6.06699991226
285 6.07000017166
286 6.07000017166
287 6.0720000267
288 6.07000017166
289 6.03900003433
290 6.03999996185
291 6.00899982452
292 5.97900009155
293 5.96099996567
294 5.96600008011
295 5.94500017166
296 5.93499994278
297 5.91699981689
298 5.90299987793
299 5.86100006104
300 5.86199998856
301 5.84700012207
302 5.82499980927
303 5.80800008774
304 5.80800008774
305 5.80000019073
306 5.77899980545
307 5.76999998093
308 5.75299978256
309 5.71400022507
310 5.68699979782
311 5.67199993134
312 5.64200019836
313 5.61299991608
314 5.59999990463
315 5.59200000763
316 5.19199991226
317 4.8860001564
318 5.48199987411
319 5.49800014496
320 5.48699998856
321 5.47399997711
322 5.45599985123
323 5.41599988937
324 5.42100000381
325 5.35500001907
326 5.02299976349
327 5.30800008774
328 5.31199979782
329 4.37099981308
330 4.07299995422
331 4.11199998856
332 5.02500009537
333 5.15999984741
334 5.13700008392
335 5.125
336 5.09999990463
337 5.06799983978
338 5.03800010681
339 5.01599979401
340 4.95599985123
341 4.81500005722
342 4.96500015259
343 4.92999982834
344 4.89699983597
345 4.875
346 4.82800006866
347 4.70900011063
348 4.57800006866
349 4.73099994659
350 4.71600008011
351 4.68699979782
352 4.63800001144
353 4.62799978256
354 4.59499979019
355 4.53999996185
356 4.30499982834
357 4.35699987411
358 4.50299978256
359 4.47900009155
360 4.43499994278
361 4.41499996185
362 4.40600013733
363 4.33599996567
364 4.3029999733
365 4.28700017929
366 4.25699996948
367 4.20699977875
368 4.1779999733
369 4.14699983597
370 4.09999990463
371 4.08199977875
372 4.05900001526
373 4.00600004196
374 3.9849998951
375 3.95600008965
376 3.92000007629
377 3.88899993896
378 3.87700009346
379 3.86999988556
380 3.82800006866
381 3.72799992561
382 3.63899993896
383 3.59999990463
384 3.56999993324
385 3.53800010681
386 3.49000000954
387 3.4509999752
388 3.41899991035
389 3.39299988747
390 3.37400007248
391 3.34899997711
392 3.30399990082
393 3.27099990845
394 3.2650001049
395 3.27900004387
396 3.29500007629
397 3.33599996567
398 3.36199998856
399 3.41400003433
400 3.43400001526
401 3.48900008202
402 3.51999998093
403 3.56599998474
404 3.60500001907
405 3.63400006294
406 3.67899990082
407 3.71300005913
408 3.75300002098
409 3.78200006485
410 3.83899998665
411 3.88899993896
412 3.93499994278
413 3.98799991608
414 4.04600000381
415 4.13100004196
416 4.18400001526
417 4.24800014496
418 4.32100009918
419 4.38700008392
420 4.46000003815
421 4.50099992752
422 4.59100008011
423 4.66300010681
424 4.73099994659
425 4.82299995422
426 4.91800022125
427 5.02299976349
428 5.10699987411
429 5.21400022507
430 5.31500005722
431 5.42199993134
432 5.53100013733
433 5.64499998093
434 5.75600004196
435 5.88899993896
436 6.02500009537
437 6.17999982834
438 6.30399990082
439 6.47800016403
440 6.50500011444
441 6.59499979019
442 6.50400018692
443 3.06999993324
444 3.04800009727
445 3.05100011826
446 3.03500008583
447 3.03699994087
448 3.01099991798
449 3.01799988747
450 3.00500011444
451 2.9960000515
452 2.99699997902
453 2.98000001907
454 2.97900009155
455 2.97000002861
456 2.96000003815
457 2.97300004959
458 2.97499990463
459 2.95600008965
460 2.95199990273
461 2.94199991226
462 2.95900011063
463 2.95000004768
464 2.92700004578
465 2.94499993324
466 2.9319999218
467 2.92899990082
468 2.93300008774
469 2.90499997139
470 2.64899992943
471 2.64899992943
472 2.625
473 2.65300011635
474 0.943000018597
475 0.714999973774
476 0.705999970436
477 0.912999987602
478 2.6740000248
479 2.63800001144
480 2.64400005341
481 2.6289999485
482 2.65199995041
483 2.65499997139
484 2.65499997139
485 2.66499996185
486 2.66400003433
487 2.68000006676
488 2.68799996376
489 2.66899991035
490 2.82899999619
491 2.95199990273
492 2.93799996376
493 2.93499994278
494 2.95300006866
495 2.96499991417
496 2.9470000267
497 2.95700001717
498 2.96000003815
499 2.96900010109
500 2.97399997711
501 2.99499988556
502 2.9849998951
503 3.00300002098
504 2.99399995804
505 2.99499988556
506 3.01799988747
507 3.01900005341
508 3.01600003242
509 3.03800010681
510 3.02800011635
511 3.04999995232
512 3.04500007629
513 3.06200003624
514 3.0569999218
515 3.09200000763
516 3.10899996758
517 3.09299993515
518 3.10400009155
519 3.13700008392
520 3.14100003242
521 3.16100001335
522 3.15799999237
523 3.18099999428
524 0.925000011921
525 0.916999995708
526 0.913999974728
527 0.947000026703
528 3.04699993134
529 2.99399995804
530 2.93000006676
531 2.88199996948
532 2.83800005913
533 2.78099989891
534 2.73900008202
535 2.71000003815
536 2.96099996567
537 2.93400001526
538 1.16999995708
539 1.1210000515
540 1.08899998665
