0 4.50899982452
1 4.41900014877
2 4.44600009918
3 4.46999979019
4 4.52699995041
5 4.65199995041
6 4.68200016022
7 4.71000003815
8 4.73799991608
9 4.77099990845
10 4.78700017929
11 4.83199977875
12 4.85799980164
13 4.90399980545
14 4.93800020218
15 4.9310002327
16 4.84499979019
17 4.84700012207
18 4.87799978256
19 4.96500015259
20 5.16200017929
21 5.18200016022
22 5.22200012207
23 5.27099990845
24 5.3189997673
25 5.36100006104
26 5.41900014877
27 5.44299983978
28 5.507999897
29 5.5529999733
30 5.60500001907
31 5.66900014877
32 5.66200017929
33 0.0
34 17.1499996185
35 17.1490001678
36 17.1439990997
37 0.0
38 0.0
39 0.0
40 17.2439994812
41 17.1679992676
42 17.0590000153
43 16.9950008392
44 16.5240001678
45 16.5389995575
46 16.5400009155
47 13.1440000534
48 13.0749998093
49 12.3439998627
50 11.9650001526
51 11.6029996872
52 11.5939998627
53 11.6160001755
54 11.6190004349
55 11.3559999466
56 10.9870004654
57 10.4359998703
58 10.1239995956
59 8.3079996109
60 8.33100032806
61 8.20100021362
62 7.90899991989
63 7.62699985504
64 7.43800020218
65 7.24900007248
66 7.07100009918
67 6.90700006485
68 6.77899980545
69 6.79199981689
70 6.79500007629
71 6.83199977875
72 6.867000103
73 6.86299991608
74 6.78999996185
75 6.64200019836
76 6.51700019836
77 6.40000009537
78 6.28999996185
79 6.14099979401
80 5.23600006104
81 4.96999979019
82 4.85500001907
83 4.76800012589
84 4.68200016022
85 4.61100006104
86 4.54899978638
87 4.47900009155
88 4.42299985886
89 4.34800004959
90 4.28100013733
91 4.22900009155
92 4.16499996185
93 4.11299991608
94 4.0529999733
95 3.98900008202
96 3.93899989128
97 3.89599990845
98 3.84999990463
99 3.80999994278
100 3.77900004387
101 3.80800008774
102 3.8220000267
103 3.86299991608
104 3.86899995804
105 3.91400003433
106 3.93000006676
107 3.96600008011
108 3.9319999218
109 3.88199996948
110 3.85299992561
111 3.82100009918
112 3.76699995995
113 3.7349998951
114 3.69499993324
115 3.65100002289
116 3.617000103
117 3.59999990463
118 3.57399988174
119 3.54800009727
120 3.51600003242
121 3.47900009155
122 3.44799995422
123 3.41199994087
124 3.41100001335
125 3.39599990845
126 3.44000005722
127 3.43799996376
128 3.49900007248
129 3.54299998283
130 3.57899999619
131 3.61899995804
132 3.67499995232
133 4.01999998093
134 4.05200004578
135 4.10400009155
136 4.12799978256
137 4.15899991989
138 4.19099998474
139 4.20499992371
140 4.24900007248
141 4.28800010681
142 4.30800008774
143 4.33599996567
144 4.39300012589
145 4.41800022125
146 4.46999979019
147 4.48500013351
148 4.52500009537
149 4.5529999733
150 4.55200004578
151 4.20800018311
152 4.3060002327
153 0.0
154 3.27800011635
155 3.41300010681
156 4.71700000763
157 4.58900022507
158 4.5560002327
159 4.80399990082
160 4.83900022507
161 4.87099981308
162 4.89799976349
163 4.9279999733
164 4.96600008011
165 4.99399995804
166 5.02899980545
167 5.04899978638
168 3.15499997139
169 3.22099995613
170 3.375
171 4.12099981308
172 4.92000007629
173 4.87699985504
174 4.84999990463
175 4.83900022507
176 4.84100008011
177 4.84100008011
178 4.85300016403
179 4.84700012207
180 4.86999988556
181 4.90999984741
182 4.83199977875
183 5.31699991226
184 5.46600008011
185 5.49399995804
186 5.49300003052
187 5.50299978256
188 4.61499977112
189 4.59999990463
190 5.56300020218
191 5.60400009155
192 3.63499999046
193 3.52500009537
194 4.07800006866
195 4.05900001526
196 5.69999980927
197 5.71600008011
198 5.74399995804
199 5.76399993896
200 5.78700017929
201 5.8060002327
202 5.8220000267
203 5.83400011063
204 5.84499979019
205 5.86100006104
206 5.882999897
207 5.89099979401
208 5.90199995041
209 5.90299987793
210 5.93499994278
211 5.94000005722
212 5.94999980927
213 5.95599985123
214 5.97100019455
215 6.00199985504
216 6.02799987793
217 6.01900005341
218 6.07000017166
219 6.08099985123
220 6.09700012207
221 6.07600021362
222 6.07499980927
223 6.09200000763
224 6.09600019455
225 6.12799978256
226 6.11100006104
227 6.11899995804
228 6.14300012589
229 6.14300012589
230 6.17100000381
231 6.15899991989
232 6.16200017929
233 6.19299983978
234 6.20100021362
235 6.22100019455
236 6.23799991608
237 6.22200012207
238 6.24700021744
239 6.24499988556
240 6.23299980164
241 6.242000103
242 6.23000001907
243 6.23099994659
244 6.23400020599
245 6.23400020599
246 6.23600006104
247 6.26000022888
248 6.26399993896
249 6.26700019836
250 6.242000103
251 6.26800012589
252 6.25500011444
253 6.27299976349
254 6.28700017929
255 6.26300001144
256 6.28000020981
257 6.27199983597
258 6.24700021744
259 5.18800020218
260 5.0560002327
261 5.05399990082
262 5.04899978638
263 5.03800010681
264 5.03499984741
265 5.02799987793
266 5.10699987411
267 5.35900020599
268 5.62400007248
269 5.34000015259
270 5.22399997711
271 5.18800020218
272 5.21400022507
273 5.20699977875
274 5.2389998436
275 5.28499984741
276 5.50600004196
277 5.69099998474
278 5.73500013351
279 5.72700023651
280 5.74300003052
281 5.77199983597
282 5.80800008774
283 5.95699977875
284 6.0720000267
285 6.09000015259
286 6.07999992371
287 6.05100011826
288 6.05999994278
289 6.04699993134
290 6.03100013733
291 6.00199985504
292 5.9889998436
293 5.99300003052
294 5.96099996567
295 5.94600009918
296 5.93499994278
297 5.91900014877
298 5.89599990845
299 5.88100004196
300 5.86100006104
301 5.84200000763
302 5.82800006866
303 5.8220000267
304 5.82600021362
305 5.79699993134
306 5.79699993134
307 5.78700017929
308 5.73999977112
309 5.72700023651
310 5.6939997673
311 5.65999984741
312 5.66499996185
313 5.62099981308
314 5.6139998436
315 5.59000015259
316 5.22399997711
317 4.89400005341
318 5.47900009155
319 5.51300001144
320 5.49100017548
321 5.46799993515
322 5.44199991226
323 5.44000005722
324 5.41599988937
325 5.36000013351
326 5.03499984741
327 5.32399988174
328 5.30900001526
329 4.38399982452
330 4.03999996185
331 4.11600017548
332 5.03000020981
333 5.16499996185
334 5.14400005341
335 5.1139998436
336 5.10099983215
337 5.07000017166
338 5.05000019073
339 5.03499984741
340 4.95399999619
341 4.81799983978
342 4.96500015259
343 4.9390001297
344 4.90299987793
345 4.87699985504
346 4.84200000763
347 4.70800018311
348 4.56500005722
349 4.72800016403
350 4.71299982071
351 4.68800020218
352 4.65600013733
353 4.63899993896
354 4.59499979019
355 4.56799983978
356 4.31199979782
357 4.36499977112
358 4.49100017548
359 4.46199989319
360 4.4390001297
361 4.40000009537
362 4.40899991989
363 4.34600019455
364 4.33300018311
365 4.29500007629
366 4.26300001144
367 4.20599985123
368 4.19099998474
369 4.15799999237
370 4.117000103
371 4.08799982071
372 4.04899978638
373 4.01300001144
374 4.00199985504
375 3.96700000763
376 3.94400000572
377 3.91799998283
378 3.86999988556
379 3.85400009155
380 3.83800005913
381 3.72699999809
382 3.6400001049
383 3.59800004959
384 3.55200004578
385 3.54200005531
386 3.50200009346
387 3.45900011063
388 3.41799998283
389 3.39499998093
390 3.37400007248
391 3.34299993515
392 3.3220000267
393 3.29399991035
394 3.24799990654
395 3.26600003242
396 3.29099988937
397 3.33599996567
398 3.37700009346
399 3.41100001335
400 3.44000005722
401 3.49499988556
402 3.52300000191
403 3.55900001526
404 3.60899996758
405 3.64299988747
406 3.67300009727
407 3.73600006104
408 3.74300003052
409 3.79500007629
410 3.82899999619
411 3.90199995041
412 3.95600008965
413 4.0
414 4.05399990082
415 4.10300016403
416 4.16900014877
417 4.24100017548
418 4.30399990082
419 4.382999897
420 4.42600011826
421 4.53000020981
422 4.60699987411
423 4.6810002327
424 4.73099994659
425 4.81300020218
426 4.92299985886
427 5.02400016785
428 5.11800003052
429 5.22100019455
430 5.30700016022
431 5.42299985886
432 5.53800010681
433 5.65299987793
434 5.75899982452
435 5.88700008392
436 6.02400016785
437 6.17000007629
438 6.33199977875
439 6.48299980164
440 6.50199985504
441 6.60900020599
442 6.47399997711
443 3.0720000267
444 3.05900001526
445 3.03299999237
446 3.03600001335
447 3.01900005341
448 3.01699995995
449 3.0150001049
450 3.00600004196
451 3.007999897
452 2.98600006104
453 2.99300003052
454 2.97600007057
455 2.99099993706
456 2.96499991417
457 2.97799992561
458 2.97099995613
459 2.97399997711
460 2.95700001717
461 2.95799994469
462 2.93899989128
463 2.95399999619
464 2.9470000267
465 2.94000005722
466 2.92899990082
467 2.93000006676
468 2.94600009918
469 2.90599989891
470 2.67600011826
471 2.65000009537
472 2.63400006294
473 2.64599990845
474 0.944000005722
475 0.707000017166
476 0.717000007629
477 0.934000015259
478 2.66499996185
479 2.64899992943
480 2.65400004387
481 2.632999897
482 2.6400001049
483 2.66300010681
484 2.66700005531
485 2.67199993134
486 2.66400003433
487 2.67199993134
488 2.65799999237
489 2.67700004578
490 2.82699990273
491 2.93300008774
492 2.9430000782
493 2.9430000782
494 2.96900010109
495 2.95600008965
496 2.95000004768
497 2.95900011063
498 2.96000003815
499 2.98600006104
500 2.97199988365
501 2.99300003052
502 2.98399996758
503 2.99000000954
504 3.01699995995
505 3.01200008392
506 3.02099990845
507 3.02200007439
508 3.03600001335
509 3.02099990845
510 3.04999995232
511 3.04200005531
512 3.05200004578
513 3.07500004768
514 3.06500005722
515 3.07800006866
516 3.08699989319
517 3.11299991608
518 3.11800003052
519 3.132999897
520 3.14299988747
521 3.15000009537
522 3.16599988937
523 3.18400001526
524 0.933000028133
525 0.910000026226
526 0.926999986172
527 0.962000012398
528 3.03699994087
529 2.98699998856
530 2.93400001526
531 2.8900001049
532 2.84500002861
533 2.79299998283
534 2.7460000515
535 2.70799994469
536 2.96000003815
537 2.91499996185
538 1.11000001431
539 1.04499995708
540 0.981000006199
