0 4.50500011444
1 4.43300008774
2 4.4439997673
3 4.48099994659
4 4.53900003433
5 4.65700006485
6 4.6859998703
7 4.72100019455
8 4.73500013351
9 4.76399993896
10 4.79799985886
11 4.83799982071
12 4.867000103
13 4.88700008392
14 4.9310002327
15 4.93400001526
16 4.85400009155
17 4.85200023651
18 4.8860001564
19 4.96500015259
20 5.14599990845
21 5.1890001297
22 5.23799991608
23 5.26700019836
24 5.31300020218
25 5.36100006104
26 5.41099977493
27 5.44899988174
28 5.49800014496
29 5.54400014877
30 5.59999990463
31 5.64400005341
32 5.66099977493
33 0.0
34 17.1539993286
35 17.1480007172
36 17.1609992981
37 0.0
38 0.0
39 0.0
40 17.2380008698
41 17.1779994965
42 17.0599994659
43 17.0009994507
44 16.5310001373
45 16.5300006866
46 16.5279998779
47 13.1780004501
48 13.0830001831
49 12.3319997787
50 11.9549999237
51 11.5900001526
52 11.6009998322
53 11.6210002899
54 11.6300001144
55 11.3540000916
56 11.015999794
57 10.4519996643
58 10.1000003815
59 8.34099960327
60 8.34000015259
61 8.20699977875
62 7.92100000381
63 7.64599990845
64 7.45499992371
65 7.25
66 7.0640001297
67 6.90899991989
68 6.78900003433
69 6.77699995041
70 6.8109998703
71 6.82999992371
72 6.85200023651
73 6.85599994659
74 6.79300022125
75 6.64099979401
76 6.51499986649
77 6.38100004196
78 6.26399993896
79 6.16400003433
80 5.22300004959
81 4.97200012207
82 4.86199998856
83 4.76999998093
84 4.68499994278
85 4.61100006104
86 4.54300022125
87 4.47599983215
88 4.41400003433
89 4.3220000267
90 4.27699995041
91 4.22599983215
92 4.15999984741
93 4.11299991608
94 4.05000019073
95 3.992000103
96 3.93000006676
97 3.88899993896
98 3.84500002861
99 3.79699993134
100 3.77699995041
101 3.78399991989
102 3.82699990273
103 3.85899996758
104 3.882999897
105 3.92600011826
106 3.94099998474
107 3.9430000782
108 3.90899991989
109 3.86800003052
110 3.84100008011
111 3.80599999428
112 3.77800011635
113 3.72600007057
114 3.6930000782
115 3.65799999237
116 3.64100003242
117 3.58599996567
118 3.55999994278
119 3.51999998093
120 3.49300003052
121 3.46600008011
122 3.43300008774
123 3.42199993134
124 3.41100001335
125 3.39899992943
126 3.42600011826
127 3.45600008965
128 3.4960000515
129 3.53399991989
130 3.57399988174
131 3.61500000954
132 3.67899990082
133 4.03599977493
134 4.07100009918
135 4.08900022507
136 4.11100006104
137 4.13899993896
138 4.17899990082
139 4.21600008011
140 4.242000103
141 4.27899980545
142 4.31300020218
143 4.3639998436
144 4.39699983597
145 4.40399980545
146 4.46799993515
147 4.48699998856
148 4.507999897
149 4.53800010681
150 4.55900001526
151 4.19199991226
152 4.31599998474
153 4.61999988556
154 3.25999999046
155 3.42100000381
156 4.72499990463
157 4.60200023651
158 4.55700016022
159 4.80399990082
160 4.84299993515
161 4.86999988556
162 4.88800001144
163 4.9279999733
164 4.97100019455
165 4.98999977112
166 5.01200008392
167 5.03000020981
168 3.13199996948
169 3.21499991417
170 3.37400007248
171 4.13999986649
172 4.92399978638
173 4.87300014496
174 4.86299991608
175 4.83199977875
176 4.8220000267
177 4.82399988174
178 4.84399986267
179 4.85599994659
180 4.86999988556
181 4.90899991989
182 4.82499980927
183 5.33500003815
184 5.46000003815
185 5.492000103
186 5.48600006104
187 5.49900007248
188 4.60900020599
189 4.58400011063
190 5.57100009918
191 5.59100008011
192 3.64899992943
193 3.52900004387
194 4.07100009918
195 4.04300022125
196 5.69500017166
197 5.71000003815
198 5.75099992752
199 5.76300001144
200 5.79600000381
201 5.82399988174
202 5.82399988174
203 5.84000015259
204 5.83599996567
205 5.84000015259
206 5.88000011444
207 5.88000011444
208 5.90500020981
209 5.91599988937
210 5.93200016022
211 5.9470000267
212 5.94999980927
213 5.95900011063
214 5.96700000763
215 6.01499986649
216 6.01700019836
217 6.03200006485
218 6.07100009918
219 6.07299995422
220 6.06500005722
221 6.09499979019
222 6.09499979019
223 6.08699989319
224 6.11100006104
225 6.10900020599
226 6.132999897
227 6.14599990845
228 6.15000009537
229 6.15100002289
230 6.14099979401
231 6.15399980545
232 6.1939997673
233 6.1859998703
234 6.20699977875
235 6.20900011063
236 6.23799991608
237 6.23600006104
238 6.22200012207
239 6.22900009155
240 6.23500013351
241 6.22300004959
242 6.24100017548
243 6.24800014496
244 6.23299980164
245 6.23000001907
246 6.23000001907
247 6.26000022888
248 6.25199985504
249 6.22900009155
250 6.26000022888
251 6.24599981308
252 6.2610001564
253 6.27099990845
254 6.29300022125
255 6.2610001564
256 6.27500009537
257 6.26499986649
258 6.21899986267
259 5.17700004578
260 5.04899978638
261 5.04500007629
262 5.05499982834
263 5.05200004578
264 5.03900003433
265 5.03399991989
266 5.07299995422
267 5.35799980164
268 5.61100006104
269 5.35500001907
270 5.23199987411
271 5.20800018311
272 5.21799993515
273 5.21500015259
274 5.22700023651
275 5.28999996185
276 5.51800012589
277 5.6779999733
278 5.73400020599
279 5.73699998856
280 5.74700021744
281 5.76800012589
282 5.79799985886
283 5.96299982071
284 6.08799982071
285 6.08599996567
286 6.08400011063
287 6.05399990082
288 6.04300022125
289 6.0640001297
290 6.03000020981
291 6.01499986649
292 6.00199985504
293 5.98600006104
294 5.97599983215
295 5.94500017166
296 5.90500020981
297 5.91400003433
298 5.882999897
299 5.86999988556
300 5.87300014496
301 5.86100006104
302 5.83799982071
303 5.81799983978
304 5.81500005722
305 5.79699993134
306 5.78599977493
307 5.76999998093
308 5.73600006104
309 5.70399999619
310 5.70100021362
311 5.68499994278
312 5.65000009537
313 5.63100004196
314 5.61000013351
315 5.57800006866
316 5.18300008774
317 4.882999897
318 5.48500013351
319 5.4889998436
320 5.48699998856
321 5.46400022507
322 5.44799995422
323 5.43499994278
324 5.41599988937
325 5.35400009155
326 5.02199983597
327 5.31599998474
328 5.3029999733
329 4.38999986649
330 4.05499982834
331 4.13800001144
332 5.03999996185
333 5.17000007629
334 5.14300012589
335 5.11199998856
336 5.09200000763
337 5.0720000267
338 5.04899978638
339 5.03100013733
340 4.9470000267
341 4.81699991226
342 4.96299982071
343 4.9359998703
344 4.91499996185
345 4.88199996948
346 4.85099983215
347 4.70800018311
348 4.55000019073
349 4.73799991608
350 4.70100021362
351 4.67199993134
352 4.65199995041
353 4.62099981308
354 4.59399986267
355 4.56500005722
356 4.3140001297
357 4.36800003052
358 4.47700023651
359 4.46400022507
360 4.44000005722
361 4.41400003433
362 4.37200021744
363 4.34800004959
364 4.31599998474
365 4.28399991989
366 4.25
367 4.22100019455
368 4.15700006485
369 4.13800001144
370 4.11100006104
371 4.06500005722
372 4.04799985886
373 4.02099990845
374 3.98900008202
375 3.95000004768
376 3.94099998474
377 3.90899991989
378 3.8900001049
379 3.8599998951
380 3.81599998474
381 3.73000001907
382 3.625
383 3.58999991417
384 3.56399989128
385 3.52699995041
386 3.507999897
387 3.47399997711
388 3.43499994278
389 3.38899993896
390 3.37599992752
391 3.34500002861
392 3.32399988174
393 3.29299998283
394 3.26399993896
395 3.26099991798
396 3.30100011826
397 3.34599995613
398 3.35899996758
399 3.41000008583
400 3.44600009918
401 3.48300004005
402 3.50600004196
403 3.56100010872
404 3.58599996567
405 3.64899992943
406 3.69099998474
407 3.73099994659
408 3.75099992752
409 3.78299999237
410 3.82100009918
411 3.87800002098
412 3.93400001526
413 4.00400018692
414 4.05900001526
415 4.125
416 4.19500017166
417 4.23400020599
418 4.28999996185
419 4.37300014496
420 4.4439997673
421 4.51300001144
422 4.59999990463
423 4.65700006485
424 4.7389998436
425 4.80399990082
426 4.91200017929
427 5.01399993896
428 5.10300016403
429 5.21700000763
430 5.31500005722
431 5.41499996185
432 5.53200006485
433 5.64599990845
434 5.76800012589
435 5.89900016785
436 6.02400016785
437 6.15700006485
438 6.3140001297
439 6.47800016403
440 6.50899982452
441 6.60400009155
442 6.47599983215
443 3.09200000763
444 3.04600000381
445 3.04600000381
446 3.01699995995
447 3.03299999237
448 3.03299999237
449 3.02800011635
450 3.01399993896
451 2.99000000954
452 3.007999897
453 2.97199988365
454 2.97499990463
455 2.96900010109
456 2.97000002861
457 2.98200011253
458 2.96900010109
459 2.9509999752
460 2.95000004768
461 2.95499992371
462 2.9470000267
463 2.95000004768
464 2.93099999428
465 2.94000005722
466 2.93400001526
467 2.93600010872
468 2.9240000248
469 2.93099999428
470 2.68000006676
471 2.64700007439
472 2.64100003242
473 2.63199996948
474 0.944000005722
475 0.693000018597
476 0.726000010967
477 0.930000007153
478 2.65899991989
479 2.6400001049
480 2.66300010681
481 2.65100002289
482 2.65499997139
483 2.63499999046
484 2.65400004387
485 2.6740000248
486 2.66199994087
487 2.67899990082
488 2.67499995232
489 2.66300010681
490 2.81900000572
491 2.93099999428
492 2.93300008774
493 2.93300008774
494 2.94499993324
495 2.96499991417
496 2.95799994469
497 2.97099995613
498 2.96099996567
499 2.98699998856
500 2.96799993515
501 2.9849998951
502 2.98099994659
503 2.98099994659
504 2.99900007248
505 3.01799988747
506 3.0039999485
507 3.007999897
508 3.007999897
509 3.03699994087
510 3.04299998283
511 3.06500005722
512 3.06200003624
513 3.06599998474
514 3.08599996567
515 3.07999992371
516 3.07999992371
517 3.10599994659
518 3.13100004196
519 3.13599991798
520 3.132999897
521 3.1400001049
522 3.16400003433
523 3.17700004578
524 0.922999978065
525 0.907000005245
526 0.902000010014
527 0.966000020504
528 3.03500008583
529 2.97300004959
530 2.94000005722
531 2.88899993896
532 2.84200000763
533 2.78800010681
534 2.75500011444
535 2.71499991417
536 2.95600008965
537 2.92700004578
538 1.21000003815
539 1.14900004864
540 1.10500001907
