0 4.51599979401
1 4.43300008774
2 4.44999980927
3 4.47100019455
4 4.53900003433
5 4.65000009537
6 4.69500017166
7 4.71400022507
8 4.73699998856
9 4.77099990845
10 4.79899978638
11 4.83500003815
12 4.86199998856
13 4.89799976349
14 4.94000005722
15 4.94799995422
16 4.84200000763
17 4.85599994659
18 4.88100004196
19 4.96999979019
20 5.132999897
21 5.19099998474
22 5.23600006104
23 5.27600002289
24 5.31300020218
25 5.34700012207
26 5.40600013733
27 5.45800018311
28 5.50400018692
29 5.54799985886
30 5.59399986267
31 5.65000009537
32 5.68800020218
33 0.0
34 17.1469993591
35 17.1480007172
36 17.142999649
37 0.0
38 0.0
39 0.0
40 17.2390003204
41 17.1779994965
42 17.063999176
43 17.0109996796
44 16.5340003967
45 16.5450000763
46 16.5300006866
47 13.1750001907
48 13.0900001526
49 12.3369998932
50 11.9409999847
51 11.6049995422
52 11.611000061
53 11.6330003738
54 11.6160001755
55 11.3470001221
56 10.9890003204
57 10.4689998627
58 10.0970001221
59 8.32299995422
60 8.33800029755
61 8.19400024414
62 7.91599988937
63 7.63100004196
64 7.45300006866
65 7.24599981308
66 7.05900001526
67 6.91499996185
68 6.78999996185
69 6.78399991989
70 6.82000017166
71 6.8220000267
72 6.86299991608
73 6.87799978256
74 6.79400014877
75 6.64699983597
76 6.50299978256
77 6.40000009537
78 6.26499986649
79 6.16499996185
80 5.25
81 4.96400022507
82 4.85599994659
83 4.78499984741
84 4.69000005722
85 4.61800003052
86 4.55200004578
87 4.46999979019
88 4.39200019836
89 4.32100009918
90 4.27500009537
91 4.21899986267
92 4.16599988937
93 4.11299991608
94 4.04099988937
95 3.99499988556
96 3.95199990273
97 3.87599992752
98 3.85500001907
99 3.79200005531
100 3.75500011444
101 3.78600001335
102 3.81900000572
103 3.86599993706
104 3.89400005341
105 3.91300010681
106 3.96099996567
107 3.96799993515
108 3.93000006676
109 3.88700008392
110 3.85400009155
111 3.79699993134
112 3.77800011635
113 3.7539999485
114 3.68700003624
115 3.66799998283
116 3.61599993706
117 3.60500001907
118 3.56900000572
119 3.53900003433
120 3.5039999485
121 3.48399996758
122 3.45499992371
123 3.41799998283
124 3.41300010681
125 3.40400004387
126 3.43099999428
127 3.46099996567
128 3.50099992752
129 3.53900003433
130 3.57999992371
131 3.60400009155
132 3.66199994087
133 4.03800010681
134 4.08099985123
135 4.10400009155
136 4.13399982452
137 4.16599988937
138 4.19600009918
139 4.20699977875
140 4.25199985504
141 4.29699993134
142 4.29699993134
143 4.36199998856
144 4.40299987793
145 4.4390001297
146 4.47599983215
147 4.47100019455
148 4.50899982452
149 4.52899980545
150 4.5529999733
151 4.18699979782
152 4.30900001526
153 4.59600019455
154 3.27699995041
155 3.43700003624
156 4.71199989319
157 4.59499979019
158 4.54600000381
159 4.80999994278
160 4.82600021362
161 4.86800003052
162 4.91200017929
163 4.94799995422
164 4.96199989319
165 4.99700021744
166 5.02400016785
167 5.04500007629
168 3.15199995041
169 3.23099994659
170 3.37400007248
171 4.14799976349
172 4.93400001526
173 4.88100004196
174 4.86000013351
175 4.83199977875
176 4.82899999619
177 4.8220000267
178 4.84000015259
179 4.85099983215
180 4.8860001564
181 4.90100002289
182 4.82399988174
183 5.33099985123
184 5.47399997711
185 5.49399995804
186 5.51200008392
187 5.51399993896
188 4.61600017548
189 4.59200000763
190 5.5720000267
191 5.59899997711
192 3.64199995995
193 3.51999998093
194 4.08500003815
195 4.05499982834
196 5.70100021362
197 5.70100021362
198 5.73699998856
199 5.76700019836
200 5.78399991989
201 5.8109998703
202 5.83199977875
203 5.83900022507
204 5.86000013351
205 5.84600019455
206 5.86499977112
207 5.89400005341
208 5.88899993896
209 5.90700006485
210 5.9359998703
211 5.9470000267
212 5.96600008011
213 5.98299980164
214 5.99700021744
215 6.00400018692
216 6.01599979401
217 6.04099988937
218 6.0560002327
219 6.05999994278
220 6.07700014114
221 6.09800004959
222 6.10099983215
223 6.11100006104
224 6.10699987411
225 6.10400009155
226 6.10400009155
227 6.125
228 6.14799976349
229 6.15799999237
230 6.15700006485
231 6.17600011826
232 6.1890001297
233 6.20100021362
234 6.20800018311
235 6.20300006866
236 6.21299982071
237 6.23299980164
238 6.24800014496
239 6.22900009155
240 6.25099992752
241 6.23400020599
242 6.23400020599
243 6.22100019455
244 6.242000103
245 6.23400020599
246 6.242000103
247 6.24399995804
248 6.25099992752
249 6.25500011444
250 6.24599981308
251 6.25199985504
252 6.26399993896
253 6.25899982452
254 6.28900003433
255 6.28499984741
256 6.27400016785
257 6.26900005341
258 6.23299980164
259 5.1890001297
260 5.0640001297
261 5.06599998474
262 5.04500007629
263 5.05499982834
264 5.05000019073
265 5.04099988937
266 5.08300018311
267 5.35400009155
268 5.61100006104
269 5.35500001907
270 5.24499988556
271 5.20399999619
272 5.20900011063
273 5.21199989319
274 5.23000001907
275 5.28999996185
276 5.50199985504
277 5.67999982834
278 5.71400022507
279 5.73199987411
280 5.76000022888
281 5.77099990845
282 5.79400014877
283 5.95599985123
284 6.07399988174
285 6.0720000267
286 6.0720000267
287 6.07299995422
288 6.07999992371
289 6.05900001526
290 6.02899980545
291 6.01399993896
292 5.99700021744
293 5.96000003815
294 5.94099998474
295 5.93499994278
296 5.9359998703
297 5.92199993134
298 5.90999984741
299 5.88800001144
300 5.87200021744
301 5.85500001907
302 5.83400011063
303 5.83500003815
304 5.80399990082
305 5.80700016022
306 5.80100011826
307 5.77500009537
308 5.75199985504
309 5.72100019455
310 5.69299983978
311 5.67000007629
312 5.65199995041
313 5.63000011444
314 5.61499977112
315 5.59100008011
316 5.21500015259
317 4.90100002289
318 5.48500013351
319 5.507999897
320 5.47700023651
321 5.46899986267
322 5.45900011063
323 5.4310002327
324 5.42199993134
325 5.35200023651
326 5.02899980545
327 5.32399988174
328 5.30900001526
329 4.367000103
330 4.05900001526
331 4.117000103
332 5.02099990845
333 5.17500019073
334 5.13800001144
335 5.11499977112
336 5.09600019455
337 5.07700014114
338 5.04400014877
339 5.02600002289
340 4.95300006866
341 4.82800006866
342 4.95300006866
343 4.94899988174
344 4.91699981689
345 4.88000011444
346 4.83099985123
347 4.69500017166
348 4.5560002327
349 4.74300003052
350 4.70800018311
351 4.67899990082
352 4.65700006485
353 4.63000011444
354 4.58900022507
355 4.55800008774
356 4.32000017166
357 4.34899997711
358 4.48000001907
359 4.45599985123
360 4.44199991226
361 4.41499996185
362 4.39400005341
363 4.36499977112
364 4.34100008011
365 4.28599977493
366 4.24499988556
367 4.20100021362
368 4.17000007629
369 4.13800001144
370 4.10900020599
371 4.0720000267
372 4.05800008774
373 4.02799987793
374 4.00400018692
375 3.97000002861
376 3.94099998474
377 3.91899991035
378 3.86899995804
379 3.84100008011
380 3.81200003624
381 3.72600007057
382 3.64899992943
383 3.58699989319
384 3.56699991226
385 3.53500008583
386 3.5039999485
387 3.47300004959
388 3.43799996376
389 3.38899993896
390 3.36599993706
391 3.35400009155
392 3.30500006676
393 3.2990000248
394 3.27800011635
395 3.25500011444
396 3.30999994278
397 3.34200000763
398 3.35899996758
399 3.42000007629
400 3.44899988174
401 3.46799993515
402 3.52200007439
403 3.5680000782
404 3.58800005913
405 3.64499998093
406 3.68000006676
407 3.71700000763
408 3.74499988556
409 3.79800009727
410 3.85500001907
411 3.88499999046
412 3.94099998474
413 3.99900007248
414 4.07100009918
415 4.12900018692
416 4.17999982834
417 4.25199985504
418 4.31500005722
419 4.39400005341
420 4.45699977875
421 4.50500011444
422 4.59700012207
423 4.65600013733
424 4.73500013351
425 4.81300020218
426 4.92100000381
427 5.02899980545
428 5.12400007248
429 5.21199989319
430 5.32800006866
431 5.42899990082
432 5.53299999237
433 5.65199995041
434 5.74300003052
435 5.89400005341
436 6.02400016785
437 6.17500019073
438 6.32899999619
439 6.48400020599
440 6.51000022888
441 6.61800003052
442 6.41599988937
443 3.09400010109
444 3.04200005531
445 3.03500008583
446 3.0490000248
447 3.02300000191
448 3.02600002289
449 3.01300001144
450 3.01799988747
451 2.99699997902
452 2.992000103
453 2.97900009155
454 2.99799990654
455 2.98600006104
456 2.96499991417
457 2.96399998665
458 2.95700001717
459 2.95600008965
460 2.9470000267
461 2.93700003624
462 2.95000004768
463 2.94000005722
464 2.95399999619
465 2.95300006866
466 2.93600010872
467 2.94799995422
468 2.94000005722
469 2.92300009727
470 2.6779999733
471 2.65899991989
472 2.64299988747
473 2.65799999237
474 0.952000021935
475 0.713999986649
476 0.717000007629
477 0.934000015259
478 2.66499996185
479 2.65100002289
480 2.65100002289
481 2.64199995995
482 2.66499996185
483 2.66799998283
484 2.66000008583
485 2.66300010681
486 2.67000007629
487 2.68700003624
488 2.67700004578
489 2.68400001526
490 2.82999992371
491 2.93700003624
492 2.95499992371
493 2.94000005722
494 2.93899989128
495 2.9470000267
496 2.95499992371
497 2.95600008965
498 2.96300005913
499 2.97199988365
500 2.96900010109
501 2.97600007057
502 3.0039999485
503 2.99799990654
504 2.98399996758
505 3.00500011444
506 3.01200008392
507 3.03800010681
508 3.03399991989
509 3.03699994087
510 3.03099989891
511 3.05999994278
512 3.0529999733
513 3.07299995422
514 3.09200000763
515 3.09200000763
516 3.08500003815
517 3.11899995804
518 3.1210000515
519 3.117000103
520 3.13800001144
521 3.16799998283
522 3.15499997139
523 3.17499995232
524 0.938000023365
525 0.908999979496
526 0.925999999046
527 0.93599998951
528 3.05100011826
529 2.99699997902
530 2.94199991226
531 2.89199995995
532 2.84800004959
533 2.77999997139
534 2.73699998856
535 2.71600008011
536 2.95399999619
537 2.93099999428
538 1.08099997044
539 1.04100000858
540 0.992999970913
