0 4.51800012589
1 4.4359998703
2 4.45699977875
3 4.46999979019
4 4.50600004196
5 4.65100002289
6 4.67700004578
7 4.71999979019
8 4.75099992752
9 4.76700019836
10 4.79400014877
11 4.84100008011
12 4.87300014496
13 4.90500020981
14 4.92700004578
15 4.92500019073
16 4.83599996567
17 4.85500001907
18 4.87799978256
19 4.96700000763
20 5.14499998093
21 5.18699979782
22 5.23199987411
23 5.27899980545
24 5.31199979782
25 5.36000013351
26 5.40199995041
27 5.46500015259
28 5.50400018692
29 5.54099988937
30 5.60599994659
31 5.64599990845
32 5.65000009537
33 0.0
34 17.158000946
35 17.1490001678
36 17.1599998474
37 0.0
38 0.0
39 0.0
40 17.2299995422
41 17.156999588
42 17.0760002136
43 17.0189990997
44 16.5249996185
45 16.5440006256
46 16.5249996185
47 13.1719999313
48 13.0690002441
49 12.3360004425
50 11.9659996033
51 11.6040000916
52 11.6129999161
53 11.6350002289
54 11.6309995651
55 11.343000412
56 10.9910001755
57 10.4809999466
58 10.0939998627
59 8.32800006866
60 8.34200000763
61 8.22200012207
62 7.89699983597
63 7.63800001144
64 7.46000003815
65 7.23199987411
66 7.06799983978
67 6.90199995041
68 6.79600000381
69 6.78000020981
70 6.80399990082
71 6.83500003815
72 6.86199998856
73 6.86199998856
74 6.80900001526
75 6.65799999237
76 6.51399993896
77 6.38999986649
78 6.26399993896
79 6.15399980545
80 5.23299980164
81 4.96600008011
82 4.85900020599
83 4.78700017929
84 4.68200016022
85 4.59200000763
86 4.54099988937
87 4.46799993515
88 4.41300010681
89 4.35400009155
90 4.27500009537
91 4.21899986267
92 4.17199993134
93 4.12200021744
94 4.04400014877
95 3.99300003052
96 3.94600009918
97 3.89400005341
98 3.83699989319
99 3.78999996185
100 3.77600002289
101 3.79200005531
102 3.82800006866
103 3.84800004959
104 3.89899992943
105 3.91499996185
106 3.93899989128
107 3.97799992561
108 3.91000008583
109 3.88599991798
110 3.84299993515
111 3.8069999218
112 3.76699995995
113 3.72399997711
114 3.69600009918
115 3.66199994087
116 3.63499999046
117 3.59800004959
118 3.56999993324
119 3.51699995995
120 3.4960000515
121 3.47099995613
122 3.44899988174
123 3.43000006676
124 3.40899991989
125 3.40799999237
126 3.41100001335
127 3.46000003815
128 3.49699997902
129 3.52099990845
130 3.56299996376
131 3.60899996758
132 3.67899990082
133 4.01200008392
134 4.07100009918
135 4.08699989319
136 4.11499977112
137 4.13800001144
138 4.17899990082
139 4.21500015259
140 4.26499986649
141 4.28499984741
142 4.32499980927
143 4.36299991608
144 4.38199996948
145 4.42399978638
146 4.44799995422
147 4.49300003052
148 4.51000022888
149 4.52600002289
150 4.5529999733
151 4.21700000763
152 4.30499982834
153 4.62099981308
154 3.28299999237
155 3.43300008774
156 4.71899986267
157 4.59600019455
158 4.5609998703
159 4.81300020218
160 4.83799982071
161 4.86600017548
162 4.90899991989
163 4.93400001526
164 4.96700000763
165 4.99300003052
166 5.02400016785
167 5.05200004578
168 3.13599991798
169 3.21499991417
170 3.36999988556
171 4.1139998436
172 4.92899990082
173 4.89599990845
174 4.84399986267
175 4.84499979019
176 4.84600019455
177 4.82000017166
178 4.83599996567
179 4.85699987411
180 4.87099981308
181 4.90199995041
182 4.84100008011
183 5.31500005722
184 5.47399997711
185 5.48199987411
186 5.50199985504
187 5.51999998093
188 4.60400009155
189 4.58400011063
190 5.55000019073
191 5.59899997711
192 3.63499999046
193 3.52099990845
194 4.0689997673
195 4.04600000381
196 5.69099998474
197 5.71700000763
198 5.73799991608
199 5.74800014496
200 5.77699995041
201 5.80999994278
202 5.83300018311
203 5.84200000763
204 5.86000013351
205 5.88000011444
206 5.88199996948
207 5.88100004196
208 5.90000009537
209 5.90299987793
210 5.91400003433
211 5.9390001297
212 5.96199989319
213 5.96400022507
214 5.992000103
215 6.0110001564
216 6.02199983597
217 6.03900003433
218 6.0609998703
219 6.05700016022
220 6.08799982071
221 6.08799982071
222 6.10200023651
223 6.10200023651
224 6.10699987411
225 6.10200023651
226 6.11199998856
227 6.10900020599
228 6.13100004196
229 6.15100002289
230 6.16699981689
231 6.1810002327
232 6.18800020218
233 6.20200014114
234 6.19500017166
235 6.21700000763
236 6.23999977112
237 6.23999977112
238 6.22499990463
239 6.22499990463
240 6.24100017548
241 6.25
242 6.24399995804
243 6.22800016403
244 6.22900009155
245 6.21899986267
246 6.25699996948
247 6.23600006104
248 6.25299978256
249 6.25500011444
250 6.24800014496
251 6.26700019836
252 6.27899980545
253 6.28700017929
254 6.29199981689
255 6.26000022888
256 6.26300001144
257 6.26200008392
258 6.23699998856
259 5.17000007629
260 5.05499982834
261 5.04799985886
262 5.0529999733
263 5.04899978638
264 5.04899978638
265 5.02799987793
266 5.07999992371
267 5.35900020599
268 5.62200021744
269 5.35300016403
270 5.22499990463
271 5.1859998703
272 5.21700000763
273 5.22399997711
274 5.22599983215
275 5.28999996185
276 5.5110001564
277 5.67600011826
278 5.73799991608
279 5.72200012207
280 5.75299978256
281 5.77400016785
282 5.82299995422
283 5.96000003815
284 6.09600019455
285 6.0640001297
286 6.06500005722
287 6.0609998703
288 6.0609998703
289 6.06199979782
290 6.02699995041
291 6.02699995041
292 6.00400018692
293 5.96899986267
294 5.96899986267
295 5.9390001297
296 5.93499994278
297 5.90899991989
298 5.88999986649
299 5.89099979401
300 5.875
301 5.83599996567
302 5.84600019455
303 5.82299995422
304 5.8189997673
305 5.79300022125
306 5.79199981689
307 5.77799987793
308 5.74300003052
309 5.73000001907
310 5.70800018311
311 5.67999982834
312 5.63199996948
313 5.63100004196
314 5.61000013351
315 5.58500003815
316 5.21199989319
317 4.88100004196
318 5.47399997711
319 5.5110001564
320 5.50299978256
321 5.48099994659
322 5.44999980927
323 5.4390001297
324 5.41300010681
325 5.35300016403
326 5.04099988937
327 5.30700016022
328 5.29500007629
329 4.37799978256
330 4.0720000267
331 4.12699985504
332 5.02899980545
333 5.16800022125
334 5.14599990845
335 5.12400007248
336 5.09299993515
337 5.06699991226
338 5.0529999733
339 5.01999998093
340 4.94999980927
341 4.80399990082
342 4.95800018311
343 4.94000005722
344 4.90299987793
345 4.87699985504
346 4.82899999619
347 4.69600009918
348 4.55999994278
349 4.73699998856
350 4.70300006866
351 4.68499994278
352 4.65700006485
353 4.62599992752
354 4.59600019455
355 4.56799983978
356 4.3140001297
357 4.38700008392
358 4.48600006104
359 4.46299982071
360 4.43400001526
361 4.40299987793
362 4.37799978256
363 4.35400009155
364 4.3189997673
365 4.29099988937
366 4.25199985504
367 4.22499990463
368 4.18699979782
369 4.132999897
370 4.11999988556
371 4.07700014114
372 4.03399991989
373 4.00500011444
374 3.98399996758
375 3.96799993515
376 3.94199991226
377 3.91400003433
378 3.88400006294
379 3.86199998856
380 3.82399988174
381 3.73000001907
382 3.63599991798
383 3.59899997711
384 3.57999992371
385 3.51900005341
386 3.4960000515
387 3.47799992561
388 3.43899989128
389 3.40499997139
390 3.36100006104
391 3.33800005913
392 3.31200003624
393 3.28200006485
394 3.26900005341
395 3.27500009537
396 3.30599999428
397 3.32999992371
398 3.37599992752
399 3.40199995041
400 3.44099998474
401 3.4849998951
402 3.52099990845
403 3.56399989128
404 3.59800004959
405 3.65499997139
406 3.68799996376
407 3.72799992561
408 3.75099992752
409 3.78200006485
410 3.84100008011
411 3.875
412 3.91799998283
413 4.0110001564
414 4.0720000267
415 4.125
416 4.19000005722
417 4.25299978256
418 4.32499980927
419 4.3860001564
420 4.46400022507
421 4.52600002289
422 4.59399986267
423 4.66200017929
424 4.73299980164
425 4.82700014114
426 4.91400003433
427 5.02400016785
428 5.11100006104
429 5.21199989319
430 5.32700014114
431 5.41900014877
432 5.53499984741
433 5.63500022888
434 5.76200008392
435 5.89300012589
436 6.02400016785
437 6.15399980545
438 6.32600021362
439 6.48699998856
440 6.49599981308
441 6.59999990463
442 6.48000001907
443 3.07399988174
444 3.05399990082
445 3.04600000381
446 3.04600000381
447 3.03299999237
448 3.02399992943
449 3.00600004196
450 2.99499988556
451 3.00200009346
452 2.99699997902
453 2.9849998951
454 2.97099995613
455 2.98900008202
456 2.97499990463
457 2.97499990463
458 2.96099996567
459 2.95600008965
460 2.95399999619
461 2.96799993515
462 2.95499992371
463 2.93300008774
464 2.94799995422
465 2.9430000782
466 2.94499993324
467 2.91899991035
468 2.91700005531
469 2.93000006676
470 2.66000008583
471 2.65199995041
472 2.6400001049
473 2.65300011635
474 0.95300000906
475 0.712999999523
476 0.716000020504
477 0.944000005722
478 2.65000009537
479 2.63700008392
480 2.65700006485
481 2.65199995041
482 2.65799999237
483 2.66300010681
484 2.64499998093
485 2.66499996185
486 2.67600011826
487 2.67199993134
488 2.66799998283
489 2.68300008774
490 2.83699989319
491 2.94799995422
492 2.96000003815
493 2.93400001526
494 2.95300006866
495 2.95499992371
496 2.95199990273
497 2.95700001717
498 2.96499991417
499 2.96700000763
500 2.98699998856
501 2.99499988556
502 2.98300004005
503 2.98099994659
504 3.00099992752
505 3.01900005341
506 3.01699995995
507 3.01799988747
508 3.01999998093
509 3.04299998283
510 3.05200004578
511 3.06200003624
512 3.05999994278
513 3.05599999428
514 3.08200001717
515 3.07899999619
516 3.1099998951
517 3.12299990654
518 3.10400009155
519 3.13000011444
520 3.13700008392
521 3.14299988747
522 3.14499998093
523 3.16899991035
524 0.939999997616
525 0.916000008583
526 0.929000020027
527 0.958000004292
528 3.04600000381
529 2.9849998951
530 2.93799996376
531 2.8900001049
532 2.83400011063
533 2.78099989891
534 2.74900007248
535 2.72499990463
536 2.96499991417
537 2.92600011826
538 1.10300004482
539 1.04600000381
540 0.998000025749
