0 4.51399993896
1 4.43400001526
2 4.4470000267
3 4.46700000763
4 4.53599977493
5 4.65600013733
6 4.69899988174
7 4.71700000763
8 4.73000001907
9 4.76900005341
10 4.79799985886
11 4.84399986267
12 4.84700012207
13 4.90500020981
14 4.92199993134
15 4.93699979782
16 4.84000015259
17 4.8639998436
18 4.88899993896
19 4.97800016403
20 5.14200019836
21 5.19999980927
22 5.22900009155
23 5.27500009537
24 5.3060002327
25 5.36299991608
26 5.41099977493
27 5.45499992371
28 5.49499988556
29 5.55100011826
30 5.60200023651
31 5.63800001144
32 5.67600011826
33 0.0
34 17.1700000763
35 17.158000946
36 17.1480007172
37 0.0
38 0.0
39 0.0
40 17.2329998016
41 17.1669998169
42 17.0799999237
43 17.0130004883
44 16.5289993286
45 16.5529994965
46 16.5209999084
47 13.1660003662
48 13.0740003586
49 12.3350000381
50 11.9630002975
51 11.5889997482
52 11.6260004044
53 11.6350002289
54 11.6140003204
55 11.3459997177
56 10.9919996262
57 10.4799995422
58 10.1149997711
59 8.31599998474
60 8.34300041199
61 8.18700027466
62 7.90999984741
63 7.64099979401
64 7.45200014114
65 7.25
66 7.0689997673
67 6.90500020981
68 6.80000019073
69 6.78399991989
70 6.8189997673
71 6.8220000267
72 6.85400009155
73 6.87799978256
74 6.78399991989
75 6.65100002289
76 6.5110001564
77 6.40199995041
78 6.26300001144
79 6.15399980545
80 5.22200012207
81 4.95699977875
82 4.85799980164
83 4.75899982452
84 4.67700004578
85 4.62200021744
86 4.51999998093
87 4.47100019455
88 4.41400003433
89 4.34000015259
90 4.28399991989
91 4.22800016403
92 4.16900014877
93 4.09399986267
94 4.03000020981
95 3.96799993515
96 3.92700004578
97 3.89400005341
98 3.84999990463
99 3.80900001526
100 3.76900005341
101 3.79399991035
102 3.82899999619
103 3.84599995613
104 3.86999988556
105 3.91799998283
106 3.93899989128
107 3.96000003815
108 3.92499995232
109 3.8789999485
110 3.84100008011
111 3.82399988174
112 3.76999998093
113 3.73399996758
114 3.69400000572
115 3.64599990845
116 3.63800001144
117 3.59999990463
118 3.55800008774
119 3.54200005531
120 3.49300003052
121 3.47900009155
122 3.45499992371
123 3.41700005531
124 3.40599989891
125 3.3789999485
126 3.4240000248
127 3.4509999752
128 3.5039999485
129 3.53800010681
130 3.56599998474
131 3.61400008202
132 3.6740000248
133 4.01599979401
134 4.05499982834
135 4.10200023651
136 4.12799978256
137 4.15799999237
138 4.1970000267
139 4.21199989319
140 4.25299978256
141 4.28200006485
142 4.3029999733
143 4.35500001907
144 4.39400005341
145 4.43200016022
146 4.47499990463
147 4.49800014496
148 4.52699995041
149 4.53900003433
150 4.54500007629
151 4.20300006866
152 4.32299995422
153 4.53000020981
154 3.26699995995
155 3.42300009727
156 4.72100019455
157 4.60599994659
158 4.56500005722
159 4.79199981689
160 4.82499980927
161 4.86100006104
162 4.91099977493
163 4.9279999733
164 4.96199989319
165 5.00699996948
166 5.02899980545
167 5.04600000381
168 3.15100002289
169 3.22300004959
170 3.36400008202
171 4.11499977112
172 4.91900014877
173 4.88800001144
174 4.86000013351
175 4.83300018311
176 4.81199979782
177 4.8220000267
178 4.82499980927
179 4.85599994659
180 4.88100004196
181 4.89799976349
182 4.8220000267
183 5.33400011063
184 5.47499990463
185 5.47599983215
186 5.50199985504
187 5.51900005341
188 4.60799980164
189 4.5640001297
190 5.5689997673
191 5.59299993515
192 3.66499996185
193 3.52999997139
194 4.08400011063
195 4.05100011826
196 5.69999980927
197 5.71999979019
198 5.74800014496
199 5.77099990845
200 5.8060002327
201 5.8029999733
202 5.83500003815
203 5.84800004959
204 5.85099983215
205 5.86999988556
206 5.882999897
207 5.882999897
208 5.89300012589
209 5.92199993134
210 5.92999982834
211 5.9390001297
212 5.96000003815
213 5.97700023651
214 5.98400020599
215 6.01000022888
216 6.02699995041
217 6.05100011826
218 6.04400014877
219 6.06300020218
220 6.09899997711
221 6.08300018311
222 6.10099983215
223 6.10200023651
224 6.11600017548
225 6.12200021744
226 6.13000011444
227 6.132999897
228 6.132999897
229 6.132999897
230 6.15000009537
231 6.17100000381
232 6.19000005722
233 6.19600009918
234 6.19500017166
235 6.21899986267
236 6.22900009155
237 6.22200012207
238 6.22900009155
239 6.21899986267
240 6.23199987411
241 6.22399997711
242 6.23199987411
243 6.24499988556
244 6.23099994659
245 6.25
246 6.23199987411
247 6.23000001907
248 6.25400018692
249 6.24399995804
250 6.26300001144
251 6.26200008392
252 6.25400018692
253 6.27500009537
254 6.27099990845
255 6.28999996185
256 6.27500009537
257 6.26999998093
258 6.21700000763
259 5.18300008774
260 5.06599998474
261 5.05000019073
262 5.04699993134
263 5.04400014877
264 5.05000019073
265 5.04899978638
266 5.10200023651
267 5.35599994659
268 5.60300016403
269 5.36000013351
270 5.23299980164
271 5.19199991226
272 5.20599985123
273 5.21799993515
274 5.22700023651
275 5.28800010681
276 5.50299978256
277 5.68300008774
278 5.71799993515
279 5.71400022507
280 5.74599981308
281 5.77199983597
282 5.81799983978
283 5.94799995422
284 6.08099985123
285 6.06599998474
286 6.0560002327
287 6.05700016022
288 6.05499982834
289 6.0609998703
290 6.04199981689
291 6.02899980545
292 5.98000001907
293 5.97700023651
294 5.96299982071
295 5.93200016022
296 5.91400003433
297 5.90600013733
298 5.90199995041
299 5.87599992752
300 5.85900020599
301 5.84999990463
302 5.84100008011
303 5.82399988174
304 5.80800008774
305 5.80000019073
306 5.76800012589
307 5.757999897
308 5.75
309 5.72900009155
310 5.69999980927
311 5.66200017929
312 5.65500020981
313 5.62699985504
314 5.60699987411
315 5.59499979019
316 5.19199991226
317 4.88199996948
318 5.48199987411
319 5.52199983597
320 5.49800014496
321 5.47300004959
322 5.45200014114
323 5.4390001297
324 5.41499996185
325 5.34700012207
326 5.02899980545
327 5.3109998703
328 5.30200004578
329 4.38999986649
330 4.03900003433
331 4.12300014496
332 5.01000022888
333 5.17500019073
334 5.14900016785
335 5.12200021744
336 5.09700012207
337 5.08099985123
338 5.04600000381
339 5.03100013733
340 4.94299983978
341 4.8140001297
342 4.96000003815
343 4.94299983978
344 4.90999984741
345 4.88000011444
346 4.85200023651
347 4.70200014114
348 4.56199979782
349 4.74700021744
350 4.72300004959
351 4.67500019073
352 4.65100002289
353 4.62799978256
354 4.59700012207
355 4.54899978638
356 4.3189997673
357 4.367000103
358 4.5
359 4.44799995422
360 4.43400001526
361 4.43200016022
362 4.40199995041
363 4.36000013351
364 4.3189997673
365 4.29699993134
366 4.22900009155
367 4.19600009918
368 4.1890001297
369 4.12900018692
370 4.09399986267
371 4.06799983978
372 4.04099988937
373 4.0110001564
374 3.98699998856
375 3.96600008011
376 3.94400000572
377 3.90400004387
378 3.87199997902
379 3.84299993515
380 3.81500005722
381 3.72300004959
382 3.63400006294
383 3.6099998951
384 3.57100009918
385 3.53099989891
386 3.50099992752
387 3.46700000763
388 3.44199991226
389 3.39499998093
390 3.36599993706
391 3.33200001717
392 3.30800008774
393 3.28200006485
394 3.27800011635
395 3.26600003242
396 3.30200004578
397 3.34200000763
398 3.37700009346
399 3.38899993896
400 3.43000006676
401 3.47600007057
402 3.52600002289
403 3.56399989128
404 3.59299993515
405 3.65300011635
406 3.6740000248
407 3.73000001907
408 3.74499988556
409 3.79500007629
410 3.83200001717
411 3.89700007439
412 3.94099998474
413 4.00400018692
414 4.05800008774
415 4.1139998436
416 4.16699981689
417 4.24599981308
418 4.31799983978
419 4.38999986649
420 4.45100021362
421 4.53499984741
422 4.60400009155
423 4.67000007629
424 4.72700023651
425 4.81500005722
426 4.90899991989
427 5.01599979401
428 5.11899995804
429 5.21400022507
430 5.31599998474
431 5.42700004578
432 5.53399991989
433 5.64699983597
434 5.76399993896
435 5.88700008392
436 6.03000020981
437 6.15999984741
438 6.3220000267
439 6.4889998436
440 6.5
441 6.61499977112
442 6.43200016022
443 3.08500003815
444 3.05200004578
445 3.05200004578
446 3.04200005531
447 3.03999996185
448 3.01900005341
449 3.02200007439
450 2.99799990654
451 3.00900006294
452 2.98300004005
453 2.98699998856
454 2.98699998856
455 2.99799990654
456 2.96799993515
457 2.95600008965
458 2.95900011063
459 2.96000003815
460 2.95300006866
461 2.96900010109
462 2.94600009918
463 2.95300006866
464 2.95600008965
465 2.93700003624
466 2.92899990082
467 2.93099999428
468 2.9279999733
469 2.92100000381
470 2.68300008774
471 2.63400006294
472 2.64499998093
473 2.65100002289
474 0.953999996185
475 0.71899998188
476 0.70300000906
477 0.933000028133
478 2.65400004387
479 2.65400004387
480 2.63599991798
481 2.64100003242
482 2.64899992943
483 2.66499996185
484 2.66799998283
485 2.65300011635
486 2.66799998283
487 2.6819999218
488 2.6819999218
489 2.67000007629
490 2.8220000267
491 2.93600010872
492 2.93899989128
493 2.93899989128
494 2.96000003815
495 2.9430000782
496 2.96799993515
497 2.95499992371
498 2.95900011063
499 2.96600008011
500 2.97300004959
501 2.97499990463
502 2.97699999809
503 2.98900008202
504 2.98799991608
505 2.99900007248
506 3.0039999485
507 3.02099990845
508 3.03200006485
509 3.04399991035
510 3.03900003433
511 3.05599999428
512 3.0720000267
513 3.07399988174
514 3.06699991226
515 3.07800006866
516 3.08999991417
517 3.1099998951
518 3.13000011444
519 3.11100006104
520 3.14400005341
521 3.16300010681
522 3.16599988937
523 3.17199993134
524 0.93900001049
525 0.927999973297
526 0.926999986172
527 0.950999975204
528 3.04800009727
529 2.98900008202
530 2.9430000782
531 2.89199995995
532 2.83500003815
533 2.78999996185
534 2.742000103
535 2.71399998665
536 2.9430000782
537 2.9240000248
538 1.10699999332
539 1.05700004101
540 0.994000017643
