0 4.48999977112
1 4.43300008774
2 4.41900014877
3 4.46600008011
4 4.52899980545
5 4.65100002289
6 4.68699979782
7 4.70599985123
8 4.74300003052
9 4.78499984741
10 4.80499982834
11 4.84100008011
12 4.867000103
13 4.89300012589
14 4.92399978638
15 4.93699979782
16 4.84399986267
17 4.85900020599
18 4.89699983597
19 4.96000003815
20 5.14599990845
21 5.19899988174
22 5.23400020599
23 5.27899980545
24 5.32399988174
25 5.36000013351
26 5.41200017929
27 5.44899988174
28 5.507999897
29 5.55800008774
30 5.59899997711
31 5.66200017929
32 5.65899991989
33 0.0
34 17.1599998474
35 17.1359996796
36 17.1439990997
37 0.0
38 0.0
39 0.0
40 17.2460002899
41 17.1809997559
42 17.0909996033
43 17.0039997101
44 16.5289993286
45 16.5349998474
46 16.5189990997
47 13.1520004272
48 13.0900001526
49 12.3420000076
50 11.954000473
51 11.6040000916
52 11.6099996567
53 11.6350002289
54 11.626999855
55 11.3409996033
56 10.9870004654
57 10.4739999771
58 10.111000061
59 8.33100032806
60 8.33899974823
61 8.20300006866
62 7.91800022125
63 7.64300012589
64 7.4359998703
65 7.25
66 7.06300020218
67 6.90399980545
68 6.79799985886
69 6.78299999237
70 6.80200004578
71 6.82100009918
72 6.85300016403
73 6.86999988556
74 6.78700017929
75 6.62900018692
76 6.51300001144
77 6.38700008392
78 6.26399993896
79 6.17299985886
80 5.22200012207
81 4.97399997711
82 4.85900020599
83 4.76900005341
84 4.6779999733
85 4.59600019455
86 4.53599977493
87 4.47700023651
88 4.39300012589
89 4.35200023651
90 4.26700019836
91 4.23199987411
92 4.15500020981
93 4.09600019455
94 4.02199983597
95 3.97000002861
96 3.9240000248
97 3.89100003242
98 3.85199999809
99 3.80100011826
100 3.78500008583
101 3.81999993324
102 3.8259999752
103 3.85700011253
104 3.89700007439
105 3.91100001335
106 3.9430000782
107 3.95700001717
108 3.92700004578
109 3.88899993896
110 3.85700011253
111 3.80999994278
112 3.77999997139
113 3.73600006104
114 3.69600009918
115 3.66199994087
116 3.63899993896
117 3.58400011063
118 3.57299995422
119 3.54699993134
120 3.4960000515
121 3.48000001907
122 3.43300008774
123 3.41799998283
124 3.41400003433
125 3.382999897
126 3.42700004578
127 3.4509999752
128 3.48200011253
129 3.52500009537
130 3.57899999619
131 3.62199997902
132 3.6930000782
133 4.01700019836
134 4.05499982834
135 4.08300018311
136 4.12300014496
137 4.14799976349
138 4.17899990082
139 4.23099994659
140 4.25699996948
141 4.29400014877
142 4.32600021362
143 4.35900020599
144 4.3860001564
145 4.43499994278
146 4.46700000763
147 4.48999977112
148 4.52400016785
149 4.53299999237
150 4.56699991226
151 4.21799993515
152 4.28999996185
153 0.0
154 3.27900004387
155 3.43899989128
156 4.72499990463
157 4.59600019455
158 4.57299995422
159 4.81300020218
160 4.83699989319
161 4.86100006104
162 4.88199996948
163 4.9279999733
164 4.96299982071
165 5.00299978256
166 5.02899980545
167 5.05200004578
168 3.14499998093
169 3.22600007057
170 3.37599992752
171 4.11299991608
172 4.93200016022
173 4.87699985504
174 4.85300016403
175 4.84999990463
176 4.83699989319
177 4.84200000763
178 4.82800006866
179 4.8639998436
180 4.87300014496
181 4.92000007629
182 4.82299995422
183 5.33699989319
184 5.47900009155
185 5.49300003052
186 5.49800014496
187 5.50299978256
188 4.61600017548
189 4.57600021362
190 5.56300020218
191 5.58099985123
192 3.65599989891
193 3.52699995041
194 4.06699991226
195 4.06500005722
196 5.68200016022
197 5.71000003815
198 5.74300003052
199 5.77299976349
200 5.79699993134
201 5.8060002327
202 5.82399988174
203 5.84299993515
204 5.83699989319
205 5.84899997711
206 5.86999988556
207 5.88399982452
208 5.90299987793
209 5.91599988937
210 5.93200016022
211 5.93300008774
212 5.95399999619
213 5.95900011063
214 5.96999979019
215 5.99800014496
216 6.02500009537
217 6.03900003433
218 6.06500005722
219 6.08599996567
220 6.09100008011
221 6.08799982071
222 6.07100009918
223 6.11199998856
224 6.11199998856
225 6.11800003052
226 6.12599992752
227 6.12099981308
228 6.15299987793
229 6.15500020981
230 6.16900014877
231 6.16499996185
232 6.16699981689
233 6.1810002327
234 6.21299982071
235 6.22700023651
236 6.23699998856
237 6.24800014496
238 6.22200012207
239 6.23000001907
240 6.23799991608
241 6.24700021744
242 6.23199987411
243 6.22499990463
244 6.24100017548
245 6.23999977112
246 6.23400020599
247 6.23000001907
248 6.26399993896
249 6.2610001564
250 6.25699996948
251 6.26700019836
252 6.25699996948
253 6.26800012589
254 6.28399991989
255 6.27799987793
256 6.28000020981
257 6.24800014496
258 6.21400022507
259 5.19299983978
260 5.0689997673
261 5.05100011826
262 5.05999994278
263 5.05700016022
264 5.05399990082
265 5.05100011826
266 5.09899997711
267 5.35300016403
268 5.61299991608
269 5.35799980164
270 5.23600006104
271 5.20300006866
272 5.21400022507
273 5.21099996567
274 5.22499990463
275 5.29199981689
276 5.51000022888
277 5.69199991226
278 5.73500013351
279 5.73400020599
280 5.73400020599
281 5.77299976349
282 5.79799985886
283 5.93499994278
284 6.08099985123
285 6.08199977875
286 6.07700014114
287 6.07100009918
288 6.07399988174
289 6.04699993134
290 6.03599977493
291 6.01399993896
292 6.00099992752
293 5.98000001907
294 5.96299982071
295 5.93800020218
296 5.92600011826
297 5.92999982834
298 5.89499998093
299 5.89400005341
300 5.85799980164
301 5.85099983215
302 5.84700012207
303 5.83699989319
304 5.80000019073
305 5.80399990082
306 5.77500009537
307 5.78100013733
308 5.76000022888
309 5.72800016403
310 5.6970000267
311 5.6810002327
312 5.64499998093
313 5.62300014496
314 5.60200023651
315 5.58199977875
316 5.21899986267
317 4.90199995041
318 5.48400020599
319 5.50400018692
320 5.48799991608
321 5.46799993515
322 5.44799995422
323 5.42500019073
324 5.42199993134
325 5.36000013351
326 5.01599979401
327 5.31199979782
328 5.29300022125
329 4.35900020599
330 4.03599977493
331 4.12799978256
332 5.02400016785
333 5.17600011826
334 5.13999986649
335 5.12599992752
336 5.10099983215
337 5.07700014114
338 5.03999996185
339 5.02600002289
340 4.95399999619
341 4.82399988174
342 4.96999979019
343 4.9439997673
344 4.89799976349
345 4.87300014496
346 4.82499980927
347 4.71000003815
348 4.5640001297
349 4.73799991608
350 4.71299982071
351 4.67700004578
352 4.65100002289
353 4.63999986649
354 4.60799980164
355 4.57700014114
356 4.30399990082
357 4.3639998436
358 4.48600006104
359 4.45800018311
360 4.4470000267
361 4.43400001526
362 4.37400007248
363 4.36199998856
364 4.33300018311
365 4.28399991989
366 4.22900009155
367 4.21799993515
368 4.1810002327
369 4.14200019836
370 4.09000015259
371 4.08099985123
372 4.0640001297
373 4.03399991989
374 4.00500011444
375 3.95700001717
376 3.92600011826
377 3.8900001049
378 3.867000103
379 3.84999990463
380 3.82999992371
381 3.71499991417
382 3.62299990654
383 3.60100007057
384 3.57100009918
385 3.53299999237
386 3.4960000515
387 3.46099996567
388 3.4319999218
389 3.39499998093
390 3.36800003052
391 3.34400010109
392 3.30999994278
393 3.29399991035
394 3.27300000191
395 3.27300000191
396 3.30100011826
397 3.33200001717
398 3.36299991608
399 3.40700006485
400 3.4470000267
401 3.49099993706
402 3.52699995041
403 3.57500004768
404 3.60599994659
405 3.64599990845
406 3.70000004768
407 3.71600008011
408 3.73399996758
409 3.77300000191
410 3.82999992371
411 3.88700008392
412 3.94799995422
413 4.01200008392
414 4.0560002327
415 4.09899997711
416 4.1779999733
417 4.25299978256
418 4.3140001297
419 4.38800001144
420 4.46199989319
421 4.52799987793
422 4.59499979019
423 4.65100002289
424 4.72800016403
425 4.8109998703
426 4.92000007629
427 5.04300022125
428 5.12699985504
429 5.21199989319
430 5.31699991226
431 5.41200017929
432 5.53499984741
433 5.64300012589
434 5.76999998093
435 5.88800001144
436 6.02199983597
437 6.16499996185
438 6.32800006866
439 6.47900009155
440 6.50500011444
441 6.62200021744
442 6.42999982834
443 3.07699990273
444 3.05800008774
445 3.05999994278
446 3.04999995232
447 3.01999998093
448 3.01799988747
449 3.02399992943
450 3.0
451 3.01600003242
452 2.99799990654
453 2.98000001907
454 2.9960000515
455 2.97399997711
456 2.98200011253
457 2.95900011063
458 2.96300005913
459 2.96199989319
460 2.9470000267
461 2.95600008965
462 2.93899989128
463 2.94099998474
464 2.9509999752
465 2.94899988174
466 2.94899988174
467 2.92300009727
468 2.93099999428
469 2.9240000248
470 2.67300009727
471 2.64299988747
472 2.64199995995
473 2.65799999237
474 0.950999975204
475 0.723999977112
476 0.703999996185
477 0.934000015259
478 2.66199994087
479 2.65400004387
480 2.65199995041
481 2.6400001049
482 2.64700007439
483 2.65199995041
484 2.66300010681
485 2.67499995232
486 2.66899991035
487 2.6819999218
488 2.67899990082
489 2.68600010872
490 2.85599994659
491 2.9430000782
492 2.94199991226
493 2.94899988174
494 2.96300005913
495 2.9470000267
496 2.95600008965
497 2.98099994659
498 2.95600008965
499 2.99300003052
500 2.98799991608
501 2.97300004959
502 2.99099993706
503 2.99499988556
504 3.00999999046
505 3.00999999046
506 3.01099991798
507 3.02399992943
508 3.02600002289
509 3.02600002289
510 3.03800010681
511 3.04299998283
512 3.04699993134
513 3.07699990273
514 3.09100008011
515 3.0680000782
516 3.09800004959
517 3.11899995804
518 3.11999988556
519 3.13000011444
520 3.13899993896
521 3.16000008583
522 3.16300010681
523 3.18400001526
524 0.927999973297
525 0.931999981403
526 0.92199999094
527 0.955999970436
528 3.04800009727
529 2.99300003052
530 2.9279999733
531 2.882999897
532 2.83500003815
533 2.79200005531
534 2.74300003052
535 2.71099996567
536 2.96099996567
537 2.93499994278
538 1.10599994659
539 1.04499995708
540 0.995999991894
