0 4.49800014496
1 4.4470000267
2 4.45900011063
3 4.45900011063
4 4.52500009537
5 4.65000009537
6 4.67999982834
7 4.70800018311
8 4.73600006104
9 4.77199983597
10 4.8060002327
11 4.83300018311
12 4.85599994659
13 4.89300012589
14 4.91900014877
15 4.95200014114
16 4.83599996567
17 4.84499979019
18 4.88999986649
19 4.96500015259
20 5.14900016785
21 5.1970000267
22 5.22800016403
23 5.27899980545
24 5.31799983978
25 5.34999990463
26 5.41499996185
27 5.44500017166
28 5.50699996948
29 5.54300022125
30 5.60500001907
31 5.64799976349
32 5.65799999237
33 0.0
34 17.1439990997
35 17.1469993591
36 17.1509990692
37 0.0
38 0.0
39 0.0
40 17.2339992523
41 17.1739997864
42 17.0760002136
43 16.9899997711
44 16.5300006866
45 16.5359992981
46 16.5109996796
47 13.1499996185
48 13.0889997482
49 12.3369998932
50 11.9420003891
51 11.6009998322
52 11.6129999161
53 11.6239995956
54 11.6169996262
55 11.3459997177
56 10.9849996567
57 10.4739999771
58 10.1280002594
59 8.35900020599
60 8.32499980927
61 8.18500041962
62 7.92700004578
63 7.63000011444
64 7.44999980927
65 7.22900009155
66 7.05700016022
67 6.89900016785
68 6.79899978638
69 6.78800010681
70 6.78999996185
71 6.81500005722
72 6.85099983215
73 6.87200021744
74 6.78499984741
75 6.64699983597
76 6.52500009537
77 6.40199995041
78 6.26700019836
79 6.13899993896
80 5.22200012207
81 4.97100019455
82 4.84999990463
83 4.76900005341
84 4.6859998703
85 4.60300016403
86 4.54099988937
87 4.48199987411
88 4.40700006485
89 4.34200000763
90 4.27799987793
91 4.21899986267
92 4.17500019073
93 4.11899995804
94 4.02899980545
95 3.98300004005
96 3.9319999218
97 3.8900001049
98 3.85599994659
99 3.78399991989
100 3.78299999237
101 3.79999995232
102 3.82299995422
103 3.83599996567
104 3.87199997902
105 3.90899991989
106 3.95000004768
107 3.95700001717
108 3.9240000248
109 3.88499999046
110 3.85599994659
111 3.8069999218
112 3.76099991798
113 3.7349998951
114 3.69099998474
115 3.64499998093
116 3.62299990654
117 3.59500002861
118 3.57800006866
119 3.53800010681
120 3.50500011444
121 3.48000001907
122 3.45300006866
123 3.41300010681
124 3.382999897
125 3.39700007439
126 3.41599988937
127 3.45900011063
128 3.50300002098
129 3.53900003433
130 3.55500006676
131 3.61400008202
132 3.67000007629
133 4.02199983597
134 4.06199979782
135 4.10300016403
136 4.12900018692
137 4.16200017929
138 4.17999982834
139 4.22599983215
140 4.257999897
141 4.27600002289
142 4.30999994278
143 4.34600019455
144 4.38999986649
145 4.42299985886
146 4.44899988174
147 4.47599983215
148 4.51399993896
149 4.53900003433
150 4.52699995041
151 4.19500017166
152 4.29799985886
153 4.53800010681
154 3.29200005531
155 3.4240000248
156 4.72300004959
157 4.61199998856
158 4.54899978638
159 4.79600000381
160 4.82700014114
161 4.86499977112
162 4.89699983597
163 4.93499994278
164 4.96700000763
165 5.00600004196
166 5.02400016785
167 5.03999996185
168 3.14199995995
169 3.21700000763
170 3.36100006104
171 4.10799980164
172 4.92700004578
173 4.88100004196
174 4.85799980164
175 4.82299995422
176 4.81599998474
177 4.82299995422
178 4.83300018311
179 4.84700012207
180 4.87400007248
181 4.89499998093
182 4.82299995422
183 5.31799983978
184 5.47300004959
185 5.48000001907
186 5.50600004196
187 5.52400016785
188 4.59999990463
189 4.56599998474
190 5.55800008774
191 5.57700014114
192 3.64499998093
193 3.52800011635
194 4.06500005722
195 4.05200004578
196 5.69199991226
197 5.72900009155
198 5.73500013351
199 5.757999897
200 5.78000020981
201 5.80100011826
202 5.83400011063
203 5.82700014114
204 5.83199977875
205 5.86899995804
206 5.85400009155
207 5.89099979401
208 5.89900016785
209 5.90399980545
210 5.93200016022
211 5.92500019073
212 5.94899988174
213 5.97300004959
214 5.99100017548
215 6.01399993896
216 6.02600002289
217 6.03800010681
218 6.05999994278
219 6.07899999619
220 6.06199979782
221 6.08400011063
222 6.07800006866
223 6.10599994659
224 6.09100008011
225 6.12099981308
226 6.11299991608
227 6.13700008392
228 6.14200019836
229 6.14900016785
230 6.15799999237
231 6.17700004578
232 6.18300008774
233 6.19999980927
234 6.20399999619
235 6.20300006866
236 6.22599983215
237 6.25099992752
238 6.23699998856
239 6.23600006104
240 6.23799991608
241 6.22900009155
242 6.242000103
243 6.25199985504
244 6.242000103
245 6.24900007248
246 6.22900009155
247 6.24599981308
248 6.24399995804
249 6.25400018692
250 6.2610001564
251 6.25500011444
252 6.28100013733
253 6.26499986649
254 6.28299999237
255 6.27400016785
256 6.25099992752
257 6.26000022888
258 6.242000103
259 5.19299983978
260 5.0640001297
261 5.04799985886
262 5.05100011826
263 5.05999994278
264 5.05000019073
265 5.04300022125
266 5.07700014114
267 5.35500001907
268 5.60400009155
269 5.35200023651
270 5.23500013351
271 5.19099998474
272 5.21299982071
273 5.21899986267
274 5.24599981308
275 5.29099988937
276 5.492000103
277 5.67500019073
278 5.73600006104
279 5.71999979019
280 5.75299978256
281 5.76599979401
282 5.81799983978
283 5.94199991226
284 6.07399988174
285 6.06199979782
286 6.05700016022
287 6.05700016022
288 6.0689997673
289 6.05499982834
290 6.04199981689
291 6.00899982452
292 5.98000001907
293 5.97599983215
294 5.96000003815
295 5.92899990082
296 5.93699979782
297 5.90299987793
298 5.90399980545
299 5.88399982452
300 5.86999988556
301 5.85699987411
302 5.84399986267
303 5.82899999619
304 5.80900001526
305 5.81300020218
306 5.78900003433
307 5.77099990845
308 5.742000103
309 5.73400020599
310 5.69099998474
311 5.68499994278
312 5.65899991989
313 5.62300014496
314 5.60599994659
315 5.59000015259
316 5.18400001526
317 4.87699985504
318 5.47300004959
319 5.51300001144
320 5.49700021744
321 5.46099996567
322 5.45499992371
323 5.4359998703
324 5.42100000381
325 5.35300016403
326 5.02799987793
327 5.30900001526
328 5.30000019073
329 4.37200021744
330 4.04600000381
331 4.09800004959
332 5.01800012589
333 5.16599988937
334 5.14699983597
335 5.11600017548
336 5.09000015259
337 5.0720000267
338 5.04099988937
339 5.01700019836
340 4.94000005722
341 4.8140001297
342 4.96199989319
343 4.9310002327
344 4.90799999237
345 4.86000013351
346 4.84600019455
347 4.69799995422
348 4.55399990082
349 4.71899986267
350 4.69799995422
351 4.68800020218
352 4.65299987793
353 4.61100006104
354 4.60599994659
355 4.56799983978
356 4.33500003815
357 4.38000011444
358 4.48699998856
359 4.45399999619
360 4.44299983978
361 4.39900016785
362 4.39799976349
363 4.35500001907
364 4.32600021362
365 4.28299999237
366 4.25400018692
367 4.22300004959
368 4.16599988937
369 4.13100004196
370 4.09399986267
371 4.08199977875
372 4.0529999733
373 4.0110001564
374 3.99099993706
375 3.97399997711
376 3.9430000782
377 3.91000008583
378 3.88100004196
379 3.84800004959
380 3.80900001526
381 3.71099996567
382 3.64299988747
383 3.60599994659
384 3.56999993324
385 3.53399991989
386 3.4849998951
387 3.46600008011
388 3.43499994278
389 3.38800001144
390 3.37400007248
391 3.32299995422
392 3.30800008774
393 3.28900003433
394 3.26300001144
395 3.27500009537
396 3.29600000381
397 3.33200001717
398 3.375
399 3.40799999237
400 3.4470000267
401 3.49300003052
402 3.51799988747
403 3.56900000572
404 3.60700011253
405 3.63000011444
406 3.67499995232
407 3.72300004959
408 3.73699998856
409 3.80200004578
410 3.82699990273
411 3.89499998093
412 3.94799995422
413 3.97900009155
414 4.0689997673
415 4.117000103
416 4.16300010681
417 4.25
418 4.3140001297
419 4.382999897
420 4.45800018311
421 4.52500009537
422 4.60400009155
423 4.67500019073
424 4.74499988556
425 4.80399990082
426 4.91699981689
427 5.02600002289
428 5.11100006104
429 5.22100019455
430 5.30800008774
431 5.42999982834
432 5.52899980545
433 5.66200017929
434 5.75099992752
435 5.89099979401
436 6.02099990845
437 6.16499996185
438 6.31500005722
439 6.47499990463
440 6.49100017548
441 6.59999990463
442 6.47300004959
443 3.06999993324
444 3.05100011826
445 3.05100011826
446 3.04299998283
447 3.02900004387
448 3.01999998093
449 3.00600004196
450 3.01900005341
451 2.99399995804
452 2.99900007248
453 2.9849998951
454 2.97199988365
455 2.97600007057
456 2.98000001907
457 2.98399996758
458 2.94799995422
459 2.95300006866
460 2.95000004768
461 2.96799993515
462 2.93600010872
463 2.94099998474
464 2.95600008965
465 2.94099998474
466 2.92700004578
467 2.9240000248
468 2.9319999218
469 2.91599988937
470 2.65799999237
471 2.65100002289
472 2.63199996948
473 2.65100002289
474 0.949999988079
475 0.722000002861
476 0.713999986649
477 0.931999981403
478 2.65499997139
479 2.64800000191
480 2.65100002289
481 2.65599989891
482 2.64199995995
483 2.65199995041
484 2.65700006485
485 2.66400003433
486 2.68099999428
487 2.6779999733
488 2.6819999218
489 2.69099998474
490 2.85199999809
491 2.9279999733
492 2.93300008774
493 2.94199991226
494 2.95900011063
495 2.96099996567
496 2.94899988174
497 2.95399999619
498 2.97600007057
499 2.95900011063
500 2.97799992561
501 2.97499990463
502 2.98300004005
503 2.99499988556
504 3.01200008392
505 3.0
506 2.99699997902
507 3.00999999046
508 3.01799988747
509 3.03999996185
510 3.04399991035
511 3.06200003624
512 3.0569999218
513 3.0720000267
514 3.07800006866
515 3.08500003815
516 3.09400010109
517 3.09100008011
518 3.12199997902
519 3.1210000515
520 3.13700008392
521 3.13499999046
522 3.16499996185
523 3.18000006676
524 0.925000011921
525 0.912000000477
526 0.915000021458
527 0.953999996185
528 3.04299998283
529 2.99499988556
530 2.93300008774
531 2.88000011444
532 2.83200001717
533 2.78600001335
534 2.73000001907
535 1.35500001907
536 1.20399999619
537 1.18900001049
538 1.19900000095
539 1.15199995041
540 1.12999999523
