0 4.52899980545
1 4.41599988937
2 4.4439997673
3 4.48099994659
4 4.53000020981
5 4.65100002289
6 4.6939997673
7 4.69999980927
8 4.73299980164
9 4.77699995041
10 4.79400014877
11 4.84299993515
12 4.86999988556
13 4.90999984741
14 4.9390001297
15 4.93200016022
16 4.83500003815
17 4.86100006104
18 4.88199996948
19 4.97399997711
20 5.15000009537
21 5.18400001526
22 5.24100017548
23 5.27299976349
24 5.3140001297
25 5.36600017548
26 5.41099977493
27 5.45800018311
28 5.51300001144
29 5.54300022125
30 5.60900020599
31 5.65199995041
32 5.67600011826
33 0.0
34 17.1560001373
35 17.1490001678
36 17.158000946
37 0.0
38 0.0
39 0.0
40 17.2369995117
41 17.1690006256
42 17.0580005646
43 16.9960002899
44 16.5249996185
45 16.533000946
46 16.5189990997
47 13.1669998169
48 13.0839996338
49 12.329000473
50 11.9420003891
51 11.5850000381
52 11.6099996567
53 11.6330003738
54 11.6190004349
55 11.3380002975
56 11.0030002594
57 10.4729995728
58 10.0850000381
59 8.38199996948
60 8.33800029755
61 8.20899963379
62 7.9310002327
63 7.65100002289
64 7.45499992371
65 7.23799991608
66 7.05000019073
67 6.90700006485
68 6.80399990082
69 6.78100013733
70 6.80800008774
71 6.82999992371
72 6.86299991608
73 6.8860001564
74 6.80499982834
75 6.65999984741
76 6.52400016785
77 6.39400005341
78 6.26700019836
79 6.14699983597
80 5.22599983215
81 4.96199989319
82 4.85300016403
83 4.77400016785
84 4.70100021362
85 4.60799980164
86 4.52199983597
87 4.47599983215
88 4.41599988937
89 4.33799982071
90 4.27500009537
91 4.22900009155
92 4.17199993134
93 4.11999988556
94 4.04899978638
95 3.99900007248
96 3.94499993324
97 3.89400005341
98 3.85400009155
99 3.8029999733
100 3.78500008583
101 3.78399991989
102 3.83299994469
103 3.85400009155
104 3.8710000515
105 3.92899990082
106 3.93799996376
107 3.93899989128
108 3.91199994087
109 3.87599992752
110 3.85199999809
111 3.81399989128
112 3.75900006294
113 3.73399996758
114 3.70199990273
115 3.67199993134
116 3.63400006294
117 3.60400009155
118 3.56200003624
119 3.52800011635
120 3.492000103
121 3.47799992561
122 3.43700003624
123 3.42199993134
124 3.41300010681
125 3.40199995041
126 3.43400001526
127 3.45799994469
128 3.49699997902
129 3.52500009537
130 3.58100008965
131 3.61800003052
132 3.68400001526
133 4.02199983597
134 4.04699993134
135 4.09399986267
136 4.11100006104
137 4.13700008392
138 4.19500017166
139 4.21700000763
140 4.25099992752
141 4.26800012589
142 4.32899999619
143 4.36800003052
144 4.39099979401
145 4.43400001526
146 4.46799993515
147 4.46999979019
148 4.5
149 4.53299999237
150 4.56300020218
151 4.1890001297
152 4.31699991226
153 4.58099985123
154 3.26799988747
155 3.41700005531
156 4.72700023651
157 4.59399986267
158 4.56199979782
159 4.80900001526
160 4.82600021362
161 4.87300014496
162 4.88899993896
163 4.94000005722
164 4.96199989319
165 4.99800014496
166 5.03000020981
167 5.04899978638
168 3.15499997139
169 3.23600006104
170 3.3710000515
171 4.14200019836
172 4.92999982834
173 4.89300012589
174 4.85699987411
175 4.83599996567
176 4.81500005722
177 4.83799982071
178 4.82600021362
179 4.86299991608
180 4.8860001564
181 4.88800001144
182 4.83500003815
183 5.31199979782
184 5.47700023651
185 5.492000103
186 5.50400018692
187 5.507999897
188 4.61800003052
189 4.57600021362
190 5.57100009918
191 5.59899997711
192 3.65300011635
193 3.53399991989
194 4.08500003815
195 4.04600000381
196 5.68499994278
197 5.70399999619
198 5.73999977112
199 5.76999998093
200 5.77699995041
201 5.81500005722
202 5.82899999619
203 5.84499979019
204 5.83900022507
205 5.85699987411
206 5.87099981308
207 5.89400005341
208 5.90999984741
209 5.92000007629
210 5.93300008774
211 5.93800020218
212 5.95900011063
213 5.97200012207
214 5.9889998436
215 6.00099992752
216 6.02299976349
217 6.03700017929
218 6.04199981689
219 6.08599996567
220 6.07600021362
221 6.07999992371
222 6.08300018311
223 6.11299991608
224 6.10200023651
225 6.11800003052
226 6.12099981308
227 6.14200019836
228 6.14799976349
229 6.16200017929
230 6.15999984741
231 6.16599988937
232 6.16400003433
233 6.1890001297
234 6.20800018311
235 6.20900011063
236 6.23500013351
237 6.25199985504
238 6.23000001907
239 6.23299980164
240 6.22300004959
241 6.23199987411
242 6.22100019455
243 6.23500013351
244 6.23500013351
245 6.23699998856
246 6.25299978256
247 6.25
248 6.23999977112
249 6.2389998436
250 6.24499988556
251 6.24900007248
252 6.25699996948
253 6.28100013733
254 6.28299999237
255 6.27600002289
256 6.27500009537
257 6.27600002289
258 6.24399995804
259 5.19500017166
260 5.0529999733
261 5.06300020218
262 5.0609998703
263 5.04500007629
264 5.03900003433
265 5.03900003433
266 5.07800006866
267 5.36999988556
268 5.617000103
269 5.34600019455
270 5.24100017548
271 5.19600009918
272 5.21799993515
273 5.21400022507
274 5.22800016403
275 5.27799987793
276 5.52199983597
277 5.6859998703
278 5.73099994659
279 5.72599983215
280 5.75400018692
281 5.78700017929
282 5.82299995422
283 5.95800018311
284 6.10099983215
285 6.09000015259
286 6.07499980927
287 6.07499980927
288 6.05800008774
289 6.0609998703
290 6.03399991989
291 6.01700019836
292 5.99399995804
293 5.992000103
294 5.96199989319
295 5.94600009918
296 5.90799999237
297 5.89499998093
298 5.89400005341
299 5.86299991608
300 5.86299991608
301 5.85099983215
302 5.83199977875
303 5.82999992371
304 5.82299995422
305 5.8140001297
306 5.78700017929
307 5.77299976349
308 5.74300003052
309 5.72800016403
310 5.68200016022
311 5.67500019073
312 5.65299987793
313 5.63700008392
314 5.60200023651
315 5.58300018311
316 5.1890001297
317 4.89499998093
318 5.47700023651
319 5.49100017548
320 5.49300003052
321 5.46700000763
322 5.45100021362
323 5.44000005722
324 5.39900016785
325 5.35300016403
326 5.03800010681
327 5.31599998474
328 5.30999994278
329 4.38000011444
330 4.0720000267
331 4.12300014496
332 5.01900005341
333 5.17299985886
334 5.14599990845
335 5.12699985504
336 5.09999990463
337 5.08099985123
338 5.04199981689
339 5.02299976349
340 4.95399999619
341 4.81500005722
342 4.96099996567
343 4.93400001526
344 4.90700006485
345 4.86899995804
346 4.84899997711
347 4.71799993515
348 4.56300020218
349 4.73099994659
350 4.69999980927
351 4.6810002327
352 4.65100002289
353 4.62900018692
354 4.59499979019
355 4.57700014114
356 4.29400014877
357 4.35900020599
358 4.50299978256
359 4.47399997711
360 4.45499992371
361 4.40500020981
362 4.38199996948
363 4.34600019455
364 4.31500005722
365 4.28599977493
366 4.24900007248
367 4.19199991226
368 4.19199991226
369 4.15600013733
370 4.1139998436
371 4.0640001297
372 4.0560002327
373 4.01700019836
374 4.00699996948
375 3.96499991417
376 3.93799996376
377 3.91700005531
378 3.87400007248
379 3.84299993515
380 3.83299994469
381 3.71300005913
382 3.64700007439
383 3.61199998856
384 3.55500006676
385 3.53299999237
386 3.49900007248
387 3.46499991417
388 3.44400000572
389 3.40199995041
390 3.3710000515
391 3.34400010109
392 3.30800008774
393 3.28999996185
394 3.26900005341
395 3.28299999237
396 3.31200003624
397 3.34100008011
398 3.367000103
399 3.41400003433
400 3.44899988174
401 3.48699998856
402 3.52999997139
403 3.55200004578
404 3.60599994659
405 3.65300011635
406 3.69600009918
407 3.71000003815
408 3.73600006104
409 3.79500007629
410 3.84500002861
411 3.88199996948
412 3.94499993324
413 4.00299978256
414 4.06500005722
415 4.12599992752
416 4.19999980927
417 4.23799991608
418 4.3029999733
419 4.38199996948
420 4.45800018311
421 4.52099990845
422 4.58900022507
423 4.67399978638
424 4.73099994659
425 4.80999994278
426 4.91099977493
427 5.01800012589
428 5.11899995804
429 5.21799993515
430 5.32399988174
431 5.4310002327
432 5.54400014877
433 5.65100002289
434 5.77899980545
435 5.90299987793
436 6.02799987793
437 6.15899991989
438 6.32000017166
439 6.47399997711
440 6.49900007248
441 6.60699987411
442 6.45699977875
443 3.08999991417
444 3.0490000248
445 3.05500006676
446 3.03099989891
447 3.02399992943
448 3.01200008392
449 3.007999897
450 2.99900007248
451 3.00200009346
452 2.99699997902
453 3.0
454 2.97799992561
455 2.96799993515
456 2.96700000763
457 2.98300004005
458 2.97199988365
459 2.97000002861
460 2.94799995422
461 2.96600008011
462 2.93799996376
463 2.95700001717
464 2.93600010872
465 2.94000005722
466 2.93899989128
467 2.93700003624
468 2.93099999428
469 2.93400001526
470 2.67499995232
471 2.65100002289
472 2.64199995995
473 2.64400005341
474 0.954999983311
475 0.702000021935
476 0.726000010967
477 0.941999971867
478 2.66000008583
479 2.65599989891
480 2.66300010681
481 2.65599989891
482 2.64299988747
483 2.64899992943
484 2.64700007439
485 2.66400003433
486 2.66400003433
487 2.6740000248
488 2.67600011826
489 2.69000005722
490 2.8220000267
491 2.9509999752
492 2.9319999218
493 2.94899988174
494 2.94899988174
495 2.97099995613
496 2.97799992561
497 2.95199990273
498 2.97600007057
499 2.98799991608
500 2.96900010109
501 2.97799992561
502 2.98099994659
503 2.98600006104
504 3.007999897
505 3.01999998093
506 3.007999897
507 3.01300001144
508 3.01900005341
509 3.02900004387
510 3.04299998283
511 3.04699993134
512 3.0759999752
513 3.0759999752
514 3.06999993324
515 3.07399988174
516 3.08299994469
517 3.10700011253
518 3.132999897
519 3.13800001144
520 3.12700009346
521 3.14599990845
522 3.15300011635
523 3.18300008774
524 0.933000028133
525 0.916999995708
526 0.907999992371
527 0.948000013828
528 3.03399991989
529 2.98600006104
530 2.93600010872
531 2.89199995995
532 2.84100008011
533 2.79500007629
534 2.75
535 2.71099996567
536 2.96099996567
537 2.90599989891
538 1.10199999809
539 1.03499996662
540 0.986999988556
