0 4.50099992752
1 4.43200016022
2 4.45399999619
3 4.46400022507
4 4.54899978638
5 4.64499998093
6 4.67899990082
7 4.70200014114
8 4.74599981308
9 4.76900005341
10 4.80000019073
11 4.8220000267
12 4.85699987411
13 4.90100002289
14 4.92600011826
15 4.92999982834
16 4.84999990463
17 4.85799980164
18 4.87699985504
19 4.96999979019
20 5.13500022888
21 5.1939997673
22 5.23099994659
23 5.26599979401
24 5.32600021362
25 5.35400009155
26 5.40500020981
27 5.45200014114
28 5.49100017548
29 5.56300020218
30 5.60500001907
31 5.632999897
32 5.66300010681
33 0.0
34 17.1520004272
35 17.1550006866
36 17.1630001068
37 0.0
38 0.0
39 0.0
40 17.2399997711
41 17.1739997864
42 17.0750007629
43 17.0200004578
44 16.5270004272
45 16.5540008545
46 16.5230007172
47 13.1840000153
48 13.079000473
49 12.3249998093
50 11.954000473
51 11.5780000687
52 11.6000003815
53 11.6459999084
54 11.6219997406
55 11.3350000381
56 10.9849996567
57 10.4619998932
58 10.1210002899
59 8.31900024414
60 8.33500003815
61 8.20800018311
62 7.90199995041
63 7.63500022888
64 7.4439997673
65 7.2389998436
66 7.05999994278
67 6.90799999237
68 6.78299999237
69 6.77899980545
70 6.79400014877
71 6.8220000267
72 6.85300016403
73 6.88199996948
74 6.79400014877
75 6.64300012589
76 6.51999998093
77 6.39300012589
78 6.257999897
79 6.15600013733
80 5.22300004959
81 4.96400022507
82 4.84800004959
83 4.76599979401
84 4.69199991226
85 4.61800003052
86 4.53700017929
87 4.47599983215
88 4.41499996185
89 4.34700012207
90 4.26599979401
91 4.20599985123
92 4.15899991989
93 4.09899997711
94 4.03100013733
95 3.9849998951
96 3.94600009918
97 3.88000011444
98 3.83999991417
99 3.80200004578
100 3.77500009537
101 3.78800010681
102 3.80399990082
103 3.82999992371
104 3.8710000515
105 3.91400003433
106 3.92000007629
107 3.95199990273
108 3.93400001526
109 3.90000009537
110 3.84999990463
111 3.81299996376
112 3.75999999046
113 3.72699999809
114 3.6779999733
115 3.64800000191
116 3.62199997902
117 3.60100007057
118 3.56900000572
119 3.54099988937
120 3.50500011444
121 3.48900008202
122 3.44499993324
123 3.42899990082
124 3.40400004387
125 3.38499999046
126 3.43000006676
127 3.45600008965
128 3.49699997902
129 3.53399991989
130 3.57500004768
131 3.61800003052
132 3.67000007629
133 4.02699995041
134 4.04899978638
135 4.08699989319
136 4.125
137 4.16800022125
138 4.19899988174
139 4.20699977875
140 4.25199985504
141 4.28900003433
142 4.30999994278
143 4.36000013351
144 4.38500022888
145 4.4359998703
146 4.47399997711
147 4.492000103
148 4.51700019836
149 4.52799987793
150 4.53499984741
151 4.22200012207
152 4.30200004578
153 4.60300016403
154 3.26999998093
155 3.41499996185
156 4.71799993515
157 4.61100006104
158 4.55999994278
159 4.80700016022
160 4.82999992371
161 4.867000103
162 4.89200019836
163 4.9390001297
164 4.96999979019
165 5.00699996948
166 5.01300001144
167 5.03499984741
168 3.17000007629
169 3.20700001717
170 3.36800003052
171 4.13000011444
172 4.90799999237
173 4.87900018692
174 4.85799980164
175 4.84299993515
176 4.81799983978
177 4.8189997673
178 4.83199977875
179 4.84200000763
180 4.86800003052
181 4.89699983597
182 4.81199979782
183 5.32000017166
184 5.46099996567
185 5.47900009155
186 5.5
187 5.51300001144
188 4.59100008011
189 4.58300018311
190 5.55800008774
191 5.59100008011
192 3.63499999046
193 3.53099989891
194 4.06199979782
195 4.05100011826
196 5.69899988174
197 5.72499990463
198 5.74499988556
199 5.76200008392
200 5.78299999237
201 5.79500007629
202 5.80800008774
203 5.82899999619
204 5.85300016403
205 5.867000103
206 5.87799978256
207 5.86899995804
208 5.89300012589
209 5.90299987793
210 5.91699981689
211 5.93800020218
212 5.95699977875
213 5.97300004959
214 5.9889998436
215 6.00899982452
216 6.03299999237
217 6.04400014877
218 6.06500005722
219 6.07399988174
220 6.06699991226
221 6.07700014114
222 6.10300016403
223 6.10699987411
224 6.11299991608
225 6.117000103
226 6.13100004196
227 6.13100004196
228 6.12900018692
229 6.15299987793
230 6.16300010681
231 6.16099977493
232 6.18200016022
233 6.1890001297
234 6.20100021362
235 6.21799993515
236 6.2389998436
237 6.23000001907
238 6.23799991608
239 6.25
240 6.22100019455
241 6.23999977112
242 6.23000001907
243 6.23799991608
244 6.23299980164
245 6.22700023651
246 6.23000001907
247 6.22599983215
248 6.23600006104
249 6.23600006104
250 6.25699996948
251 6.27199983597
252 6.26399993896
253 6.26499986649
254 6.28700017929
255 6.28100013733
256 6.27799987793
257 6.242000103
258 6.23999977112
259 5.16200017929
260 5.06799983978
261 5.06199979782
262 5.05999994278
263 5.0529999733
264 5.04500007629
265 5.04400014877
266 5.08900022507
267 5.34299993515
268 5.60799980164
269 5.34000015259
270 5.23000001907
271 5.18699979782
272 5.20599985123
273 5.19600009918
274 5.23600006104
275 5.28700017929
276 5.51000022888
277 5.67700004578
278 5.71299982071
279 5.71099996567
280 5.7389998436
281 5.75500011444
282 5.81699991226
283 5.96199989319
284 6.09600019455
285 6.07700014114
286 6.07100009918
287 6.06599998474
288 6.04500007629
289 6.04899978638
290 6.03599977493
291 6.01499986649
292 6.00600004196
293 5.97900009155
294 5.94199991226
295 5.94099998474
296 5.92600011826
297 5.89200019836
298 5.90000009537
299 5.89099979401
300 5.87099981308
301 5.8639998436
302 5.84700012207
303 5.83199977875
304 5.80800008774
305 5.79899978638
306 5.78499984741
307 5.76599979401
308 5.73799991608
309 5.72700023651
310 5.70399999619
311 5.66699981689
312 5.64799976349
313 5.63000011444
314 5.59800004959
315 5.58199977875
316 5.21600008011
317 4.90199995041
318 5.46600008011
319 5.50500011444
320 5.48199987411
321 5.47599983215
322 5.45300006866
323 5.42199993134
324 5.41400003433
325 5.34999990463
326 5.03499984741
327 5.3220000267
328 5.30200004578
329 4.37799978256
330 4.04799985886
331 4.10599994659
332 5.02600002289
333 5.16300010681
334 5.13399982452
335 5.12300014496
336 5.09100008011
337 5.07499980927
338 5.04899978638
339 5.02299976349
340 4.94000005722
341 4.8140001297
342 4.94899988174
343 4.93400001526
344 4.90799999237
345 4.87300014496
346 4.84399986267
347 4.69999980927
348 4.54400014877
349 4.73999977112
350 4.70399999619
351 4.67100000381
352 4.63899993896
353 4.60900020599
354 4.59399986267
355 4.56300020218
356 4.31300020218
357 4.36199998856
358 4.50099992752
359 4.47599983215
360 4.44600009918
361 4.41200017929
362 4.37599992752
363 4.35200023651
364 4.3140001297
365 4.27600002289
366 4.25699996948
367 4.1939997673
368 4.1859998703
369 4.15000009537
370 4.12799978256
371 4.08900022507
372 4.03700017929
373 4.00600004196
374 3.97499990463
375 3.96199989319
376 3.94099998474
377 3.8900001049
378 3.88199996948
379 3.83699989319
380 3.83200001717
381 3.71600008011
382 3.63499999046
383 3.58500003815
384 3.55100011826
385 3.52500009537
386 3.4960000515
387 3.47099995613
388 3.43400001526
389 3.38400006294
390 3.36599993706
391 3.34299993515
392 3.31299996376
393 3.28299999237
394 3.24799990654
395 3.25699996948
396 3.29600000381
397 3.33800005913
398 3.37800002098
399 3.39899992943
400 3.42199993134
401 3.48300004005
402 3.53399991989
403 3.5490000248
404 3.59400010109
405 3.63599991798
406 3.68799996376
407 3.72600007057
408 3.75099992752
409 3.78900003433
410 3.83699989319
411 3.89299988747
412 3.92000007629
413 4.00699996948
414 4.06300020218
415 4.12200021744
416 4.19099998474
417 4.25299978256
418 4.32299995422
419 4.36199998856
420 4.43800020218
421 4.51499986649
422 4.60200023651
423 4.67299985886
424 4.72599983215
425 4.82800006866
426 4.89900016785
427 5.01999998093
428 5.11000013351
429 5.21999979019
430 5.32299995422
431 5.41599988937
432 5.53800010681
433 5.64499998093
434 5.77199983597
435 5.89300012589
436 6.03800010681
437 6.16599988937
438 6.3189997673
439 6.48199987411
440 6.49300003052
441 6.60300016403
442 6.47300004959
443 3.0680000782
444 3.04299998283
445 3.04399991035
446 3.04600000381
447 3.03800010681
448 3.0150001049
449 2.99799990654
450 3.01699995995
451 3.00600004196
452 2.98900008202
453 2.97900009155
454 2.9849998951
455 2.97199988365
456 2.96199989319
457 2.96399998665
458 2.97799992561
459 2.95000004768
460 2.96900010109
461 2.95300006866
462 2.95199990273
463 2.93700003624
464 2.94899988174
465 2.92700004578
466 2.92899990082
467 2.92100000381
468 2.94000005722
469 2.91300010681
470 2.67000007629
471 2.64199995995
472 2.65199995041
473 2.66799998283
474 0.952000021935
475 0.70300000906
476 0.714999973774
477 0.926999986172
478 2.65100002289
479 2.64899992943
480 2.65400004387
481 2.64899992943
482 2.65599989891
483 2.65599989891
484 2.68000006676
485 2.66300010681
486 2.64700007439
487 2.65700006485
488 2.67499995232
489 2.68099999428
490 2.82699990273
491 2.94400000572
492 2.93300008774
493 2.94000005722
494 2.94600009918
495 2.95000004768
496 2.95300006866
497 2.96000003815
498 2.96300005913
499 2.97600007057
500 2.97699999809
501 2.97399997711
502 2.97099995613
503 2.98399996758
504 3.01200008392
505 3.00900006294
506 3.01999998093
507 3.01699995995
508 3.00999999046
509 3.04099988937
510 3.03999996185
511 3.03999996185
512 3.06299996376
513 3.07999992371
514 3.08400011063
515 3.07399988174
516 3.10899996758
517 3.09899997711
518 3.11299991608
519 3.13400006294
520 3.1210000515
521 3.13800001144
522 3.15899991989
523 3.17100000381
524 0.940999984741
525 0.907000005245
526 0.92199999094
527 0.938000023365
528 3.03900003433
529 2.992000103
530 2.94499993324
531 2.88499999046
532 2.83599996567
533 2.78699994087
534 2.73099994659
535 2.70199990273
536 2.95399999619
537 2.91100001335
538 1.18099999428
539 1.13499999046
540 1.09700000286
