0 4.50500011444
1 4.42999982834
2 4.45699977875
3 4.45900011063
4 4.54500007629
5 4.66400003433
6 4.68699979782
7 4.72599983215
8 4.73400020599
9 4.77199983597
10 4.79400014877
11 4.82700014114
12 4.87400007248
13 4.90500020981
14 4.93300008774
15 4.93200016022
16 4.83599996567
17 4.84999990463
18 4.8860001564
19 4.97700023651
20 5.14300012589
21 5.1859998703
22 5.23400020599
23 5.26999998093
24 5.31699991226
25 5.34800004959
26 5.40700006485
27 5.46400022507
28 5.50400018692
29 5.54699993134
30 5.60099983215
31 5.65399980545
32 5.64400005341
33 0.0
34 17.1739997864
35 17.1529998779
36 17.1509990692
37 0.0
38 0.0
39 0.0
40 17.232000351
41 17.1790008545
42 17.0729999542
43 17.0009994507
44 16.5240001678
45 16.5440006256
46 16.5170001984
47 13.1700000763
48 13.0810003281
49 12.3269996643
50 11.9280004501
51 11.5909996033
52 11.6079998016
53 11.6289997101
54 11.626999855
55 11.3509998322
56 11.0129995346
57 10.4469995499
58 10.1099996567
59 8.31299972534
60 8.35900020599
61 8.21599960327
62 7.90500020981
63 7.64099979401
64 7.45800018311
65 7.24800014496
66 7.06199979782
67 6.90799999237
68 6.80499982834
69 6.77500009537
70 6.80000019073
71 6.83599996567
72 6.84999990463
73 6.88100004196
74 6.79500007629
75 6.65299987793
76 6.50899982452
77 6.39300012589
78 6.27099990845
79 6.15199995041
80 5.22599983215
81 4.97499990463
82 4.86199998856
83 4.77500009537
84 4.69000005722
85 4.60400009155
86 4.55200004578
87 4.47900009155
88 4.40000009537
89 4.31699991226
90 4.26000022888
91 4.21400022507
92 4.16200017929
93 4.11999988556
94 4.03000020981
95 3.97099995613
96 3.93600010872
97 3.88599991798
98 3.85700011253
99 3.78699994087
100 3.75500011444
101 3.78500008583
102 3.82100009918
103 3.85500001907
104 3.89100003242
105 3.91400003433
106 3.95199990273
107 3.94199991226
108 3.9240000248
109 3.88599991798
110 3.84500002861
111 3.8180000782
112 3.75999999046
113 3.73600006104
114 3.7009999752
115 3.65899991989
116 3.63100004196
117 3.58800005913
118 3.5720000267
119 3.54200005531
120 3.50900006294
121 3.47300004959
122 3.4430000782
123 3.41300010681
124 3.41000008583
125 3.40499997139
126 3.43400001526
127 3.44799995422
128 3.49099993706
129 3.53800010681
130 3.57299995422
131 3.60700011253
132 3.66100001335
133 4.02899980545
134 4.06500005722
135 4.11000013351
136 4.13000011444
137 4.15799999237
138 4.18800020218
139 4.22399997711
140 4.25299978256
141 4.28599977493
142 4.3220000267
143 4.34399986267
144 4.38999986649
145 4.41900014877
146 4.47300004959
147 4.4889998436
148 4.50600004196
149 4.53100013733
150 4.53999996185
151 4.21000003815
152 4.3029999733
153 4.61800003052
154 3.26399993896
155 3.43000006676
156 4.70900011063
157 4.59000015259
158 4.55399990082
159 4.79699993134
160 4.83699989319
161 4.86199998856
162 4.89400005341
163 4.94199991226
164 4.95599985123
165 5.00400018692
166 5.03299999237
167 5.03900003433
168 3.15400004387
169 3.22799992561
170 3.37599992752
171 4.11899995804
172 4.92100000381
173 4.88399982452
174 4.84200000763
175 4.84200000763
176 4.82299995422
177 4.81199979782
178 4.83500003815
179 4.86600017548
180 4.88000011444
181 4.90199995041
182 4.83799982071
183 5.33199977875
184 5.47800016403
185 5.48099994659
186 5.5
187 5.51399993896
188 4.62200021744
189 4.58400011063
190 5.55399990082
191 5.59200000763
192 3.64400005341
193 3.53200006485
194 4.08199977875
195 4.04400014877
196 5.68800020218
197 5.70699977875
198 5.73000001907
199 5.742000103
200 5.78100013733
201 5.8140001297
202 5.83799982071
203 5.84700012207
204 5.85900020599
205 5.85300016403
206 5.85699987411
207 5.88399982452
208 5.88100004196
209 5.89699983597
210 5.92500019073
211 5.95200014114
212 5.96400022507
213 5.98400020599
214 5.99800014496
215 6.00299978256
216 6.00400018692
217 6.03800010681
218 6.06699991226
219 6.07299995422
220 6.08699989319
221 6.09899997711
222 6.08799982071
223 6.11199998856
224 6.08900022507
225 6.09399986267
226 6.10599994659
227 6.11999988556
228 6.13999986649
229 6.15199995041
230 6.14200019836
231 6.17899990082
232 6.16400003433
233 6.19299983978
234 6.19500017166
235 6.21400022507
236 6.20599985123
237 6.23500013351
238 6.23500013351
239 6.24100017548
240 6.25
241 6.22599983215
242 6.23099994659
243 6.2389998436
244 6.25199985504
245 6.22200012207
246 6.23000001907
247 6.23600006104
248 6.23799991608
249 6.26599979401
250 6.26800012589
251 6.26800012589
252 6.26000022888
253 6.27400016785
254 6.26900005341
255 6.27500009537
256 6.27199983597
257 6.26399993896
258 6.24800014496
259 5.18200016022
260 5.0720000267
261 5.05800008774
262 5.04899978638
263 5.03599977493
264 5.03700017929
265 5.05399990082
266 5.07700014114
267 5.35599994659
268 5.61199998856
269 5.36000013351
270 5.2389998436
271 5.1890001297
272 5.20599985123
273 5.20599985123
274 5.23000001907
275 5.27099990845
276 5.50299978256
277 5.6890001297
278 5.73600006104
279 5.742000103
280 5.73199987411
281 5.76000022888
282 5.8029999733
283 5.94500017166
284 6.07100009918
285 6.07999992371
286 6.05999994278
287 6.07000017166
288 6.07999992371
289 6.06599998474
290 6.04199981689
291 6.01900005341
292 6.00899982452
293 5.96099996567
294 5.95399999619
295 5.94799995422
296 5.92899990082
297 5.89900016785
298 5.89900016785
299 5.87200021744
300 5.86899995804
301 5.85599994659
302 5.82700014114
303 5.81300020218
304 5.80200004578
305 5.80100011826
306 5.79199981689
307 5.78299999237
308 5.73199987411
309 5.73699998856
310 5.6970000267
311 5.67500019073
312 5.65000009537
313 5.62699985504
314 5.60699987411
315 5.58500003815
316 5.21700000763
317 4.89200019836
318 5.47399997711
319 5.49800014496
320 5.48799991608
321 5.47300004959
322 5.45499992371
323 5.42399978638
324 5.4310002327
325 5.34899997711
326 5.02799987793
327 5.3109998703
328 5.30900001526
329 4.36899995804
330 4.05100011826
331 4.12599992752
332 5.02699995041
333 5.16900014877
334 5.13800001144
335 5.125
336 5.09899997711
337 5.06500005722
338 5.04099988937
339 5.02500009537
340 4.94899988174
341 4.82499980927
342 4.96199989319
343 4.94600009918
344 4.89799976349
345 4.87699985504
346 4.83099985123
347 4.71400022507
348 4.5640001297
349 4.73500013351
350 4.71600008011
351 4.68699979782
352 4.66099977493
353 4.63700008392
354 4.59299993515
355 4.55999994278
356 4.30100011826
357 4.34600019455
358 4.48600006104
359 4.46799993515
360 4.43499994278
361 4.4279999733
362 4.38500022888
363 4.36800003052
364 4.33500003815
365 4.26999998093
366 4.23500013351
367 4.19600009918
368 4.16599988937
369 4.15500020981
370 4.1139998436
371 4.07899999619
372 4.03499984741
373 4.02799987793
374 3.98799991608
375 3.95900011063
376 3.94099998474
377 3.89599990845
378 3.87800002098
379 3.84500002861
380 3.82500004768
381 3.73000001907
382 3.65300011635
383 3.6099998951
384 3.5759999752
385 3.53699994087
386 3.50099992752
387 3.45199990273
388 3.41899991035
389 3.39499998093
390 3.3599998951
391 3.34800004959
392 3.32100009918
393 3.27800011635
394 3.25999999046
395 3.27500009537
396 3.30200004578
397 3.3259999752
398 3.3599998951
399 3.39700007439
400 3.4470000267
401 3.49300003052
402 3.51200008392
403 3.55500006676
404 3.60800004005
405 3.63199996948
406 3.66899991035
407 3.71499991417
408 3.75
409 3.79299998283
410 3.84200000763
411 3.90599989891
412 3.94000005722
413 3.98300004005
414 4.0689997673
415 4.12200021744
416 4.19500017166
417 4.24499988556
418 4.32000017166
419 4.38700008392
420 4.45900011063
421 4.52099990845
422 4.59100008011
423 4.65899991989
424 4.72499990463
425 4.8060002327
426 4.91200017929
427 5.03499984741
428 5.11999988556
429 5.20300006866
430 5.32499980927
431 5.42399978638
432 5.53000020981
433 5.64300012589
434 5.77199983597
435 5.87699985504
436 6.02299976349
437 6.16800022125
438 6.31699991226
439 6.48500013351
440 6.51200008392
441 6.60799980164
442 6.47700023651
443 3.0680000782
444 3.05399990082
445 3.02800011635
446 3.02900004387
447 3.02300000191
448 3.01200008392
449 3.02200007439
450 3.00500011444
451 3.0150001049
452 2.99000000954
453 2.97900009155
454 2.98900008202
455 2.96300005913
456 2.97300004959
457 2.97099995613
458 2.97000002861
459 2.95600008965
460 2.94899988174
461 2.94600009918
462 2.94099998474
463 2.95000004768
464 2.93600010872
465 2.93300008774
466 2.94000005722
467 2.93099999428
468 2.92700004578
469 2.91599988937
470 2.70199990273
471 2.64700007439
472 2.65000009537
473 2.65499997139
474 0.945999979973
475 0.699999988079
476 0.705999970436
477 0.925999999046
478 2.65899991989
479 2.6400001049
480 2.64700007439
481 2.65499997139
482 2.66899991035
483 2.65799999237
484 2.66400003433
485 2.67499995232
486 2.66899991035
487 2.67199993134
488 2.65499997139
489 2.68099999428
490 2.82299995422
491 2.9470000267
492 2.94199991226
493 2.94799995422
494 2.94899988174
495 2.95900011063
496 2.95199990273
497 2.96900010109
498 2.95900011063
499 2.96399998665
500 2.9849998951
501 3.0
502 3.00099992752
503 2.98099994659
504 2.992000103
505 3.00699996948
506 3.01900005341
507 3.03399991989
508 3.01999998093
509 3.03299999237
510 3.0529999733
511 3.04999995232
512 3.04299998283
513 3.06599998474
514 3.08899998665
515 3.08100008965
516 3.09100008011
517 3.11800003052
518 3.10500001907
519 3.13400006294
520 3.14599990845
521 3.132999897
522 3.15300011635
523 3.17499995232
524 0.930999994278
525 0.917999982834
526 0.925000011921
527 0.949000000954
528 3.04999995232
529 2.99399995804
530 2.93799996376
531 2.875
532 2.82500004768
533 2.79500007629
534 2.742000103
535 2.70300006866
536 2.96900010109
537 1.12199997902
538 1.08899998665
539 1.04600000381
540 0.998000025749
