0 4.507999897
1 4.4439997673
2 4.45800018311
3 4.45900011063
4 4.53999996185
5 4.625
6 4.6810002327
7 4.70100021362
8 4.73600006104
9 4.78299999237
10 4.80100011826
11 4.83599996567
12 4.86499977112
13 4.88800001144
14 4.93499994278
15 4.92899990082
16 4.83099985123
17 4.85099983215
18 4.89099979401
19 4.96999979019
20 5.15700006485
21 5.19000005722
22 5.22399997711
23 5.26800012589
24 5.32600021362
25 5.367000103
26 5.41699981689
27 5.45800018311
28 5.49900007248
29 5.56199979782
30 5.59800004959
31 5.64900016785
32 5.69500017166
33 0.0
34 17.1609992981
35 17.1369991302
36 17.1550006866
37 0.0
38 0.0
39 0.0
40 17.2390003204
41 17.1800003052
42 17.0799999237
43 17.0090007782
44 16.5389995575
45 16.5349998474
46 16.5209999084
47 13.1700000763
48 13.0780000687
49 12.3280000687
50 11.9200000763
51 11.5979995728
52 11.6169996262
53 11.6280002594
54 11.6309995651
55 11.3579998016
56 10.9960002899
57 10.4709997177
58 10.1219997406
59 8.3360004425
60 8.32600021362
61 8.20899963379
62 7.93200016022
63 7.65000009537
64 7.45399999619
65 7.24300003052
66 7.06500005722
67 6.89400005341
68 6.79799985886
69 6.78999996185
70 6.80800008774
71 6.83599996567
72 6.85699987411
73 6.86499977112
74 6.80499982834
75 6.64300012589
76 6.51700019836
77 6.39099979401
78 6.27500009537
79 6.15199995041
80 5.21500015259
81 4.96799993515
82 4.86499977112
83 4.78299999237
84 4.6779999733
85 4.57999992371
86 4.54600000381
87 4.47200012207
88 4.40999984741
89 4.33799982071
90 4.27199983597
91 4.23699998856
92 4.17000007629
93 4.117000103
94 4.03499984741
95 3.97799992561
96 3.94899988174
97 3.88400006294
98 3.83999991417
99 3.78999996185
100 3.78299999237
101 3.79699993134
102 3.8220000267
103 3.85800004005
104 3.88000011444
105 3.91300010681
106 3.94000005722
107 3.94899988174
108 3.92100000381
109 3.88100004196
110 3.83899998665
111 3.80500006676
112 3.77500009537
113 3.73300004005
114 3.6930000782
115 3.65899991989
116 3.62700009346
117 3.58299994469
118 3.55800008774
119 3.53299999237
120 3.51799988747
121 3.47699999809
122 3.43899989128
123 3.41300010681
124 3.41000008583
125 3.39800000191
126 3.42899990082
127 3.44899988174
128 3.4960000515
129 3.53999996185
130 3.58400011063
131 3.61800003052
132 3.67499995232
133 4.02699995041
134 4.04600000381
135 4.10099983215
136 4.10500001907
137 4.16099977493
138 4.17500019073
139 4.21600008011
140 4.23699998856
141 4.29400014877
142 4.30800008774
143 4.33400011063
144 4.38100004196
145 4.42600011826
146 4.46400022507
147 4.4889998436
148 4.52299976349
149 4.53299999237
150 4.53299999237
151 4.1970000267
152 4.30000019073
153 4.57000017166
154 3.27399992943
155 3.41100001335
156 4.72100019455
157 4.60500001907
158 4.5689997673
159 4.8060002327
160 4.82700014114
161 4.8639998436
162 4.89300012589
163 4.92700004578
164 4.97100019455
165 4.99900007248
166 5.02699995041
167 5.03800010681
168 3.15300011635
169 3.23600006104
170 3.38800001144
171 4.10200023651
172 4.92000007629
173 4.86999988556
174 4.86600017548
175 4.83500003815
176 4.82800006866
177 4.82899999619
178 4.83099985123
179 4.84299993515
180 4.875
181 4.89699983597
182 4.82000017166
183 5.31599998474
184 5.47200012207
185 5.4889998436
186 5.50400018692
187 5.52099990845
188 4.61199998856
189 4.58599996567
190 5.55999994278
191 5.59000015259
192 3.64299988747
193 3.52800011635
194 4.07499980927
195 4.04099988937
196 5.69199991226
197 5.71400022507
198 5.75
199 5.75699996948
200 5.78900003433
201 5.8109998703
202 5.81599998474
203 5.82100009918
204 5.83900022507
205 5.86800003052
206 5.88399982452
207 5.89099979401
208 5.90899991989
209 5.90799999237
210 5.92299985886
211 5.92600011826
212 5.96199989319
213 5.96500015259
214 5.98600006104
215 6.00500011444
216 6.01900005341
217 6.02400016785
218 6.06599998474
219 6.06699991226
220 6.06300020218
221 6.07700014114
222 6.08199977875
223 6.10300016403
224 6.11199998856
225 6.11800003052
226 6.132999897
227 6.13999986649
228 6.14499998093
229 6.14599990845
230 6.16400003433
231 6.15999984741
232 6.16400003433
233 6.18400001526
234 6.21600008011
235 6.21999979019
236 6.23400020599
237 6.22900009155
238 6.22900009155
239 6.22399997711
240 6.22200012207
241 6.22399997711
242 6.22200012207
243 6.23299980164
244 6.22700023651
245 6.25299978256
246 6.22900009155
247 6.22399997711
248 6.242000103
249 6.242000103
250 6.25500011444
251 6.26900005341
252 6.27099990845
253 6.26800012589
254 6.27699995041
255 6.26499986649
256 6.26900005341
257 6.24599981308
258 6.23299980164
259 5.18400001526
260 5.07399988174
261 5.05800008774
262 5.05100011826
263 5.05200004578
264 5.03399991989
265 5.03800010681
266 5.07299995422
267 5.36800003052
268 5.60699987411
269 5.34999990463
270 5.24100017548
271 5.20499992371
272 5.20900011063
273 5.19999980927
274 5.23699998856
275 5.27500009537
276 5.51000022888
277 5.67999982834
278 5.72399997711
279 5.71199989319
280 5.74399995804
281 5.77400016785
282 5.80800008774
283 5.96400022507
284 6.07999992371
285 6.07899999619
286 6.08599996567
287 6.07399988174
288 6.05399990082
289 6.04600000381
290 6.03499984741
291 6.01000022888
292 6.01000022888
293 5.98400020599
294 5.97499990463
295 5.9390001297
296 5.91400003433
297 5.92000007629
298 5.89099979401
299 5.88800001144
300 5.86899995804
301 5.867000103
302 5.83599996567
303 5.82399988174
304 5.81300020218
305 5.79300022125
306 5.77299976349
307 5.75299978256
308 5.742000103
309 5.71500015259
310 5.69500017166
311 5.6859998703
312 5.64599990845
313 5.63199996948
314 5.60200023651
315 5.58599996567
316 5.20699977875
317 4.89300012589
318 5.46899986267
319 5.507999897
320 5.48600006104
321 5.46299982071
322 5.45399999619
323 5.42100000381
324 5.43400001526
325 5.35400009155
326 5.02899980545
327 5.3029999733
328 5.30700016022
329 4.37799978256
330 4.07100009918
331 4.12599992752
332 5.04099988937
333 5.17100000381
334 5.14099979401
335 5.12699985504
336 5.09899997711
337 5.06500005722
338 5.04300022125
339 5.02299976349
340 4.95399999619
341 4.82600021362
342 4.95399999619
343 4.94199991226
344 4.91200017929
345 4.86999988556
346 4.85099983215
347 4.70200014114
348 4.57000017166
349 4.73699998856
350 4.69899988174
351 4.67700004578
352 4.65100002289
353 4.62099981308
354 4.57999992371
355 4.57000017166
356 4.32800006866
357 4.3639998436
358 4.48299980164
359 4.45900011063
360 4.43200016022
361 4.42299985886
362 4.39200019836
363 4.36000013351
364 4.31799983978
365 4.26599979401
366 4.24100017548
367 4.23400020599
368 4.17399978638
369 4.13100004196
370 4.09899997711
371 4.08900022507
372 4.04899978638
373 4.03499984741
374 3.9960000515
375 3.97199988365
376 3.93899989128
377 3.92000007629
378 3.88499999046
379 3.86500000954
380 3.83599996567
381 3.72199988365
382 3.62400007248
383 3.60199999809
384 3.5759999752
385 3.53800010681
386 3.4960000515
387 3.46199989319
388 3.4430000782
389 3.40000009537
390 3.37299990654
391 3.32699990273
392 3.30100011826
393 3.28399991989
394 3.26699995995
395 3.28099989891
396 3.29600000381
397 3.33599996567
398 3.382999897
399 3.40000009537
400 3.4240000248
401 3.48300004005
402 3.51699995995
403 3.56599998474
404 3.58699989319
405 3.64800000191
406 3.68799996376
407 3.72399997711
408 3.73600006104
409 3.76900005341
410 3.85400009155
411 3.88700008392
412 3.92300009727
413 4.007999897
414 4.05000019073
415 4.11899995804
416 4.16400003433
417 4.24100017548
418 4.32299995422
419 4.38199996948
420 4.45599985123
421 4.52899980545
422 4.60500001907
423 4.66400003433
424 4.72700023651
425 4.81300020218
426 4.90600013733
427 5.02199983597
428 5.11800003052
429 5.21099996567
430 5.31199979782
431 5.42899990082
432 5.53200006485
433 5.64699983597
434 5.757999897
435 5.88800001144
436 6.01599979401
437 6.16800022125
438 6.3140001297
439 6.47700023651
440 6.50199985504
441 6.61499977112
442 6.4390001297
443 3.10100007057
444 3.05999994278
445 3.04600000381
446 3.05200004578
447 3.03800010681
448 3.00699996948
449 3.00600004196
450 3.00699996948
451 3.0150001049
452 2.99499988556
453 2.98000001907
454 2.97399997711
455 2.9849998951
456 2.97799992561
457 2.96300005913
458 2.98099994659
459 2.97799992561
460 2.95399999619
461 2.95799994469
462 2.93899989128
463 2.9509999752
464 2.94499993324
465 2.94099998474
466 2.93000006676
467 2.9319999218
468 2.91599988937
469 2.91400003433
470 2.67100000381
471 2.65799999237
472 2.63400006294
473 2.65700006485
474 0.95300000906
475 0.72000002861
476 0.708000004292
477 0.926999986172
478 2.66499996185
479 2.63499999046
480 2.64899992943
481 2.65899991989
482 2.65400004387
483 2.64100003242
484 2.66000008583
485 2.6740000248
486 2.66499996185
487 2.65599989891
488 2.6970000267
489 2.67499995232
490 2.82100009918
491 2.95000004768
492 2.93400001526
493 2.93499994278
494 2.96000003815
495 2.9430000782
496 2.96700000763
497 2.95300006866
498 2.95700001717
499 2.97499990463
500 2.96499991417
501 2.97000002861
502 2.98200011253
503 2.98300004005
504 2.98799991608
505 2.99000000954
506 3.0039999485
507 3.0150001049
508 3.02900004387
509 3.03299999237
510 3.03500008583
511 3.0490000248
512 3.07399988174
513 3.07100009918
514 3.09200000763
515 3.09400010109
516 3.10800004005
517 3.10500001907
518 3.12599992752
519 3.12599992752
520 3.13599991798
521 3.15700006485
522 3.16799998283
523 3.1740000248
524 0.93599998951
525 0.916999995708
526 0.920000016689
527 1.18700003624
528 1.20299994946
529 1.2009999752
530 1.20599997044
531 1.18900001049
532 1.18499994278
533 1.18900001049
534 1.20200002193
535 1.19299995899
536 1.2120000124
537 1.19299995899
538 1.22099995613
539 1.22399997711
540 3.56399989128
