0 4.51900005341
1 4.44500017166
2 4.45800018311
3 4.44600009918
4 4.54400014877
5 4.64799976349
6 4.69000005722
7 4.71500015259
8 4.73299980164
9 4.76800012589
10 4.80800008774
11 4.82600021362
12 4.85500001907
13 4.89099979401
14 4.92700004578
15 4.94999980927
16 4.83900022507
17 4.85200023651
18 4.89599990845
19 4.96899986267
20 5.14499998093
21 5.19600009918
22 5.23500013351
23 5.26999998093
24 5.32100009918
25 5.36299991608
26 5.41800022125
27 5.45100021362
28 5.49399995804
29 5.55399990082
30 5.60900020599
31 5.64099979401
32 5.66499996185
33 0.0
34 17.1369991302
35 17.1469993591
36 17.1509990692
37 0.0
38 0.0
39 0.0
40 17.2460002899
41 17.1809997559
42 17.0890007019
43 17.0030002594
44 16.5359992981
45 16.5480003357
46 16.5200004578
47 13.1660003662
48 13.0699996948
49 12.3509998322
50 11.9580001831
51 11.593000412
52 11.6129999161
53 11.6490001678
54 11.6190004349
55 11.3529996872
56 10.9960002899
57 10.4779996872
58 10.125
59 8.33899974823
60 8.34799957275
61 8.20800018311
62 7.92000007629
63 7.64200019836
64 7.46099996567
65 7.23999977112
66 7.07000017166
67 6.90500020981
68 6.78999996185
69 6.78900003433
70 6.8109998703
71 6.83199977875
72 6.86000013351
73 6.86899995804
74 6.78999996185
75 6.64799976349
76 6.51399993896
77 6.3860001564
78 6.26999998093
79 6.15600013733
80 5.21999979019
81 4.96000003815
82 4.84999990463
83 4.76599979401
84 4.68200016022
85 4.60599994659
86 4.54500007629
87 4.48199987411
88 4.41699981689
89 4.34999990463
90 4.28599977493
91 4.22900009155
92 4.17700004578
93 4.11499977112
94 4.03299999237
95 3.98099994659
96 3.94799995422
97 3.8900001049
98 3.86100006104
99 3.79999995232
100 3.77699995041
101 3.78999996185
102 3.83899998665
103 3.86899995804
104 3.86899995804
105 3.89800000191
106 3.93300008774
107 3.96199989319
108 3.92700004578
109 3.89100003242
110 3.85599994659
111 3.80500006676
112 3.77999997139
113 3.74099993706
114 3.70000004768
115 3.66499996185
116 3.61800003052
117 3.58800005913
118 3.56500005722
119 3.54399991035
120 3.50699996948
121 3.48300004005
122 3.43700003624
123 3.4279999733
124 3.39599990845
125 3.39899992943
126 3.4240000248
127 3.46099996567
128 3.50300002098
129 3.53500008583
130 3.57699990273
131 3.625
132 3.68000006676
133 4.03200006485
134 4.07899999619
135 4.10599994659
136 4.12599992752
137 4.15600013733
138 4.1890001297
139 4.22900009155
140 4.25899982452
141 4.29300022125
142 4.31599998474
143 4.34999990463
144 4.39900016785
145 4.42500019073
146 4.46799993515
147 4.48799991608
148 4.52500009537
149 4.54799985886
150 4.55399990082
151 4.21700000763
152 4.29199981689
153 4.51000022888
154 3.27900004387
155 3.44000005722
156 4.71799993515
157 4.61100006104
158 4.57700014114
159 4.8109998703
160 4.82800006866
161 4.86499977112
162 4.90199995041
163 4.92500019073
164 4.96299982071
165 5.00600004196
166 5.02299976349
167 5.05100011826
168 3.15300011635
169 3.22099995613
170 3.38800001144
171 4.10599994659
172 4.91200017929
173 4.88199996948
174 4.85400009155
175 4.84600019455
176 4.82999992371
177 4.84000015259
178 4.83199977875
179 4.85799980164
180 4.867000103
181 4.90100002289
182 4.83300018311
183 5.33699989319
184 5.47399997711
185 5.48500013351
186 5.48999977112
187 5.52299976349
188 4.61899995804
189 4.59499979019
190 5.56799983978
191 5.59399986267
192 3.65400004387
193 3.53399991989
194 4.09600019455
195 4.08099985123
196 5.69299983978
197 5.71000003815
198 5.74300003052
199 5.76300001144
200 5.8029999733
201 5.80100011826
202 5.82499980927
203 5.82999992371
204 5.84600019455
205 5.85400009155
206 5.87200021744
207 5.89599990845
208 5.89599990845
209 5.92199993134
210 5.92199993134
211 5.95300006866
212 5.96000003815
213 5.96999979019
214 5.98199987411
215 5.99800014496
216 6.03100013733
217 6.04600000381
218 6.05100011826
219 6.08699989319
220 6.07899999619
221 6.09600019455
222 6.10599994659
223 6.11000013351
224 6.09999990463
225 6.12099981308
226 6.11000013351
227 6.14599990845
228 6.15500020981
229 6.15199995041
230 6.15799999237
231 6.15600013733
232 6.16300010681
233 6.19600009918
234 6.20399999619
235 6.19899988174
236 6.23699998856
237 6.22499990463
238 6.22300004959
239 6.22399997711
240 6.22700023651
241 6.22700023651
242 6.21999979019
243 6.22900009155
244 6.257999897
245 6.24900007248
246 6.24399995804
247 6.26000022888
248 6.26200008392
249 6.25899982452
250 6.24800014496
251 6.25199985504
252 6.26300001144
253 6.27899980545
254 6.28499984741
255 6.28999996185
256 6.26200008392
257 6.27699995041
258 6.24100017548
259 5.18699979782
260 5.05900001526
261 5.05700016022
262 5.06300020218
263 5.05100011826
264 5.03700017929
265 5.03399991989
266 5.08599996567
267 5.35799980164
268 5.61299991608
269 5.35099983215
270 5.2389998436
271 5.19099998474
272 5.21400022507
273 5.21099996567
274 5.23099994659
275 5.28900003433
276 5.52099990845
277 5.69299983978
278 5.71799993515
279 5.73999977112
280 5.75899982452
281 5.76599979401
282 5.81500005722
283 5.95100021362
284 6.08900022507
285 6.09100008011
286 6.08099985123
287 6.06699991226
288 6.05100011826
289 6.04500007629
290 6.04099988937
291 6.01499986649
292 5.98299980164
293 5.98000001907
294 5.95100021362
295 5.95399999619
296 5.9359998703
297 5.91400003433
298 5.90199995041
299 5.88100004196
300 5.85400009155
301 5.84899997711
302 5.85699987411
303 5.83199977875
304 5.8189997673
305 5.80999994278
306 5.77500009537
307 5.77699995041
308 5.74599981308
309 5.72200012207
310 5.68800020218
311 5.65999984741
312 5.65700006485
313 5.63700008392
314 5.62799978256
315 5.59000015259
316 5.19500017166
317 4.88700008392
318 5.48400020599
319 5.50899982452
320 5.48299980164
321 5.46400022507
322 5.45399999619
323 5.44600009918
324 5.42899990082
325 5.34700012207
326 5.02899980545
327 5.3140001297
328 5.30700016022
329 4.38399982452
330 4.07100009918
331 4.11999988556
332 5.02299976349
333 5.17199993134
334 5.14699983597
335 5.11600017548
336 5.09999990463
337 5.0720000267
338 5.04899978638
339 5.03800010681
340 4.96099996567
341 4.82800006866
342 4.95399999619
343 4.95300006866
344 4.89900016785
345 4.867000103
346 4.83900022507
347 4.70599985123
348 4.57700014114
349 4.72700023651
350 4.72300004959
351 4.6939997673
352 4.65500020981
353 4.60099983215
354 4.59600019455
355 4.55100011826
356 4.3060002327
357 4.36600017548
358 4.49399995804
359 4.46799993515
360 4.4359998703
361 4.4310002327
362 4.40199995041
363 4.37400007248
364 4.30399990082
365 4.28100013733
366 4.24300003052
367 4.21000003815
368 4.1779999733
369 4.15000009537
370 4.11499977112
371 4.09000015259
372 4.06699991226
373 4.02299976349
374 3.98000001907
375 3.97399997711
376 3.91300010681
377 3.91400003433
378 3.88599991798
379 3.8599998951
380 3.83500003815
381 3.72099995613
382 3.63899993896
383 3.60700011253
384 3.56999993324
385 3.53099989891
386 3.48799991608
387 3.46900010109
388 3.44400000572
389 3.40499997139
390 3.38100004196
391 3.34800004959
392 3.30100011826
393 3.28600001335
394 3.27699995041
395 3.26799988747
396 3.31100010872
397 3.33500003815
398 3.38400006294
399 3.41499996185
400 3.44499993324
401 3.48799991608
402 3.52300000191
403 3.56500005722
404 3.58400011063
405 3.64800000191
406 3.67700004578
407 3.73699998856
408 3.73900008202
409 3.79600000381
410 3.85100007057
411 3.8710000515
412 3.93899989128
413 3.97799992561
414 4.05399990082
415 4.12200021744
416 4.19899988174
417 4.26000022888
418 4.3140001297
419 4.39599990845
420 4.45599985123
421 4.52400016785
422 4.59499979019
423 4.66699981689
424 4.73600006104
425 4.81500005722
426 4.92500019073
427 5.01800012589
428 5.11600017548
429 5.22599983215
430 5.31699991226
431 5.42600011826
432 5.53399991989
433 5.64900016785
434 5.75299978256
435 5.88500022888
436 6.02600002289
437 6.18499994278
438 6.32499980927
439 6.48400020599
440 6.48199987411
441 6.60500001907
442 6.49499988556
443 3.08999991417
444 3.0529999733
445 3.03500008583
446 3.02500009537
447 3.04200005531
448 3.02500009537
449 3.02099990845
450 3.00900006294
451 2.99900007248
452 3.01200008392
453 2.992000103
454 2.97399997711
455 2.9960000515
456 2.992000103
457 2.96499991417
458 2.97199988365
459 2.95499992371
460 2.95199990273
461 2.94199991226
462 2.95300006866
463 2.93700003624
464 2.93899989128
465 2.94099998474
466 2.9319999218
467 2.92700004578
468 2.9319999218
469 2.92000007629
470 2.67499995232
471 2.64899992943
472 2.67000007629
473 2.66799998283
474 0.954999983311
475 0.721000015736
476 0.728999972343
477 0.934000015259
478 2.66899991035
479 2.63499999046
480 2.65000009537
481 2.66000008583
482 2.65599989891
483 2.65799999237
484 2.66599988937
485 2.64700007439
486 2.68400001526
487 2.67700004578
488 2.69000005722
489 2.69600009918
490 2.8259999752
491 2.95300006866
492 2.94099998474
493 2.93400001526
494 2.95199990273
495 2.95799994469
496 2.95900011063
497 2.95900011063
498 2.96000003815
499 2.97499990463
500 2.97900009155
501 2.99099993706
502 2.98300004005
503 2.98200011253
504 3.0039999485
505 3.00500011444
506 3.02200007439
507 3.01399993896
508 3.03099989891
509 3.02300000191
510 3.06100010872
511 3.0569999218
512 3.0720000267
513 3.06399989128
514 3.08599996567
515 3.07699990273
516 3.11500000954
517 3.10100007057
518 3.11500000954
519 3.12400007248
520 3.132999897
521 3.15599989891
522 3.15499997139
523 3.16100001335
524 0.949999988079
525 0.917999982834
526 0.930999994278
527 0.941999971867
528 3.04800009727
529 2.99900007248
530 2.93799996376
531 2.882999897
532 2.84200000763
533 2.79500007629
534 2.74900007248
535 2.72799992561
536 2.97000002861
537 2.9279999733
538 0.0
539 1.14900004864
540 1.09599995613
