0 4.50099992752
1 4.42999982834
2 4.42399978638
3 4.46700000763
4 4.53000020981
5 4.65100002289
6 4.67999982834
7 4.70900011063
8 4.74399995804
9 4.76999998093
10 4.79500007629
11 4.81599998474
12 4.85500001907
13 4.90399980545
14 4.93200016022
15 4.9310002327
16 4.84700012207
17 4.86299991608
18 4.87699985504
19 4.97300004959
20 5.13999986649
21 5.17899990082
22 5.22800016403
23 5.27500009537
24 5.3189997673
25 5.35200023651
26 5.41300010681
27 5.46000003815
28 5.50099992752
29 5.5560002327
30 5.59499979019
31 5.65999984741
32 5.65199995041
33 0.0
34 17.1539993286
35 17.1490001678
36 17.158000946
37 0.0
38 0.0
39 0.0
40 17.2390003204
41 17.172000885
42 17.0680007935
43 17.0020008087
44 16.5270004272
45 16.545999527
46 16.5270004272
47 13.1579999924
48 13.0889997482
49 12.329000473
50 11.9270000458
51 11.5760002136
52 11.6079998016
53 11.6440000534
54 11.6260004044
55 11.3520002365
56 11.0010004044
57 10.4759998322
58 10.1049995422
59 8.30200004578
60 8.33899974823
61 8.20199966431
62 7.91499996185
63 7.65500020981
64 7.43800020218
65 7.24800014496
66 7.05900001526
67 6.89699983597
68 6.79500007629
69 6.78800010681
70 6.79300022125
71 6.82700014114
72 6.85900020599
73 6.86100006104
74 6.78399991989
75 6.63800001144
76 6.50699996948
77 6.38899993896
78 6.27500009537
79 6.14699983597
80 5.23299980164
81 4.96899986267
82 4.86100006104
83 4.77099990845
84 4.6890001297
85 4.58599996567
86 4.53800010681
87 4.47499990463
88 4.39300012589
89 4.34200000763
90 4.28900003433
91 4.20800018311
92 4.16599988937
93 4.10799980164
94 4.03900003433
95 3.99000000954
96 3.9430000782
97 3.88899993896
98 3.84200000763
99 3.79299998283
100 3.76900005341
101 3.79999995232
102 3.82500004768
103 3.85400009155
104 3.882999897
105 3.90599989891
106 3.96300005913
107 3.96799993515
108 3.92600011826
109 3.87599992752
110 3.83100008965
111 3.79299998283
112 3.75699996948
113 3.73699998856
114 3.70300006866
115 3.66899991035
116 3.63199996948
117 3.60700011253
118 3.5680000782
119 3.53900003433
120 3.50500011444
121 3.47499990463
122 3.43499994278
123 3.41000008583
124 3.40799999237
125 3.39599990845
126 3.42499995232
127 3.45199990273
128 3.48099994659
129 3.53500008583
130 3.56999993324
131 3.61100006104
132 3.66300010681
133 4.02500009537
134 4.05999994278
135 4.09000015259
136 4.13899993896
137 4.14699983597
138 4.15999984741
139 4.21400022507
140 4.24900007248
141 4.29199981689
142 4.3029999733
143 4.36000013351
144 4.38999986649
145 4.44099998474
146 4.44899988174
147 4.49800014496
148 4.51000022888
149 4.52799987793
150 4.54300022125
151 4.19600009918
152 4.30900001526
153 4.58199977875
154 3.24900007248
155 3.43799996376
156 4.72300004959
157 4.59999990463
158 4.54300022125
159 4.78800010681
160 4.82999992371
161 4.87300014496
162 4.90899991989
163 4.92999982834
164 4.96199989319
165 4.99100017548
166 5.02600002289
167 5.03200006485
168 3.13400006294
169 3.21499991417
170 3.3710000515
171 4.1139998436
172 4.90999984741
173 4.87400007248
174 4.84600019455
175 4.82600021362
176 4.82899999619
177 4.83699989319
178 4.82999992371
179 4.84899997711
180 4.86800003052
181 4.90799999237
182 4.82800006866
183 5.32999992371
184 5.47700023651
185 5.48400020599
186 5.49800014496
187 5.52299976349
188 4.60500001907
189 4.57600021362
190 5.55900001526
191 5.59800004959
192 3.64700007439
193 3.52399992943
194 4.0689997673
195 4.04899978638
196 5.69799995422
197 5.71400022507
198 5.72300004959
199 5.76700019836
200 5.79799985886
201 5.79799985886
202 5.82999992371
203 5.84499979019
204 5.83599996567
205 5.85099983215
206 5.882999897
207 5.87200021744
208 5.89699983597
209 5.90999984741
210 5.9359998703
211 5.94099998474
212 5.9470000267
213 5.96999979019
214 5.98500013351
215 6.00099992752
216 6.00699996948
217 6.03599977493
218 6.05999994278
219 6.07700014114
220 6.09100008011
221 6.0609998703
222 6.07299995422
223 6.09000015259
224 6.09000015259
225 6.10300016403
226 6.117000103
227 6.12799978256
228 6.15000009537
229 6.15899991989
230 6.16300010681
231 6.17999982834
232 6.17600011826
233 6.19199991226
234 6.18699979782
235 6.21400022507
236 6.23500013351
237 6.21999979019
238 6.22200012207
239 6.23000001907
240 6.21999979019
241 6.22700023651
242 6.22900009155
243 6.23400020599
244 6.24300003052
245 6.23500013351
246 6.23000001907
247 6.25400018692
248 6.242000103
249 6.25
250 6.26599979401
251 6.26800012589
252 6.25400018692
253 6.26599979401
254 6.27500009537
255 6.27699995041
256 6.27199983597
257 6.26800012589
258 6.22100019455
259 5.19099998474
260 5.06500005722
261 5.04699993134
262 5.03700017929
263 5.05000019073
264 5.05100011826
265 5.04199981689
266 5.10599994659
267 5.35599994659
268 5.60699987411
269 5.34600019455
270 5.23199987411
271 5.19099998474
272 5.20599985123
273 5.21500015259
274 5.23600006104
275 5.27799987793
276 5.51700019836
277 5.68499994278
278 5.73500013351
279 5.73299980164
280 5.75099992752
281 5.77199983597
282 5.82499980927
283 5.95499992371
284 6.08099985123
285 6.08699989319
286 6.07499980927
287 6.07299995422
288 6.06300020218
289 6.03599977493
290 6.01999998093
291 6.01399993896
292 6.00400018692
293 5.98500013351
294 5.95300006866
295 5.94099998474
296 5.93800020218
297 5.90299987793
298 5.89200019836
299 5.87099981308
300 5.84899997711
301 5.84999990463
302 5.83599996567
303 5.8220000267
304 5.82100009918
305 5.8029999733
306 5.79600000381
307 5.76599979401
308 5.75299978256
309 5.72399997711
310 5.70699977875
311 5.65999984741
312 5.63500022888
313 5.6360001564
314 5.60900020599
315 5.59700012207
316 5.20100021362
317 4.8860001564
318 5.47700023651
319 5.51599979401
320 5.48500013351
321 5.45100021362
322 5.43300008774
323 5.42199993134
324 5.42399978638
325 5.34200000763
326 5.01900005341
327 5.30700016022
328 5.30499982834
329 4.38199996948
330 4.05499982834
331 4.117000103
332 5.007999897
333 5.16900014877
334 5.15600013733
335 5.11199998856
336 5.08699989319
337 5.0609998703
338 5.04600000381
339 5.02299976349
340 4.95499992371
341 4.81699991226
342 4.95699977875
343 4.92600011826
344 4.90100002289
345 4.86800003052
346 4.84000015259
347 4.71400022507
348 4.5560002327
349 4.73500013351
350 4.72900009155
351 4.68300008774
352 4.65100002289
353 4.62900018692
354 4.58300018311
355 4.56300020218
356 4.31699991226
357 4.36299991608
358 4.49499988556
359 4.45800018311
360 4.45599985123
361 4.41800022125
362 4.38899993896
363 4.33699989319
364 4.31300020218
365 4.28000020981
366 4.25400018692
367 4.21400022507
368 4.17500019073
369 4.15600013733
370 4.09700012207
371 4.07399988174
372 4.04899978638
373 4.02899980545
374 4.0
375 3.95600008965
376 3.95000004768
377 3.89299988747
378 3.89100003242
379 3.85500001907
380 3.84500002861
381 3.72300004959
382 3.63700008392
383 3.60899996758
384 3.54699993134
385 3.51799988747
386 3.492000103
387 3.46300005913
388 3.42600011826
389 3.40300011635
390 3.36199998856
391 3.34100008011
392 3.3029999733
393 3.29399991035
394 3.27099990845
395 3.25500011444
396 3.29800009727
397 3.32899999619
398 3.38000011444
399 3.39800000191
400 3.43099999428
401 3.48200011253
402 3.51900005341
403 3.54299998283
404 3.60299992561
405 3.64400005341
406 3.68499994278
407 3.72699999809
408 3.72900009155
409 3.78699994087
410 3.84100008011
411 3.8710000515
412 3.93000006676
413 3.9960000515
414 4.0720000267
415 4.12799978256
416 4.1810002327
417 4.257999897
418 4.30900001526
419 4.35300016403
420 4.44600009918
421 4.50099992752
422 4.59200000763
423 4.67399978638
424 4.73199987411
425 4.82299995422
426 4.92199993134
427 5.02899980545
428 5.12300014496
429 5.22100019455
430 5.31699991226
431 5.42500019073
432 5.52500009537
433 5.632999897
434 5.74800014496
435 5.90500020981
436 6.01999998093
437 6.16699981689
438 6.30000019073
439 6.47100019455
440 6.50500011444
441 6.58799982071
442 0.0
443 3.06999993324
444 3.04600000381
445 3.06100010872
446 3.03399991989
447 3.01399993896
448 3.00500011444
449 3.01799988747
450 3.01200008392
451 2.99399995804
452 2.97699999809
453 2.99900007248
454 2.97399997711
455 2.98600006104
456 2.96000003815
457 2.96199989319
458 2.96099996567
459 2.97499990463
460 2.94600009918
461 2.94199991226
462 2.93400001526
463 2.95199990273
464 2.93700003624
465 2.92899990082
466 2.9240000248
467 2.92899990082
468 2.93499994278
469 2.91199994087
470 2.65100002289
471 2.65499997139
472 2.64400005341
473 2.64899992943
474 0.939999997616
475 0.716000020504
476 0.704999983311
477 0.936999976635
478 2.66400003433
479 2.65000009537
480 2.632999897
481 2.65400004387
482 2.65400004387
483 2.65799999237
484 2.66599988937
485 2.66400003433
486 2.66700005531
487 2.67600011826
488 2.67499995232
489 2.68000006676
490 2.8259999752
491 2.92600011826
492 2.93400001526
493 2.95600008965
494 2.94400000572
495 2.9430000782
496 2.94600009918
497 2.96099996567
498 2.95799994469
499 2.97699999809
500 2.97600007057
501 2.97000002861
502 2.9849998951
503 2.98900008202
504 2.98200011253
505 3.0039999485
506 3.02200007439
507 3.01600003242
508 3.00900006294
509 3.04200005531
510 3.04600000381
511 3.04600000381
512 3.04800009727
513 3.07399988174
514 3.08400011063
515 3.09899997711
516 3.09699988365
517 3.08599996567
518 3.10800004005
519 3.12299990654
520 3.14499998093
521 3.132999897
522 3.15199995041
523 3.16100001335
524 0.939999997616
525 0.908999979496
526 0.920000016689
527 0.954999983311
528 3.0529999733
529 2.97799992561
530 2.93000006676
531 2.87400007248
532 2.82699990273
533 2.78099989891
534 2.72699999809
535 2.70399999619
536 2.95499992371
537 2.91100001335
538 1.18700003624
539 1.12399995327
540 1.10199999809
