0 4.5110001564
1 4.42299985886
2 4.44799995422
3 4.47900009155
4 4.53499984741
5 4.65000009537
6 4.68400001526
7 4.71600008011
8 4.7389998436
9 4.76800012589
10 4.78999996185
11 4.82000017166
12 4.8639998436
13 4.89300012589
14 4.9279999733
15 4.9439997673
16 4.84899997711
17 4.84000015259
18 4.882999897
19 4.97100019455
20 5.14699983597
21 5.18200016022
22 5.23299980164
23 5.27699995041
24 5.32100009918
25 5.36499977112
26 5.41200017929
27 5.45699977875
28 5.50500011444
29 5.54899978638
30 5.59000015259
31 5.64200019836
32 5.64499998093
33 0.0
34 17.1499996185
35 17.1539993286
36 17.1459999084
37 0.0
38 0.0
39 0.0
40 17.25
41 17.1770000458
42 17.0580005646
43 17.0009994507
44 16.533000946
45 16.5429992676
46 16.5209999084
47 13.1730003357
48 13.0889997482
49 12.3280000687
50 11.9250001907
51 11.5860004425
52 11.6180000305
53 11.6219997406
54 11.6300001144
55 11.3409996033
56 10.9910001755
57 10.4630002975
58 10.1149997711
59 8.34099960327
60 8.35099983215
61 8.18200016022
62 7.89099979401
63 7.632999897
64 7.45399999619
65 7.24900007248
66 7.07000017166
67 6.90299987793
68 6.80200004578
69 6.77299976349
70 6.80000019073
71 6.83300018311
72 6.85900020599
73 6.87799978256
74 6.79500007629
75 6.64099979401
76 6.50699996948
77 6.39900016785
78 6.26700019836
79 6.16300010681
80 5.22300004959
81 4.96600008011
82 4.85099983215
83 4.77099990845
84 4.69199991226
85 4.61999988556
86 4.54899978638
87 4.48199987411
88 4.39200019836
89 4.32899999619
90 4.26300001144
91 4.23500013351
92 4.15500020981
93 4.09399986267
94 4.04400014877
95 3.992000103
96 3.94199991226
97 3.87599992752
98 3.84200000763
99 3.79800009727
100 3.77600002289
101 3.78399991989
102 3.82100009918
103 3.85299992561
104 3.88599991798
105 3.89499998093
106 3.93799996376
107 3.9509999752
108 3.90799999237
109 3.87700009346
110 3.8259999752
111 3.80599999428
112 3.77399992943
113 3.73000001907
114 3.7009999752
115 3.66400003433
116 3.61599993706
117 3.60500001907
118 3.57500004768
119 3.54099988937
120 3.49399995804
121 3.46099996567
122 3.43700003624
123 3.41700005531
124 3.41300010681
125 3.38199996948
126 3.43099999428
127 3.45600008965
128 3.50200009346
129 3.53299999237
130 3.57699990273
131 3.6099998951
132 3.67300009727
133 4.02899980545
134 4.06799983978
135 4.09700012207
136 4.13199996948
137 4.16400003433
138 4.19899988174
139 4.21099996567
140 4.25199985504
141 4.28499984741
142 4.29799985886
143 4.33300018311
144 4.39300012589
145 4.4279999733
146 4.44500017166
147 4.49100017548
148 4.49700021744
149 4.53599977493
150 4.54099988937
151 4.21000003815
152 4.31699991226
153 4.58900022507
154 3.28600001335
155 3.41300010681
156 4.70599985123
157 4.59899997711
158 4.57700014114
159 4.79500007629
160 4.83500003815
161 4.85500001907
162 4.90199995041
163 4.92700004578
164 4.96600008011
165 4.98999977112
166 5.02699995041
167 5.04199981689
168 3.12299990654
169 3.21799993515
170 3.37400007248
171 4.12099981308
172 4.92199993134
173 4.87099981308
174 4.86199998856
175 4.83400011063
176 4.8220000267
177 4.81199979782
178 4.83599996567
179 4.85300016403
180 4.87599992752
181 4.90899991989
182 4.82000017166
183 5.32800006866
184 5.45900011063
185 5.48500013351
186 5.50600004196
187 5.51900005341
188 4.61000013351
189 4.58099985123
190 5.55900001526
191 5.59899997711
192 3.64700007439
193 3.51200008392
194 4.07999992371
195 4.04199981689
196 5.69500017166
197 5.70800018311
198 5.71999979019
199 5.76300001144
200 5.79699993134
201 5.8109998703
202 5.83699989319
203 5.82800006866
204 5.84399986267
205 5.86000013351
206 5.86999988556
207 5.88100004196
208 5.89599990845
209 5.91599988937
210 5.93499994278
211 5.94000005722
212 5.95800018311
213 5.96799993515
214 5.98500013351
215 5.99599981308
216 6.03200006485
217 6.04400014877
218 6.05700016022
219 6.08699989319
220 6.08300018311
221 6.08500003815
222 6.09000015259
223 6.08900022507
224 6.09499979019
225 6.10200023651
226 6.11800003052
227 6.12699985504
228 6.14400005341
229 6.15999984741
230 6.16200017929
231 6.17299985886
232 6.16800022125
233 6.1859998703
234 6.18400001526
235 6.21700000763
236 6.23199987411
237 6.22599983215
238 6.23099994659
239 6.22200012207
240 6.21999979019
241 6.23299980164
242 6.22499990463
243 6.21500015259
244 6.22599983215
245 6.25699996948
246 6.23400020599
247 6.24800014496
248 6.26000022888
249 6.25299978256
250 6.26999998093
251 6.27600002289
252 6.27699995041
253 6.28200006485
254 6.27699995041
255 6.26900005341
256 6.26800012589
257 6.27600002289
258 6.24499988556
259 5.17600011826
260 5.06500005722
261 5.0560002327
262 5.03999996185
263 5.04899978638
264 5.05800008774
265 5.03700017929
266 5.07800006866
267 5.34100008011
268 5.617000103
269 5.35799980164
270 5.23299980164
271 5.20300006866
272 5.20900011063
273 5.22499990463
274 5.22900009155
275 5.28399991989
276 5.51499986649
277 5.67500019073
278 5.73099994659
279 5.73000001907
280 5.73400020599
281 5.76999998093
282 5.80100011826
283 5.94299983978
284 6.07700014114
285 6.0609998703
286 6.07399988174
287 6.05999994278
288 6.0640001297
289 6.05000019073
290 6.01800012589
291 5.99399995804
292 5.98799991608
293 5.97399997711
294 5.96899986267
295 5.93499994278
296 5.91099977493
297 5.91099977493
298 5.8860001564
299 5.88199996948
300 5.84999990463
301 5.85599994659
302 5.83400011063
303 5.82499980927
304 5.81599998474
305 5.78900003433
306 5.79799985886
307 5.76900005341
308 5.74100017548
309 5.70900011063
310 5.6779999733
311 5.6810002327
312 5.64699983597
313 5.63100004196
314 5.58500003815
315 5.58400011063
316 5.1970000267
317 4.88999986649
318 5.47800016403
319 5.50699996948
320 5.50099992752
321 5.46299982071
322 5.45499992371
323 5.44099998474
324 5.41200017929
325 5.35400009155
326 5.02699995041
327 5.32499980927
328 5.30499982834
329 4.37799978256
330 4.0529999733
331 4.12300014496
332 5.00699996948
333 5.17199993134
334 5.14200019836
335 5.10900020599
336 5.09000015259
337 5.0720000267
338 5.05100011826
339 5.02899980545
340 4.96500015259
341 4.82700014114
342 4.95300006866
343 4.94099998474
344 4.91099977493
345 4.86199998856
346 4.84499979019
347 4.70499992371
348 4.5609998703
349 4.73999977112
350 4.71000003815
351 4.66599988937
352 4.64400005341
353 4.61600017548
354 4.59000015259
355 4.55900001526
356 4.31500005722
357 4.35400009155
358 4.48999977112
359 4.48199987411
360 4.45100021362
361 4.42199993134
362 4.39499998093
363 4.33900022507
364 4.30900001526
365 4.28100013733
366 4.25400018692
367 4.21199989319
368 4.17600011826
369 4.15600013733
370 4.09800004959
371 4.07499980927
372 4.04400014877
373 4.02299976349
374 3.99300003052
375 3.94799995422
376 3.9319999218
377 3.91300010681
378 3.8900001049
379 3.85700011253
380 3.82800006866
381 3.72199988365
382 3.632999897
383 3.60500001907
384 3.56200003624
385 3.51099991798
386 3.48799991608
387 3.4509999752
388 3.43099999428
389 3.40199995041
390 3.38100004196
391 3.33400011063
392 3.31900000572
393 3.28299999237
394 3.27300000191
395 3.25200009346
396 3.30900001526
397 3.33800005913
398 3.36400008202
399 3.40700006485
400 3.45199990273
401 3.47300004959
402 3.52500009537
403 3.56200003624
404 3.61100006104
405 3.65100002289
406 3.6930000782
407 3.72699999809
408 3.74699997902
409 3.78500008583
410 3.83899998665
411 3.8710000515
412 3.91700005531
413 3.98300004005
414 4.07100009918
415 4.1139998436
416 4.1890001297
417 4.24800014496
418 4.31199979782
419 4.37799978256
420 4.42399978638
421 4.52099990845
422 4.59600019455
423 4.67000007629
424 4.73000001907
425 4.8060002327
426 4.90799999237
427 5.01999998093
428 5.11100006104
429 5.21999979019
430 5.32299995422
431 5.41099977493
432 5.53700017929
433 5.62200021744
434 5.77099990845
435 5.89300012589
436 6.02600002289
437 6.16400003433
438 6.3189997673
439 6.45300006866
440 6.50099992752
441 6.60500001907
442 6.46199989319
443 3.0680000782
444 3.04399991035
445 3.04600000381
446 3.02300000191
447 3.04500007629
448 3.01300001144
449 3.00099992752
450 3.01399993896
451 3.00300002098
452 2.99799990654
453 2.98000001907
454 2.99799990654
455 2.97000002861
456 2.97199988365
457 2.96199989319
458 2.95600008965
459 2.94600009918
460 2.9509999752
461 2.9509999752
462 2.93600010872
463 2.93899989128
464 2.93099999428
465 2.93000006676
466 2.92199993134
467 2.91599988937
468 2.92600011826
469 2.91700005531
470 2.6819999218
471 2.64700007439
472 2.65300011635
473 2.64899992943
474 0.949000000954
475 0.711000025272
476 0.704999983311
477 0.930999994278
478 2.65599989891
479 2.64899992943
480 2.65899991989
481 2.65599989891
482 2.64499998093
483 2.67499995232
484 2.66700005531
485 2.66599988937
486 2.65599989891
487 2.66899991035
488 2.66599988937
489 2.68600010872
490 2.82999992371
491 2.93899989128
492 2.94799995422
493 2.9319999218
494 2.94899988174
495 2.95600008965
496 2.95799994469
497 2.95600008965
498 2.97199988365
499 2.96399998665
500 2.96399998665
501 2.98099994659
502 2.9960000515
503 2.98300004005
504 2.99900007248
505 3.01699995995
506 3.01399993896
507 3.02800011635
508 3.03600001335
509 3.03999996185
510 3.04099988937
511 3.05800008774
512 3.04999995232
513 3.07100009918
514 3.07100009918
515 3.07699990273
516 3.08200001717
517 3.10299992561
518 3.11599993706
519 3.10800004005
520 3.13700008392
521 3.13000011444
522 3.15499997139
523 3.18000006676
524 0.926999986172
525 0.924000024796
526 0.919000029564
527 0.934000015259
528 3.04999995232
529 2.98900008202
530 2.92100000381
531 1.35899996758
532 1.15600001812
533 1.1289999485
534 1.11399996281
535 1.11800003052
536 1.11500000954
537 1.09899997711
538 1.08399999142
539 1.07700002193
540 1.03299999237
