0 4.50600004196
1 4.40899991989
2 4.4439997673
3 4.46500015259
4 4.54799985886
5 4.66200017929
6 4.67600011826
7 4.70499992371
8 4.75
9 4.78100013733
10 4.80000019073
11 4.82299995422
12 4.86100006104
13 4.91400003433
14 4.92700004578
15 4.92999982834
16 4.84100008011
17 4.86899995804
18 4.90000009537
19 4.96400022507
20 5.15600013733
21 5.18300008774
22 5.23099994659
23 5.28100013733
24 5.31300020218
25 5.37400007248
26 5.41499996185
27 5.45800018311
28 5.507999897
29 5.55100011826
30 5.61600017548
31 5.64900016785
32 5.66200017929
33 0.0
34 17.1660003662
35 17.1399993896
36 17.1529998779
37 0.0
38 0.0
39 0.0
40 17.2390003204
41 17.1669998169
42 17.0830001831
43 17.0030002594
44 16.5279998779
45 16.5550003052
46 16.5370006561
47 13.1599998474
48 13.0740003586
49 12.3319997787
50 11.9560003281
51 11.5869998932
52 11.5939998627
53 11.6300001144
54 11.6359996796
55 11.3269996643
56 11.0129995346
57 10.4670000076
58 10.1160001755
59 8.32999992371
60 8.34399986267
61 8.20300006866
62 7.90100002289
63 7.63199996948
64 7.45200014114
65 7.23299980164
66 7.0609998703
67 6.90700006485
68 6.79400014877
69 6.78100013733
70 6.80999994278
71 6.82600021362
72 6.84700012207
73 6.86899995804
74 6.8029999733
75 6.63500022888
76 6.52099990845
77 6.38999986649
78 6.28399991989
79 6.14400005341
80 5.23999977112
81 4.96500015259
82 4.84100008011
83 4.77199983597
84 4.67899990082
85 4.60900020599
86 4.54600000381
87 4.48000001907
88 4.42000007629
89 4.34200000763
90 4.27299976349
91 4.23199987411
92 4.15299987793
93 4.09399986267
94 4.02400016785
95 3.97199988365
96 3.9430000782
97 3.90100002289
98 3.82800006866
99 3.8069999218
100 3.78800010681
101 3.80500006676
102 3.81900000572
103 3.83500003815
104 3.87599992752
105 3.91199994087
106 3.94499993324
107 3.96099996567
108 3.92199993134
109 3.89499998093
110 3.85100007057
111 3.81200003624
112 3.77300000191
113 3.73399996758
114 3.69199991226
115 3.64899992943
116 3.6289999485
117 3.59100008011
118 3.57100009918
119 3.53900003433
120 3.5150001049
121 3.47799992561
122 3.45399999619
123 3.42499995232
124 3.40400004387
125 3.40799999237
126 3.43000006676
127 3.45300006866
128 3.5039999485
129 3.54500007629
130 3.57800006866
131 3.61800003052
132 3.67199993134
133 4.007999897
134 4.0609998703
135 4.09600019455
136 4.13199996948
137 4.15500020981
138 4.18400001526
139 4.23000001907
140 4.24599981308
141 4.28599977493
142 4.32899999619
143 4.35200023651
144 4.40000009537
145 4.42399978638
146 4.45100021362
147 4.50500011444
148 4.52799987793
149 4.54899978638
150 4.54799985886
151 4.18699979782
152 4.29699993134
153 4.60599994659
154 3.29699993134
155 3.42000007629
156 4.70800018311
157 4.617000103
158 4.57899999619
159 4.79699993134
160 4.83099985123
161 4.86499977112
162 4.90600013733
163 4.9310002327
164 4.97100019455
165 5.0110001564
166 5.02600002289
167 5.04500007629
168 3.13400006294
169 3.22600007057
170 3.38700008392
171 4.10799980164
172 4.91400003433
173 4.89099979401
174 4.85300016403
175 4.84600019455
176 4.8189997673
177 4.83300018311
178 4.84600019455
179 4.84499979019
180 4.86600017548
181 4.90299987793
182 4.83199977875
183 5.32899999619
184 5.47100019455
185 5.47399997711
186 5.5
187 5.51200008392
188 4.60200023651
189 4.59000015259
190 5.58799982071
191 5.58900022507
192 3.64599990845
193 3.51799988747
194 4.09000015259
195 4.0640001297
196 5.69000005722
197 5.72499990463
198 5.74100017548
199 5.74599981308
200 5.79699993134
201 5.8109998703
202 5.83799982071
203 5.82399988174
204 5.83400011063
205 5.86199998856
206 5.87900018692
207 5.89499998093
208 5.90399980545
209 5.89699983597
210 5.91099977493
211 5.9390001297
212 5.94899988174
213 5.96299982071
214 5.99900007248
215 6.00500011444
216 6.02799987793
217 6.04699993134
218 6.0689997673
219 6.08500003815
220 6.07499980927
221 6.09200000763
222 6.08500003815
223 6.09700012207
224 6.09800004959
225 6.11800003052
226 6.12200021744
227 6.13500022888
228 6.14900016785
229 6.14099979401
230 6.15799999237
231 6.15899991989
232 6.17500019073
233 6.1939997673
234 6.20800018311
235 6.22200012207
236 6.23799991608
237 6.24499988556
238 6.23199987411
239 6.24300003052
240 6.22399997711
241 6.22300004959
242 6.22900009155
243 6.22900009155
244 6.22200012207
245 6.24100017548
246 6.22499990463
247 6.23999977112
248 6.23699998856
249 6.24399995804
250 6.26300001144
251 6.25
252 6.257999897
253 6.28399991989
254 6.28299999237
255 6.25600004196
256 6.27199983597
257 6.25199985504
258 6.24300003052
259 5.17999982834
260 5.05399990082
261 5.0640001297
262 5.0609998703
263 5.04500007629
264 5.03599977493
265 5.03900003433
266 5.08400011063
267 5.36199998856
268 5.59499979019
269 5.35400009155
270 5.23400020599
271 5.19199991226
272 5.21199989319
273 5.20300006866
274 5.23400020599
275 5.29099988937
276 5.51700019836
277 5.68800020218
278 5.71600008011
279 5.73999977112
280 5.74399995804
281 5.77899980545
282 5.82700014114
283 5.94600009918
284 6.09800004959
285 6.08799982071
286 6.07899999619
287 6.07600021362
288 6.05100011826
289 6.04899978638
290 6.03599977493
291 6.01300001144
292 5.98299980164
293 5.96899986267
294 5.95300006866
295 5.94899988174
296 5.93699979782
297 5.89900016785
298 5.88800001144
299 5.87300014496
300 5.85300016403
301 5.84100008011
302 5.84100008011
303 5.83199977875
304 5.80700016022
305 5.81599998474
306 5.80000019073
307 5.78399991989
308 5.75500011444
309 5.71700000763
310 5.6939997673
311 5.66800022125
312 5.64699983597
313 5.632999897
314 5.6139998436
315 5.58199977875
316 5.21600008011
317 4.88399982452
318 5.48099994659
319 5.51499986649
320 5.48000001907
321 5.46099996567
322 5.45200014114
323 5.43800020218
324 5.42399978638
325 5.33599996567
326 5.03900003433
327 5.31199979782
328 5.31300020218
329 4.38100004196
330 4.05900001526
331 4.10900020599
332 5.02600002289
333 5.16900014877
334 5.14900016785
335 5.12200021744
336 5.09499979019
337 5.0689997673
338 5.04600000381
339 5.03700017929
340 4.94899988174
341 4.82800006866
342 4.95599985123
343 4.93200016022
344 4.90799999237
345 4.87699985504
346 4.83599996567
347 4.70300006866
348 4.55200004578
349 4.73199987411
350 4.71500015259
351 4.69000005722
352 4.65299987793
353 4.62300014496
354 4.58500003815
355 4.5529999733
356 4.31799983978
357 4.36899995804
358 4.48999977112
359 4.45800018311
360 4.4279999733
361 4.42899990082
362 4.40100002289
363 4.36800003052
364 4.3060002327
365 4.27500009537
366 4.24399995804
367 4.20699977875
368 4.18200016022
369 4.15000009537
370 4.11199998856
371 4.06799983978
372 4.04199981689
373 4.02199983597
374 3.98600006104
375 3.94799995422
376 3.92300009727
377 3.90100002289
378 3.87599992752
379 3.85800004005
380 3.83200001717
381 3.72300004959
382 3.64599990845
383 3.59800004959
384 3.56599998474
385 3.52600002289
386 3.48699998856
387 3.45600008965
388 3.42600011826
389 3.40700006485
390 3.36999988556
391 3.35199999809
392 3.31900000572
393 3.27300000191
394 3.27699995041
395 3.27600002289
396 3.31100010872
397 3.32399988174
398 3.36999988556
399 3.40499997139
400 3.4470000267
401 3.48300004005
402 3.51900005341
403 3.56399989128
404 3.60800004005
405 3.64400005341
406 3.69199991226
407 3.71900010109
408 3.75900006294
409 3.79099988937
410 3.83800005913
411 3.89499998093
412 3.94099998474
413 4.00699996948
414 4.04799985886
415 4.11600017548
416 4.18699979782
417 4.242000103
418 4.29799985886
419 4.38999986649
420 4.45499992371
421 4.52500009537
422 4.59200000763
423 4.66200017929
424 4.73400020599
425 4.82499980927
426 4.90899991989
427 5.01800012589
428 5.12300014496
429 5.21099996567
430 5.3189997673
431 5.41499996185
432 5.53399991989
433 5.64200019836
434 5.76200008392
435 5.87200021744
436 6.03100013733
437 6.17000007629
438 6.31300020218
439 6.48600006104
440 6.51900005341
441 6.60300016403
442 6.42100000381
443 3.08100008965
444 3.05100011826
445 3.04200005531
446 3.02200007439
447 3.01699995995
448 3.03699994087
449 3.00999999046
450 3.01699995995
451 2.98799991608
452 2.99000000954
453 3.00300002098
454 2.98300004005
455 2.97799992561
456 2.96199989319
457 2.97399997711
458 2.96600008011
459 2.9509999752
460 2.95199990273
461 2.9509999752
462 2.96399998665
463 2.94799995422
464 2.93000006676
465 2.93899989128
466 2.93899989128
467 2.93400001526
468 2.92899990082
469 2.92700004578
470 2.65400004387
471 2.65400004387
472 2.64899992943
473 2.65899991989
474 0.958000004292
475 0.70300000906
476 0.704999983311
477 0.936999976635
478 2.65700006485
479 2.65100002289
480 2.65599989891
481 2.64599990845
482 2.66000008583
483 2.65899991989
484 2.66499996185
485 2.66499996185
486 2.6819999218
487 2.69199991226
488 2.6779999733
489 2.6930000782
490 2.84800004959
491 2.93899989128
492 2.95499992371
493 2.94899988174
494 2.97099995613
495 2.9470000267
496 2.96700000763
497 2.97399997711
498 2.96600008011
499 2.98799991608
500 2.99099993706
501 2.97399997711
502 2.99900007248
503 3.00300002098
504 2.99300003052
505 3.01099991798
506 3.01799988747
507 3.02500009537
508 3.03299999237
509 3.03399991989
510 3.03299999237
511 3.04299998283
512 3.07500004768
513 3.0680000782
514 3.06599998474
515 3.09200000763
516 3.08800005913
517 3.10700011253
518 3.12299990654
519 3.12199997902
520 3.11800003052
521 3.14499998093
522 3.15000009537
523 3.17199993134
524 0.934000015259
525 0.915000021458
526 0.921000003815
527 0.949000000954
528 3.04500007629
529 2.992000103
530 2.93799996376
531 2.88199996948
532 2.84299993515
533 2.79500007629
534 2.74300003052
535 2.71399998665
536 2.96099996567
537 2.92199993134
538 1.13499999046
539 1.05400002003
540 0.991999983788
