0 4.51399993896
1 4.44000005722
2 4.46299982071
3 4.48299980164
4 4.52899980545
5 4.65399980545
6 4.68400001526
7 4.71099996567
8 4.73400020599
9 4.77199983597
10 4.80200004578
11 4.84000015259
12 4.84999990463
13 4.90899991989
14 4.92100000381
15 4.93200016022
16 4.85099983215
17 4.85900020599
18 4.88500022888
19 4.97399997711
20 5.13800001144
21 5.19500017166
22 5.23400020599
23 5.27299976349
24 5.32399988174
25 5.36899995804
26 5.40500020981
27 5.46299982071
28 5.51300001144
29 5.5529999733
30 5.6139998436
31 5.64799976349
32 5.67100000381
33 0.0
34 17.1450004578
35 17.1639995575
36 17.1590003967
37 0.0
38 0.0
39 0.0
40 17.2469997406
41 17.1809997559
42 17.0799999237
43 17.0039997101
44 16.5370006561
45 16.5370006561
46 16.5279998779
47 13.1639995575
48 13.079000473
49 12.3520002365
50 11.9589996338
51 11.6000003815
52 11.609000206
53 11.6260004044
54 11.6169996262
55 11.3369998932
56 11.0089998245
57 10.4670000076
58 10.1149997711
59 8.36900043488
60 8.34599971771
61 8.20800018311
62 7.93200016022
63 7.64300012589
64 7.46600008011
65 7.25099992752
66 7.07000017166
67 6.90600013733
68 6.78900003433
69 6.79500007629
70 6.80399990082
71 6.84100008011
72 6.85799980164
73 6.87699985504
74 6.78999996185
75 6.65100002289
76 6.51999998093
77 6.38500022888
78 6.27799987793
79 6.15000009537
80 5.23400020599
81 4.97499990463
82 4.86100006104
83 4.76800012589
84 4.6890001297
85 4.61100006104
86 4.55100011826
87 4.47399997711
88 4.42100000381
89 4.33599996567
90 4.28599977493
91 4.22300004959
92 4.17000007629
93 4.09499979019
94 4.03499984741
95 3.97600007057
96 3.93799996376
97 3.90000009537
98 3.85700011253
99 3.81200003624
100 3.78399991989
101 3.7990000248
102 3.81599998474
103 3.85800004005
104 3.86800003052
105 3.91700005531
106 3.9430000782
107 3.95000004768
108 3.93099999428
109 3.90100002289
110 3.8599998951
111 3.81200003624
112 3.76900005341
113 3.72000002861
114 3.70000004768
115 3.66199994087
116 3.63100004196
117 3.60199999809
118 3.55599999428
119 3.53800010681
120 3.51099991798
121 3.48200011253
122 3.45300006866
123 3.42000007629
124 3.41799998283
125 3.39899992943
126 3.43499994278
127 3.45700001717
128 3.49900007248
129 3.53800010681
130 3.57299995422
131 3.61800003052
132 3.67300009727
133 4.03000020981
134 4.07100009918
135 4.07800006866
136 4.12599992752
137 4.16300010681
138 4.18800020218
139 4.22399997711
140 4.23199987411
141 4.28800010681
142 4.3140001297
143 4.35799980164
144 4.40299987793
145 4.43800020218
146 4.46199989319
147 4.50400018692
148 4.52099990845
149 4.54400014877
150 4.55200004578
151 4.18800020218
152 4.30999994278
153 4.60500001907
154 3.27300000191
155 3.41199994087
156 4.71999979019
157 4.58900022507
158 4.57399988174
159 4.8029999733
160 4.82999992371
161 4.86499977112
162 4.90100002289
163 4.94899988174
164 4.95399999619
165 4.992000103
166 5.03000020981
167 5.04300022125
168 3.14899992943
169 3.22699999809
170 3.38000011444
171 4.11899995804
172 4.92399978638
173 4.89099979401
174 4.86199998856
175 4.82700014114
176 4.82499980927
177 4.82700014114
178 4.83699989319
179 4.84700012207
180 4.88899993896
181 4.91099977493
182 4.82800006866
183 5.31599998474
184 5.47200012207
185 5.49300003052
186 5.50600004196
187 5.51800012589
188 4.61499977112
189 4.59100008011
190 5.55399990082
191 5.59600019455
192 3.65300011635
193 3.51999998093
194 4.08599996567
195 4.06300020218
196 5.69999980927
197 5.71400022507
198 5.75400018692
199 5.74300003052
200 5.77799987793
201 5.80900001526
202 5.83400011063
203 5.84999990463
204 5.84700012207
205 5.84700012207
206 5.88800001144
207 5.88100004196
208 5.90899991989
209 5.90500020981
210 5.15199995041
211 5.02600002289
212 5.02600002289
213 5.02600002289
214 5.00899982452
215 5.02199983597
216 5.007999897
217 5.02299976349
218 5.1939997673
219 2.382999897
220 2.39100003242
221 2.39599990845
222 5.22399997711
223 5.22900009155
224 5.23199987411
225 5.23500013351
226 5.24599981308
227 5.45900011063
228 5.64099979401
229 6.13500022888
230 6.16800022125
231 6.16900014877
232 6.19299983978
233 6.19199991226
234 6.18400001526
235 6.20800018311
236 6.23799991608
237 6.21899986267
238 6.24100017548
239 6.24499988556
240 6.24300003052
241 6.23199987411
242 6.23500013351
243 6.22900009155
244 6.24599981308
245 6.2389998436
246 6.242000103
247 6.23999977112
248 6.23299980164
249 6.24499988556
250 6.26000022888
251 6.26900005341
252 6.26200008392
253 6.26700019836
254 6.26800012589
255 6.29500007629
256 6.27199983597
257 6.27600002289
258 6.26700019836
259 6.24700021744
260 6.23699998856
261 6.23199987411
262 6.22700023651
263 6.22499990463
264 6.23199987411
265 6.22499990463
266 6.23199987411
267 6.24399995804
268 6.22300004959
269 6.21099996567
270 6.21099996567
271 6.21000003815
272 6.21199989319
273 6.14300012589
274 5.85300016403
275 5.79099988937
276 5.76499986649
277 5.75
278 5.73600006104
279 5.73199987411
280 5.74700021744
281 5.77199983597
282 5.80000019073
283 5.93800020218
284 6.09600019455
285 6.07000017166
286 6.08799982071
287 6.07899999619
288 6.05700016022
289 6.05700016022
290 6.04300022125
291 6.01499986649
292 5.99599981308
293 5.98699998856
294 5.96899986267
295 5.92999982834
296 5.93800020218
297 5.90899991989
298 5.89599990845
299 5.875
300 5.85400009155
301 5.84200000763
302 5.85699987411
303 5.82399988174
304 5.82100009918
305 5.8109998703
306 5.78599977493
307 5.77500009537
308 5.75199985504
309 5.72200012207
310 5.71700000763
311 5.67399978638
312 5.65799999237
313 5.64099979401
314 5.61299991608
315 5.58400011063
316 5.56599998474
317 5.54600000381
318 5.53000020981
319 5.32299995422
320 5.11600017548
321 5.46299982071
322 5.4439997673
323 5.42600011826
324 5.41499996185
325 5.38399982452
326 5.36600017548
327 5.33699989319
328 5.30800008774
329 4.367000103
330 4.05100011826
331 4.10900020599
332 5.01000022888
333 5.15899991989
334 5.14200019836
335 5.11299991608
336 5.09200000763
337 5.07600021362
338 5.05499982834
339 5.02799987793
340 4.9470000267
341 4.8109998703
342 4.96400022507
343 4.94299983978
344 4.91099977493
345 4.867000103
346 4.83099985123
347 4.71799993515
348 4.55399990082
349 4.74800014496
350 4.70900011063
351 4.6779999733
352 4.64499998093
353 4.61999988556
354 4.59800004959
355 4.57999992371
356 4.3189997673
357 4.37200021744
358 4.50299978256
359 4.47599983215
360 4.43800020218
361 4.40500020981
362 4.39400005341
363 4.35200023651
364 4.32600021362
365 4.28000020981
366 4.25500011444
367 4.20200014114
368 4.18300008774
369 4.14900016785
370 4.11600017548
371 4.08599996567
372 4.06300020218
373 4.01300001144
374 4.00299978256
375 3.96399998665
376 3.94400000572
377 3.90799999237
378 3.875
379 3.86400008202
380 3.82800006866
381 3.71700000763
382 3.63599991798
383 3.58999991417
384 3.5720000267
385 3.53699994087
386 3.51699995995
387 3.46900010109
388 3.4319999218
389 3.40100002289
390 3.37299990654
391 3.35199999809
392 3.30999994278
393 3.28200006485
394 3.26300001144
395 3.26799988747
396 3.31299996376
397 3.34800004959
398 3.36999988556
399 3.42100000381
400 3.45399999619
401 3.49099993706
402 3.51300001144
403 3.56399989128
404 3.59599995613
405 3.65000009537
406 3.70600008965
407 3.73099994659
408 3.74300003052
409 3.79600000381
410 3.82100009918
411 3.88499999046
412 3.9509999752
413 4.00600004196
414 4.07399988174
415 4.132999897
416 4.19999980927
417 4.23199987411
418 4.32499980927
419 4.37599992752
420 4.45300006866
421 4.53399991989
422 4.61199998856
423 4.67899990082
424 4.73799991608
425 4.80999994278
426 4.91300010681
427 5.03000020981
428 5.132999897
429 5.22499990463
430 5.32800006866
431 5.41200017929
432 5.54199981689
433 5.65199995041
434 5.78100013733
435 5.88500022888
436 6.03399991989
437 6.17199993134
438 6.32000017166
439 6.48199987411
440 6.50299978256
441 6.625
442 6.44799995422
443 3.08899998665
444 3.05999994278
445 3.03099989891
446 3.02300000191
447 3.04399991035
448 3.02800011635
449 3.00900006294
450 3.00300002098
451 3.01600003242
452 3.00200009346
453 2.99099993706
454 2.98099994659
455 2.97600007057
456 2.98699998856
457 2.96900010109
458 2.95799994469
459 2.96300005913
460 2.96099996567
461 2.94799995422
462 2.93899989128
463 2.94600009918
464 2.93899989128
465 2.93799996376
466 2.93300008774
467 2.9279999733
468 2.93400001526
469 2.92199993134
470 2.67199993134
471 2.64899992943
472 2.64400005341
473 2.66100001335
474 0.959999978542
475 0.723999977112
476 0.71899998188
477 0.931999981403
478 2.65799999237
479 2.66400003433
480 2.65199995041
481 2.66000008583
482 2.64100003242
483 2.67499995232
484 2.66199994087
485 2.66400003433
486 2.66899991035
487 2.68000006676
488 2.68000006676
489 2.6779999733
490 2.84400010109
491 1.34899997711
492 1.17700004578
493 1.10699999332
494 1.10699999332
495 1.0909999609
496 1.06700003147
497 1.05799996853
498 1.08099997044
499 1.07400000095
500 1.07400000095
501 1.07700002193
502 1.09500002861
503 1.10899996758
504 1.09300005436
505 1.15400004387
506 1.27699995041
507 1.2840000391
508 1.26699995995
509 1.24899995327
510 1.25800001621
511 1.23899996281
512 1.25100004673
513 1.24000000954
514 1.26100003719
515 1.24899995327
516 1.27300000191
517 1.3029999733
518 1.49699997902
519 3.11899995804
520 3.14299988747
521 3.13499999046
522 3.16000008583
523 3.17899990082
524 0.945999979973
525 0.917999982834
526 0.926999986172
527 0.95300000906
528 3.0490000248
529 2.98799991608
530 2.9430000782
531 2.89400005341
532 2.83100008965
533 2.77999997139
534 2.75
535 2.71199989319
536 2.96600008011
537 2.92199993134
538 0.0
539 0.0
540 0.0
