0 4.507999897
1 4.43499994278
2 4.42899990082
3 4.4470000267
4 4.53800010681
5 4.64900016785
6 4.68400001526
7 4.71999979019
8 4.73099994659
9 4.76399993896
10 4.79600000381
11 4.82700014114
12 4.86000013351
13 4.8860001564
14 4.92399978638
15 4.9390001297
16 4.83900022507
17 4.85599994659
18 4.89499998093
19 4.95699977875
20 5.14300012589
21 5.19000005722
22 5.22200012207
23 5.27500009537
24 5.3109998703
25 5.36100006104
26 5.41400003433
27 5.43800020218
28 5.50199985504
29 5.54799985886
30 5.59800004959
31 5.63399982452
32 5.66699981689
33 0.0
34 17.1490001678
35 17.1439990997
36 17.1469993591
37 0.0
38 0.0
39 0.0
40 17.2269992828
41 17.170999527
42 17.0580005646
43 16.9950008392
44 16.5279998779
45 16.5450000763
46 16.5300006866
47 13.1789999008
48 13.0710000992
49 12.3269996643
50 11.9300003052
51 11.5839996338
52 11.5909996033
53 11.6319999695
54 11.6280002594
55 11.3500003815
56 10.9799995422
57 10.4639997482
58 10.125
59 8.34200000763
60 8.33899974823
61 8.19499969482
62 7.89799976349
63 7.63800001144
64 7.44999980927
65 7.25600004196
66 7.06500005722
67 6.90899991989
68 6.79300022125
69 6.77299976349
70 6.8140001297
71 6.82299995422
72 6.85200023651
73 6.87300014496
74 6.80100011826
75 6.64300012589
76 6.51399993896
77 6.39799976349
78 6.25699996948
79 6.14499998093
80 5.22399997711
81 4.96999979019
82 4.85400009155
83 4.78399991989
84 4.68800020218
85 4.60599994659
86 4.53999996185
87 4.48299980164
88 4.41400003433
89 4.31199979782
90 4.25299978256
91 4.20100021362
92 4.15600013733
93 4.11199998856
94 4.03399991989
95 3.98799991608
96 3.93499994278
97 3.89700007439
98 3.85500001907
99 3.79699993134
100 3.77200007439
101 3.7990000248
102 3.80999994278
103 3.85100007057
104 3.88199996948
105 3.90499997139
106 3.94199991226
107 3.97000002861
108 3.91100001335
109 3.87800002098
110 3.84500002861
111 3.81900000572
112 3.75900006294
113 3.72399997711
114 3.67600011826
115 3.66199994087
116 3.63499999046
117 3.59400010109
118 3.55999994278
119 3.54299998283
120 3.50500011444
121 3.47499990463
122 3.42899990082
123 3.42000007629
124 3.40700006485
125 3.38599991798
126 3.42899990082
127 3.45499992371
128 3.49499988556
129 3.53399991989
130 3.56599998474
131 3.59500002861
132 3.68099999428
133 4.03299999237
134 4.0560002327
135 4.09399986267
136 4.12799978256
137 4.15700006485
138 4.16200017929
139 4.21600008011
140 4.25099992752
141 4.28299999237
142 4.32000017166
143 4.36199998856
144 4.37699985504
145 4.42199993134
146 4.44500017166
147 4.48999977112
148 4.51499986649
149 4.53399991989
150 4.54600000381
151 4.19799995422
152 4.30700016022
153 4.60900020599
154 3.25500011444
155 3.44199991226
156 4.71000003815
157 4.59000015259
158 4.5689997673
159 4.79500007629
160 4.83799982071
161 4.8639998436
162 4.90000009537
163 4.92100000381
164 4.96899986267
165 4.99399995804
166 5.01599979401
167 5.03800010681
168 3.14400005341
169 3.21199989319
170 3.35899996758
171 4.11299991608
172 4.92600011826
173 4.86999988556
174 4.85300016403
175 4.83400011063
176 4.8140001297
177 4.82399988174
178 4.83099985123
179 4.83599996567
180 4.87400007248
181 4.91099977493
182 4.82899999619
183 5.33400011063
184 5.46199989319
185 5.48199987411
186 5.5
187 5.52299976349
188 4.61199998856
189 4.59000015259
190 5.56300020218
191 5.57800006866
192 3.65199995041
193 3.5150001049
194 4.08300018311
195 4.03900003433
196 5.69199991226
197 5.69799995422
198 5.74800014496
199 5.76200008392
200 5.78999996185
201 5.81599998474
202 5.82999992371
203 5.83400011063
204 5.85400009155
205 5.84499979019
206 5.87599992752
207 5.88399982452
208 5.89200019836
209 5.90100002289
210 5.13999986649
211 5.03200006485
212 5.02199983597
213 5.0110001564
214 5.00099992752
215 5.01700019836
216 5.00099992752
217 5.01599979401
218 5.19999980927
219 2.38199996948
220 2.36199998856
221 2.38800001144
222 5.21400022507
223 5.21500015259
224 5.23400020599
225 5.21700000763
226 5.25
227 5.44299983978
228 5.62200021744
229 6.13800001144
230 6.15999984741
231 6.15600013733
232 6.17500019073
233 6.17500019073
234 6.19799995422
235 6.21199989319
236 6.23699998856
237 6.22300004959
238 6.23199987411
239 6.23600006104
240 6.23000001907
241 6.22100019455
242 6.21600008011
243 6.22700023651
244 6.23500013351
245 6.24800014496
246 6.25299978256
247 6.23500013351
248 6.24800014496
249 6.24800014496
250 6.26900005341
251 6.24700021744
252 6.25899982452
253 6.27199983597
254 6.27099990845
255 6.28299999237
256 6.25299978256
257 6.26399993896
258 6.26499986649
259 6.23699998856
260 6.23999977112
261 6.23400020599
262 6.22900009155
263 6.23000001907
264 6.22100019455
265 6.23199987411
266 6.23500013351
267 6.20499992371
268 6.21400022507
269 6.21799993515
270 6.21099996567
271 6.21700000763
272 6.22300004959
273 6.13500022888
274 5.84899997711
275 5.79400014877
276 5.76999998093
277 5.7389998436
278 5.72399997711
279 5.72399997711
280 5.74900007248
281 5.7610001564
282 5.8060002327
283 5.95100021362
284 6.09499979019
285 6.08199977875
286 6.06199979782
287 6.04799985886
288 6.04799985886
289 6.04400014877
290 6.02500009537
291 6.0110001564
292 6.007999897
293 5.97300004959
294 5.94999980927
295 5.94299983978
296 5.92600011826
297 5.90500020981
298 5.87400007248
299 5.86600017548
300 5.85599994659
301 5.85300016403
302 5.84700012207
303 5.82999992371
304 5.79400014877
305 5.78100013733
306 5.78000020981
307 5.76700019836
308 5.72700023651
309 5.72700023651
310 5.70599985123
311 5.67899990082
312 5.65600013733
313 5.62799978256
314 5.60099983215
315 5.57600021362
316 5.56799983978
317 5.54199981689
318 5.51499986649
319 5.32100009918
320 5.10699987411
321 5.46899986267
322 5.45200014114
323 5.42100000381
324 5.41900014877
325 5.38800001144
326 5.36199998856
327 5.32800006866
328 5.29799985886
329 4.35799980164
330 4.05100011826
331 4.11899995804
332 5.01000022888
333 5.16900014877
334 5.14699983597
335 5.11800003052
336 5.09499979019
337 5.07700014114
338 5.04300022125
339 5.01800012589
340 4.9439997673
341 4.80800008774
342 4.96099996567
343 4.93200016022
344 4.90500020981
345 4.86800003052
346 4.84100008011
347 4.71099996567
348 4.57600021362
349 4.75099992752
350 4.6970000267
351 4.6810002327
352 4.65100002289
353 4.62200021744
354 4.58599996567
355 4.57000017166
356 4.29600000381
357 4.37400007248
358 4.48999977112
359 4.4470000267
360 4.42999982834
361 4.42700004578
362 4.39200019836
363 4.35200023651
364 4.32600021362
365 4.26800012589
366 4.25299978256
367 4.21500015259
368 4.17700004578
369 4.12400007248
370 4.09200000763
371 4.0609998703
372 4.04099988937
373 4.01599979401
374 3.96799993515
375 3.95900011063
376 3.91700005531
377 3.91700005531
378 3.88000011444
379 3.84400010109
380 3.8180000782
381 3.71300005913
382 3.63400006294
383 3.59500002861
384 3.57500004768
385 3.53299999237
386 3.48099994659
387 3.46099996567
388 3.43000006676
389 3.38100004196
390 3.35700011253
391 3.32299995422
392 3.30800008774
393 3.2990000248
394 3.27099990845
395 3.28200006485
396 3.29099988937
397 3.32699990273
398 3.36599993706
399 3.40499997139
400 3.42899990082
401 3.47499990463
402 3.52300000191
403 3.56299996376
404 3.59500002861
405 3.64400005341
406 3.68499994278
407 3.71600008011
408 3.72900009155
409 3.77999997139
410 3.8259999752
411 3.88800001144
412 3.93799996376
413 4.007999897
414 4.05000019073
415 4.13500022888
416 4.15999984741
417 4.23799991608
418 4.30900001526
419 4.36499977112
420 4.44199991226
421 4.52600002289
422 4.59600019455
423 4.65000009537
424 4.73699998856
425 4.80700016022
426 4.90500020981
427 5.01399993896
428 5.11800003052
429 5.21400022507
430 5.32000017166
431 5.42000007629
432 5.52699995041
433 5.64599990845
434 5.77400016785
435 5.88899993896
436 6.02500009537
437 6.17000007629
438 6.32399988174
439 6.47499990463
440 6.50199985504
441 6.59600019455
442 6.43800020218
443 3.08899998665
444 3.05800008774
445 3.0490000248
446 3.02900004387
447 3.007999897
448 3.0039999485
449 3.02900004387
450 2.99900007248
451 2.99300003052
452 2.992000103
453 2.97900009155
454 2.9849998951
455 2.96499991417
456 2.95900011063
457 2.96300005913
458 2.95199990273
459 2.95000004768
460 2.96099996567
461 2.94600009918
462 2.93499994278
463 2.93300008774
464 2.9470000267
465 2.93499994278
466 2.93600010872
467 2.92899990082
468 2.92300009727
469 2.91700005531
470 2.64400005341
471 2.65000009537
472 2.64299988747
473 2.65899991989
474 0.940999984741
475 0.704999983311
476 0.704999983311
477 0.930999994278
478 2.66199994087
479 2.64700007439
480 2.63800001144
481 2.64400005341
482 2.65799999237
483 2.66400003433
484 2.64599990845
485 2.66799998283
486 2.65199995041
487 2.67000007629
488 2.67499995232
489 2.66499996185
490 1.31299996376
491 1.16700005531
492 1.10500001907
493 1.10199999809
494 1.0909999609
495 1.0909999609
496 1.09300005436
497 1.0870000124
498 1.0909999609
499 1.08200001717
500 1.08299994469
501 1.10500001907
502 1.10800004005
503 1.11399996281
504 1.14199995995
505 1.27699995041
506 1.29200005531
507 1.25199997425
508 1.26900005341
509 1.25800001621
510 1.24800002575
511 1.25999999046
512 1.25899994373
513 1.25199997425
514 1.25199997425
515 1.28499996662
516 1.35300004482
517 1.60599994659
518 3.12299990654
519 3.10500001907
520 3.14199995995
521 3.13100004196
522 3.15599989891
523 3.1740000248
524 0.929000020027
525 0.913999974728
526 0.920000016689
527 0.93599998951
528 3.05200004578
529 2.992000103
530 2.93400001526
531 2.87800002098
532 2.83200001717
533 2.79399991035
534 2.742000103
535 2.71600008011
536 2.97000002861
537 2.92199993134
538 0.0
539 0.0
540 0.0
