0 4.51800012589
1 4.42999982834
2 4.45900011063
3 4.46999979019
4 4.53900003433
5 4.65100002289
6 4.6810002327
7 4.71600008011
8 4.72900009155
9 4.76200008392
10 4.80399990082
11 4.82899999619
12 4.86800003052
13 4.90500020981
14 4.92199993134
15 4.9279999733
16 4.84899997711
17 4.84700012207
18 4.88500022888
19 4.95499992371
20 5.14200019836
21 5.19099998474
22 5.23400020599
23 5.27500009537
24 5.3220000267
25 5.3639998436
26 5.39099979401
27 5.45100021362
28 5.50299978256
29 5.55399990082
30 5.61199998856
31 5.65000009537
32 5.68200016022
33 0.0
34 17.1509990692
35 17.1410007477
36 17.1599998474
37 0.0
38 0.0
39 0.0
40 17.2259998322
41 17.1749992371
42 17.0769996643
43 17.0209999084
44 16.5189990997
45 16.5480003357
46 16.5300006866
47 13.170999527
48 13.0900001526
49 12.3299999237
50 11.9729995728
51 11.5970001221
52 11.6000003815
53 11.6339998245
54 11.6169996262
55 11.3400001526
56 11.0089998245
57 10.4799995422
58 10.1120004654
59 8.34000015259
60 8.34599971771
61 8.20499992371
62 7.90399980545
63 7.65000009537
64 7.43699979782
65 7.23699998856
66 7.05700016022
67 6.89900016785
68 6.78700017929
69 6.77600002289
70 6.8109998703
71 6.83500003815
72 6.85300016403
73 6.87599992752
74 6.78999996185
75 6.64400005341
76 6.51599979401
77 6.40700006485
78 6.26399993896
79 6.15299987793
80 5.22700023651
81 4.97599983215
82 4.86499977112
83 4.76999998093
84 4.6810002327
85 4.60400009155
86 4.54199981689
87 4.47900009155
88 4.40299987793
89 4.33199977875
90 4.26499986649
91 4.20100021362
92 4.13800001144
93 4.10900020599
94 4.03499984741
95 3.98200011253
96 3.94099998474
97 3.89599990845
98 3.85199999809
99 3.80399990082
100 3.78299999237
101 3.77800011635
102 3.81599998474
103 3.84699988365
104 3.89400005341
105 3.91199994087
106 3.93499994278
107 3.96799993515
108 3.92300009727
109 3.89400005341
110 3.83599996567
111 3.78200006485
112 3.75
113 3.72600007057
114 3.6970000267
115 3.67000007629
116 3.62599992752
117 3.58899998665
118 3.54999995232
119 3.53900003433
120 3.50600004196
121 3.48300004005
122 3.43099999428
123 3.41499996185
124 3.38899993896
125 3.39199995995
126 3.42300009727
127 3.46099996567
128 3.49300003052
129 3.54200005531
130 3.56100010872
131 3.59699988365
132 3.66700005531
133 4.02400016785
134 4.05200004578
135 4.10200023651
136 4.125
137 4.13199996948
138 4.16900014877
139 4.22800016403
140 4.25199985504
141 4.27099990845
142 4.32000017166
143 4.35200023651
144 4.39099979401
145 4.40600013733
146 4.45300006866
147 4.47900009155
148 4.51200008392
149 4.54099988937
150 4.5640001297
151 4.1939997673
152 4.29199981689
153 4.60699987411
154 3.27200007439
155 3.42000007629
156 4.70699977875
157 4.60099983215
158 4.54099988937
159 4.80499982834
160 4.84800004959
161 4.85599994659
162 4.89200019836
163 4.92199993134
164 4.95599985123
165 4.99399995804
166 5.01700019836
167 5.04699993134
168 3.1740000248
169 3.20900011063
170 3.35800004005
171 4.125
172 4.91900014877
173 4.88000011444
174 4.85200023651
175 4.83799982071
176 4.82100009918
177 4.82499980927
178 4.83300018311
179 4.83799982071
180 4.86600017548
181 4.90799999237
182 4.81799983978
183 5.30700016022
184 5.47100019455
185 5.48299980164
186 5.48799991608
187 5.51700019836
188 4.60599994659
189 4.58300018311
190 5.56799983978
191 5.59700012207
192 3.64400005341
193 3.50999999046
194 4.06699991226
195 4.0529999733
196 5.69500017166
197 5.71999979019
198 5.74300003052
199 5.757999897
200 5.78000020981
201 5.82299995422
202 5.80900001526
203 5.83599996567
204 5.84100008011
205 5.86800003052
206 5.87799978256
207 5.87699985504
208 5.8860001564
209 5.90600013733
210 5.15999984741
211 5.03499984741
212 5.01599979401
213 5.01599979401
214 5.00500011444
215 5.01300001144
216 5.01900005341
217 5.01200008392
218 5.19600009918
219 2.37599992752
220 2.37400007248
221 2.38599991798
222 5.22399997711
223 5.21199989319
224 5.24599981308
225 5.22900009155
226 5.24100017548
227 5.45100021362
228 5.66300010681
229 6.11999988556
230 6.16200017929
231 6.16800022125
232 6.19099998474
233 6.1810002327
234 6.1890001297
235 6.21600008011
236 6.21700000763
237 6.24700021744
238 6.23000001907
239 6.22599983215
240 6.23099994659
241 6.25099992752
242 6.21899986267
243 6.24800014496
244 6.21600008011
245 6.22399997711
246 6.23400020599
247 6.25699996948
248 6.25500011444
249 6.2610001564
250 6.26499986649
251 6.27699995041
252 6.27799987793
253 6.28200006485
254 6.26300001144
255 6.25899982452
256 6.26700019836
257 6.25899982452
258 6.25099992752
259 6.25299978256
260 6.22499990463
261 6.25
262 6.21999979019
263 6.22499990463
264 6.20399999619
265 6.21999979019
266 6.23500013351
267 6.21600008011
268 6.2389998436
269 6.23699998856
270 6.22900009155
271 6.20699977875
272 6.22399997711
273 6.14799976349
274 5.83900022507
275 5.79899978638
276 5.75600004196
277 5.73999977112
278 5.73600006104
279 5.73299980164
280 5.742000103
281 5.76999998093
282 5.81300020218
283 5.95200014114
284 6.09000015259
285 6.06300020218
286 6.07800006866
287 6.04199981689
288 6.06599998474
289 6.0560002327
290 6.04600000381
291 5.99399995804
292 5.99800014496
293 5.97900009155
294 5.96299982071
295 5.94500017166
296 5.93300008774
297 5.90000009537
298 5.88899993896
299 5.88000011444
300 5.87200021744
301 5.83099985123
302 5.83799982071
303 5.82299995422
304 5.8189997673
305 5.79899978638
306 5.78000020981
307 5.77299976349
308 5.742000103
309 5.72100019455
310 5.67700004578
311 5.6810002327
312 5.65600013733
313 5.63700008392
314 5.59399986267
315 5.59299993515
316 5.56599998474
317 5.53999996185
318 5.51800012589
319 5.33599996567
320 5.09200000763
321 5.45900011063
322 5.46099996567
323 5.44099998474
324 5.42299985886
325 5.40199995041
326 5.35900020599
327 5.33099985123
328 5.30999994278
329 4.39699983597
330 4.04899978638
331 4.117000103
332 5.02400016785
333 5.16699981689
334 5.14200019836
335 5.11899995804
336 5.09600019455
337 5.07600021362
338 5.05100011826
339 5.01599979401
340 4.94899988174
341 4.81599998474
342 4.96099996567
343 4.94199991226
344 4.89400005341
345 4.87799978256
346 4.82800006866
347 4.69999980927
348 4.56599998474
349 4.73500013351
350 4.70499992371
351 4.67899990082
352 4.6360001564
353 4.61499977112
354 4.59200000763
355 4.5689997673
356 4.29799985886
357 4.38199996948
358 4.49399995804
359 4.4470000267
360 4.42399978638
361 4.40100002289
362 4.39099979401
363 4.3639998436
364 4.32299995422
365 4.29199981689
366 4.25400018692
367 4.21999979019
368 4.16099977493
369 4.14099979401
370 4.09700012207
371 4.07899999619
372 4.04500007629
373 4.02699995041
374 3.99699997902
375 3.94899988174
376 3.93499994278
377 3.90499997139
378 3.87299990654
379 3.84299993515
380 3.82899999619
381 3.71700000763
382 3.63599991798
383 3.60700011253
384 3.55500006676
385 3.53600001335
386 3.49699997902
387 3.45799994469
388 3.43400001526
389 3.39400005341
390 3.35400009155
391 3.34200000763
392 3.30200004578
393 3.27900004387
394 3.27800011635
395 3.25200009346
396 3.30399990082
397 3.33899998665
398 3.38100004196
399 3.41100001335
400 3.4509999752
401 3.49099993706
402 3.52200007439
403 3.56999993324
404 3.59999990463
405 3.64800000191
406 3.67600011826
407 3.72799992561
408 3.7349998951
409 3.78500008583
410 3.83400011063
411 3.86899995804
412 3.93300008774
413 4.0110001564
414 4.04300022125
415 4.12799978256
416 4.17199993134
417 4.25
418 4.29199981689
419 4.38700008392
420 4.46000003815
421 4.53000020981
422 4.58500003815
423 4.65899991989
424 4.73299980164
425 4.81599998474
426 4.91200017929
427 5.02500009537
428 5.1139998436
429 5.21700000763
430 5.3220000267
431 5.42500019073
432 5.52099990845
433 5.65100002289
434 5.77299976349
435 5.88999986649
436 6.03200006485
437 6.16699981689
438 6.32499980927
439 6.45399999619
440 6.5110001564
441 6.60900020599
442 6.47100019455
443 3.08100008965
444 3.06100010872
445 3.04200005531
446 3.02500009537
447 3.03600001335
448 3.01600003242
449 3.00099992752
450 2.98900008202
451 2.99300003052
452 2.99499988556
453 2.97399997711
454 2.98099994659
455 2.97199988365
456 2.98099994659
457 2.97399997711
458 2.95199990273
459 2.95499992371
460 2.96300005913
461 2.95399999619
462 2.95300006866
463 2.94899988174
464 2.93600010872
465 2.95199990273
466 2.91799998283
467 2.92600011826
468 2.92000007629
469 2.91300010681
470 2.67899990082
471 2.65300011635
472 2.64299988747
473 2.65000009537
474 0.949000000954
475 0.722000002861
476 0.700999975204
477 0.931999981403
478 2.65599989891
479 2.62800002098
480 2.65700006485
481 2.67199993134
482 2.65400004387
483 2.65300011635
484 2.66799998283
485 2.65599989891
486 2.65000009537
487 2.6740000248
488 2.67499995232
489 2.66700005531
490 2.82899999619
491 2.93600010872
492 2.95399999619
493 2.93499994278
494 2.94199991226
495 1.24100005627
496 1.08599996567
497 1.08099997044
498 1.06400001049
499 1.05700004101
500 1.04799997807
501 1.04100000858
502 1.02900004387
503 1.03499996662
504 1.04999995232
505 1.04200005531
506 1.02499997616
507 1.03900003433
508 1.05599999428
509 1.11000001431
510 1.2460000515
511 1.25
512 1.24000000954
513 1.24000000954
514 1.23899996281
515 1.26900005341
516 1.25999999046
517 1.2840000391
518 1.42900002003
519 3.1289999485
520 3.13499999046
521 3.13100004196
522 3.16499996185
523 3.1819999218
524 0.935000002384
525 0.916999995708
526 0.912000000477
527 0.95300000906
528 3.04699993134
529 2.98300004005
530 2.93700003624
531 2.88199996948
532 2.83500003815
533 2.77500009537
534 2.7349998951
535 2.71499991417
536 2.96199989319
537 2.90400004387
538 0.0
539 0.0
540 0.0
