0 4.52400016785
1 4.44299983978
2 4.46099996567
3 4.45699977875
4 4.53200006485
5 4.65399980545
6 4.6939997673
7 4.72499990463
8 4.74100017548
9 4.77600002289
10 4.81699991226
11 4.83099985123
12 4.86600017548
13 4.89099979401
14 4.94000005722
15 4.94500017166
16 4.83400011063
17 4.86499977112
18 4.89599990845
19 4.97100019455
20 5.13399982452
21 5.19299983978
22 5.22700023651
23 5.28100013733
24 5.32600021362
25 5.37099981308
26 5.41200017929
27 5.46400022507
28 5.49499988556
29 5.57600021362
30 5.61299991608
31 5.65999984741
32 5.66300010681
33 0.0
34 17.1480007172
35 17.1459999084
36 17.170999527
37 0.0
38 0.0
39 0.0
40 17.2509994507
41 17.1779994965
42 17.0690002441
43 17.0039997101
44 16.5300006866
45 16.533000946
46 16.5270004272
47 13.1450004578
48 13.0810003281
49 12.3380002975
50 11.9709997177
51 11.5909996033
52 11.611000061
53 11.6210002899
54 11.6199998856
55 11.3310003281
56 11.015999794
57 10.4569997787
58 10.1079998016
59 8.35999965668
60 8.34000015259
61 8.21000003815
62 7.88800001144
63 7.62900018692
64 7.44199991226
65 7.23500013351
66 7.05999994278
67 6.89599990845
68 6.79400014877
69 6.77699995041
70 6.80999994278
71 6.83099985123
72 6.85200023651
73 6.87900018692
74 6.80399990082
75 6.64799976349
76 6.52799987793
77 6.40000009537
78 6.27299976349
79 6.15799999237
80 5.21899986267
81 4.97900009155
82 4.85099983215
83 4.77400016785
84 4.69299983978
85 4.61299991608
86 4.54099988937
87 4.48699998856
88 4.42299985886
89 4.34999990463
90 4.27299976349
91 4.19899988174
92 4.17899990082
93 4.10599994659
94 4.03599977493
95 3.98799991608
96 3.94099998474
97 3.90100002289
98 3.85700011253
99 3.81399989128
100 3.77900004387
101 3.78600001335
102 3.82100009918
103 3.8599998951
104 3.87700009346
105 3.92300009727
106 3.94799995422
107 3.93700003624
108 3.94000005722
109 3.8900001049
110 3.84699988365
111 3.80800008774
112 3.76200008392
113 3.742000103
114 3.7009999752
115 3.66300010681
116 3.63800001144
117 3.60500001907
118 3.5759999752
119 3.53999996185
120 3.51099991798
121 3.4849998951
122 3.4430000782
123 3.40599989891
124 3.39199995995
125 3.40300011635
126 3.43799996376
127 3.46199989319
128 3.48600006104
129 3.53999996185
130 3.5759999752
131 3.60899996758
132 3.66300010681
133 4.02899980545
134 4.06699991226
135 4.10200023651
136 4.13899993896
137 4.13800001144
138 4.18200016022
139 4.22800016403
140 4.23199987411
141 4.28100013733
142 4.32299995422
143 4.33300018311
144 4.40999984741
145 4.4359998703
146 4.46700000763
147 4.47399997711
148 4.507999897
149 4.54600000381
150 4.54799985886
151 4.21000003815
152 4.29899978638
153 4.61000013351
154 3.28399991989
155 3.42300009727
156 4.70800018311
157 4.59499979019
158 4.5560002327
159 4.80700016022
160 4.84600019455
161 4.86499977112
162 4.91300010681
163 4.9359998703
164 4.96199989319
165 4.99599981308
166 5.02500009537
167 5.04199981689
168 3.16300010681
169 3.24000000954
170 3.37599992752
171 4.13500022888
172 4.93300008774
173 4.88000011444
174 4.86299991608
175 4.83300018311
176 4.81799983978
177 4.81300020218
178 4.82299995422
179 4.85200023651
180 4.882999897
181 4.90600013733
182 4.83300018311
183 5.32000017166
184 5.47399997711
185 5.48999977112
186 5.50699996948
187 5.51499986649
188 4.62200021744
189 4.58500003815
190 5.5560002327
191 5.59700012207
192 3.65000009537
193 3.53200006485
194 4.09299993515
195 4.0609998703
196 5.69999980927
197 5.71600008011
198 5.72399997711
199 5.76200008392
200 5.79099988937
201 5.82399988174
202 5.83199977875
203 5.85400009155
204 5.83699989319
205 5.85400009155
206 5.87300014496
207 5.87799978256
208 5.89699983597
209 5.89799976349
210 5.15199995041
211 5.03399991989
212 5.02799987793
213 5.0110001564
214 5.01700019836
215 5.01800012589
216 5.02799987793
217 5.02400016785
218 5.20499992371
219 2.38700008392
220 2.37299990654
221 2.40100002289
222 5.21700000763
223 5.21199989319
224 5.23799991608
225 5.24100017548
226 5.25400018692
227 5.46199989319
228 5.63999986649
229 6.13800001144
230 6.14300012589
231 6.17700004578
232 6.17000007629
233 6.1970000267
234 6.19799995422
235 6.21799993515
236 6.23699998856
237 6.23600006104
238 6.24900007248
239 6.23400020599
240 6.22800016403
241 6.24100017548
242 6.24599981308
243 6.23099994659
244 6.25099992752
245 6.24100017548
246 6.23999977112
247 6.26000022888
248 6.26800012589
249 6.26200008392
250 6.23999977112
251 6.257999897
252 6.27799987793
253 6.28200006485
254 6.28800010681
255 6.27199983597
256 6.27899980545
257 6.25899982452
258 6.27099990845
259 6.24300003052
260 6.23299980164
261 6.22499990463
262 6.23600006104
263 6.25
264 6.23099994659
265 6.22499990463
266 6.22700023651
267 6.2389998436
268 6.21899986267
269 6.21700000763
270 6.21899986267
271 6.21999979019
272 6.19600009918
273 6.11899995804
274 5.85099983215
275 5.79099988937
276 5.75299978256
277 5.74300003052
278 5.72700023651
279 5.72499990463
280 5.73799991608
281 5.76200008392
282 5.80800008774
283 5.95699977875
284 6.09499979019
285 6.08900022507
286 6.05999994278
287 6.04699993134
288 6.0609998703
289 6.05399990082
290 6.03800010681
291 6.01999998093
292 6.00699996948
293 5.96600008011
294 5.96299982071
295 5.92999982834
296 5.92700004578
297 5.91400003433
298 5.89099979401
299 5.86899995804
300 5.87200021744
301 5.85400009155
302 5.85599994659
303 5.83199977875
304 5.80499982834
305 5.81500005722
306 5.78700017929
307 5.77500009537
308 5.74599981308
309 5.73699998856
310 5.69999980927
311 5.68699979782
312 5.65899991989
313 5.632999897
314 5.61199998856
315 5.59100008011
316 5.56699991226
317 5.54899978638
318 5.52899980545
319 5.32499980927
320 5.10599994659
321 5.46899986267
322 5.45699977875
323 5.4279999733
324 5.41099977493
325 5.39200019836
326 5.35900020599
327 5.34200000763
328 5.3060002327
329 4.382999897
330 4.05200004578
331 4.13000011444
332 5.01700019836
333 5.17000007629
334 5.14900016785
335 5.12699985504
336 5.09800004959
337 5.08300018311
338 5.05499982834
339 5.01499986649
340 4.95200014114
341 4.82100009918
342 4.95900011063
343 4.94799995422
344 4.91099977493
345 4.86800003052
346 4.84600019455
347 4.71799993515
348 4.58300018311
349 4.75099992752
350 4.71799993515
351 4.69199991226
352 4.64599990845
353 4.625
354 4.59499979019
355 4.57000017166
356 4.32899999619
357 4.38000011444
358 4.50500011444
359 4.46999979019
360 4.41499996185
361 4.40600013733
362 4.38999986649
363 4.36100006104
364 4.32700014114
365 4.28700017929
366 4.25899982452
367 4.22499990463
368 4.17199993134
369 4.13999986649
370 4.09999990463
371 4.09299993515
372 4.03700017929
373 4.01800012589
374 3.9960000515
375 3.96799993515
376 3.93499994278
377 3.92000007629
378 3.88700008392
379 3.86299991608
380 3.83200001717
381 3.70700001717
382 3.61999988556
383 3.59599995613
384 3.56999993324
385 3.53500008583
386 3.50200009346
387 3.45600008965
388 3.44000005722
389 3.40300011635
390 3.38000011444
391 3.33899998665
392 3.30399990082
393 3.29500007629
394 3.27500009537
395 3.27999997139
396 3.30500006676
397 3.32399988174
398 3.37800002098
399 3.40499997139
400 3.42899990082
401 3.47799992561
402 3.52600002289
403 3.57699990273
404 3.61199998856
405 3.65499997139
406 3.6970000267
407 3.73699998856
408 3.73399996758
409 3.79800009727
410 3.83400011063
411 3.88400006294
412 3.94600009918
413 3.98200011253
414 4.07299995422
415 4.125
416 4.17299985886
417 4.26399993896
418 4.3109998703
419 4.39300012589
420 4.45900011063
421 4.52699995041
422 4.60200023651
423 4.65999984741
424 4.71700000763
425 4.80999994278
426 4.92399978638
427 5.03100013733
428 5.11899995804
429 5.21299982071
430 5.33199977875
431 5.40899991989
432 5.53900003433
433 5.66400003433
434 5.75699996948
435 5.88700008392
436 6.01300001144
437 6.18400001526
438 6.32000017166
439 6.48600006104
440 6.51300001144
441 6.60799980164
442 6.46099996567
443 3.09999990463
444 3.05599999428
445 3.04999995232
446 3.04399991035
447 3.01600003242
448 3.01699995995
449 3.00300002098
450 3.02099990845
451 3.01900005341
452 2.99900007248
453 2.9849998951
454 2.98099994659
455 2.992000103
456 2.97399997711
457 2.96000003815
458 2.95799994469
459 2.95000004768
460 2.95000004768
461 2.94400000572
462 2.94600009918
463 2.94600009918
464 2.95600008965
465 2.93700003624
466 2.93400001526
467 2.92600011826
468 2.92600011826
469 2.92300009727
470 2.65799999237
471 2.66199994087
472 2.64400005341
473 2.66300010681
474 0.958999991417
475 0.716000020504
476 0.704999983311
477 0.933000028133
478 2.66700005531
479 2.65400004387
480 2.6400001049
481 2.63700008392
482 2.66599988937
483 2.66799998283
484 2.67000007629
485 2.66300010681
486 2.66899991035
487 2.67700004578
488 2.6819999218
489 2.67499995232
490 2.85299992561
491 2.93700003624
492 2.96300005913
493 2.95199990273
494 1.41499996185
495 1.23000001907
496 1.14800000191
497 1.14999997616
498 1.13100004196
499 1.13199996948
500 1.14300000668
501 1.12600004673
502 1.10899996758
503 1.13100004196
504 1.15400004387
505 1.13699996471
506 1.14499998093
507 1.16100001335
508 1.17999994755
509 1.27799999714
510 1.24699997902
511 1.24000000954
512 1.25800001621
513 1.2539999485
514 1.25800001621
515 1.26800000668
516 1.27199995518
517 1.29299998283
518 1.34700000286
519 1.57500004768
520 3.13499999046
521 3.16499996185
522 3.15300011635
523 3.1740000248
524 0.933000028133
525 0.911000013351
526 0.911000013351
527 0.957000017166
528 3.04299998283
529 2.992000103
530 2.9470000267
531 2.88899993896
532 2.84299993515
533 2.80399990082
534 2.74300003052
535 2.71199989319
536 2.96900010109
537 2.92199993134
538 0.0
539 0.0
540 0.0
