0 4.52899980545
1 4.41599988937
2 4.4439997673
3 4.47800016403
4 4.54699993134
5 4.65600013733
6 4.6779999733
7 4.71700000763
8 4.74700021744
9 4.77799987793
10 4.79500007629
11 4.82700014114
12 4.85699987411
13 4.90500020981
14 4.9359998703
15 4.93200016022
16 4.83900022507
17 4.86100006104
18 4.87599992752
19 4.97300004959
20 5.14699983597
21 5.1810002327
22 5.23299980164
23 5.27299976349
24 5.32000017166
25 5.35799980164
26 5.40500020981
27 5.44999980927
28 5.507999897
29 5.55999994278
30 5.59700012207
31 5.63899993896
32 5.64499998093
33 0.0
34 17.138999939
35 17.1289997101
36 17.156999588
37 0.0
38 0.0
39 0.0
40 17.2439994812
41 17.1730003357
42 17.079000473
43 17.0100002289
44 16.5380001068
45 16.5510005951
46 16.5219993591
47 13.1680002213
48 13.0850000381
49 12.3299999237
50 11.920999527
51 11.5959997177
52 11.593000412
53 11.6280002594
54 11.6160001755
55 11.345000267
56 11.0
57 10.4759998322
58 10.1099996567
59 8.29100036621
60 8.32699966431
61 8.19400024414
62 7.92000007629
63 7.63999986649
64 7.4439997673
65 7.24499988556
66 7.06300020218
67 6.90899991989
68 6.79799985886
69 6.77600002289
70 6.80700016022
71 6.83500003815
72 6.86100006104
73 6.87200021744
74 6.79099988937
75 6.63999986649
76 6.51599979401
77 6.38800001144
78 6.26999998093
79 6.14900016785
80 5.24599981308
81 4.96199989319
82 4.86499977112
83 4.77099990845
84 4.6779999733
85 4.60099983215
86 4.54400014877
87 4.48400020599
88 4.3860001564
89 4.31199979782
90 4.26599979401
91 4.22499990463
92 4.16099977493
93 4.117000103
94 4.04600000381
95 3.97499990463
96 3.94600009918
97 3.89400005341
98 3.84200000763
99 3.79699993134
100 3.7539999485
101 3.79200005531
102 3.81699991226
103 3.8599998951
104 3.89800000191
105 3.89299988747
106 3.95900011063
107 3.95900011063
108 3.92000007629
109 3.87800002098
110 3.84899997711
111 3.80200004578
112 3.76900005341
113 3.74399995804
114 3.7009999752
115 3.65199995041
116 3.63700008392
117 3.60299992561
118 3.55900001526
119 3.54399991035
120 3.49399995804
121 3.48200011253
122 3.44499993324
123 3.42199993134
124 3.41300010681
125 3.39299988747
126 3.43600010872
127 3.4430000782
128 3.492000103
129 3.53200006485
130 3.57500004768
131 3.61500000954
132 3.65799999237
133 4.02799987793
134 4.04899978638
135 4.09800004959
136 4.11899995804
137 4.13700008392
138 4.19199991226
139 4.22100019455
140 4.23099994659
141 4.28100013733
142 4.31799983978
143 4.34600019455
144 4.40100002289
145 4.40899991989
146 4.44600009918
147 4.48199987411
148 4.50899982452
149 4.54300022125
150 4.55800008774
151 4.1890001297
152 4.29699993134
153 4.6139998436
154 3.27900004387
155 3.39499998093
156 4.71400022507
157 4.60200023651
158 4.55800008774
159 4.8029999733
160 4.84200000763
161 4.85900020599
162 4.89499998093
163 4.92399978638
164 4.95599985123
165 5.00299978256
166 5.01800012589
167 5.03299999237
168 3.1210000515
169 3.22399997711
170 3.37299990654
171 4.12900018692
172 4.92100000381
173 4.88199996948
174 4.86100006104
175 4.82899999619
176 4.81199979782
177 4.82499980927
178 4.83699989319
179 4.85699987411
180 4.88500022888
181 4.91099977493
182 4.81599998474
183 5.32000017166
184 5.45200014114
185 5.48500013351
186 5.507999897
187 5.51200008392
188 4.59600019455
189 4.57800006866
190 5.56599998474
191 5.60400009155
192 3.6400001049
193 3.52099990845
194 4.05900001526
195 4.04799985886
196 5.69600009918
197 5.72399997711
198 5.73999977112
199 5.76700019836
200 5.77699995041
201 5.79899978638
202 5.83099985123
203 5.83500003815
204 5.84000015259
205 5.84700012207
206 5.8639998436
207 5.89099979401
208 5.90399980545
209 5.90000009537
210 5.14300012589
211 5.02799987793
212 5.01800012589
213 5.00500011444
214 5.00299978256
215 5.01499986649
216 5.01200008392
217 5.00899982452
218 5.1890001297
219 2.38499999046
220 2.36500000954
221 2.3789999485
222 5.22399997711
223 5.21199989319
224 5.22800016403
225 5.23600006104
226 5.25699996948
227 5.46199989319
228 5.65299987793
229 6.10900020599
230 6.15600013733
231 6.1779999733
232 6.18499994278
233 6.1970000267
234 6.18800020218
235 6.21999979019
236 6.23099994659
237 6.25099992752
238 6.22100019455
239 6.23000001907
240 6.23099994659
241 6.22200012207
242 6.23000001907
243 6.22900009155
244 6.22800016403
245 6.22700023651
246 6.25199985504
247 6.23500013351
248 6.25199985504
249 6.23000001907
250 6.24800014496
251 6.26000022888
252 6.25600004196
253 6.27600002289
254 6.27500009537
255 6.28000020981
256 6.28399991989
257 6.27199983597
258 6.257999897
259 6.24300003052
260 6.23400020599
261 6.23400020599
262 6.23299980164
263 6.21299982071
264 6.22300004959
265 6.24100017548
266 6.23299980164
267 6.20399999619
268 6.20599985123
269 6.20699977875
270 6.21600008011
271 6.21600008011
272 6.22300004959
273 6.13899993896
274 5.84100008011
275 5.78399991989
276 5.76999998093
277 5.73299980164
278 5.72399997711
279 5.72700023651
280 5.72800016403
281 5.77500009537
282 5.8029999733
283 5.95499992371
284 6.08599996567
285 6.09000015259
286 6.07000017166
287 6.06799983978
288 6.06699991226
289 6.03900003433
290 6.04199981689
291 6.0
292 6.00699996948
293 5.9889998436
294 5.96500015259
295 5.94899988174
296 5.92999982834
297 5.90999984741
298 5.90500020981
299 5.88399982452
300 5.867000103
301 5.86100006104
302 5.84100008011
303 5.82800006866
304 5.81799983978
305 5.79600000381
306 5.78599977493
307 5.77299976349
308 5.73600006104
309 5.70599985123
310 5.6970000267
311 5.65700006485
312 5.65500020981
313 5.63100004196
314 5.60099983215
315 5.57000017166
316 5.56500005722
317 5.53900003433
318 5.507999897
319 5.32700014114
320 5.10599994659
321 5.46500015259
322 5.45300006866
323 5.4390001297
324 5.41699981689
325 5.39599990845
326 5.36199998856
327 5.32600021362
328 5.29300022125
329 4.37699985504
330 4.06599998474
331 4.12300014496
332 5.01399993896
333 5.16400003433
334 5.132999897
335 5.12099981308
336 5.09299993515
337 5.0720000267
338 5.04600000381
339 5.02699995041
340 4.9439997673
341 4.80000019073
342 4.95499992371
343 4.93400001526
344 4.90700006485
345 4.882999897
346 4.83199977875
347 4.70599985123
348 4.56500005722
349 4.74100017548
350 4.70200014114
351 4.68300008774
352 4.65000009537
353 4.62200021744
354 4.58599996567
355 4.55999994278
356 4.31599998474
357 4.35200023651
358 4.49499988556
359 4.47599983215
360 4.44299983978
361 4.42100000381
362 4.40600013733
363 4.35599994659
364 4.3189997673
365 4.27899980545
366 4.22599983215
367 4.19999980927
368 4.17399978638
369 4.14599990845
370 4.09800004959
371 4.06300020218
372 4.03700017929
373 4.01700019836
374 3.99799990654
375 3.96000003815
376 3.92899990082
377 3.91700005531
378 3.88400006294
379 3.84899997711
380 3.83100008965
381 3.71799993515
382 3.62400007248
383 3.59500002861
384 3.57299995422
385 3.53999996185
386 3.4960000515
387 3.4509999752
388 3.4279999733
389 3.40400004387
390 3.3710000515
391 3.32899999619
392 3.31399989128
393 3.26999998093
394 3.26600003242
395 3.27300000191
396 3.30500006676
397 3.33899998665
398 3.37800002098
399 3.40100002289
400 3.42700004578
401 3.48699998856
402 3.53099989891
403 3.55999994278
404 3.60100007057
405 3.64700007439
406 3.68799996376
407 3.72199988365
408 3.73600006104
409 3.77200007439
410 3.81999993324
411 3.88700008392
412 3.94400000572
413 4.00199985504
414 4.07600021362
415 4.117000103
416 4.17899990082
417 4.23400020599
418 4.32100009918
419 4.37099981308
420 4.42899990082
421 4.52199983597
422 4.60200023651
423 4.66699981689
424 4.71799993515
425 4.80700016022
426 4.90500020981
427 5.00600004196
428 5.10799980164
429 5.21799993515
430 5.30399990082
431 5.41599988937
432 5.53299999237
433 5.66200017929
434 5.76000022888
435 5.88700008392
436 6.03700017929
437 6.15999984741
438 6.31799983978
439 6.47399997711
440 6.49399995804
441 6.60400009155
442 6.46600008011
443 3.0680000782
444 3.04500007629
445 3.03600001335
446 3.03999996185
447 3.02099990845
448 3.01300001144
449 3.01999998093
450 3.0039999485
451 3.0
452 2.98699998856
453 2.9960000515
454 2.97199988365
455 2.97000002861
456 2.97799992561
457 2.95799994469
458 2.96399998665
459 2.95799994469
460 2.94199991226
461 2.94199991226
462 2.95199990273
463 2.93600010872
464 2.94600009918
465 2.93300008774
466 2.92499995232
467 2.93099999428
468 2.92499995232
469 2.91799998283
470 2.66599988937
471 2.632999897
472 2.64899992943
473 2.65000009537
474 0.949999988079
475 0.716000020504
476 0.717000007629
477 0.938000023365
478 2.67100000381
479 2.64700007439
480 2.63899993896
481 2.64400005341
482 2.65000009537
483 2.65199995041
484 2.66499996185
485 2.68099999428
486 2.66799998283
487 2.68099999428
488 2.68499994278
489 2.6740000248
490 1.31200003624
491 1.17999994755
492 1.11500000954
493 1.08399999142
494 1.08899998665
495 1.09200000763
496 1.09700000286
497 1.08000004292
498 1.09399998188
499 1.09300005436
500 1.10099995136
501 1.0870000124
502 1.10399997234
503 1.1289999485
504 1.13900005817
505 1.27799999714
506 1.27900004387
507 1.28600001335
508 1.26800000668
509 1.26699995995
510 1.25899994373
511 1.23699998856
512 1.26699995995
513 1.25300002098
514 1.27300000191
515 1.28900003433
516 1.36199998856
517 1.61899995804
518 3.09500002861
519 3.12400007248
520 3.14199995995
521 3.15000009537
522 3.16799998283
523 3.16899991035
524 0.936999976635
525 0.92199999094
526 0.92199999094
527 0.941999971867
528 3.04399991035
529 2.99399995804
530 2.93899989128
531 2.88199996948
532 2.81699991226
533 2.79200005531
534 2.74799990654
535 2.72399997711
536 2.96399998665
537 2.93099999428
538 0.0
539 0.0
540 0.0
