0 4.52400016785
1 4.43200016022
2 4.43699979782
3 4.48500013351
4 4.53999996185
5 4.65399980545
6 4.65700006485
7 4.70100021362
8 4.742000103
9 4.76599979401
10 4.79400014877
11 4.83400011063
12 4.84700012207
13 4.89900016785
14 4.92600011826
15 4.94099998474
16 4.84200000763
17 4.84800004959
18 4.88199996948
19 4.96099996567
20 5.14499998093
21 5.18800020218
22 5.23299980164
23 5.27600002289
24 5.30499982834
25 5.36100006104
26 5.40799999237
27 5.44600009918
28 5.49700021744
29 5.5609998703
30 5.60400009155
31 5.64200019836
32 5.65500020981
33 0.0
34 17.1590003967
35 17.1439990997
36 17.1599998474
37 0.0
38 0.0
39 0.0
40 17.2369995117
41 17.1669998169
42 17.0620002747
43 17.0249996185
44 16.5200004578
45 16.5389995575
46 16.5230007172
47 13.1619997025
48 13.1000003815
49 12.3170003891
50 11.9490003586
51 11.5869998932
52 11.6079998016
53 11.6359996796
54 11.6280002594
55 11.3489999771
56 10.9829998016
57 10.4759998322
58 10.107000351
59 8.33199977875
60 8.33399963379
61 8.20499992371
62 7.92899990082
63 7.65399980545
64 7.44600009918
65 7.22900009155
66 7.07000017166
67 6.90700006485
68 6.78999996185
69 6.77600002289
70 6.79899978638
71 6.83300018311
72 6.86299991608
73 6.86800003052
74 6.78900003433
75 6.65199995041
76 6.51200008392
77 6.38199996948
78 6.26800012589
79 6.16699981689
80 5.23099994659
81 4.96899986267
82 4.86000013351
83 4.77500009537
84 4.68499994278
85 4.60400009155
86 4.55100011826
87 4.48099994659
88 4.40100002289
89 4.34000015259
90 4.28900003433
91 4.22700023651
92 4.17000007629
93 4.10799980164
94 4.03900003433
95 3.97600007057
96 3.91899991035
97 3.89599990845
98 3.83500003815
99 3.7990000248
100 3.78200006485
101 3.79200005531
102 3.84100008011
103 3.84599995613
104 3.88199996948
105 3.89700007439
106 3.93600010872
107 3.95900011063
108 3.92499995232
109 3.88400006294
110 3.82899999619
111 3.81500005722
112 3.76200008392
113 3.73900008202
114 3.70000004768
115 3.64599990845
116 3.64299988747
117 3.58899998665
118 3.55900001526
119 3.52500009537
120 3.51200008392
121 3.46399998665
122 3.44199991226
123 3.42100000381
124 3.40300011635
125 3.39499998093
126 3.41100001335
127 3.46199989319
128 3.4960000515
129 3.52300000191
130 3.57500004768
131 3.61299991608
132 3.6779999733
133 4.01300001144
134 4.05700016022
135 4.08799982071
136 4.11999988556
137 4.15899991989
138 4.17000007629
139 4.21500015259
140 4.2389998436
141 4.29199981689
142 4.30499982834
143 4.34200000763
144 4.38700008392
145 4.43800020218
146 4.46999979019
147 4.49900007248
148 4.50699996948
149 4.51200008392
150 4.53299999237
151 4.17999982834
152 4.31300020218
153 4.60599994659
154 3.26600003242
155 3.43499994278
156 4.71500015259
157 4.59899997711
158 4.54799985886
159 4.79799985886
160 4.82600021362
161 4.85699987411
162 4.90199995041
163 4.9310002327
164 4.96799993515
165 4.99300003052
166 5.02500009537
167 5.04300022125
168 3.13000011444
169 3.23699998856
170 3.36299991608
171 4.11999988556
172 4.91400003433
173 4.88500022888
174 4.84999990463
175 4.83300018311
176 4.82499980927
177 4.82899999619
178 4.83199977875
179 4.84000015259
180 4.87900018692
181 4.89900016785
182 4.82499980927
183 5.3060002327
184 5.47900009155
185 5.47100019455
186 5.50299978256
187 5.51000022888
188 4.617000103
189 4.58099985123
190 5.5640001297
191 5.59299993515
192 3.64800000191
193 3.51099991798
194 4.07999992371
195 4.03800010681
196 5.67999982834
197 5.70599985123
198 5.75
199 5.75299978256
200 5.78200006485
201 5.80399990082
202 5.83300018311
203 5.84499979019
204 5.84999990463
205 5.85900020599
206 5.86800003052
207 5.88899993896
208 5.88999986649
209 5.89900016785
210 5.15600013733
211 5.02799987793
212 5.02299976349
213 5.01399993896
214 5.00600004196
215 5.00199985504
216 5.01999998093
217 5.01800012589
218 5.1939997673
219 2.39800000191
220 2.37599992752
221 2.38499999046
222 5.22100019455
223 5.21899986267
224 5.23500013351
225 5.23099994659
226 5.25600004196
227 5.44000005722
228 5.64900016785
229 6.11899995804
230 6.16200017929
231 6.1779999733
232 6.18800020218
233 6.17399978638
234 6.20200014114
235 6.21600008011
236 6.22599983215
237 6.22200012207
238 6.23000001907
239 6.22900009155
240 6.23699998856
241 6.22200012207
242 6.24599981308
243 6.22800016403
244 6.22900009155
245 6.23099994659
246 6.24100017548
247 6.24599981308
248 6.25199985504
249 6.23500013351
250 6.23699998856
251 6.25199985504
252 6.25299978256
253 6.27600002289
254 6.28999996185
255 6.28599977493
256 6.27600002289
257 6.27099990845
258 6.24100017548
259 6.24800014496
260 6.23999977112
261 6.23400020599
262 6.2389998436
263 6.22200012207
264 6.22300004959
265 6.242000103
266 6.21199989319
267 6.20200014114
268 6.22300004959
269 6.21199989319
270 6.21899986267
271 6.21299982071
272 6.21500015259
273 6.117000103
274 5.85300016403
275 5.79699993134
276 5.74900007248
277 5.74599981308
278 5.70699977875
279 5.73299980164
280 5.71999979019
281 5.76599979401
282 5.80900001526
283 5.95900011063
284 6.0689997673
285 6.07399988174
286 6.07800006866
287 6.05700016022
288 6.04500007629
289 6.04699993134
290 6.04400014877
291 6.02199983597
292 6.00299978256
293 5.98299980164
294 5.96999979019
295 5.94199991226
296 5.91599988937
297 5.88999986649
298 5.88899993896
299 5.87599992752
300 5.87300014496
301 5.84800004959
302 5.84100008011
303 5.83500003815
304 5.8189997673
305 5.79300022125
306 5.77699995041
307 5.78499984741
308 5.73500013351
309 5.73400020599
310 5.70100021362
311 5.6779999733
312 5.64499998093
313 5.62699985504
314 5.60599994659
315 5.58400011063
316 5.54400014877
317 5.53100013733
318 5.52500009537
319 5.33500003815
320 5.11100006104
321 5.45499992371
322 5.45200014114
323 5.43300008774
324 5.40899991989
325 5.39200019836
326 5.367000103
327 5.33799982071
328 5.29099988937
329 4.34899997711
330 4.03299999237
331 4.10400009155
332 5.01700019836
333 5.16699981689
334 5.14900016785
335 5.1139998436
336 5.08900022507
337 5.0640001297
338 5.0560002327
339 5.02500009537
340 4.94500017166
341 4.79799985886
342 4.96199989319
343 4.94099998474
344 4.91599988937
345 4.86600017548
346 4.83799982071
347 4.69899988174
348 4.55800008774
349 4.73299980164
350 4.70100021362
351 4.67100000381
352 4.65100002289
353 4.62900018692
354 4.59299993515
355 4.56199979782
356 4.29400014877
357 4.35099983215
358 4.49499988556
359 4.47100019455
360 4.45599985123
361 4.41200017929
362 4.38199996948
363 4.367000103
364 4.32399988174
365 4.28299999237
366 4.23000001907
367 4.1970000267
368 4.17700004578
369 4.14200019836
370 4.09999990463
371 4.08300018311
372 4.05200004578
373 4.03200006485
374 3.98900008202
375 3.97199988365
376 3.91700005531
377 3.89299988747
378 3.87700009346
379 3.85100007057
380 3.82999992371
381 3.72000002861
382 3.6400001049
383 3.60599994659
384 3.54500007629
385 3.53800010681
386 3.49300003052
387 3.45000004768
388 3.41899991035
389 3.40899991989
390 3.37599992752
391 3.34800004959
392 3.31599998474
393 3.28200006485
394 3.27200007439
395 3.26399993896
396 3.30999994278
397 3.33500003815
398 3.37800002098
399 3.41199994087
400 3.44899988174
401 3.48699998856
402 3.51999998093
403 3.5759999752
404 3.58400011063
405 3.64899992943
406 3.68600010872
407 3.71900010109
408 3.74099993706
409 3.79600000381
410 3.83899998665
411 3.8789999485
412 3.94199991226
413 3.99399995804
414 4.06599998474
415 4.12900018692
416 4.1970000267
417 4.24900007248
418 4.29500007629
419 4.37400007248
420 4.45699977875
421 4.50600004196
422 4.59299993515
423 4.66900014877
424 4.73500013351
425 4.82600021362
426 4.90799999237
427 5.02199983597
428 5.10900020599
429 5.20599985123
430 5.31199979782
431 5.42600011826
432 5.53800010681
433 5.65100002289
434 5.75899982452
435 5.90299987793
436 6.02799987793
437 6.16499996185
438 6.29899978638
439 6.46700000763
440 6.50099992752
441 6.61600017548
442 6.4470000267
443 3.07500004768
444 3.05200004578
445 3.02699995041
446 3.04399991035
447 3.0150001049
448 3.02699995041
449 3.02300000191
450 3.00500011444
451 3.0
452 2.98300004005
453 2.99699997902
454 2.99000000954
455 2.96700000763
456 2.95700001717
457 2.97600007057
458 2.97600007057
459 2.95300006866
460 2.95199990273
461 2.95799994469
462 2.94099998474
463 2.93499994278
464 2.93600010872
465 2.93000006676
466 2.93899989128
467 2.92700004578
468 2.92300009727
469 2.93000006676
470 2.66000008583
471 2.65000009537
472 2.64400005341
473 2.62599992752
474 0.950999975204
475 0.708999991417
476 0.700999975204
477 0.931999981403
478 2.65199995041
479 2.65899991989
480 2.65100002289
481 2.65000009537
482 2.64100003242
483 2.6400001049
484 2.66400003433
485 2.66499996185
486 2.66899991035
487 2.67499995232
488 2.6779999733
489 2.68600010872
490 2.8259999752
491 2.93799996376
492 2.92600011826
493 2.93799996376
494 1.54299998283
495 1.25
496 1.14900004864
497 1.13800001144
498 1.14400005341
499 1.11500000954
500 1.1210000515
501 1.12300002575
502 1.13100004196
503 1.11899995804
504 1.11699998379
505 1.1289999485
506 1.14499998093
507 1.16700005531
508 1.20700001717
509 1.27100002766
510 1.26999998093
511 1.23899996281
512 1.25
513 1.25
514 1.26100003719
515 1.25999999046
516 1.27199995518
517 1.28199994564
518 1.34000003338
519 1.50499999523
520 3.132999897
521 3.16000008583
522 3.16300010681
523 3.15400004387
524 0.926999986172
525 0.912000000477
526 0.913999974728
527 0.944999992847
528 3.03600001335
529 2.98399996758
530 2.93899989128
531 2.88400006294
532 2.82999992371
533 2.77399992943
534 2.73300004005
535 2.71900010109
536 2.97099995613
537 2.90599989891
538 0.0
539 0.0
540 0.0
