0 4.49399995804
1 4.44199991226
2 4.45699977875
3 4.44899988174
4 4.53399991989
5 4.64200019836
6 4.67299985886
7 4.71999979019
8 4.73500013351
9 4.76200008392
10 4.8060002327
11 4.83199977875
12 4.87300014496
13 4.89499998093
14 4.92000007629
15 4.92999982834
16 4.84800004959
17 4.85500001907
18 4.88700008392
19 4.96899986267
20 5.13700008392
21 5.18699979782
22 5.23699998856
23 5.25600004196
24 5.31500005722
25 5.35799980164
26 5.40999984741
27 5.45300006866
28 5.507999897
29 5.54600000381
30 5.59700012207
31 5.66099977493
32 5.63800001144
33 0.0
34 17.1450004578
35 17.156999588
36 17.1450004578
37 0.0
38 0.0
39 0.0
40 17.2509994507
41 17.1609992981
42 17.0690002441
43 16.9899997711
44 16.5259990692
45 16.5499992371
46 16.5270004272
47 13.154999733
48 13.0989999771
49 12.3299999237
50 11.8990001678
51 11.607000351
52 11.6040000916
53 11.6289997101
54 11.6210002899
55 11.3280000687
56 10.9949998856
57 10.4490003586
58 10.1169996262
59 8.34899997711
60 8.35000038147
61 8.19799995422
62 7.89400005341
63 7.64200019836
64 7.44299983978
65 7.22200012207
66 7.05900001526
67 6.89799976349
68 6.79899978638
69 6.78700017929
70 6.79099988937
71 6.82299995422
72 6.85500001907
73 6.867000103
74 6.79099988937
75 6.65100002289
76 6.52400016785
77 6.40700006485
78 6.27500009537
79 6.14900016785
80 5.22399997711
81 4.97599983215
82 4.84899997711
83 4.78200006485
84 4.67899990082
85 4.6139998436
86 4.54600000381
87 4.48099994659
88 4.41200017929
89 4.33400011063
90 4.28399991989
91 4.20599985123
92 4.16300010681
93 4.10400009155
94 4.04099988937
95 3.98600006104
96 3.93899989128
97 3.89400005341
98 3.84800004959
99 3.78500008583
100 3.77300000191
101 3.78500008583
102 3.80999994278
103 3.83899998665
104 3.87800002098
105 3.91300010681
106 3.92300009727
107 3.95300006866
108 3.93300008774
109 3.88800001144
110 3.84400010109
111 3.80800008774
112 3.76799988747
113 3.72000002861
114 3.69899988174
115 3.66700005531
116 3.61500000954
117 3.58899998665
118 3.56599998474
119 3.53900003433
120 3.50300002098
121 3.47900009155
122 3.44600009918
123 3.40700006485
124 3.41700005531
125 3.38800001144
126 3.43099999428
127 3.45799994469
128 3.49499988556
129 3.5150001049
130 3.57299995422
131 3.60500001907
132 3.65400004387
133 4.02099990845
134 4.0529999733
135 4.09200000763
136 4.13000011444
137 4.14699983597
138 4.18300008774
139 4.19600009918
140 4.25299978256
141 4.28200006485
142 4.3140001297
143 4.35799980164
144 4.39900016785
145 4.40700006485
146 4.45399999619
147 4.48699998856
148 4.507999897
149 4.53200006485
150 4.54400014877
151 4.20300006866
152 4.29600000381
153 4.56500005722
154 3.26300001144
155 3.41499996185
156 4.70200014114
157 4.60099983215
158 4.56699991226
159 4.79500007629
160 4.82999992371
161 4.85400009155
162 4.90299987793
163 4.92899990082
164 4.95100021362
165 4.99700021744
166 5.01300001144
167 5.03999996185
168 3.17000007629
169 3.22799992561
170 3.3599998951
171 4.10799980164
172 4.93200016022
173 4.87699985504
174 4.84399986267
175 4.82600021362
176 4.83699989319
177 4.82000017166
178 4.82600021362
179 4.85500001907
180 4.875
181 4.91099977493
182 4.81500005722
183 5.31699991226
184 5.47399997711
185 5.46500015259
186 5.49800014496
187 5.51700019836
188 4.60400009155
189 4.59000015259
190 5.56599998474
191 5.59299993515
192 3.64400005341
193 3.52800011635
194 4.07600021362
195 4.04099988937
196 5.69299983978
197 5.70800018311
198 5.72300004959
199 5.75899982452
200 5.78100013733
201 5.8109998703
202 5.83599996567
203 5.83699989319
204 5.84999990463
205 5.86000013351
206 5.85900020599
207 5.87200021744
208 5.89400005341
209 5.90100002289
210 5.14300012589
211 5.02099990845
212 5.01800012589
213 5.01700019836
214 5.02299976349
215 5.0110001564
216 5.00400018692
217 5.01900005341
218 5.19099998474
219 2.39199995995
220 2.38899993896
221 2.38800001144
222 5.21799993515
223 5.21299982071
224 5.2389998436
225 5.23799991608
226 5.22700023651
227 5.44799995422
228 5.63700008392
229 6.13899993896
230 6.14900016785
231 6.1810002327
232 6.17199993134
233 6.16599988937
234 6.1890001297
235 6.20699977875
236 6.23400020599
237 6.22700023651
238 6.23000001907
239 6.22900009155
240 6.23500013351
241 6.22800016403
242 6.22700023651
243 6.23299980164
244 6.22700023651
245 6.23799991608
246 6.22900009155
247 6.23400020599
248 6.25400018692
249 6.25600004196
250 6.23799991608
251 6.25199985504
252 6.25600004196
253 6.26800012589
254 6.28000020981
255 6.27600002289
256 6.27500009537
257 6.26499986649
258 6.25500011444
259 6.23999977112
260 6.23500013351
261 6.24700021744
262 6.23199987411
263 6.23299980164
264 6.22200012207
265 6.21099996567
266 6.21000003815
267 6.22399997711
268 6.20599985123
269 6.20399999619
270 6.21600008011
271 6.20800018311
272 6.21299982071
273 6.11899995804
274 5.84000015259
275 5.79300022125
276 5.76499986649
277 5.75
278 5.72700023651
279 5.73600006104
280 5.75
281 5.75500011444
282 5.80000019073
283 5.95200014114
284 6.09000015259
285 6.06500005722
286 6.07600021362
287 6.07700014114
288 6.07299995422
289 6.04500007629
290 6.04300022125
291 6.01000022888
292 5.99900007248
293 5.97900009155
294 5.93699979782
295 5.9359998703
296 5.91699981689
297 5.91400003433
298 5.89799976349
299 5.86499977112
300 5.86299991608
301 5.84899997711
302 5.83900022507
303 5.82800006866
304 5.8189997673
305 5.80000019073
306 5.78399991989
307 5.77400016785
308 5.73999977112
309 5.70499992371
310 5.69000005722
311 5.67100000381
312 5.65500020981
313 5.62699985504
314 5.60300016403
315 5.58300018311
316 5.56300020218
317 5.54600000381
318 5.52099990845
319 5.33500003815
320 5.09800004959
321 5.45900011063
322 5.44799995422
323 5.42899990082
324 5.41400003433
325 5.39400005341
326 5.36600017548
327 5.33900022507
328 5.29899978638
329 4.36999988556
330 4.03499984741
331 4.10500001907
332 5.03100013733
333 5.16900014877
334 5.13500022888
335 5.12099981308
336 5.10099983215
337 5.07100009918
338 5.04600000381
339 5.01399993896
340 4.9439997673
341 4.81799983978
342 4.95900011063
343 4.93200016022
344 4.89799976349
345 4.86000013351
346 4.82700014114
347 4.69899988174
348 4.57000017166
349 4.73299980164
350 4.6970000267
351 4.67199993134
352 4.64599990845
353 4.617000103
354 4.59399986267
355 4.56599998474
356 4.3029999733
357 4.375
358 4.50299978256
359 4.46400022507
360 4.41900014877
361 4.40399980545
362 4.38399982452
363 4.35900020599
364 4.32800006866
365 4.26300001144
366 4.23099994659
367 4.21700000763
368 4.18800020218
369 4.14300012589
370 4.10900020599
371 4.09000015259
372 4.03399991989
373 4.01599979401
374 3.98600006104
375 3.95700001717
376 3.93300008774
377 3.91499996185
378 3.875
379 3.85100007057
380 3.8180000782
381 3.72499990463
382 3.62599992752
383 3.60299992561
384 3.56900000572
385 3.54699993134
386 3.5
387 3.45499992371
388 3.43099999428
389 3.40100002289
390 3.36599993706
391 3.34200000763
392 3.30900001526
393 3.27699995041
394 3.27099990845
395 3.27500009537
396 3.3069999218
397 3.33500003815
398 3.37700009346
399 3.41000008583
400 3.4430000782
401 3.48600006104
402 3.51399993896
403 3.56699991226
404 3.59800004959
405 3.63199996948
406 3.68600010872
407 3.72399997711
408 3.73600006104
409 3.77600002289
410 3.82699990273
411 3.87400007248
412 3.94199991226
413 3.9960000515
414 4.06699991226
415 4.12599992752
416 4.16400003433
417 4.23099994659
418 4.30900001526
419 4.38399982452
420 4.44600009918
421 4.52400016785
422 4.60599994659
423 4.65799999237
424 4.73400020599
425 4.81300020218
426 4.90799999237
427 5.00699996948
428 5.10900020599
429 5.20900011063
430 5.3029999733
431 5.41900014877
432 5.52899980545
433 5.64599990845
434 5.75099992752
435 5.88999986649
436 6.01800012589
437 6.16300010681
438 6.30700016022
439 6.47800016403
440 6.5
441 6.59700012207
442 6.45900011063
443 3.09299993515
444 3.0490000248
445 3.03299999237
446 3.0490000248
447 3.0150001049
448 3.01300001144
449 3.01300001144
450 2.99699997902
451 3.00500011444
452 3.00500011444
453 2.99099993706
454 2.98600006104
455 2.99300003052
456 2.96499991417
457 2.96199989319
458 2.97099995613
459 2.96900010109
460 2.94199991226
461 2.94000005722
462 2.9319999218
463 2.95199990273
464 2.95499992371
465 2.9319999218
466 2.92300009727
467 2.91000008583
468 2.91799998283
469 2.91199994087
470 2.66899991035
471 2.63100004196
472 2.65199995041
473 2.64400005341
474 0.940999984741
475 0.705999970436
476 0.699999988079
477 0.931999981403
478 2.65000009537
479 2.64400005341
480 2.62800002098
481 2.64599990845
482 2.65599989891
483 2.65899991989
484 2.66499996185
485 2.66000008583
486 2.67000007629
487 2.68099999428
488 2.66700005531
489 2.66799998283
490 1.31599998474
491 1.17200005054
492 1.11099994183
493 1.11699998379
494 1.10099995136
495 1.07400000095
496 1.08000004292
497 1.06700003147
498 1.0720000267
499 1.08899998665
500 1.09700000286
501 1.09599995613
502 1.09399998188
503 1.11500000954
504 1.16400003433
505 1.28900003433
506 1.29400002956
507 1.27799999714
508 1.26600003242
509 1.26600003242
510 1.2460000515
511 1.26300001144
512 1.25999999046
513 1.26499998569
514 1.27100002766
515 1.26999998093
516 1.34700000286
517 1.61600005627
518 3.11400008202
519 3.12599992752
520 3.14100003242
521 3.14700007439
522 3.14400005341
523 3.1779999733
524 0.934000015259
525 0.913999974728
526 0.916999995708
527 0.953999996185
528 3.04800009727
529 2.99300003052
530 2.93499994278
531 2.88100004196
532 2.83200001717
533 2.78299999237
534 2.74300003052
535 2.70000004768
536 2.95900011063
537 2.90400004387
538 0.0
539 0.0
540 0.0
