0 4.52600002289
1 4.43499994278
2 4.46000003815
3 4.44299983978
4 4.53999996185
5 4.64099979401
6 4.68200016022
7 4.71799993515
8 4.73799991608
9 4.77099990845
10 4.80900001526
11 4.8140001297
12 4.86199998856
13 4.88899993896
14 4.92700004578
15 4.9470000267
16 4.82600021362
17 4.85599994659
18 4.87900018692
19 4.95599985123
20 5.15000009537
21 5.19299983978
22 5.22100019455
23 5.27699995041
24 5.32000017166
25 5.367000103
26 5.40100002289
27 5.44000005722
28 5.5
29 5.5560002327
30 5.59600019455
31 5.63999986649
32 5.65899991989
33 0.0
34 17.1630001068
35 17.1520004272
36 17.1550006866
37 0.0
38 0.0
39 0.0
40 17.2549991608
41 17.1620006561
42 17.0709991455
43 17.0149993896
44 16.5230007172
45 16.5480003357
46 16.5249996185
47 13.1420001984
48 13.0889997482
49 12.3369998932
50 11.968000412
51 11.5909996033
52 11.5939998627
53 11.6289997101
54 11.625
55 11.345000267
56 10.984000206
57 10.4639997482
58 10.1149997711
59 8.32400035858
60 8.34899997711
61 8.19999980927
62 7.89900016785
63 7.65100002289
64 7.45300006866
65 7.24399995804
66 7.07899999619
67 6.91099977493
68 6.79400014877
69 6.79199981689
70 6.80499982834
71 6.83199977875
72 6.85699987411
73 6.86600017548
74 6.78800010681
75 6.63899993896
76 6.50600004196
77 6.39099979401
78 6.26599979401
79 6.15299987793
80 5.25199985504
81 4.96299982071
82 4.84600019455
83 4.76999998093
84 4.66800022125
85 4.60900020599
86 4.54400014877
87 4.48199987411
88 4.38700008392
89 4.31300020218
90 4.27400016785
91 4.21700000763
92 4.14300012589
93 4.10300016403
94 4.03900003433
95 3.9849998951
96 3.93499994278
97 3.88499999046
98 3.84599995613
99 3.79399991035
100 3.75999999046
101 3.79099988937
102 3.81900000572
103 3.85599994659
104 3.882999897
105 3.9240000248
106 3.94199991226
107 3.97300004959
108 3.91799998283
109 3.867000103
110 3.83500003815
111 3.80200004578
112 3.77399992943
113 3.74099993706
114 3.70000004768
115 3.65899991989
116 3.62599992752
117 3.59800004959
118 3.56200003624
119 3.52800011635
120 3.48900008202
121 3.46600008011
122 3.4430000782
123 3.43400001526
124 3.41300010681
125 3.38800001144
126 3.42899990082
127 3.45199990273
128 3.49900007248
129 3.53299999237
130 3.56100010872
131 3.6210000515
132 3.66799998283
133 4.03700017929
134 4.0689997673
135 4.09600019455
136 4.10500001907
137 4.13700008392
138 4.17299985886
139 4.20399999619
140 4.24499988556
141 4.29300022125
142 4.32800006866
143 4.35300016403
144 4.39900016785
145 4.41300010681
146 4.46600008011
147 4.48600006104
148 4.48699998856
149 4.53900003433
150 4.53599977493
151 4.21500015259
152 4.30900001526
153 4.61499977112
154 3.26300001144
155 3.41899991035
156 4.71400022507
157 4.60500001907
158 4.56500005722
159 4.81300020218
160 4.84100008011
161 4.86499977112
162 4.90100002289
163 4.9310002327
164 4.96400022507
165 4.99300003052
166 5.01700019836
167 5.04300022125
168 3.14599990845
169 3.21199989319
170 3.36999988556
171 4.10099983215
172 4.92399978638
173 4.88899993896
174 4.85200023651
175 4.83199977875
176 4.83699989319
177 4.81599998474
178 4.83300018311
179 4.84299993515
180 4.87200021744
181 4.89599990845
182 4.8220000267
183 5.30800008774
184 5.46999979019
185 5.49399995804
186 5.4889998436
187 5.52299976349
188 4.59999990463
189 4.58400011063
190 5.56500005722
191 5.59100008011
192 3.63700008392
193 3.52600002289
194 4.0609998703
195 4.04600000381
196 5.6939997673
197 5.71600008011
198 5.75099992752
199 5.757999897
200 5.77500009537
201 5.80800008774
202 5.8109998703
203 5.82499980927
204 5.84999990463
205 5.8639998436
206 5.87799978256
207 5.88899993896
208 5.88199996948
209 5.90600013733
210 5.14699983597
211 5.03900003433
212 5.02500009537
213 5.00699996948
214 5.00899982452
215 5.0
216 5.01499986649
217 5.01499986649
218 5.19999980927
219 2.382999897
220 2.37800002098
221 2.38599991798
222 5.22399997711
223 5.20300006866
224 5.23799991608
225 5.22800016403
226 5.24399995804
227 5.46600008011
228 5.63399982452
229 6.11999988556
230 6.15299987793
231 6.17299985886
232 6.18300008774
233 6.19899988174
234 6.20800018311
235 6.21199989319
236 6.23600006104
237 6.21400022507
238 6.21899986267
239 6.22800016403
240 6.23299980164
241 6.21999979019
242 6.242000103
243 6.21999979019
244 6.23099994659
245 6.23000001907
246 6.23400020599
247 6.25400018692
248 6.25199985504
249 6.24900007248
250 6.2610001564
251 6.26800012589
252 6.27600002289
253 6.26300001144
254 6.27400016785
255 6.26800012589
256 6.25500011444
257 6.26499986649
258 6.25500011444
259 6.25699996948
260 6.22800016403
261 6.22499990463
262 6.23099994659
263 6.21899986267
264 6.22300004959
265 6.21299982071
266 6.22900009155
267 6.20599985123
268 6.20800018311
269 6.22800016403
270 6.20100021362
271 6.20599985123
272 6.1939997673
273 6.14300012589
274 5.85799980164
275 5.77699995041
276 5.76599979401
277 5.74599981308
278 5.71799993515
279 5.73600006104
280 5.73999977112
281 5.76000022888
282 5.8189997673
283 5.93200016022
284 6.07499980927
285 6.08099985123
286 6.0720000267
287 6.07800006866
288 6.05800008774
289 6.04300022125
290 6.03000020981
291 6.00600004196
292 5.99100017548
293 5.98600006104
294 5.96899986267
295 5.94299983978
296 5.92999982834
297 5.91800022125
298 5.89200019836
299 5.882999897
300 5.87099981308
301 5.83699989319
302 5.83799982071
303 5.82299995422
304 5.8220000267
305 5.80100011826
306 5.77099990845
307 5.76599979401
308 5.75
309 5.72399997711
310 5.69099998474
311 5.65700006485
312 5.65199995041
313 5.62900018692
314 5.60799980164
315 5.59100008011
316 5.55999994278
317 5.54500007629
318 5.52799987793
319 5.33699989319
320 5.10599994659
321 5.44099998474
322 5.45200014114
323 5.4390001297
324 5.41499996185
325 5.38999986649
326 5.36000013351
327 5.32899999619
328 5.30700016022
329 4.3639998436
330 4.05000019073
331 4.11800003052
332 5.00600004196
333 5.17199993134
334 5.132999897
335 5.11199998856
336 5.09399986267
337 5.07000017166
338 5.04899978638
339 5.02099990845
340 4.95800018311
341 4.8189997673
342 4.95699977875
343 4.93800020218
344 4.90500020981
345 4.86899995804
346 4.83199977875
347 4.69899988174
348 4.55900001526
349 4.7389998436
350 4.70699977875
351 4.67199993134
352 4.63700008392
353 4.61600017548
354 4.58400011063
355 4.56300020218
356 4.30800008774
357 4.3639998436
358 4.47499990463
359 4.46799993515
360 4.4359998703
361 4.39699983597
362 4.40100002289
363 4.35300016403
364 4.32999992371
365 4.28499984741
366 4.24900007248
367 4.21799993515
368 4.15299987793
369 4.15500020981
370 4.10400009155
371 4.09299993515
372 4.06799983978
373 4.01499986649
374 3.98699998856
375 3.96499991417
376 3.93000006676
377 3.91199994087
378 3.8900001049
379 3.85299992561
380 3.82100009918
381 3.70700001717
382 3.62400007248
383 3.60700011253
384 3.56399989128
385 3.52300000191
386 3.50300002098
387 3.46300005913
388 3.42600011826
389 3.40899991989
390 3.37800002098
391 3.3259999752
392 3.29800009727
393 3.28099989891
394 3.25600004196
395 3.27300000191
396 3.28800010681
397 3.33400011063
398 3.35700011253
399 3.40199995041
400 3.42899990082
401 3.46900010109
402 3.52099990845
403 3.57100009918
404 3.60800004005
405 3.64299988747
406 3.68000006676
407 3.72300004959
408 3.74799990654
409 3.78900003433
410 3.84299993515
411 3.88400006294
412 3.94199991226
413 4.00899982452
414 4.07100009918
415 4.11800003052
416 4.17299985886
417 4.24300003052
418 4.32399988174
419 4.37900018692
420 4.45900011063
421 4.52500009537
422 4.60300016403
423 4.65600013733
424 4.73699998856
425 4.82399988174
426 4.90500020981
427 5.01700019836
428 5.11800003052
429 5.21199989319
430 5.32399988174
431 5.42000007629
432 5.53700017929
433 5.62400007248
434 5.76000022888
435 5.89099979401
436 6.01999998093
437 6.16400003433
438 6.32899999619
439 6.47900009155
440 6.50299978256
441 6.60599994659
442 6.48600006104
443 3.06200003624
444 3.05100011826
445 3.03800010681
446 3.03299999237
447 3.00900006294
448 3.01999998093
449 3.01600003242
450 3.01200008392
451 2.99699997902
452 2.98699998856
453 3.00300002098
454 2.97600007057
455 2.97300004959
456 2.96700000763
457 2.97600007057
458 2.96199989319
459 2.96399998665
460 2.95199990273
461 2.94400000572
462 2.94099998474
463 2.96199989319
464 2.9279999733
465 2.93400001526
466 2.94799995422
467 2.93799996376
468 2.91599988937
469 2.91799998283
470 2.66100001335
471 2.64700007439
472 2.6289999485
473 2.66199994087
474 0.943000018597
475 0.705999970436
476 0.713999986649
477 0.930999994278
478 2.66300010681
479 2.64800000191
480 2.64800000191
481 2.65300011635
482 2.64299988747
483 2.66400003433
484 2.66100001335
485 2.6819999218
486 2.67899990082
487 2.65100002289
488 2.67000007629
489 2.6819999218
490 1.29499995708
491 1.18200004101
492 1.10099995136
493 1.10599994659
494 1.09500002861
495 1.09500002861
496 1.09399998188
497 1.07299995422
498 1.07899999619
499 1.08800005913
500 1.10599994659
501 1.09000003338
502 1.08899998665
503 1.11800003052
504 1.16400003433
505 1.2840000391
506 1.2879999876
507 1.2879999876
508 1.25600004196
509 1.24199998379
510 1.25999999046
511 1.26400005817
512 1.26100003719
513 1.26999998093
514 1.27199995518
515 1.28499996662
516 1.35699999332
517 1.6590000391
518 3.11599993706
519 3.125
520 3.12400007248
521 3.15400004387
522 3.16899991035
523 3.18799996376
524 0.931999981403
525 0.921000003815
526 0.919000029564
527 0.953999996185
528 3.04600000381
529 2.99300003052
530 2.94400000572
531 2.87400007248
532 2.83699989319
533 2.78500008583
534 2.72900009155
535 2.71000003815
536 2.97900009155
537 2.93400001526
538 0.0
539 0.0
540 0.0
