0 4.52699995041
1 4.44299983978
2 4.44899988174
3 4.47300004959
4 4.51900005341
5 4.65199995041
6 4.67500019073
7 4.71199989319
8 4.75400018692
9 4.76599979401
10 4.79400014877
11 4.84299993515
12 4.87200021744
13 4.90600013733
14 4.94000005722
15 4.92999982834
16 4.83799982071
17 4.85400009155
18 4.88999986649
19 4.97900009155
20 5.15500020981
21 5.1810002327
22 5.23400020599
23 5.27699995041
24 5.30900001526
25 5.37099981308
26 5.40700006485
27 5.46000003815
28 5.51999998093
29 5.5560002327
30 5.60900020599
31 5.65000009537
32 5.68400001526
33 0.0
34 17.1669998169
35 17.156999588
36 17.1509990692
37 0.0
38 0.0
39 0.0
40 17.236000061
41 17.1790008545
42 17.0849990845
43 17.0200004578
44 16.5380001068
45 16.5520000458
46 16.5249996185
47 13.1630001068
48 13.0719995499
49 12.3520002365
50 11.9759998322
51 11.6009998322
52 11.6280002594
53 11.6300001144
54 11.6160001755
55 11.3459997177
56 11.013999939
57 10.4600000381
58 10.1129999161
59 8.34399986267
60 8.34300041199
61 8.21399974823
62 7.90799999237
63 7.65199995041
64 7.45399999619
65 7.23799991608
66 7.0640001297
67 6.91099977493
68 6.79899978638
69 6.79300022125
70 6.80200004578
71 6.82100009918
72 6.84999990463
73 6.87300014496
74 6.79099988937
75 6.64200019836
76 6.52600002289
77 6.40000009537
78 6.26900005341
79 6.16599988937
80 5.25400018692
81 4.97700023651
82 4.85300016403
83 4.77099990845
84 4.68200016022
85 4.61499977112
86 4.54199981689
87 4.48799991608
88 4.42299985886
89 4.34499979019
90 4.27500009537
91 4.22399997711
92 4.14699983597
93 4.11999988556
94 4.02400016785
95 3.98200011253
96 3.93400001526
97 3.90300011635
98 3.85199999809
99 3.8029999733
100 3.79999995232
101 3.79200005531
102 3.82800006866
103 3.85199999809
104 3.86899995804
105 3.90599989891
106 3.95499992371
107 3.95900011063
108 3.93499994278
109 3.89700007439
110 3.84800004959
111 3.8069999218
112 3.76900005341
113 3.72399997711
114 3.70700001717
115 3.65799999237
116 3.62400007248
117 3.58599996567
118 3.57299995422
119 3.51999998093
120 3.50300002098
121 3.48099994659
122 3.45700001717
123 3.42899990082
124 3.41499996185
125 3.40499997139
126 3.43300008774
127 3.46600008011
128 3.4849998951
129 3.53999996185
130 3.57899999619
131 3.59599995613
132 3.66700005531
133 4.02299976349
134 4.06300020218
135 4.10099983215
136 4.10500001907
137 4.15799999237
138 4.1890001297
139 4.22800016403
140 4.22700023651
141 4.29899978638
142 4.32600021362
143 4.35599994659
144 4.39900016785
145 4.4390001297
146 4.48099994659
147 4.49100017548
148 4.51700019836
149 4.53999996185
150 4.53000020981
151 4.20499992371
152 4.31199979782
153 4.53499984741
154 3.27099990845
155 3.4279999733
156 4.71299982071
157 4.59499979019
158 4.55000019073
159 4.81199979782
160 4.82999992371
161 4.875
162 4.89300012589
163 4.9390001297
164 4.96299982071
165 4.99900007248
166 5.02799987793
167 5.03700017929
168 3.17899990082
169 3.22199988365
170 3.36999988556
171 4.117000103
172 4.92399978638
173 4.89599990845
174 4.86000013351
175 4.84399986267
176 4.82700014114
177 4.84299993515
178 4.83300018311
179 4.84800004959
180 4.87799978256
181 4.91200017929
182 4.8189997673
183 5.33199977875
184 5.47700023651
185 5.4889998436
186 5.49900007248
187 5.51399993896
188 4.60300016403
189 4.58199977875
190 5.55900001526
191 5.58099985123
192 3.64299988747
193 3.53500008583
194 4.08799982071
195 4.04899978638
196 5.69199991226
197 5.72700023651
198 5.742000103
199 5.77099990845
200 5.78299999237
201 5.8189997673
202 5.84000015259
203 5.84299993515
204 5.85900020599
205 5.87400007248
206 5.87400007248
207 5.87400007248
208 5.88000011444
209 5.88500022888
210 5.13999986649
211 5.03000020981
212 5.01800012589
213 5.01999998093
214 5.01800012589
215 5.007999897
216 5.01700019836
217 5.03000020981
218 5.1939997673
219 2.38400006294
220 2.37599992752
221 2.38899993896
222 5.22200012207
223 5.21899986267
224 5.23600006104
225 5.23699998856
226 5.24399995804
227 5.44600009918
228 5.63800001144
229 6.13999986649
230 6.17299985886
231 6.16599988937
232 6.1939997673
233 6.20599985123
234 6.19099998474
235 6.21600008011
236 6.23199987411
237 6.23400020599
238 6.2389998436
239 6.23600006104
240 6.22100019455
241 6.23600006104
242 6.22900009155
243 6.23199987411
244 6.23400020599
245 6.242000103
246 6.242000103
247 6.2389998436
248 6.25899982452
249 6.26599979401
250 6.27500009537
251 6.27199983597
252 6.27600002289
253 6.26300001144
254 6.29699993134
255 6.28399991989
256 6.27199983597
257 6.24800014496
258 6.24800014496
259 6.26200008392
260 6.24900007248
261 6.242000103
262 6.23199987411
263 6.22599983215
264 6.23699998856
265 6.24900007248
266 6.22900009155
267 6.20800018311
268 6.22399997711
269 6.21600008011
270 6.22399997711
271 6.22900009155
272 6.21199989319
273 6.13500022888
274 5.84999990463
275 5.77799987793
276 5.75899982452
277 5.74900007248
278 5.72900009155
279 5.73199987411
280 5.74700021744
281 5.77799987793
282 5.79799985886
283 5.95499992371
284 6.09000015259
285 6.08599996567
286 6.08099985123
287 6.0640001297
288 6.05800008774
289 6.0529999733
290 6.04199981689
291 6.02199983597
292 5.99300003052
293 5.99700021744
294 5.96099996567
295 5.96000003815
296 5.9359998703
297 5.90899991989
298 5.89799976349
299 5.882999897
300 5.8639998436
301 5.84499979019
302 5.84100008011
303 5.82899999619
304 5.82399988174
305 5.8140001297
306 5.79199981689
307 5.78399991989
308 5.75199985504
309 5.73099994659
310 5.69799995422
311 5.6779999733
312 5.65899991989
313 5.63899993896
314 5.6139998436
315 5.59200000763
316 5.56599998474
317 5.53999996185
318 5.52500009537
319 5.32999992371
320 5.10300016403
321 5.46600008011
322 5.45300006866
323 5.43699979782
324 5.41599988937
325 5.40299987793
326 5.37300014496
327 5.33900022507
328 5.30900001526
329 4.38700008392
330 4.05999994278
331 4.13800001144
332 5.00600004196
333 5.17899990082
334 5.14900016785
335 5.1139998436
336 5.09399986267
337 5.0689997673
338 5.04600000381
339 5.03299999237
340 4.9470000267
341 4.81599998474
342 4.96799993515
343 4.94199991226
344 4.91400003433
345 4.87300014496
346 4.84899997711
347 4.69899988174
348 4.57399988174
349 4.73699998856
350 4.70499992371
351 4.67500019073
352 4.64099979401
353 4.61600017548
354 4.60599994659
355 4.57100009918
356 4.3220000267
357 4.37599992752
358 4.50600004196
359 4.46799993515
360 4.44899988174
361 4.41699981689
362 4.40700006485
363 4.35599994659
364 4.32600021362
365 4.28700017929
366 4.24900007248
367 4.22399997711
368 4.17999982834
369 4.132999897
370 4.10099983215
371 4.07399988174
372 4.05900001526
373 4.03700017929
374 3.99499988556
375 3.96799993515
376 3.9470000267
377 3.91000008583
378 3.89299988747
379 3.8599998951
380 3.83500003815
381 3.71600008011
382 3.63899993896
383 3.61100006104
384 3.56399989128
385 3.53800010681
386 3.51300001144
387 3.47300004959
388 3.4319999218
389 3.40799999237
390 3.36299991608
391 3.35100007057
392 3.30200004578
393 3.27500009537
394 3.27699995041
395 3.26900005341
396 3.30800008774
397 3.35100007057
398 3.37199997902
399 3.42000007629
400 3.45199990273
401 3.47499990463
402 3.53099989891
403 3.57100009918
404 3.61599993706
405 3.64700007439
406 3.70000004768
407 3.73000001907
408 3.7460000515
409 3.78600001335
410 3.8259999752
411 3.88000011444
412 3.95499992371
413 3.99900007248
414 4.08099985123
415 4.132999897
416 4.1810002327
417 4.24399995804
418 4.3109998703
419 4.38899993896
420 4.45900011063
421 4.51999998093
422 4.59800004959
423 4.67899990082
424 4.72900009155
425 4.82399988174
426 4.90500020981
427 5.02799987793
428 5.11600017548
429 5.21700000763
430 5.32700014114
431 5.4279999733
432 5.55700016022
433 5.64900016785
434 5.77699995041
435 5.87900018692
436 6.02799987793
437 6.16499996185
438 6.32899999619
439 6.48500013351
440 6.52099990845
441 6.62200021744
442 6.44999980927
443 3.09400010109
444 3.0490000248
445 3.03200006485
446 3.03699994087
447 3.02300000191
448 3.00600004196
449 3.00600004196
450 3.00900006294
451 3.00699996948
452 3.00600004196
453 2.99000000954
454 2.98099994659
455 2.97399997711
456 2.99099993706
457 2.97399997711
458 2.96900010109
459 2.95900011063
460 2.95600008965
461 2.96399998665
462 2.9470000267
463 2.94600009918
464 2.94000005722
465 2.93600010872
466 2.93600010872
467 2.94199991226
468 2.93799996376
469 2.92100000381
470 2.67600011826
471 2.65300011635
472 2.62400007248
473 2.67199993134
474 0.952000021935
475 0.723999977112
476 0.711000025272
477 0.940999984741
478 2.66799998283
479 2.65499997139
480 2.65100002289
481 2.63700008392
482 2.66300010681
483 2.64499998093
484 2.66700005531
485 2.66700005531
486 2.64700007439
487 2.67600011826
488 2.66199994087
489 2.69199991226
490 2.82699990273
491 2.9470000267
492 2.93400001526
493 2.93400001526
494 1.45399999619
495 1.2460000515
496 1.14800000191
497 1.12999999523
498 1.13199996948
499 1.13999998569
500 1.11600005627
501 1.12600004673
502 1.13499999046
503 1.10599994659
504 1.1289999485
505 1.14400005341
506 1.13199996948
507 1.16499996185
508 1.18799996376
509 1.27499997616
510 1.27100002766
511 1.26900005341
512 1.25199997425
513 1.25600004196
514 1.26600003242
515 1.25600004196
516 1.27400004864
517 1.29200005531
518 1.38800001144
519 1.34700000286
520 3.1289999485
521 3.16300010681
522 3.17300009727
523 3.1779999733
524 0.936999976635
525 0.925999999046
526 0.930999994278
527 0.954999983311
528 3.04999995232
529 2.98799991608
530 2.93400001526
531 2.88599991798
532 2.83699989319
533 2.79099988937
534 2.75
535 2.73099994659
536 2.97199988365
537 2.91499996185
538 0.0
539 0.0
540 0.0
