0 4.50199985504
1 4.4470000267
2 4.44899988174
3 4.47300004959
4 4.52899980545
5 4.65100002289
6 4.6779999733
7 4.71400022507
8 4.73299980164
9 4.75699996948
10 4.80200004578
11 4.83400011063
12 4.85699987411
13 4.89699983597
14 4.92299985886
15 4.92299985886
16 4.82499980927
17 4.84700012207
18 4.88000011444
19 4.96899986267
20 5.14300012589
21 5.1810002327
22 5.2389998436
23 5.25699996948
24 5.3029999733
25 5.35799980164
26 5.41300010681
27 5.45399999619
28 5.50099992752
29 5.5529999733
30 5.59899997711
31 5.65399980545
32 5.68499994278
33 17.1840000153
34 17.1280002594
35 17.1539993286
36 17.1329994202
37 0.0
38 0.0
39 0.0
40 17.2409992218
41 17.1650009155
42 17.0720005035
43 16.9920005798
44 16.5419998169
45 16.547000885
46 16.5130004883
47 13.1560001373
48 13.093000412
49 12.3319997787
50 11.9429998398
51 11.5909996033
52 11.6079998016
53 11.6339998245
54 11.6289997101
55 11.3489999771
56 10.9940004349
57 10.4479999542
58 10.1000003815
59 8.35999965668
60 8.33500003815
61 8.18799972534
62 7.91300010681
63 7.64699983597
64 7.45200014114
65 7.23600006104
66 7.04500007629
67 6.90600013733
68 6.79099988937
69 6.78700017929
70 6.80499982834
71 6.82000017166
72 6.86299991608
73 6.875
74 6.79500007629
75 6.632999897
76 6.51700019836
77 6.38000011444
78 6.26499986649
79 6.15100002289
80 5.24100017548
81 4.97700023651
82 4.85099983215
83 4.77199983597
84 4.67100000381
85 4.58199977875
86 4.52699995041
87 4.46899986267
88 4.41300010681
89 4.33699989319
90 4.27699995041
91 4.22499990463
92 4.17500019073
93 4.117000103
94 4.03700017929
95 3.97600007057
96 3.92899990082
97 3.87299990654
98 3.82699990273
99 3.79999995232
100 3.76600003242
101 3.78200006485
102 3.82500004768
103 3.86199998856
104 3.86100006104
105 3.90300011635
106 3.92899990082
107 3.94199991226
108 3.91899991035
109 3.89199995995
110 3.85800004005
111 3.80800008774
112 3.76200008392
113 3.73600006104
114 3.71000003815
115 3.65499997139
116 3.62299990654
117 3.58200001717
118 3.54800009727
119 3.53099989891
120 3.50300002098
121 3.47600007057
122 3.4509999752
123 3.42199993134
124 3.41000008583
125 3.39400005341
126 3.4279999733
127 3.44499993324
128 3.47799992561
129 3.53900003433
130 3.5759999752
131 3.6210000515
132 3.6819999218
133 4.01499986649
134 4.0529999733
135 4.09700012207
136 4.12300014496
137 4.132999897
138 4.19299983978
139 4.22100019455
140 4.25600004196
141 4.28599977493
142 4.32299995422
143 4.36100006104
144 4.382999897
145 4.42000007629
146 4.46700000763
147 4.47800016403
148 4.49399995804
149 4.53200006485
150 4.55499982834
151 4.19899988174
152 4.28499984741
153 4.59800004959
154 3.27500009537
155 3.42899990082
156 4.71099996567
157 4.60200023651
158 4.56799983978
159 4.8029999733
160 4.83900022507
161 4.86899995804
162 4.90100002289
163 4.92299985886
164 4.96700000763
165 4.99599981308
166 5.02500009537
167 5.04400014877
168 3.11999988556
169 3.21700000763
170 3.36999988556
171 4.09299993515
172 4.92100000381
173 4.86800003052
174 4.86000013351
175 4.84100008011
176 4.83400011063
177 4.81199979782
178 4.83099985123
179 4.85300016403
180 4.85099983215
181 4.91200017929
182 4.81799983978
183 5.32700014114
184 5.46799993515
185 5.47499990463
186 5.5
187 5.5
188 4.60300016403
189 4.58300018311
190 5.56500005722
191 5.57399988174
192 3.63899993896
193 3.53099989891
194 4.07499980927
195 4.03200006485
196 5.67999982834
197 5.71899986267
198 5.75199985504
199 5.7610001564
200 5.78200006485
201 5.80999994278
202 5.81799983978
203 5.83300018311
204 5.84600019455
205 5.85900020599
206 5.87400007248
207 5.89099979401
208 5.90199995041
209 5.89200019836
210 5.14300012589
211 5.02099990845
212 5.00899982452
213 5.02299976349
214 5.01599979401
215 5.01200008392
216 5.0110001564
217 5.01000022888
218 5.19799995422
219 2.37400007248
220 2.37400007248
221 2.38100004196
222 5.21700000763
223 5.22100019455
224 5.23500013351
225 5.23400020599
226 5.24300003052
227 5.44299983978
228 5.65500020981
229 6.117000103
230 6.15000009537
231 6.16599988937
232 6.17700004578
233 6.1890001297
234 6.21000003815
235 6.21600008011
236 6.22300004959
237 6.22599983215
238 6.21999979019
239 6.21500015259
240 6.22300004959
241 6.22200012207
242 6.2389998436
243 6.24700021744
244 6.25
245 6.22900009155
246 6.23699998856
247 6.2389998436
248 6.25699996948
249 6.26000022888
250 6.25400018692
251 6.24300003052
252 6.27099990845
253 6.26700019836
254 6.28599977493
255 6.26599979401
256 6.25500011444
257 6.24800014496
258 6.24399995804
259 6.26000022888
260 6.24499988556
261 6.23600006104
262 6.22100019455
263 6.24399995804
264 6.21600008011
265 6.21899986267
266 6.23099994659
267 6.21400022507
268 6.21700000763
269 6.21600008011
270 6.21299982071
271 6.23500013351
272 6.22300004959
273 6.13999986649
274 5.84899997711
275 5.79199981689
276 5.7610001564
277 5.74499988556
278 5.71600008011
279 5.72399997711
280 5.742000103
281 5.76700019836
282 5.81699991226
283 5.94799995422
284 6.08900022507
285 6.05800008774
286 6.05800008774
287 6.07299995422
288 6.05999994278
289 6.05499982834
290 6.04099988937
291 6.01999998093
292 5.9889998436
293 5.98099994659
294 5.94899988174
295 5.95100021362
296 5.93300008774
297 5.91400003433
298 5.88899993896
299 5.88199996948
300 5.87099981308
301 5.85799980164
302 5.83599996567
303 5.8220000267
304 5.81699991226
305 5.80499982834
306 5.79400014877
307 5.77500009537
308 5.74499988556
309 5.72700023651
310 5.69299983978
311 5.66800022125
312 5.64799976349
313 5.625
314 5.60400009155
315 5.58400011063
316 5.56199979782
317 5.54300022125
318 5.52099990845
319 5.32399988174
320 5.10900020599
321 5.45300006866
322 5.44899988174
323 5.42399978638
324 5.40700006485
325 5.382999897
326 5.36199998856
327 5.33199977875
328 5.29099988937
329 4.37300014496
330 4.04199981689
331 4.132999897
332 5.01499986649
333 5.17100000381
334 5.14799976349
335 5.11899995804
336 5.08599996567
337 5.07000017166
338 5.04699993134
339 5.02699995041
340 4.96000003815
341 4.8189997673
342 4.94999980927
343 4.94299983978
344 4.90299987793
345 4.86899995804
346 4.82600021362
347 4.71099996567
348 4.54500007629
349 4.73699998856
350 4.71299982071
351 4.67899990082
352 4.625
353 4.62900018692
354 4.59600019455
355 4.55999994278
356 4.31500005722
357 4.36600017548
358 4.47599983215
359 4.46199989319
360 4.44299983978
361 4.41499996185
362 4.39900016785
363 4.34700012207
364 4.32399988174
365 4.28900003433
366 4.24700021744
367 4.20499992371
368 4.17399978638
369 4.13199996948
370 4.11000013351
371 4.08300018311
372 4.03700017929
373 4.01599979401
374 3.98399996758
375 3.96700000763
376 3.92300009727
377 3.89400005341
378 3.882999897
379 3.8599998951
380 3.8259999752
381 3.72900009155
382 3.64599990845
383 3.60299992561
384 3.56599998474
385 3.53600001335
386 3.5
387 3.45799994469
388 3.40899991989
389 3.38599991798
390 3.35500001907
391 3.33500003815
392 3.3180000782
393 3.28699994087
394 3.26300001144
395 3.27500009537
396 3.28800010681
397 3.32299995422
398 3.35299992561
399 3.40700006485
400 3.42600011826
401 3.47399997711
402 3.51999998093
403 3.56500005722
404 3.60299992561
405 3.63199996948
406 3.66400003433
407 3.71700000763
408 3.73099994659
409 3.77699995041
410 3.81999993324
411 3.89199995995
412 3.94400000572
413 4.0
414 4.06500005722
415 4.10200023651
416 4.1779999733
417 4.25099992752
418 4.3220000267
419 4.382999897
420 4.42500019073
421 4.51700019836
422 4.59499979019
423 4.65600013733
424 4.72399997711
425 4.82399988174
426 4.91099977493
427 5.02799987793
428 5.10500001907
429 5.21299982071
430 5.31699991226
431 5.42500019073
432 5.51800012589
433 5.63100004196
434 5.75699996948
435 5.90799999237
436 6.02299976349
437 6.14699983597
438 6.31500005722
439 6.48000001907
440 6.49399995804
441 6.60699987411
442 6.46799993515
443 3.08500003815
444 3.05399990082
445 3.03200006485
446 3.02500009537
447 3.02900004387
448 3.02099990845
449 3.02500009537
450 2.99499988556
451 2.99300003052
452 3.00600004196
453 2.99300003052
454 2.98799991608
455 2.97000002861
456 2.97399997711
457 2.9509999752
458 2.96099996567
459 2.94600009918
460 2.9430000782
461 2.9430000782
462 2.94899988174
463 2.9279999733
464 2.94000005722
465 2.94400000572
466 2.94199991226
467 2.92300009727
468 2.91599988937
469 2.92300009727
470 2.65300011635
471 2.6210000515
472 2.64400005341
473 2.6400001049
474 0.952000021935
475 0.711000025272
476 0.712000012398
477 0.930000007153
478 2.64700007439
479 2.64100003242
480 2.65199995041
481 2.65599989891
482 2.63599991798
483 2.65700006485
484 2.66599988937
485 2.66799998283
486 2.66199994087
487 2.66599988937
488 2.66300010681
489 2.68700003624
490 1.31099998951
491 1.17700004578
492 1.11000001431
493 1.09599995613
494 1.08599996567
495 1.07899999619
496 1.08099997044
497 1.06500005722
498 1.09000003338
499 1.07500004768
500 1.07099997997
501 1.0870000124
502 1.12199997902
503 1.11500000954
504 1.16100001335
505 1.27300000191
506 1.27699995041
507 1.26199996471
508 1.24399995804
509 1.26900005341
510 1.26400005817
511 1.26999998093
512 1.27100002766
513 1.26800000668
514 1.26900005341
515 1.28100001812
516 1.34599995613
517 1.64999997616
518 3.11800003052
519 3.13700008392
520 3.12599992752
521 3.12700009346
522 3.14599990845
523 3.1819999218
524 0.93599998951
525 0.916000008583
526 0.908999979496
527 0.933000028133
528 3.04699993134
529 2.992000103
530 2.92499995232
531 2.88400006294
532 2.83800005913
533 2.77300000191
534 2.73099994659
535 2.72399997711
536 2.96900010109
537 2.90599989891
538 0.0
539 0.0
540 0.0
