0 4.51000022888
1 4.43499994278
2 4.44500017166
3 4.48099994659
4 4.52500009537
5 4.64099979401
6 4.67100000381
7 4.70800018311
8 4.73500013351
9 4.77099990845
10 4.8109998703
11 4.81500005722
12 4.85300016403
13 4.89699983597
14 4.9390001297
15 4.9470000267
16 4.83799982071
17 4.84899997711
18 4.87900018692
19 4.96600008011
20 5.15399980545
21 5.19199991226
22 5.22399997711
23 5.27299976349
24 5.31799983978
25 5.35200023651
26 5.40299987793
27 5.45399999619
28 5.49599981308
29 5.55399990082
30 5.60599994659
31 5.64499998093
32 5.65299987793
33 0.0
34 17.1210002899
35 17.1469993591
36 17.1509990692
37 0.0
38 0.0
39 0.0
40 17.2520008087
41 17.156999588
42 17.0750007629
43 17.0209999084
44 16.517999649
45 16.547000885
46 16.5300006866
47 13.1739997864
48 13.0780000687
49 12.3280000687
50 11.9390001297
51 11.5920000076
52 11.5869998932
53 11.6260004044
54 11.623000145
55 11.3420000076
56 11.0030002594
57 10.4689998627
58 10.0889997482
59 8.33500003815
60 8.35200023651
61 8.20699977875
62 7.90799999237
63 7.63899993896
64 7.45100021362
65 7.24399995804
66 7.0689997673
67 6.90899991989
68 6.79600000381
69 6.77699995041
70 6.79699993134
71 6.83300018311
72 6.84800004959
73 6.87400007248
74 6.78900003433
75 6.64799976349
76 6.51200008392
77 6.38999986649
78 6.26399993896
79 6.14699983597
80 5.23699998856
81 4.96899986267
82 4.86600017548
83 4.77199983597
84 4.68300008774
85 4.60200023651
86 4.55000019073
87 4.48199987411
88 4.39699983597
89 4.31300020218
90 4.25400018692
91 4.21799993515
92 4.17500019073
93 4.10699987411
94 4.03399991989
95 3.99799990654
96 3.91799998283
97 3.89100003242
98 3.84599995613
99 3.8029999733
100 3.76200008392
101 3.77399992943
102 3.81500005722
103 3.84100008011
104 3.89499998093
105 3.91300010681
106 3.94199991226
107 3.95499992371
108 3.9240000248
109 3.87400007248
110 3.82500004768
111 3.80500006676
112 3.76399993896
113 3.72499990463
114 3.6970000267
115 3.66199994087
116 3.64100003242
117 3.59200000763
118 3.56500005722
119 3.53399991989
120 3.50300002098
121 3.46399998665
122 3.4430000782
123 3.4240000248
124 3.40199995041
125 3.38700008392
126 3.4319999218
127 3.45499992371
128 3.50200009346
129 3.5150001049
130 3.58200001717
131 3.60199999809
132 3.66700005531
133 4.01200008392
134 4.0720000267
135 4.08400011063
136 4.10599994659
137 4.1360001564
138 4.17700004578
139 4.20100021362
140 4.25400018692
141 4.26700019836
142 4.32800006866
143 4.34700012207
144 4.37699985504
145 4.4359998703
146 4.47300004959
147 4.48799991608
148 4.51000022888
149 4.53700017929
150 4.55999994278
151 4.20800018311
152 4.29400014877
153 4.50699996948
154 3.2650001049
155 3.4279999733
156 4.71899986267
157 4.59700012207
158 4.57399988174
159 4.8029999733
160 4.83400011063
161 4.85799980164
162 4.89799976349
163 4.93200016022
164 4.95900011063
165 5.00400018692
166 5.02600002289
167 5.03900003433
168 3.1400001049
169 3.24300003052
170 3.36500000954
171 4.11600017548
172 4.92600011826
173 4.88999986649
174 4.85900020599
175 4.84600019455
176 4.83900022507
177 4.82700014114
178 4.84200000763
179 4.86000013351
180 4.86899995804
181 4.90399980545
182 4.81599998474
183 5.31699991226
184 5.47200012207
185 5.48500013351
186 5.48299980164
187 5.52299976349
188 4.57999992371
189 4.58699989319
190 5.58400011063
191 5.58799982071
192 3.63499999046
193 3.51600003242
194 4.07700014114
195 4.05499982834
196 5.69500017166
197 5.71799993515
198 5.74599981308
199 5.74800014496
200 5.78000020981
201 5.80900001526
202 5.82299995422
203 5.8189997673
204 5.84600019455
205 5.85799980164
206 5.86800003052
207 5.88000011444
208 5.90899991989
209 5.8860001564
210 5.15299987793
211 5.03100013733
212 5.02899980545
213 5.02899980545
214 5.02500009537
215 4.99900007248
216 5.00899982452
217 5.01200008392
218 5.19500017166
219 2.37299990654
220 2.375
221 2.40599989891
222 5.21299982071
223 5.21500015259
224 5.23500013351
225 5.23199987411
226 5.25099992752
227 5.44299983978
228 5.65100002289
229 6.117000103
230 6.14699983597
231 6.16200017929
232 6.18400001526
233 6.20200014114
234 6.20300006866
235 6.21999979019
236 6.22200012207
237 6.22300004959
238 6.23199987411
239 6.22499990463
240 6.22800016403
241 6.23299980164
242 6.25199985504
243 6.25
244 6.23299980164
245 6.242000103
246 6.22499990463
247 6.24100017548
248 6.26399993896
249 6.26300001144
250 6.25400018692
251 6.26900005341
252 6.27899980545
253 6.26300001144
254 6.27099990845
255 6.25899982452
256 6.27400016785
257 6.24599981308
258 6.257999897
259 6.23699998856
260 6.22300004959
261 6.25099992752
262 6.22700023651
263 6.22800016403
264 6.21799993515
265 6.21400022507
266 6.23199987411
267 6.21500015259
268 6.23500013351
269 6.22800016403
270 6.20100021362
271 6.22100019455
272 6.21899986267
273 6.12699985504
274 5.84999990463
275 5.78599977493
276 5.74499988556
277 5.74900007248
278 5.72399997711
279 5.72100019455
280 5.75400018692
281 5.77699995041
282 5.81599998474
283 5.95800018311
284 6.09000015259
285 6.08199977875
286 6.0720000267
287 6.06699991226
288 6.06799983978
289 6.0560002327
290 6.02899980545
291 6.02600002289
292 5.99399995804
293 5.98699998856
294 5.95599985123
295 5.94799995422
296 5.92500019073
297 5.92000007629
298 5.88199996948
299 5.87200021744
300 5.85599994659
301 5.84100008011
302 5.81699991226
303 5.83500003815
304 5.8060002327
305 5.79400014877
306 5.78999996185
307 5.77899980545
308 5.742000103
309 5.72499990463
310 5.69999980927
311 5.67999982834
312 5.63500022888
313 5.61600017548
314 5.60900020599
315 5.58199977875
316 5.56699991226
317 5.54199981689
318 5.53299999237
319 5.33099985123
320 5.11499977112
321 5.4470000267
322 5.4390001297
323 5.4279999733
324 5.42700004578
325 5.40500020981
326 5.3639998436
327 5.33599996567
328 5.3060002327
329 4.35900020599
330 4.04699993134
331 4.12599992752
332 5.01399993896
333 5.15899991989
334 5.14300012589
335 5.11299991608
336 5.07999992371
337 5.06500005722
338 5.04199981689
339 5.02099990845
340 4.96099996567
341 4.81599998474
342 4.96199989319
343 4.94799995422
344 4.90299987793
345 4.86899995804
346 4.83300018311
347 4.70200014114
348 4.55499982834
349 4.74399995804
350 4.71400022507
351 4.67899990082
352 4.64599990845
353 4.63100004196
354 4.57600021362
355 4.57800006866
356 4.32100009918
357 4.38000011444
358 4.48299980164
359 4.46899986267
360 4.44999980927
361 4.41800022125
362 4.37300014496
363 4.33799982071
364 4.32100009918
365 4.28000020981
366 4.24499988556
367 4.21400022507
368 4.18499994278
369 4.14599990845
370 4.11299991608
371 4.07800006866
372 4.04199981689
373 4.00500011444
374 3.97399997711
375 3.96199989319
376 3.93099999428
377 3.9240000248
378 3.88199996948
379 3.85299992561
380 3.82899999619
381 3.71499991417
382 3.63199996948
383 3.58599996567
384 3.55900001526
385 3.52800011635
386 3.50300002098
387 3.47300004959
388 3.43700003624
389 3.40000009537
390 3.36800003052
391 3.34500002861
392 3.32500004768
393 3.29299998283
394 3.25500011444
395 3.2650001049
396 3.30399990082
397 3.34299993515
398 3.35199999809
399 3.39100003242
400 3.45300006866
401 3.47000002861
402 3.51200008392
403 3.55500006676
404 3.59200000763
405 3.63499999046
406 3.69099998474
407 3.70900011063
408 3.74300003052
409 3.78500008583
410 3.83800005913
411 3.88100004196
412 3.93300008774
413 3.98200011253
414 4.06699991226
415 4.12900018692
416 4.18499994278
417 4.24599981308
418 4.28900003433
419 4.37699985504
420 4.44600009918
421 4.53299999237
422 4.60200023651
423 4.66599988937
424 4.72399997711
425 4.8060002327
426 4.90700006485
427 5.02500009537
428 5.10799980164
429 5.21500015259
430 5.31599998474
431 5.42299985886
432 5.53800010681
433 5.66400003433
434 5.75099992752
435 5.89099979401
436 6.01999998093
437 6.17899990082
438 6.30499982834
439 6.48400020599
440 6.50199985504
441 6.60300016403
442 6.47100019455
443 3.07399988174
444 3.06500005722
445 3.04299998283
446 3.03200006485
447 3.02600002289
448 3.00900006294
449 3.00300002098
450 3.0150001049
451 2.99499988556
452 2.9960000515
453 2.97900009155
454 2.98099994659
455 2.98699998856
456 2.98300004005
457 2.95700001717
458 2.95000004768
459 2.97099995613
460 2.96300005913
461 2.93700003624
462 2.92899990082
463 2.94000005722
464 2.94600009918
465 2.93799996376
466 2.93400001526
467 2.92600011826
468 2.91700005531
469 2.92000007629
470 2.68899989128
471 2.63400006294
472 2.64599990845
473 2.65199995041
474 0.950999975204
475 0.70300000906
476 0.698000013828
477 0.930000007153
478 2.67000007629
479 2.65799999237
480 2.65400004387
481 2.65799999237
482 2.65700006485
483 2.66000008583
484 2.65000009537
485 2.65700006485
486 2.66499996185
487 2.6740000248
488 2.67300009727
489 2.68099999428
490 2.83599996567
491 2.94000005722
492 2.94499993324
493 2.95799994469
494 1.51199996471
495 1.25100004673
496 1.15400004387
497 1.12699997425
498 1.12600004673
499 1.13100004196
500 1.13300001621
501 1.10500001907
502 1.13399994373
503 1.12399995327
504 1.12999999523
505 1.14199995995
506 1.12800002098
507 1.14699995518
508 1.18499994278
509 1.25999999046
510 1.24000000954
511 1.24699997902
512 1.24800002575
513 1.24399995804
514 1.25999999046
515 1.25499999523
516 1.24199998379
517 1.27400004864
518 1.30099999905
519 1.47800004482
520 3.13199996948
521 3.13400006294
522 3.16000008583
523 3.17700004578
524 0.93599998951
525 0.921000003815
526 0.930000007153
527 0.955999970436
528 3.04200005531
529 2.9849998951
530 2.91799998283
531 2.88899993896
532 2.83599996567
533 2.77999997139
534 2.72799992561
535 2.69899988174
536 2.96399998665
537 2.93499994278
538 0.0
539 0.0
540 0.0
