0 4.51200008392
1 4.4470000267
2 4.42700004578
3 4.46700000763
4 4.53100013733
5 4.64900016785
6 4.6970000267
7 4.70599985123
8 4.72900009155
9 4.76300001144
10 4.79699993134
11 4.8220000267
12 4.85599994659
13 4.89400005341
14 4.92999982834
15 4.9359998703
16 4.83699989319
17 4.85599994659
18 4.88500022888
19 4.95499992371
20 5.13999986649
21 5.1810002327
22 5.22100019455
23 5.25899982452
24 5.3109998703
25 5.35900020599
26 5.40000009537
27 5.4359998703
28 5.50199985504
29 5.5560002327
30 5.61600017548
31 5.64900016785
32 5.66699981689
33 0.0
34 17.1450004578
35 17.1299991608
36 17.1459999084
37 0.0
38 0.0
39 0.0
40 17.2409992218
41 17.1669998169
42 17.0580005646
43 17.0
44 16.513999939
45 16.547000885
46 16.531999588
47 13.1730003357
48 13.0889997482
49 12.3369998932
50 11.9429998398
51 11.5819997787
52 11.6009998322
53 11.6330003738
54 11.625
55 11.3319997787
56 11.0059995651
57 10.4639997482
58 10.1180000305
59 8.31000041962
60 8.33199977875
61 8.21000003815
62 7.90799999237
63 7.63700008392
64 7.45399999619
65 7.2389998436
66 7.0529999733
67 6.90399980545
68 6.79899978638
69 6.76800012589
70 6.80399990082
71 6.82299995422
72 6.84399986267
73 6.87300014496
74 6.78599977493
75 6.6360001564
76 6.52299976349
77 6.3860001564
78 6.27199983597
79 6.14699983597
80 5.22200012207
81 4.96299982071
82 4.85300016403
83 4.77799987793
84 4.68800020218
85 4.61199998856
86 4.53200006485
87 4.47499990463
88 4.41400003433
89 4.34000015259
90 4.26599979401
91 4.22499990463
92 4.16800022125
93 4.10300016403
94 4.04099988937
95 3.992000103
96 3.93899989128
97 3.89499998093
98 3.83599996567
99 3.79800009727
100 3.77600002289
101 3.78299999237
102 3.81200003624
103 3.85400009155
104 3.8789999485
105 3.90599989891
106 3.94400000572
107 3.96700000763
108 3.9240000248
109 3.87299990654
110 3.84500002861
111 3.81100010872
112 3.76600003242
113 3.72099995613
114 3.69400000572
115 3.66899991035
116 3.63100004196
117 3.60899996758
118 3.5569999218
119 3.53399991989
120 3.50099992752
121 3.47000002861
122 3.45000004768
123 3.41300010681
124 3.40899991989
125 3.38899993896
126 3.43000006676
127 3.43799996376
128 3.4960000515
129 3.50999999046
130 3.57100009918
131 3.59699988365
132 3.6779999733
133 4.02400016785
134 4.0720000267
135 4.10200023651
136 4.12200021744
137 4.14099979401
138 4.19899988174
139 4.21199989319
140 4.25699996948
141 4.27799987793
142 4.32299995422
143 4.36000013351
144 4.39599990845
145 4.4279999733
146 4.43400001526
147 4.47900009155
148 4.49499988556
149 4.53000020981
150 4.54899978638
151 4.21000003815
152 4.3109998703
153 4.61499977112
154 3.28399991989
155 3.40000009537
156 4.71000003815
157 4.60400009155
158 4.55700016022
159 4.8060002327
160 4.84299993515
161 4.86499977112
162 4.90399980545
163 4.91800022125
164 4.95300006866
165 4.99399995804
166 5.01999998093
167 5.04699993134
168 3.13599991798
169 3.21099996567
170 3.37400007248
171 4.11000013351
172 4.91400003433
173 4.86800003052
174 4.85099983215
175 4.82700014114
176 4.81500005722
177 4.81799983978
178 4.84100008011
179 4.86000013351
180 4.87799978256
181 4.89599990845
182 4.81500005722
183 5.31199979782
184 5.46799993515
185 5.48699998856
186 5.50099992752
187 5.50199985504
188 4.60699987411
189 4.5640001297
190 5.56199979782
191 5.59200000763
192 3.64400005341
193 3.52600002289
194 4.05900001526
195 4.03900003433
196 5.67999982834
197 5.69999980927
198 5.73600006104
199 5.7610001564
200 5.78700017929
201 5.81599998474
202 5.8140001297
203 5.82899999619
204 5.83500003815
205 5.8639998436
206 5.85099983215
207 5.882999897
208 5.90799999237
209 5.89200019836
210 5.15100002289
211 5.02500009537
212 5.03499984741
213 5.01000022888
214 5.02299976349
215 4.99900007248
216 5.01800012589
217 5.007999897
218 5.19600009918
219 2.38800001144
220 2.35899996758
221 2.3599998951
222 5.22200012207
223 5.22100019455
224 5.23400020599
225 5.23299980164
226 5.23000001907
227 5.45599985123
228 5.63800001144
229 6.12599992752
230 6.16200017929
231 6.14799976349
232 6.16499996185
233 6.18400001526
234 6.20300006866
235 6.20200014114
236 6.22399997711
237 6.22900009155
238 6.23500013351
239 6.21999979019
240 6.23799991608
241 6.21799993515
242 6.22399997711
243 6.23400020599
244 6.22599983215
245 6.25400018692
246 6.22800016403
247 6.25
248 6.25099992752
249 6.2610001564
250 6.24800014496
251 6.257999897
252 6.27500009537
253 6.27099990845
254 6.27699995041
255 6.28100013733
256 6.27299976349
257 6.25600004196
258 6.26000022888
259 6.25699996948
260 6.23600006104
261 6.24399995804
262 6.21700000763
263 6.20800018311
264 6.24100017548
265 6.22499990463
266 6.21299982071
267 6.21600008011
268 6.22499990463
269 6.20900011063
270 6.21999979019
271 6.19999980927
272 6.21700000763
273 6.12300014496
274 5.86000013351
275 5.77500009537
276 5.75299978256
277 5.73500013351
278 5.72800016403
279 5.71400022507
280 5.73299980164
281 5.76499986649
282 5.8060002327
283 5.95399999619
284 6.09700012207
285 6.07100009918
286 6.07399988174
287 6.05100011826
288 6.06300020218
289 6.05499982834
290 6.03299999237
291 6.02600002289
292 6.00199985504
293 5.98000001907
294 5.96500015259
295 5.9439997673
296 5.92899990082
297 5.91200017929
298 5.88100004196
299 5.875
300 5.86299991608
301 5.84100008011
302 5.84299993515
303 5.8220000267
304 5.81199979782
305 5.78399991989
306 5.76999998093
307 5.78100013733
308 5.74800014496
309 5.71999979019
310 5.70399999619
311 5.67700004578
312 5.65899991989
313 5.6360001564
314 5.60400009155
315 5.58500003815
316 5.5640001297
317 5.53299999237
318 5.52400016785
319 5.31500005722
320 5.09999990463
321 5.45900011063
322 5.44799995422
323 5.4359998703
324 5.41699981689
325 5.40000009537
326 5.35200023651
327 5.32399988174
328 5.30700016022
329 4.36999988556
330 4.04400014877
331 4.10699987411
332 5.01800012589
333 5.16800022125
334 5.14499998093
335 5.12200021744
336 5.09100008011
337 5.06500005722
338 5.03700017929
339 5.02899980545
340 4.95200014114
341 4.82299995422
342 4.94799995422
343 4.94199991226
344 4.90600013733
345 4.87599992752
346 4.83599996567
347 4.69899988174
348 4.55800008774
349 4.72499990463
350 4.70200014114
351 4.67600011826
352 4.64599990845
353 4.60200023651
354 4.59000015259
355 4.57700014114
356 4.32700014114
357 4.35599994659
358 4.49599981308
359 4.44999980927
360 4.4390001297
361 4.41200017929
362 4.39200019836
363 4.33699989319
364 4.32499980927
365 4.26499986649
366 4.25699996948
367 4.20100021362
368 4.15500020981
369 4.13100004196
370 4.10500001907
371 4.07600021362
372 4.05200004578
373 4.03299999237
374 4.00099992752
375 3.96900010109
376 3.93400001526
377 3.90499997139
378 3.85899996758
379 3.84299993515
380 3.8180000782
381 3.71099996567
382 3.63899993896
383 3.61199998856
384 3.56699991226
385 3.52699995041
386 3.4849998951
387 3.46900010109
388 3.43700003624
389 3.39599990845
390 3.367000103
391 3.34400010109
392 3.30599999428
393 3.27800011635
394 3.24499988556
395 3.26900005341
396 3.2990000248
397 3.33999991417
398 3.37599992752
399 3.39599990845
400 3.4319999218
401 3.48799991608
402 3.51900005341
403 3.56100010872
404 3.58999991417
405 3.65100002289
406 3.67100000381
407 3.71099996567
408 3.73600006104
409 3.78500008583
410 3.83899998665
411 3.90300011635
412 3.92300009727
413 3.992000103
414 4.04699993134
415 4.10900020599
416 4.17899990082
417 4.242000103
418 4.30900001526
419 4.382999897
420 4.45699977875
421 4.51700019836
422 4.59299993515
423 4.66599988937
424 4.73099994659
425 4.81799983978
426 4.90100002289
427 5.02400016785
428 5.11899995804
429 5.21400022507
430 5.32100009918
431 5.42899990082
432 5.53100013733
433 5.64300012589
434 5.76599979401
435 5.88899993896
436 6.02600002289
437 6.18400001526
438 6.30800008774
439 6.45200014114
440 6.492000103
441 6.60500001907
442 6.4889998436
443 3.07800006866
444 3.05100011826
445 3.04600000381
446 3.03299999237
447 3.01799988747
448 3.01600003242
449 3.01099991798
450 2.99699997902
451 2.99900007248
452 3.0
453 2.9960000515
454 2.96600008011
455 2.96700000763
456 2.98099994659
457 2.96900010109
458 2.96099996567
459 2.96199989319
460 2.9430000782
461 2.9509999752
462 2.94099998474
463 2.9319999218
464 2.93499994278
465 2.9430000782
466 2.92700004578
467 2.91700005531
468 2.9279999733
469 2.9319999218
470 2.65400004387
471 2.64299988747
472 2.63100004196
473 2.64899992943
474 0.950999975204
475 0.708999991417
476 0.703999996185
477 0.915000021458
478 2.64400005341
479 2.65199995041
480 2.64599990845
481 2.63000011444
482 2.65400004387
483 2.65199995041
484 2.6779999733
485 2.65700006485
486 2.66300010681
487 2.66000008583
488 2.66100001335
489 2.67700004578
490 1.3259999752
491 1.1740000248
492 1.11099994183
493 1.10899996758
494 1.10000002384
495 1.06400001049
496 1.07899999619
497 1.09700000286
498 1.09399998188
499 1.08200001717
500 1.06900000572
501 1.07299995422
502 1.11000001431
503 1.12199997902
504 1.16400003433
505 1.26699995995
506 1.29600000381
507 1.28199994564
508 1.27600002289
509 1.25899994373
510 1.26999998093
511 1.25999999046
512 1.26400005817
513 1.26199996471
514 1.27499997616
515 1.2879999876
516 1.35599994659
517 1.58299994469
518 3.12299990654
519 3.11299991608
520 3.12400007248
521 3.15599989891
522 3.16100001335
523 3.18300008774
524 0.936999976635
525 0.910000026226
526 0.916000008583
527 0.931999981403
528 3.04299998283
529 2.99699997902
530 2.93099999428
531 2.86800003052
532 2.8180000782
533 2.78500008583
534 2.73399996758
535 2.70499992371
536 2.96000003815
537 2.91799998283
538 0.0
539 0.0
540 0.0
