0 4.51499986649
1 4.42700004578
2 4.45900011063
3 4.44899988174
4 4.52799987793
5 4.65000009537
6 4.68300008774
7 4.71299982071
8 4.73699998856
9 4.77400016785
10 4.80800008774
11 4.82000017166
12 4.85400009155
13 4.89099979401
14 4.92100000381
15 4.94299983978
16 4.83199977875
17 4.83799982071
18 4.87099981308
19 4.96600008011
20 5.14300012589
21 5.1939997673
22 5.22499990463
23 5.26300001144
24 5.3189997673
25 5.36499977112
26 5.41099977493
27 5.43400001526
28 5.50600004196
29 5.54799985886
30 5.60200023651
31 5.64300012589
32 5.66599988937
33 0.0
34 17.142999649
35 17.1590003967
36 17.1420001984
37 0.0
38 0.0
39 0.0
40 17.2350006104
41 17.1639995575
42 17.0629997253
43 17.0219993591
44 16.5270004272
45 16.5450000763
46 16.5289993286
47 13.142999649
48 13.093000412
49 12.3330001831
50 11.9370002747
51 11.5889997482
52 11.6020002365
53 11.6339998245
54 11.623000145
55 11.3439998627
56 11.0039997101
57 10.4600000381
58 10.126999855
59 8.34000015259
60 8.34000015259
61 8.21199989319
62 7.90999984741
63 7.64599990845
64 7.45300006866
65 7.23199987411
66 7.06599998474
67 6.90399980545
68 6.79699993134
69 6.77400016785
70 6.8060002327
71 6.82899999619
72 6.85699987411
73 6.87599992752
74 6.79099988937
75 6.63899993896
76 6.52299976349
77 6.38399982452
78 6.26300001144
79 6.15199995041
80 5.23099994659
81 4.96799993515
82 4.85699987411
83 4.77600002289
84 4.6890001297
85 4.60799980164
86 4.54699993134
87 4.47599983215
88 4.40399980545
89 4.31699991226
90 4.28599977493
91 4.20300006866
92 4.15999984741
93 4.11499977112
94 4.03999996185
95 3.99300003052
96 3.9430000782
97 3.8710000515
98 3.84699988365
99 3.78900003433
100 3.77300000191
101 3.79099988937
102 3.8220000267
103 3.83999991417
104 3.875
105 3.8900001049
106 3.92499995232
107 3.95600008965
108 3.91799998283
109 3.86299991608
110 3.83299994469
111 3.8069999218
112 3.76999998093
113 3.74000000954
114 3.68400001526
115 3.65100002289
116 3.62400007248
117 3.59899997711
118 3.57100009918
119 3.52200007439
120 3.5039999485
121 3.46000003815
122 3.4509999752
123 3.40899991989
124 3.40799999237
125 3.39100003242
126 3.4319999218
127 3.46300005913
128 3.48699998856
129 3.51900005341
130 3.56500005722
131 3.61500000954
132 3.67100000381
133 4.02799987793
134 4.0609998703
135 4.08699989319
136 4.13100004196
137 4.14400005341
138 4.1859998703
139 4.22300004959
140 4.257999897
141 4.29400014877
142 4.30800008774
143 4.35300016403
144 4.38999986649
145 4.41800022125
146 4.45800018311
147 4.48699998856
148 4.492000103
149 4.53800010681
150 4.54799985886
151 4.21000003815
152 4.29600000381
153 4.54400014877
154 3.26600003242
155 3.40899991989
156 4.72300004959
157 4.6139998436
158 4.56599998474
159 4.80499982834
160 4.82000017166
161 4.86600017548
162 4.90100002289
163 4.93200016022
164 4.96199989319
165 5.00600004196
166 5.02799987793
167 5.04099988937
168 3.16300010681
169 3.23099994659
170 3.36899995804
171 4.11000013351
172 4.92100000381
173 4.87200021744
174 4.85500001907
175 4.83900022507
176 4.83799982071
177 4.81699991226
178 4.84399986267
179 4.86100006104
180 4.86800003052
181 4.88800001144
182 4.82999992371
183 5.31799983978
184 5.46899986267
185 5.49100017548
186 5.50400018692
187 5.51900005341
188 4.60300016403
189 4.5689997673
190 5.55900001526
191 5.58099985123
192 3.63800001144
193 3.52699995041
194 4.0689997673
195 4.05499982834
196 5.69999980927
197 5.71799993515
198 5.742000103
199 5.77299976349
200 5.78200006485
201 5.80900001526
202 5.83400011063
203 5.83400011063
204 5.84899997711
205 5.86499977112
206 5.87799978256
207 5.89699983597
208 5.90299987793
209 5.89799976349
210 5.15399980545
211 5.03700017929
212 5.03200006485
213 5.01000022888
214 5.01900005341
215 5.00500011444
216 4.99499988556
217 5.0110001564
218 5.21799993515
219 2.38199996948
220 2.36800003052
221 2.38599991798
222 5.21799993515
223 5.22399997711
224 5.23299980164
225 5.22300004959
226 5.25099992752
227 5.46199989319
228 5.64400005341
229 6.13199996948
230 6.15799999237
231 6.15700006485
232 6.19000005722
233 6.19500017166
234 6.21500015259
235 6.21899986267
236 6.21199989319
237 6.24399995804
238 6.24100017548
239 6.23000001907
240 6.23699998856
241 6.24800014496
242 6.23799991608
243 6.22399997711
244 6.22399997711
245 6.2389998436
246 6.22900009155
247 6.26000022888
248 6.25500011444
249 6.24599981308
250 6.26599979401
251 6.25600004196
252 6.27600002289
253 6.27799987793
254 6.29300022125
255 6.26200008392
256 6.26800012589
257 6.2610001564
258 6.25400018692
259 6.26000022888
260 6.21899986267
261 6.23400020599
262 6.23999977112
263 6.22100019455
264 6.21600008011
265 6.22200012207
266 6.22100019455
267 6.21899986267
268 6.21000003815
269 6.22300004959
270 6.23199987411
271 6.20699977875
272 6.22800016403
273 6.14400005341
274 5.83199977875
275 5.78900003433
276 5.757999897
277 5.7389998436
278 5.72399997711
279 5.73600006104
280 5.73600006104
281 5.77099990845
282 5.8060002327
283 5.94500017166
284 6.09399986267
285 6.07800006866
286 6.0689997673
287 6.07399988174
288 6.04600000381
289 6.05000019073
290 6.01999998093
291 5.99900007248
292 6.00899982452
293 5.97900009155
294 5.97200012207
295 5.94500017166
296 5.91300010681
297 5.91099977493
298 5.89099979401
299 5.875
300 5.85400009155
301 5.85500001907
302 5.83699989319
303 5.82299995422
304 5.8220000267
305 5.8029999733
306 5.78299999237
307 5.76800012589
308 5.74900007248
309 5.72200012207
310 5.67899990082
311 5.66900014877
312 5.65100002289
313 5.62599992752
314 5.61600017548
315 5.59600019455
316 5.5609998703
317 5.54199981689
318 5.52400016785
319 5.31799983978
320 5.09399986267
321 5.45900011063
322 5.45499992371
323 5.4390001297
324 5.41900014877
325 5.40000009537
326 5.36600017548
327 5.33199977875
328 5.30000019073
329 4.38000011444
330 4.03999996185
331 4.13700008392
332 5.01599979401
333 5.16599988937
334 5.13800001144
335 5.11499977112
336 5.10099983215
337 5.07399988174
338 5.05000019073
339 5.02600002289
340 4.9470000267
341 4.81199979782
342 4.95800018311
343 4.94099998474
344 4.90299987793
345 4.882999897
346 4.84399986267
347 4.72200012207
348 4.55800008774
349 4.73799991608
350 4.71199989319
351 4.66800022125
352 4.64400005341
353 4.6139998436
354 4.59200000763
355 4.56199979782
356 4.3060002327
357 4.367000103
358 4.50199985504
359 4.46199989319
360 4.42899990082
361 4.42199993134
362 4.39200019836
363 4.35200023651
364 4.32399988174
365 4.27899980545
366 4.25199985504
367 4.19099998474
368 4.18800020218
369 4.1360001564
370 4.10799980164
371 4.07800006866
372 4.03100013733
373 4.02199983597
374 3.98699998856
375 3.96199989319
376 3.93700003624
377 3.91499996185
378 3.87700009346
379 3.84299993515
380 3.81299996376
381 3.72699999809
382 3.625
383 3.60299992561
384 3.58200001717
385 3.53399991989
386 3.49499988556
387 3.46300005913
388 3.4319999218
389 3.40799999237
390 3.37800002098
391 3.32999992371
392 3.30800008774
393 3.29200005531
394 3.26399993896
395 3.27600002289
396 3.29200005531
397 3.33999991417
398 3.3710000515
399 3.39400005341
400 3.42600011826
401 3.49300003052
402 3.52600002289
403 3.55999994278
404 3.59699988365
405 3.62800002098
406 3.68499994278
407 3.72099995613
408 3.72600007057
409 3.78099989891
410 3.83500003815
411 3.88000011444
412 3.94899988174
413 3.99900007248
414 4.04699993134
415 4.11299991608
416 4.17399978638
417 4.25
418 4.31699991226
419 4.38500022888
420 4.42899990082
421 4.52899980545
422 4.59299993515
423 4.65899991989
424 4.74700021744
425 4.80800008774
426 4.90700006485
427 5.02099990845
428 5.11899995804
429 5.21400022507
430 5.31500005722
431 5.4310002327
432 5.53000020981
433 5.63899993896
434 5.76499986649
435 5.89099979401
436 6.04500007629
437 6.16599988937
438 6.31500005722
439 6.48299980164
440 6.51000022888
441 6.60500001907
442 6.47200012207
443 3.05999994278
444 3.0569999218
445 3.02600002289
446 3.02800011635
447 3.02900004387
448 3.03500008583
449 3.01900005341
450 3.01200008392
451 2.9849998951
452 3.0039999485
453 2.99300003052
454 2.97099995613
455 2.97799992561
456 2.97300004959
457 2.95799994469
458 2.97399997711
459 2.96300005913
460 2.9509999752
461 2.94400000572
462 2.94899988174
463 2.93300008774
464 2.93499994278
465 2.9279999733
466 2.94499993324
467 2.93400001526
468 2.91499996185
469 2.91599988937
470 2.66899991035
471 2.65400004387
472 2.6400001049
473 2.65100002289
474 0.949000000954
475 0.712999999523
476 0.717000007629
477 0.930999994278
478 2.65300011635
479 2.64599990845
480 2.64400005341
481 2.65100002289
482 2.64899992943
483 2.64400005341
484 2.65700006485
485 2.66000008583
486 2.65899991989
487 2.6740000248
488 2.67499995232
489 2.68099999428
490 1.29200005531
491 1.15499997139
492 1.12000000477
493 1.10300004482
494 1.10300004482
495 1.06200003624
496 1.0909999609
497 1.09000003338
498 1.08099997044
499 1.06400001049
500 1.08800005913
501 1.0909999609
502 1.11300003529
503 1.11600005627
504 1.16600000858
505 1.28999996185
506 1.27799999714
507 1.27300000191
508 1.26600003242
509 1.23699998856
510 1.24899995327
511 1.25800001621
512 1.25499999523
513 1.2539999485
514 1.26999998093
515 1.28299999237
516 1.36099994183
517 1.33899998665
518 3.13000011444
519 3.1289999485
520 3.11899995804
521 3.15000009537
522 3.16700005531
523 3.15700006485
524 0.940999984741
525 0.907999992371
526 0.916999995708
527 0.940999984741
528 3.04699993134
529 2.97399997711
530 2.91899991035
531 2.88400006294
532 2.83599996567
533 2.78399991989
534 2.73300004005
535 2.71900010109
536 2.96700000763
537 2.92700004578
538 0.0
539 0.0
540 0.0
