0 4.52199983597
1 4.44500017166
2 4.45599985123
3 4.47800016403
4 4.51800012589
5 4.65500020981
6 4.68400001526
7 4.70900011063
8 4.73999977112
9 4.77500009537
10 4.79500007629
11 4.84200000763
12 4.85599994659
13 4.88899993896
14 4.9279999733
15 4.93400001526
16 4.85300016403
17 4.85099983215
18 4.87900018692
19 4.97900009155
20 5.15799999237
21 5.1890001297
22 5.22900009155
23 5.28100013733
24 5.30100011826
25 5.36600017548
26 5.41900014877
27 5.45300006866
28 5.507999897
29 5.54199981689
30 5.60099983215
31 5.65399980545
32 5.69600009918
33 0.0
34 17.1700000763
35 17.1490001678
36 17.156999588
37 0.0
38 0.0
39 0.0
40 17.2490005493
41 17.1819992065
42 17.061000824
43 17.0009994507
44 16.5289993286
45 16.5419998169
46 16.5209999084
47 13.1730003357
48 13.0729999542
49 12.3489999771
50 11.9689998627
51 11.6000003815
52 11.6219997406
53 11.6289997101
54 11.6400003433
55 11.3640003204
56 10.9960002899
57 10.4790000916
58 10.1190004349
59 8.33300018311
60 8.34599971771
61 8.21000003815
62 7.92999982834
63 7.63999986649
64 7.44799995422
65 7.25199985504
66 7.07499980927
67 6.91200017929
68 6.79600000381
69 6.8029999733
70 6.80200004578
71 6.8220000267
72 6.84899997711
73 6.86800003052
74 6.79600000381
75 6.63199996948
76 6.52500009537
77 6.38399982452
78 6.28999996185
79 6.15199995041
80 5.24100017548
81 4.97200012207
82 4.85799980164
83 4.77600002289
84 4.68200016022
85 4.60599994659
86 4.54500007629
87 4.48000001907
88 4.41900014877
89 4.34000015259
90 4.28000020981
91 4.23500013351
92 4.14599990845
93 4.09299993515
94 4.03000020981
95 3.98300004005
96 3.9470000267
97 3.89800000191
98 3.85500001907
99 3.8069999218
100 3.76900005341
101 3.79500007629
102 3.83200001717
103 3.85800004005
104 3.86800003052
105 3.91400003433
106 3.95499992371
107 3.96399998665
108 3.9319999218
109 3.8789999485
110 3.86500000954
111 3.8180000782
112 3.77200007439
113 3.73000001907
114 3.69499993324
115 3.66499996185
116 3.62299990654
117 3.58800005913
118 3.58200001717
119 3.52600002289
120 3.50699996948
121 3.48399996758
122 3.45900011063
123 3.42899990082
124 3.40799999237
125 3.39400005341
126 3.41799998283
127 3.45900011063
128 3.50500011444
129 3.54299998283
130 3.57699990273
131 3.60400009155
132 3.65899991989
133 4.02799987793
134 4.07000017166
135 4.09999990463
136 4.10699987411
137 4.15199995041
138 4.1939997673
139 4.21799993515
140 4.24100017548
141 4.26999998093
142 4.3140001297
143 4.36499977112
144 4.39799976349
145 4.4310002327
146 4.47300004959
147 4.48400020599
148 4.52699995041
149 4.52600002289
150 4.55200004578
151 4.19600009918
152 4.32999992371
153 4.56199979782
154 3.27600002289
155 3.41300010681
156 4.71799993515
157 4.59800004959
158 4.55200004578
159 4.81300020218
160 4.82800006866
161 4.87799978256
162 4.90500020981
163 4.93499994278
164 4.96899986267
165 4.99499988556
166 5.03200006485
167 5.04300022125
168 3.15599989891
169 3.22399997711
170 3.36899995804
171 4.13800001144
172 4.92500019073
173 4.89099979401
174 4.86100006104
175 4.85099983215
176 4.83900022507
177 4.81799983978
178 4.84399986267
179 4.86299991608
180 4.86899995804
181 4.90700006485
182 4.83099985123
183 5.31599998474
184 5.47800016403
185 5.5
186 5.49800014496
187 5.52400016785
188 4.60099983215
189 4.58099985123
190 5.55200004578
191 5.59899997711
192 3.64499998093
193 3.52600002289
194 4.06699991226
195 4.04799985886
196 5.69500017166
197 5.71899986267
198 5.73799991608
199 5.74599981308
200 5.77799987793
201 5.82000017166
202 5.8220000267
203 5.85099983215
204 5.85400009155
205 5.87300014496
206 5.86999988556
207 5.88100004196
208 5.87699985504
209 5.89400005341
210 5.15000009537
211 5.03000020981
212 5.01399993896
213 5.03299999237
214 5.01300001144
215 5.02099990845
216 5.01200008392
217 5.02799987793
218 5.20300006866
219 2.39299988747
220 2.39299988747
221 2.39599990845
222 5.22200012207
223 5.22399997711
224 5.242000103
225 5.23299980164
226 5.24499988556
227 5.44299983978
228 5.65399980545
229 6.13700008392
230 6.15700006485
231 6.1890001297
232 6.18699979782
233 6.1970000267
234 6.19299983978
235 6.22399997711
236 6.21400022507
237 6.22900009155
238 6.2389998436
239 6.24700021744
240 6.242000103
241 6.23000001907
242 6.2389998436
243 6.23500013351
244 6.22599983215
245 6.22700023651
246 6.26300001144
247 6.22499990463
248 6.26000022888
249 6.26200008392
250 6.26599979401
251 6.24800014496
252 6.26999998093
253 6.27699995041
254 6.27299976349
255 6.28499984741
256 6.27400016785
257 6.27600002289
258 6.26800012589
259 6.26800012589
260 6.25600004196
261 6.23600006104
262 6.23500013351
263 6.22499990463
264 6.25
265 6.22599983215
266 6.22100019455
267 6.23799991608
268 6.22499990463
269 6.21299982071
270 6.21700000763
271 6.23099994659
272 6.22800016403
273 6.11000013351
274 5.85300016403
275 5.80100011826
276 5.76000022888
277 5.75
278 5.73600006104
279 5.72800016403
280 5.74100017548
281 5.77199983597
282 5.80000019073
283 5.96199989319
284 6.08699989319
285 6.07499980927
286 6.05800008774
287 6.08300018311
288 6.06699991226
289 6.05200004578
290 6.02099990845
291 6.00699996948
292 5.99499988556
293 5.98699998856
294 5.97200012207
295 5.96000003815
296 5.93200016022
297 5.90399980545
298 5.90399980545
299 5.88700008392
300 5.87200021744
301 5.8639998436
302 5.83599996567
303 5.84000015259
304 5.81300020218
305 5.81300020218
306 5.79400014877
307 5.77099990845
308 5.75199985504
309 5.72599983215
310 5.6810002327
311 5.68300008774
312 5.65000009537
313 5.63100004196
314 5.61000013351
315 5.60099983215
316 5.5640001297
317 5.55800008774
318 5.52799987793
319 5.33400011063
320 5.11499977112
321 5.45800018311
322 5.45599985123
323 5.44500017166
324 5.41800022125
325 5.40100002289
326 5.3639998436
327 5.33699989319
328 5.30999994278
329 4.37799978256
330 4.03999996185
331 4.12200021744
332 5.01499986649
333 5.1859998703
334 5.14799976349
335 5.11800003052
336 5.09399986267
337 5.06500005722
338 5.05399990082
339 5.02699995041
340 4.95699977875
341 4.81300020218
342 4.97200012207
343 4.94199991226
344 4.91599988937
345 4.86800003052
346 4.83799982071
347 4.72100019455
348 4.55999994278
349 4.73999977112
350 4.72100019455
351 4.67500019073
352 4.63399982452
353 4.62099981308
354 4.61100006104
355 4.56599998474
356 4.32800006866
357 4.36800003052
358 4.50299978256
359 4.47399997711
360 4.44999980927
361 4.41900014877
362 4.37599992752
363 4.35599994659
364 4.32499980927
365 4.29199981689
366 4.23500013351
367 4.21700000763
368 4.16699981689
369 4.15899991989
370 4.12099981308
371 4.0720000267
372 4.03999996185
373 4.01800012589
374 3.98600006104
375 3.97099995613
376 3.95000004768
377 3.91899991035
378 3.89599990845
379 3.85800004005
380 3.82800006866
381 3.72900009155
382 3.64499998093
383 3.58999991417
384 3.55599999428
385 3.53600001335
386 3.50699996948
387 3.46700000763
388 3.43600010872
389 3.41300010681
390 3.36299991608
391 3.35400009155
392 3.30200004578
393 3.26999998093
394 3.26200008392
395 3.27300000191
396 3.30599999428
397 3.34899997711
398 3.36199998856
399 3.41499996185
400 3.45000004768
401 3.47699999809
402 3.52099990845
403 3.56999993324
404 3.60700011253
405 3.64199995995
406 3.68899989128
407 3.71199989319
408 3.74699997902
409 3.79099988937
410 3.84100008011
411 3.88499999046
412 3.93799996376
413 4.00500011444
414 4.06599998474
415 4.13000011444
416 4.1939997673
417 4.23500013351
418 4.32399988174
419 4.37699985504
420 4.45499992371
421 4.53299999237
422 4.60599994659
423 4.66400003433
424 4.72300004959
425 4.80900001526
426 4.91699981689
427 5.03000020981
428 5.10599994659
429 5.21500015259
430 5.32800006866
431 5.42700004578
432 5.54300022125
433 5.64099979401
434 5.78000020981
435 5.88500022888
436 6.01999998093
437 6.1859998703
438 6.33400011063
439 6.48799991608
440 6.51900005341
441 6.61000013351
442 6.46099996567
443 3.08299994469
444 3.05200004578
445 3.03200006485
446 3.04099988937
447 3.03999996185
448 3.03099989891
449 3.00500011444
450 3.01900005341
451 2.99699997902
452 2.99799990654
453 2.98799991608
454 2.992000103
455 2.98300004005
456 2.98699998856
457 2.96900010109
458 2.97300004959
459 2.95499992371
460 2.96399998665
461 2.9430000782
462 2.94199991226
463 2.93700003624
464 2.93000006676
465 2.93700003624
466 2.93300008774
467 2.92899990082
468 2.93799996376
469 2.92199993134
470 2.67000007629
471 2.632999897
472 2.6289999485
473 2.64599990845
474 0.95300000906
475 0.709999978542
476 0.730000019073
477 0.930999994278
478 2.66499996185
479 2.65100002289
480 2.65499997139
481 2.63899993896
482 2.64700007439
483 2.66000008583
484 2.67000007629
485 2.65000009537
486 2.65400004387
487 2.68000006676
488 2.68000006676
489 2.6819999218
490 2.81699991226
491 2.9319999218
492 2.93400001526
493 2.96199989319
494 1.44400000572
495 1.23500001431
496 1.14900004864
497 1.14999997616
498 1.1289999485
499 1.14199995995
500 1.13999998569
501 1.125
502 1.13399994373
503 1.13900005817
504 1.12800002098
505 1.13800001144
506 1.15499997139
507 1.15999996662
508 1.19900000095
509 1.26699995995
510 1.27100002766
511 1.2539999485
512 1.2460000515
513 1.24899995327
514 1.25499999523
515 1.26100003719
516 1.27999997139
517 1.29100000858
518 1.35199999809
519 1.5909999609
520 3.13199996948
521 3.16499996185
522 3.14800000191
523 3.16000008583
524 0.943000018597
525 0.915000021458
526 0.924000024796
527 0.955999970436
528 3.05100011826
529 2.99000000954
530 2.9430000782
531 2.89700007439
532 2.83500003815
533 2.78800010681
534 2.74900007248
535 2.72600007057
536 2.98200011253
537 2.91700005531
538 0.0
539 0.0
540 0.0
