0 4.51000022888
1 4.43300008774
2 4.4279999733
3 4.46299982071
4 4.54099988937
5 4.64900016785
6 4.68300008774
7 4.71099996567
8 4.73500013351
9 4.77199983597
10 4.79300022125
11 4.84000015259
12 4.85900020599
13 4.89300012589
14 4.93300008774
15 4.92999982834
16 4.85599994659
17 4.85900020599
18 4.88399982452
19 4.97700023651
20 5.15199995041
21 5.19099998474
22 5.23400020599
23 5.26000022888
24 5.30700016022
25 5.367000103
26 5.41400003433
27 5.45499992371
28 5.50500011444
29 5.55000019073
30 5.61299991608
31 5.64099979401
32 5.67199993134
33 0.0
34 17.1630001068
35 17.1520004272
36 17.156999588
37 0.0
38 0.0
39 0.0
40 17.2390003204
41 17.1599998474
42 17.0650005341
43 17.0249996185
44 16.5230007172
45 16.5569992065
46 16.5380001068
47 13.1800003052
48 13.0740003586
49 12.3319997787
50 11.9569997787
51 11.593000412
52 11.6140003204
53 11.6400003433
54 11.6300001144
55 11.3459997177
56 10.9930000305
57 10.4650001526
58 10.1180000305
59 8.32100009918
60 8.34000015259
61 8.19799995422
62 7.92999982834
63 7.64099979401
64 7.44899988174
65 7.24300003052
66 7.05999994278
67 6.90399980545
68 6.78599977493
69 6.79400014877
70 6.80499982834
71 6.83599996567
72 6.86600017548
73 6.87799978256
74 6.80399990082
75 6.64300012589
76 6.52600002289
77 6.39499998093
78 6.26900005341
79 6.15399980545
80 5.23500013351
81 4.96899986267
82 4.86299991608
83 4.78299999237
84 4.69500017166
85 4.60900020599
86 4.53499984741
87 4.46999979019
88 4.41400003433
89 4.34299993515
90 4.29300022125
91 4.22800016403
92 4.17700004578
93 4.12099981308
94 4.03999996185
95 3.96600008011
96 3.9279999733
97 3.90799999237
98 3.85400009155
99 3.80900001526
100 3.77900004387
101 3.7990000248
102 3.83299994469
103 3.85500001907
104 3.90000009537
105 3.89599990845
106 3.94499993324
107 3.96300005913
108 3.91199994087
109 3.89400005341
110 3.85700011253
111 3.82299995422
112 3.78099989891
113 3.72799992561
114 3.69099998474
115 3.66599988937
116 3.64100003242
117 3.61100006104
118 3.55599999428
119 3.54399991035
120 3.50900006294
121 3.47399997711
122 3.45700001717
123 3.4240000248
124 3.40700006485
125 3.39700007439
126 3.42199993134
127 3.47199988365
128 3.49699997902
129 3.54099988937
130 3.58400011063
131 3.61299991608
132 3.67499995232
133 4.01300001144
134 4.0529999733
135 4.09600019455
136 4.12400007248
137 4.16800022125
138 4.17299985886
139 4.21899986267
140 4.23400020599
141 4.26999998093
142 4.32899999619
143 4.36600017548
144 4.39599990845
145 4.44600009918
146 4.47399997711
147 4.50199985504
148 4.51200008392
149 4.54500007629
150 4.54400014877
151 4.20200014114
152 4.29699993134
153 4.60799980164
154 3.26799988747
155 3.43600010872
156 4.71999979019
157 4.59999990463
158 4.55000019073
159 4.79899978638
160 4.83199977875
161 4.86999988556
162 4.90199995041
163 4.93400001526
164 4.97399997711
165 5.007999897
166 5.02699995041
167 5.05000019073
168 3.14700007439
169 3.25
170 3.36800003052
171 4.11100006104
172 4.91699981689
173 4.88500022888
174 4.86199998856
175 4.84800004959
176 4.83199977875
177 4.82899999619
178 4.83400011063
179 4.85300016403
180 4.88899993896
181 4.90999984741
182 4.83099985123
183 5.32299995422
184 5.48999977112
185 5.49300003052
186 5.48999977112
187 5.52799987793
188 4.59100008011
189 4.57899999619
190 5.5560002327
191 5.59499979019
192 3.65700006485
193 3.53299999237
194 4.09100008011
195 4.05200004578
196 5.69600009918
197 5.70499992371
198 5.72700023651
199 5.75299978256
200 5.78000020981
201 5.8220000267
202 5.82999992371
203 5.85200023651
204 5.84999990463
205 5.85799980164
206 5.87400007248
207 5.87099981308
208 5.91200017929
209 5.89200019836
210 5.14499998093
211 5.02400016785
212 5.02600002289
213 5.02799987793
214 5.01300001144
215 5.00600004196
216 5.0110001564
217 5.02299976349
218 5.18699979782
219 2.38499999046
220 2.38599991798
221 2.38800001144
222 5.22300004959
223 5.21299982071
224 5.242000103
225 5.22300004959
226 5.25
227 5.44600009918
228 5.63399982452
229 6.12099981308
230 6.16699981689
231 6.16699981689
232 6.17100000381
233 6.21000003815
234 6.1970000267
235 6.20900011063
236 6.23299980164
237 6.2389998436
238 6.24300003052
239 6.22900009155
240 6.23999977112
241 6.24599981308
242 6.23799991608
243 6.24399995804
244 6.24100017548
245 6.23000001907
246 6.22300004959
247 6.26000022888
248 6.25
249 6.2610001564
250 6.24399995804
251 6.25600004196
252 6.27099990845
253 6.28100013733
254 6.26499986649
255 6.28800010681
256 6.27500009537
257 6.257999897
258 6.26900005341
259 6.24599981308
260 6.23000001907
261 6.23000001907
262 6.23999977112
263 6.2389998436
264 6.22300004959
265 6.24100017548
266 6.23500013351
267 6.21799993515
268 6.21400022507
269 6.21700000763
270 6.21400022507
271 6.22800016403
272 6.22800016403
273 6.13899993896
274 5.85200023651
275 5.80000019073
276 5.76700019836
277 5.73799991608
278 5.72300004959
279 5.71799993515
280 5.757999897
281 5.76999998093
282 5.81500005722
283 5.97399997711
284 6.09299993515
285 6.09200000763
286 6.0689997673
287 6.04600000381
288 6.05200004578
289 6.05200004578
290 6.04699993134
291 6.02600002289
292 6.00500011444
293 5.98500013351
294 5.96999979019
295 5.94199991226
296 5.93400001526
297 5.89499998093
298 5.89099979401
299 5.88399982452
300 5.85599994659
301 5.85300016403
302 5.82499980927
303 5.83199977875
304 5.81699991226
305 5.80700016022
306 5.77299976349
307 5.76599979401
308 5.75
309 5.72499990463
310 5.71000003815
311 5.66599988937
312 5.65100002289
313 5.62599992752
314 5.61100006104
315 5.59200000763
316 5.57399988174
317 5.53399991989
318 5.51300001144
319 5.32100009918
320 5.10599994659
321 5.45100021362
322 5.45900011063
323 5.44099998474
324 5.42299985886
325 5.39499998093
326 5.37900018692
327 5.32800006866
328 5.29300022125
329 4.37400007248
330 4.04500007629
331 4.132999897
332 5.01399993896
333 5.17500019073
334 5.15100002289
335 5.12099981308
336 5.10599994659
337 5.06500005722
338 5.05499982834
339 5.02199983597
340 4.95300006866
341 4.82499980927
342 4.97100019455
343 4.94000005722
344 4.90899991989
345 4.88500022888
346 4.84800004959
347 4.69899988174
348 4.57399988174
349 4.73099994659
350 4.70100021362
351 4.6890001297
352 4.65899991989
353 4.63100004196
354 4.59299993515
355 4.57299995422
356 4.32299995422
357 4.35300016403
358 4.48699998856
359 4.46700000763
360 4.44000005722
361 4.41900014877
362 4.40000009537
363 4.35099983215
364 4.3140001297
365 4.29500007629
366 4.25
367 4.21099996567
368 4.16699981689
369 4.14599990845
370 4.09999990463
371 4.07499980927
372 4.05499982834
373 4.02899980545
374 4.01200008392
375 3.97900009155
376 3.9319999218
377 3.89100003242
378 3.8710000515
379 3.86400008202
380 3.83800005913
381 3.72199988365
382 3.63899993896
383 3.59100008011
384 3.57100009918
385 3.53699994087
386 3.49900007248
387 3.4509999752
388 3.44400000572
389 3.39400005341
390 3.36599993706
391 3.35500001907
392 3.31999993324
393 3.27699995041
394 3.25699996948
395 3.27800011635
396 3.30399990082
397 3.32500004768
398 3.35700011253
399 3.40499997139
400 3.45499992371
401 3.47399997711
402 3.52300000191
403 3.56500005722
404 3.59800004959
405 3.64700007439
406 3.6819999218
407 3.73300004005
408 3.75200009346
409 3.79299998283
410 3.83500003815
411 3.89899992943
412 3.9279999733
413 4.00699996948
414 4.05900001526
415 4.12300014496
416 4.19199991226
417 4.25699996948
418 4.31599998474
419 4.39599990845
420 4.45499992371
421 4.53200006485
422 4.59200000763
423 4.66800022125
424 4.74300003052
425 4.82299995422
426 4.92199993134
427 5.01000022888
428 5.09999990463
429 5.20800018311
430 5.32399988174
431 5.43300008774
432 5.54500007629
433 5.64300012589
434 5.76999998093
435 5.89099979401
436 6.03399991989
437 6.17000007629
438 6.32399988174
439 6.46600008011
440 6.50099992752
441 6.61100006104
442 6.4359998703
443 3.04999995232
444 3.05599999428
445 3.06399989128
446 3.02500009537
447 3.02999997139
448 3.02800011635
449 3.01300001144
450 3.02399992943
451 3.0039999485
452 3.00300002098
453 2.98300004005
454 2.99399995804
455 2.98399996758
456 2.98399996758
457 2.98600006104
458 2.96600008011
459 2.97699999809
460 2.9470000267
461 2.9430000782
462 2.94000005722
463 2.95600008965
464 2.94600009918
465 2.9319999218
466 2.93300008774
467 2.9279999733
468 2.92700004578
469 2.91700005531
470 2.6740000248
471 2.63000011444
472 2.64100003242
473 2.65499997139
474 0.949999988079
475 0.708000004292
476 0.708000004292
477 0.931999981403
478 2.66000008583
479 2.65400004387
480 2.65400004387
481 2.64899992943
482 2.66000008583
483 2.64400005341
484 2.65199995041
485 2.66799998283
486 2.67199993134
487 2.68000006676
488 2.67000007629
489 2.68300008774
490 2.84400010109
491 2.9319999218
492 2.9430000782
493 2.95199990273
494 1.50300002098
495 1.24800002575
496 1.13600003719
497 1.13699996471
498 1.11899995804
499 1.13199996948
500 1.14400005341
501 1.13100004196
502 1.13100004196
503 1.13900005817
504 1.13199996948
505 1.14400005341
506 1.13300001621
507 1.1629999876
508 1.19500005245
509 1.27499997616
510 1.26100003719
511 1.27199995518
512 1.25199997425
513 1.24000000954
514 1.25800001621
515 1.25899994373
516 1.26100003719
517 1.28299999237
518 1.34399998188
519 1.51900005341
520 3.13400006294
521 3.14299988747
522 3.17600011826
523 3.17000007629
524 0.931999981403
525 0.920000016689
526 0.920000016689
527 0.943000018597
528 3.04699993134
529 2.98300004005
530 2.93799996376
531 2.88400006294
532 2.84299993515
533 2.78699994087
534 2.74000000954
535 2.70399999619
536 2.95700001717
537 2.93400001526
538 0.0
539 0.0
540 0.0
