0 4.51499986649
1 4.44000005722
2 4.45200014114
3 4.48099994659
4 4.54699993134
5 4.66800022125
6 4.68400001526
7 4.71199989319
8 4.74499988556
9 4.77699995041
10 4.79899978638
11 4.82899999619
12 4.86100006104
13 4.89400005341
14 4.93699979782
15 4.92700004578
16 4.83799982071
17 4.84999990463
18 4.89400005341
19 4.96500015259
20 5.15000009537
21 5.18699979782
22 5.23199987411
23 5.27600002289
24 5.31300020218
25 5.36499977112
26 5.40100002289
27 5.44799995422
28 5.49300003052
29 5.53999996185
30 5.61000013351
31 5.64799976349
32 5.64900016785
33 0.0
34 17.1590003967
35 17.1520004272
36 17.1599998474
37 0.0
38 0.0
39 0.0
40 17.2450008392
41 17.1739997864
42 17.0559997559
43 17.013999939
44 16.5249996185
45 16.5440006256
46 16.5380001068
47 13.154999733
48 13.0799999237
49 12.3459997177
50 11.9759998322
51 11.6000003815
52 11.625
53 11.638999939
54 11.6350002289
55 11.357000351
56 11.0190000534
57 10.4619998932
58 10.1120004654
59 8.34099960327
60 8.35099983215
61 8.21000003815
62 7.92600011826
63 7.63800001144
64 7.45399999619
65 7.23999977112
66 7.06599998474
67 6.90999984741
68 6.79300022125
69 6.77799987793
70 6.80999994278
71 6.82299995422
72 6.86299991608
73 6.87599992752
74 6.79500007629
75 6.65199995041
76 6.51399993896
77 6.38800001144
78 6.27099990845
79 6.15500020981
80 5.24599981308
81 4.98000001907
82 4.85599994659
83 4.77400016785
84 4.6859998703
85 4.60599994659
86 4.55399990082
87 4.45800018311
88 4.42600011826
89 4.34800004959
90 4.28700017929
91 4.22300004959
92 4.17199993134
93 4.08400011063
94 4.04600000381
95 3.98799991608
96 3.93899989128
97 3.90100002289
98 3.85899996758
99 3.80200004578
100 3.77900004387
101 3.81999993324
102 3.8220000267
103 3.85100007057
104 3.87199997902
105 3.91700005531
106 3.9470000267
107 3.96399998665
108 3.93499994278
109 3.88800001144
110 3.83500003815
111 3.81100010872
112 3.77399992943
113 3.74000000954
114 3.71199989319
115 3.66300010681
116 3.63800001144
117 3.60700011253
118 3.5759999752
119 3.53200006485
120 3.51099991798
121 3.47799992561
122 3.45700001717
123 3.41300010681
124 3.39899992943
125 3.39499998093
126 3.43899989128
127 3.46000003815
128 3.50600004196
129 3.53099989891
130 3.55999994278
131 3.6210000515
132 3.67300009727
133 4.04099988937
134 4.07499980927
135 4.09499979019
136 4.11199998856
137 4.16800022125
138 4.18699979782
139 4.20699977875
140 4.23600006104
141 4.28900003433
142 4.31799983978
143 4.35599994659
144 4.40700006485
145 4.43800020218
146 4.45800018311
147 4.48600006104
148 4.50899982452
149 4.54600000381
150 4.54699993134
151 4.21799993515
152 4.30000019073
153 4.62099981308
154 3.27699995041
155 3.4319999218
156 4.72499990463
157 4.617000103
158 4.56199979782
159 4.79799985886
160 4.82600021362
161 4.87099981308
162 4.90799999237
163 4.94000005722
164 4.96400022507
165 5.00400018692
166 5.01900005341
167 5.04899978638
168 3.14499998093
169 3.22600007057
170 3.382999897
171 4.10900020599
172 4.92199993134
173 4.88100004196
174 4.84800004959
175 4.83300018311
176 4.83599996567
177 4.82399988174
178 4.84899997711
179 4.86199998856
180 4.87799978256
181 4.90600013733
182 4.82499980927
183 5.33099985123
184 5.48000001907
185 5.49300003052
186 5.50199985504
187 5.52299976349
188 4.60900020599
189 4.58099985123
190 5.55499982834
191 5.59600019455
192 3.65000009537
193 3.52600002289
194 4.08199977875
195 4.04400014877
196 5.71099996567
197 5.71299982071
198 5.72700023651
199 5.75899982452
200 5.78900003433
201 5.82000017166
202 5.8140001297
203 5.83500003815
204 5.86000013351
205 5.86600017548
206 5.875
207 5.89699983597
208 5.89300012589
209 5.90999984741
210 5.15299987793
211 5.02600002289
212 5.03100013733
213 5.01800012589
214 5.00400018692
215 5.01200008392
216 5.01999998093
217 5.01200008392
218 5.20100021362
219 2.38499999046
220 2.36199998856
221 2.40199995041
222 5.21299982071
223 5.21899986267
224 5.242000103
225 5.2389998436
226 5.25699996948
227 5.45300006866
228 5.65799999237
229 6.12900018692
230 6.17299985886
231 6.16800022125
232 6.17199993134
233 6.17500019073
234 6.20100021362
235 6.22100019455
236 6.23699998856
237 6.23000001907
238 6.23400020599
239 6.23999977112
240 6.23299980164
241 6.22300004959
242 6.22900009155
243 6.23000001907
244 6.23799991608
245 6.23299980164
246 6.24399995804
247 6.25899982452
248 6.25400018692
249 6.23500013351
250 6.24700021744
251 6.27400016785
252 6.28700017929
253 6.28200006485
254 6.28499984741
255 6.29099988937
256 6.28299999237
257 6.27299976349
258 6.24800014496
259 6.23699998856
260 6.23099994659
261 6.25199985504
262 6.24399995804
263 6.22499990463
264 6.22399997711
265 6.24499988556
266 6.22499990463
267 6.20300006866
268 6.21000003815
269 6.21500015259
270 6.21899986267
271 6.21000003815
272 6.22599983215
273 6.14400005341
274 5.85799980164
275 5.78900003433
276 5.76599979401
277 5.72800016403
278 5.71700000763
279 5.72399997711
280 5.72900009155
281 5.77500009537
282 5.80800008774
283 5.95300006866
284 6.08199977875
285 6.08500003815
286 6.0609998703
287 6.05000019073
288 6.0560002327
289 6.0529999733
290 6.04400014877
291 6.01599979401
292 6.00400018692
293 5.9889998436
294 5.95699977875
295 5.9470000267
296 5.92600011826
297 5.89699983597
298 5.90000009537
299 5.88500022888
300 5.86899995804
301 5.85500001907
302 5.84499979019
303 5.83900022507
304 5.82000017166
305 5.79699993134
306 5.79500007629
307 5.757999897
308 5.75
309 5.72599983215
310 5.68400001526
311 5.67199993134
312 5.65899991989
313 5.63500022888
314 5.61000013351
315 5.59100008011
316 5.55700016022
317 5.53299999237
318 5.53299999237
319 5.33699989319
320 5.11000013351
321 5.46700000763
322 5.45300006866
323 5.43800020218
324 5.42299985886
325 5.40100002289
326 5.367000103
327 5.32499980927
328 5.31599998474
329 4.382999897
330 4.05900001526
331 4.125
332 5.01900005341
333 5.17299985886
334 5.14599990845
335 5.12699985504
336 5.10200023651
337 5.0609998703
338 5.04600000381
339 5.03700017929
340 4.95499992371
341 4.81799983978
342 4.96299982071
343 4.93800020218
344 4.91200017929
345 4.87699985504
346 4.84800004959
347 4.6890001297
348 4.56500005722
349 4.73099994659
350 4.71000003815
351 4.6810002327
352 4.65299987793
353 4.62099981308
354 4.59299993515
355 4.56699991226
356 4.33300018311
357 4.36800003052
358 4.47900009155
359 4.47700023651
360 4.45699977875
361 4.41499996185
362 4.39099979401
363 4.36600017548
364 4.32499980927
365 4.29199981689
366 4.25899982452
367 4.21400022507
368 4.15799999237
369 4.12799978256
370 4.09600019455
371 4.08199977875
372 4.05499982834
373 4.02799987793
374 3.992000103
375 3.97499990463
376 3.9430000782
377 3.90700006485
378 3.867000103
379 3.86100006104
380 3.82500004768
381 3.72499990463
382 3.65499997139
383 3.6099998951
384 3.5569999218
385 3.52800011635
386 3.50300002098
387 3.46799993515
388 3.4430000782
389 3.41199994087
390 3.36899995804
391 3.35400009155
392 3.31900000572
393 3.29800009727
394 3.25600004196
395 3.27699995041
396 3.31200003624
397 3.33800005913
398 3.38599991798
399 3.40700006485
400 3.45000004768
401 3.492000103
402 3.52399992943
403 3.56999993324
404 3.60500001907
405 3.65000009537
406 3.6779999733
407 3.72099995613
408 3.74399995804
409 3.79399991035
410 3.84100008011
411 3.88700008392
412 3.9430000782
413 4.01000022888
414 4.04699993134
415 4.13700008392
416 4.18200016022
417 4.25
418 4.32299995422
419 4.39400005341
420 4.46400022507
421 4.51900005341
422 4.59200000763
423 4.65600013733
424 4.73199987411
425 4.81500005722
426 4.92000007629
427 5.01700019836
428 5.11299991608
429 5.22200012207
430 5.31300020218
431 5.4310002327
432 5.52600002289
433 5.64499998093
434 5.76900005341
435 5.882999897
436 6.03000020981
437 6.17399978638
438 6.31199979782
439 6.48199987411
440 6.51900005341
441 6.60599994659
442 6.47399997711
443 3.10500001907
444 3.05599999428
445 3.04600000381
446 3.04500007629
447 3.02200007439
448 3.00900006294
449 3.01699995995
450 3.00999999046
451 3.00900006294
452 3.01699995995
453 2.98699998856
454 2.98799991608
455 2.97199988365
456 2.97499990463
457 2.98099994659
458 2.96399998665
459 2.96099996567
460 2.96000003815
461 2.96499991417
462 2.94099998474
463 2.95399999619
464 2.95799994469
465 2.93300008774
466 2.92700004578
467 2.92000007629
468 2.92700004578
469 2.92700004578
470 2.67199993134
471 2.65300011635
472 2.66400003433
473 2.66100001335
474 0.952000021935
475 0.717000007629
476 0.712000012398
477 0.929000020027
478 2.65199995041
479 2.65700006485
480 2.65599989891
481 2.66100001335
482 2.66000008583
483 2.64199995995
484 2.66300010681
485 2.67600011826
486 2.67499995232
487 2.6779999733
488 2.6779999733
489 2.68400001526
490 2.83699989319
491 2.93000006676
492 2.9509999752
493 1.35899996758
494 1.19500005245
495 1.06599998474
496 1.05200004578
497 1.04299998283
498 1.05400002003
499 1.01800000668
500 1.04600000381
501 1.04299998283
502 1.03600001335
503 1.03900003433
504 1.03999996185
505 1.04700005054
506 1.07000005245
507 1.11500000954
508 1.26999998093
509 1.26300001144
510 1.25600004196
511 1.26300001144
512 1.25699996948
513 1.26100003719
514 1.26400005817
515 1.24800002575
516 1.24399995804
517 1.29299998283
518 1.40499997139
519 3.132999897
520 3.12700009346
521 3.15100002289
522 3.15599989891
523 3.16599988937
524 0.93900001049
525 0.912999987602
526 0.915000021458
527 0.945999979973
528 3.04999995232
529 2.98300004005
530 2.92600011826
531 2.89100003242
532 2.83500003815
533 2.78299999237
534 2.74399995804
535 2.73000001907
536 2.94600009918
537 2.92000007629
538 0.0
539 0.0
540 0.0
