0 4.52500009537
1 4.43300008774
2 4.45499992371
3 4.48099994659
4 4.51900005341
5 4.65399980545
6 4.68300008774
7 4.71199989319
8 4.75099992752
9 4.76999998093
10 4.81300020218
11 4.83599996567
12 4.8639998436
13 4.89099979401
14 4.92399978638
15 4.93400001526
16 4.84499979019
17 4.85699987411
18 4.90299987793
19 4.96700000763
20 5.14099979401
21 5.19000005722
22 5.21799993515
23 5.27299976349
24 5.32499980927
25 5.3639998436
26 5.41300010681
27 5.45499992371
28 5.50899982452
29 5.55399990082
30 5.60200023651
31 5.65799999237
32 5.65899991989
33 0.0
34 17.142999649
35 17.1520004272
36 17.1459999084
37 0.0
38 0.0
39 0.0
40 17.2380008698
41 17.1770000458
42 17.079000473
43 17.0109996796
44 16.5400009155
45 16.5410003662
46 16.5230007172
47 13.1579999924
48 13.0860004425
49 12.3500003815
50 11.9340000153
51 11.5939998627
52 11.5979995728
53 11.626999855
54 11.6300001144
55 11.3409996033
56 10.982000351
57 10.4809999466
58 10.1040000916
59 8.32400035858
60 8.34599971771
61 8.20300006866
62 7.90999984741
63 7.64699983597
64 7.45300006866
65 7.25899982452
66 7.06699991226
67 6.92000007629
68 6.79600000381
69 6.79899978638
70 6.81300020218
71 6.82399988174
72 6.85099983215
73 6.88500022888
74 6.79600000381
75 6.64900016785
76 6.51599979401
77 6.39599990845
78 6.28499984741
79 6.14599990845
80 5.23699998856
81 4.97100019455
82 4.86499977112
83 4.77400016785
84 4.6859998703
85 4.617000103
86 4.52199983597
87 4.46400022507
88 4.38999986649
89 4.31500005722
90 4.26300001144
91 4.23199987411
92 4.16200017929
93 4.10300016403
94 4.02299976349
95 3.99699997902
96 3.95300006866
97 3.89299988747
98 3.84400010109
99 3.81599998474
100 3.76399993896
101 3.80100011826
102 3.83299994469
103 3.84699988365
104 3.86299991608
105 3.92600011826
106 3.94899988174
107 3.95199990273
108 3.92199993134
109 3.87700009346
110 3.83299994469
111 3.81699991226
112 3.77399992943
113 3.74099993706
114 3.69899988174
115 3.66799998283
116 3.63700008392
117 3.60599994659
118 3.56900000572
119 3.54800009727
120 3.5150001049
121 3.48399996758
122 3.44799995422
123 3.42300009727
124 3.41199994087
125 3.39800000191
126 3.4240000248
127 3.45900011063
128 3.50699996948
129 3.51600003242
130 3.56699991226
131 3.6289999485
132 3.67600011826
133 4.03599977493
134 4.06699991226
135 4.08500003815
136 4.125
137 4.16300010681
138 4.19000005722
139 4.22499990463
140 4.25899982452
141 4.29500007629
142 4.31699991226
143 4.36299991608
144 4.36899995804
145 4.43800020218
146 4.46799993515
147 4.5
148 4.51800012589
149 4.54699993134
150 4.55999994278
151 4.21600008011
152 4.29500007629
153 4.59499979019
154 3.26900005341
155 3.41199994087
156 4.71199989319
157 4.61800003052
158 4.56199979782
159 4.80800008774
160 4.82600021362
161 4.87200021744
162 4.90500020981
163 4.93300008774
164 4.96199989319
165 5.00500011444
166 5.02400016785
167 5.03999996185
168 3.15899991989
169 3.23000001907
170 3.37800002098
171 4.125
172 4.92100000381
173 4.88199996948
174 4.85599994659
175 4.84100008011
176 4.83099985123
177 4.81699991226
178 4.83099985123
179 4.85799980164
180 4.87599992752
181 4.90100002289
182 4.83500003815
183 5.32499980927
184 5.46600008011
185 5.48999977112
186 5.50299978256
187 5.52600002289
188 4.60400009155
189 4.57299995422
190 5.55700016022
191 5.59800004959
192 3.6400001049
193 3.53399991989
194 4.0720000267
195 4.06599998474
196 5.69999980927
197 5.72800016403
198 5.73500013351
199 5.75699996948
200 5.78900003433
201 5.80000019073
202 5.8220000267
203 5.84399986267
204 5.84899997711
205 5.86800003052
206 5.88000011444
207 5.875
208 5.90199995041
209 5.89300012589
210 5.15299987793
211 5.04600000381
212 5.02699995041
213 5.01800012589
214 5.02099990845
215 5.01499986649
216 5.01499986649
217 5.00600004196
218 5.21299982071
219 2.38400006294
220 2.37599992752
221 2.38100004196
222 5.22100019455
223 5.22499990463
224 5.23699998856
225 5.23199987411
226 5.24700021744
227 5.46000003815
228 5.64300012589
229 6.12900018692
230 6.16200017929
231 6.17299985886
232 6.17199993134
233 6.20100021362
234 6.21899986267
235 6.21199989319
236 6.21299982071
237 6.22900009155
238 6.25099992752
239 6.24100017548
240 6.24300003052
241 6.23000001907
242 6.23299980164
243 6.24100017548
244 6.23500013351
245 6.23600006104
246 6.23999977112
247 6.24300003052
248 6.242000103
249 6.26200008392
250 6.28000020981
251 6.26399993896
252 6.25099992752
253 6.26700019836
254 6.28499984741
255 6.26300001144
256 6.27199983597
257 6.26300001144
258 6.23799991608
259 6.26800012589
260 6.25600004196
261 6.242000103
262 6.23400020599
263 6.23999977112
264 6.22399997711
265 6.22200012207
266 6.23099994659
267 6.22599983215
268 6.2389998436
269 6.21400022507
270 6.20399999619
271 6.21999979019
272 6.20599985123
273 6.14699983597
274 5.84999990463
275 5.79099988937
276 5.76800012589
277 5.73999977112
278 5.73099994659
279 5.72700023651
280 5.74499988556
281 5.76999998093
282 5.80700016022
283 5.94899988174
284 6.07299995422
285 6.07700014114
286 6.08500003815
287 6.06799983978
288 6.06199979782
289 6.05399990082
290 6.02199983597
291 6.0110001564
292 5.99900007248
293 5.98999977112
294 5.97700023651
295 5.93699979782
296 5.92199993134
297 5.92700004578
298 5.90100002289
299 5.88899993896
300 5.85799980164
301 5.83699989319
302 5.83400011063
303 5.84100008011
304 5.81599998474
305 5.81500005722
306 5.78700017929
307 5.77600002289
308 5.74900007248
309 5.73099994659
310 5.67999982834
311 5.66499996185
312 5.64699983597
313 5.632999897
314 5.59600019455
315 5.57700014114
316 5.57100009918
317 5.55000019073
318 5.52699995041
319 5.32600021362
320 5.10200023651
321 5.45800018311
322 5.46600008011
323 5.42899990082
324 5.42399978638
325 5.40299987793
326 5.36800003052
327 5.34499979019
328 5.30200004578
329 4.382999897
330 4.06799983978
331 4.132999897
332 5.02099990845
333 5.17000007629
334 5.13800001144
335 5.11999988556
336 5.09299993515
337 5.06500005722
338 5.04899978638
339 5.02500009537
340 4.94899988174
341 4.81699991226
342 4.96099996567
343 4.94500017166
344 4.91699981689
345 4.882999897
346 4.83699989319
347 4.71799993515
348 4.55800008774
349 4.73799991608
350 4.70100021362
351 4.66200017929
352 4.65100002289
353 4.62099981308
354 4.59100008011
355 4.57600021362
356 4.32899999619
357 4.35400009155
358 4.4889998436
359 4.45300006866
360 4.42199993134
361 4.42899990082
362 4.38199996948
363 4.36600017548
364 4.32100009918
365 4.29799985886
366 4.24499988556
367 4.22399997711
368 4.17500019073
369 4.15000009537
370 4.10200023651
371 4.07399988174
372 4.0560002327
373 4.03499984741
374 3.99699997902
375 3.97399997711
376 3.94499993324
377 3.90899991989
378 3.89800000191
379 3.84200000763
380 3.82299995422
381 3.72000002861
382 3.64400005341
383 3.61100006104
384 3.56900000572
385 3.53999996185
386 3.50200009346
387 3.47099995613
388 3.44000005722
389 3.39400005341
390 3.36400008202
391 3.34200000763
392 3.32399988174
393 3.29399991035
394 3.27699995041
395 3.25600004196
396 3.31100010872
397 3.34500002861
398 3.36800003052
399 3.40100002289
400 3.45499992371
401 3.47199988365
402 3.53200006485
403 3.55500006676
404 3.60599994659
405 3.65199995041
406 3.68099999428
407 3.73000001907
408 3.7539999485
409 3.80100011826
410 3.84200000763
411 3.87800002098
412 3.94899988174
413 3.992000103
414 4.06500005722
415 4.11999988556
416 4.18800020218
417 4.24399995804
418 4.31699991226
419 4.39300012589
420 4.45900011063
421 4.51999998093
422 4.59999990463
423 4.66400003433
424 4.73400020599
425 4.82800006866
426 4.91300010681
427 5.03399991989
428 5.11800003052
429 5.22200012207
430 5.32000017166
431 5.42299985886
432 5.53200006485
433 5.65299987793
434 5.75699996948
435 5.89300012589
436 6.02600002289
437 6.1810002327
438 6.3189997673
439 6.47200012207
440 6.50699996948
441 6.61299991608
442 6.48699998856
443 3.07999992371
444 3.06100010872
445 3.03699994087
446 3.05100011826
447 3.03200006485
448 3.03900003433
449 3.00699996948
450 3.00099992752
451 3.02099990845
452 2.99699997902
453 2.98300004005
454 2.97199988365
455 2.96900010109
456 2.97199988365
457 2.97199988365
458 2.96000003815
459 2.95700001717
460 2.97300004959
461 2.95300006866
462 2.93700003624
463 2.93899989128
464 2.94199991226
465 2.94000005722
466 2.9430000782
467 2.92000007629
468 2.92100000381
469 2.9240000248
470 2.67499995232
471 2.66000008583
472 2.63199996948
473 2.67000007629
474 0.95300000906
475 0.713999986649
476 0.705999970436
477 0.93900001049
478 2.66400003433
479 2.65300011635
480 2.65199995041
481 2.64800000191
482 2.67199993134
483 2.66700005531
484 2.67100000381
485 2.64899992943
486 2.66300010681
487 2.66799998283
488 2.68000006676
489 2.68600010872
490 2.83100008965
491 2.93899989128
492 2.93400001526
493 2.95600008965
494 1.59899997711
495 1.26100003719
496 1.16999995708
497 1.12600004673
498 1.13100004196
499 1.13100004196
500 1.1210000515
501 1.13699996471
502 1.13900005817
503 1.13199996948
504 1.13800001144
505 1.13999998569
506 1.13100004196
507 1.17200005054
508 1.19400000572
509 1.26499998569
510 1.26600003242
511 1.25800001621
512 1.25300002098
513 1.26699995995
514 1.25999999046
515 1.24899995327
516 1.26900005341
517 1.27199995518
518 1.28600001335
519 1.4960000515
520 3.15000009537
521 3.16499996185
522 3.16700005531
523 3.18400001526
524 0.934000015259
525 0.924000024796
526 0.92199999094
527 0.947000026703
528 3.03900003433
529 2.99099993706
530 2.94000005722
531 2.89100003242
532 2.83500003815
533 2.79200005531
534 2.7460000515
535 2.71900010109
536 2.96300005913
537 2.91400003433
538 0.0
539 0.0
540 0.0
