0 4.50899982452
1 4.4310002327
2 4.45800018311
3 4.48199987411
4 4.51800012589
5 4.65299987793
6 4.6810002327
7 4.72900009155
8 4.75600004196
9 4.77199983597
10 4.8029999733
11 4.84499979019
12 4.87599992752
13 4.90500020981
14 4.9310002327
15 4.94600009918
16 4.84399986267
17 4.84800004959
18 4.87900018692
19 4.96500015259
20 5.14599990845
21 5.18800020218
22 5.22399997711
23 5.27699995041
24 5.31500005722
25 5.34700012207
26 5.40799999237
27 5.46099996567
28 5.49300003052
29 5.5529999733
30 5.60500001907
31 5.64699983597
32 5.67600011826
33 0.0
34 17.1739997864
35 17.1520004272
36 17.1630001068
37 0.0
38 0.0
39 0.0
40 17.2479991913
41 17.1760005951
42 17.0939998627
43 17.0100002289
44 16.5349998474
45 16.5419998169
46 16.5230007172
47 13.1610002518
48 13.0810003281
49 12.3500003815
50 11.968000412
51 11.5989999771
52 11.611000061
53 11.6289997101
54 11.6280002594
55 11.3350000381
56 10.9849996567
57 10.4809999466
58 10.1350002289
59 8.33899974823
60 8.34200000763
61 8.20499992371
62 7.91699981689
63 7.63199996948
64 7.45200014114
65 7.24300003052
66 7.06500005722
67 6.90600013733
68 6.78100013733
69 6.78800010681
70 6.8029999733
71 6.8220000267
72 6.8639998436
73 6.87699985504
74 6.79300022125
75 6.64200019836
76 6.5
77 6.41099977493
78 6.29199981689
79 6.16499996185
80 5.23400020599
81 4.95900011063
82 4.85699987411
83 4.76700019836
84 4.69000005722
85 4.60900020599
86 4.55000019073
87 4.48500013351
88 4.41499996185
89 4.34800004959
90 4.29099988937
91 4.21700000763
92 4.16599988937
93 4.09100008011
94 4.02400016785
95 4.00099992752
96 3.9509999752
97 3.8789999485
98 3.85199999809
99 3.78900003433
100 3.78800010681
101 3.79600000381
102 3.80999994278
103 3.84500002861
104 3.87400007248
105 3.90899991989
106 3.94099998474
107 3.94400000572
108 3.93099999428
109 3.90000009537
110 3.84699988365
111 3.8180000782
112 3.76699995995
113 3.72000002861
114 3.68499994278
115 3.65199995041
116 3.6289999485
117 3.60500001907
118 3.57500004768
119 3.52999997139
120 3.51200008392
121 3.47000002861
122 3.44400000572
123 3.41599988937
124 3.40700006485
125 3.40499997139
126 3.43899989128
127 3.46499991417
128 3.49900007248
129 3.53699994087
130 3.56999993324
131 3.617000103
132 3.67899990082
133 4.01399993896
134 4.07399988174
135 4.10400009155
136 4.13899993896
137 4.16800022125
138 4.1890001297
139 4.21299982071
140 4.26599979401
141 4.28999996185
142 4.3220000267
143 4.35599994659
144 4.40199995041
145 4.41499996185
146 4.47300004959
147 4.50099992752
148 4.49399995804
149 4.53900003433
150 4.55000019073
151 4.18400001526
152 4.32000017166
153 4.53499984741
154 3.27500009537
155 3.41300010681
156 4.72800016403
157 4.59600019455
158 4.57100009918
159 4.80200004578
160 4.82899999619
161 4.87799978256
162 4.90500020981
163 4.9470000267
164 4.96199989319
165 5.00600004196
166 5.02699995041
167 5.04099988937
168 3.15100002289
169 3.23200011253
170 3.3789999485
171 4.10900020599
172 4.92600011826
173 4.88500022888
174 4.86100006104
175 4.83799982071
176 4.81599998474
177 4.83099985123
178 4.82800006866
179 4.85300016403
180 4.87400007248
181 4.90899991989
182 4.83300018311
183 5.32000017166
184 5.48099994659
185 5.49300003052
186 5.48999977112
187 5.52600002289
188 4.62200021744
189 4.59499979019
190 5.55000019073
191 5.60200023651
192 3.64299988747
193 3.52399992943
194 4.08699989319
195 4.04500007629
196 5.6859998703
197 5.70399999619
198 5.73500013351
199 5.76200008392
200 5.78399991989
201 5.8189997673
202 5.8140001297
203 5.84000015259
204 5.85799980164
205 5.86000013351
206 5.87599992752
207 5.86999988556
208 5.89200019836
209 5.91499996185
210 5.14799976349
211 5.02699995041
212 5.03700017929
213 5.03000020981
214 5.01399993896
215 5.00600004196
216 5.007999897
217 5.02400016785
218 5.19799995422
219 2.40400004387
220 2.37299990654
221 2.39499998093
222 5.22300004959
223 5.21500015259
224 5.24100017548
225 5.22599983215
226 5.24300003052
227 5.45399999619
228 5.63700008392
229 6.14499998093
230 6.17399978638
231 6.16200017929
232 6.17399978638
233 6.19199991226
234 6.22100019455
235 6.22800016403
236 6.22700023651
237 6.22200012207
238 6.22700023651
239 6.24300003052
240 6.23099994659
241 6.22399997711
242 6.24599981308
243 6.23000001907
244 6.25299978256
245 6.23500013351
246 6.23500013351
247 6.23600006104
248 6.24300003052
249 6.25400018692
250 6.24900007248
251 6.27299976349
252 6.26300001144
253 6.26599979401
254 6.28399991989
255 6.28700017929
256 6.27199983597
257 6.27099990845
258 6.25899982452
259 6.25500011444
260 6.2389998436
261 6.23199987411
262 6.2389998436
263 6.22599983215
264 6.23500013351
265 6.20900011063
266 6.23699998856
267 6.21799993515
268 6.22300004959
269 6.20399999619
270 6.20399999619
271 6.23099994659
272 6.21799993515
273 6.14699983597
274 5.85400009155
275 5.79099988937
276 5.76200008392
277 5.75400018692
278 5.71799993515
279 5.73400020599
280 5.73500013351
281 5.76800012589
282 5.79400014877
283 5.94299983978
284 6.07700014114
285 6.08799982071
286 6.07800006866
287 6.06699991226
288 6.05000019073
289 6.03999996185
290 6.02099990845
291 6.00600004196
292 6.00099992752
293 5.98799991608
294 5.97200012207
295 5.95200014114
296 5.9390001297
297 5.91200017929
298 5.90399980545
299 5.88700008392
300 5.86999988556
301 5.83799982071
302 5.84600019455
303 5.82399988174
304 5.82000017166
305 5.80900001526
306 5.80200004578
307 5.76900005341
308 5.75
309 5.71899986267
310 5.68499994278
311 5.67700004578
312 5.64300012589
313 5.632999897
314 5.62200021744
315 5.59200000763
316 5.5609998703
317 5.5560002327
318 5.52799987793
319 5.33500003815
320 5.11199998856
321 5.46000003815
322 5.45800018311
323 5.43800020218
324 5.41400003433
325 5.40199995041
326 5.36600017548
327 5.33900022507
328 5.3060002327
329 4.38800001144
330 4.05700016022
331 4.14099979401
332 5.01700019836
333 5.17199993134
334 5.13899993896
335 5.12599992752
336 5.09700012207
337 5.07000017166
338 5.04500007629
339 5.02500009537
340 4.94899988174
341 4.81500005722
342 4.96500015259
343 4.94099998474
344 4.90500020981
345 4.87400007248
346 4.84999990463
347 4.70200014114
348 4.55800008774
349 4.74100017548
350 4.69600009918
351 4.6890001297
352 4.64900016785
353 4.62699985504
354 4.59100008011
355 4.55800008774
356 4.3109998703
357 4.382999897
358 4.48600006104
359 4.47599983215
360 4.44199991226
361 4.42000007629
362 4.39300012589
363 4.37400007248
364 4.32999992371
365 4.29799985886
366 4.26000022888
367 4.22599983215
368 4.1890001297
369 4.15700006485
370 4.11899995804
371 4.07899999619
372 4.03900003433
373 4.02099990845
374 3.98799991608
375 3.95700001717
376 3.93700003624
377 3.91199994087
378 3.90000009537
379 3.85899996758
380 3.82800006866
381 3.72499990463
382 3.62700009346
383 3.61400008202
384 3.56900000572
385 3.53800010681
386 3.50500011444
387 3.46900010109
388 3.4470000267
389 3.40499997139
390 3.37400007248
391 3.33800005913
392 3.29999995232
393 3.27900004387
394 3.27099990845
395 3.257999897
396 3.28699994087
397 3.3259999752
398 3.37400007248
399 3.40799999237
400 3.42600011826
401 3.49399995804
402 3.51099991798
403 3.56200003624
404 3.61100006104
405 3.64499998093
406 3.66899991035
407 3.72099995613
408 3.74099993706
409 3.77900004387
410 3.8259999752
411 3.90199995041
412 3.95499992371
413 4.00299978256
414 4.04400014877
415 4.132999897
416 4.1779999733
417 4.26200008392
418 4.30200004578
419 4.37599992752
420 4.45100021362
421 4.52400016785
422 4.59999990463
423 4.67600011826
424 4.72900009155
425 4.81199979782
426 4.91499996185
427 5.02699995041
428 5.12400007248
429 5.21999979019
430 5.30800008774
431 5.42399978638
432 5.53299999237
433 5.65500020981
434 5.76700019836
435 5.90399980545
436 6.01700019836
437 6.17600011826
438 6.30999994278
439 6.48799991608
440 6.51900005341
441 6.61000013351
442 6.43699979782
443 3.08200001717
444 3.04699993134
445 3.03999996185
446 3.05399990082
447 3.03099989891
448 3.02099990845
449 3.01099991798
450 3.02200007439
451 2.99300003052
452 3.01399993896
453 2.98000001907
454 2.97900009155
455 2.97099995613
456 2.98200011253
457 2.96499991417
458 2.95300006866
459 2.97600007057
460 2.95499992371
461 2.96099996567
462 2.95900011063
463 2.94000005722
464 2.94499993324
465 2.93799996376
466 2.9279999733
467 2.92700004578
468 2.9279999733
469 2.91799998283
470 2.67000007629
471 2.63599991798
472 2.64599990845
473 2.65799999237
474 0.955999970436
475 0.721000015736
476 0.702000021935
477 0.925999999046
478 2.65100002289
479 2.65499997139
480 2.66799998283
481 2.64100003242
482 2.64599990845
483 2.67000007629
484 2.67300009727
485 2.67000007629
486 2.67600011826
487 2.68000006676
488 2.66799998283
489 2.68799996376
490 2.82399988174
491 2.93600010872
492 2.94000005722
493 2.95300006866
494 1.4960000515
495 1.25899994373
496 1.15199995041
497 1.15100002289
498 1.13999998569
499 1.11399996281
500 1.13699996471
501 1.12999999523
502 1.10899996758
503 1.13600003719
504 1.14699995518
505 1.14400005341
506 1.15499997139
507 1.16900002956
508 1.19400000572
509 1.26999998093
510 1.26300001144
511 1.23699998856
512 1.26900005341
513 1.24500000477
514 1.25600004196
515 1.26499998569
516 1.27199995518
517 1.27799999714
518 1.35800004005
519 1.58000004292
520 3.14700007439
521 3.13899993896
522 3.14400005341
523 3.16700005531
524 0.933000028133
525 0.912999987602
526 0.926999986172
527 0.947000026703
528 3.05100011826
529 2.9960000515
530 2.93899989128
531 2.88899993896
532 2.83599996567
533 2.79299998283
534 2.75500011444
535 2.72099995613
536 2.96600008011
537 2.91700005531
538 0.0
539 0.0
540 0.0
