0 4.51700019836
1 4.4310002327
2 4.45399999619
3 4.46299982071
4 4.51300001144
5 4.65700006485
6 4.68699979782
7 4.71299982071
8 4.73099994659
9 4.76599979401
10 4.79600000381
11 4.82899999619
12 4.87400007248
13 4.89099979401
14 4.9359998703
15 4.93300008774
16 4.84299993515
17 4.85599994659
18 4.88000011444
19 4.96500015259
20 5.14099979401
21 5.19000005722
22 5.23000001907
23 5.26200008392
24 5.3029999733
25 5.36100006104
26 5.40799999237
27 5.45100021362
28 5.51300001144
29 5.53999996185
30 5.60500001907
31 5.65000009537
32 5.66200017929
33 0.0
34 17.1550006866
35 17.1469993591
36 17.1380004883
37 0.0
38 0.0
39 0.0
40 17.2509994507
41 17.1840000153
42 17.0769996643
43 16.9920005798
44 16.5270004272
45 16.5410003662
46 16.5219993591
47 13.1490001678
48 13.0880002975
49 12.3380002975
50 11.9289999008
51 11.6000003815
52 11.6020002365
53 11.623000145
54 11.6309995651
55 11.3369998932
56 11.0
57 10.4779996872
58 10.1210002899
59 8.35000038147
60 8.33800029755
61 8.20100021362
62 7.90399980545
63 7.64099979401
64 7.44999980927
65 7.23400020599
66 7.0640001297
67 6.90700006485
68 6.78200006485
69 6.79699993134
70 6.79300022125
71 6.82399988174
72 6.84700012207
73 6.87599992752
74 6.78800010681
75 6.6360001564
76 6.52500009537
77 6.3860001564
78 6.28999996185
79 6.15399980545
80 5.24800014496
81 4.96099996567
82 4.84600019455
83 4.76200008392
84 4.6890001297
85 4.59899997711
86 4.51800012589
87 4.47800016403
88 4.41900014877
89 4.34000015259
90 4.28599977493
91 4.20599985123
92 4.14499998093
93 4.09299993515
94 4.03299999237
95 3.9849998951
96 3.94099998474
97 3.89199995995
98 3.84400010109
99 3.78800010681
100 3.77800011635
101 3.79999995232
102 3.81200003624
103 3.84599995613
104 3.8710000515
105 3.91599988937
106 3.93799996376
107 3.97499990463
108 3.91899991035
109 3.8900001049
110 3.84500002861
111 3.81399989128
112 3.77200007439
113 3.71600008011
114 3.68799996376
115 3.65300011635
116 3.64400005341
117 3.59899997711
118 3.54999995232
119 3.53999996185
120 3.48900008202
121 3.46900010109
122 3.44400000572
123 3.42100000381
124 3.39400005341
125 3.39299988747
126 3.43000006676
127 3.45499992371
128 3.49900007248
129 3.53299999237
130 3.57299995422
131 3.61800003052
132 3.67100000381
133 4.03700017929
134 4.06699991226
135 4.09299993515
136 4.10300016403
137 4.16300010681
138 4.17999982834
139 4.23000001907
140 4.23600006104
141 4.27299976349
142 4.32299995422
143 4.36299991608
144 4.36999988556
145 4.41499996185
146 4.47300004959
147 4.4889998436
148 4.51300001144
149 4.51900005341
150 4.54500007629
151 4.19999980927
152 4.30700016022
153 4.58199977875
154 3.25500011444
155 3.41499996185
156 4.70399999619
157 4.58900022507
158 4.54400014877
159 4.80499982834
160 4.83799982071
161 4.87099981308
162 4.90000009537
163 4.9310002327
164 4.95300006866
165 4.99900007248
166 5.01900005341
167 5.03900003433
168 3.14199995995
169 3.22799992561
170 3.375
171 4.1139998436
172 4.92299985886
173 4.88800001144
174 4.84299993515
175 4.83300018311
176 4.82100009918
177 4.82499980927
178 4.83500003815
179 4.84600019455
180 4.88399982452
181 4.90399980545
182 4.82700014114
183 5.30700016022
184 5.47399997711
185 5.48799991608
186 5.49900007248
187 5.51499986649
188 4.61600017548
189 4.59200000763
190 5.56500005722
191 5.59499979019
192 3.64700007439
193 3.53099989891
194 4.08400011063
195 4.04699993134
196 5.68400001526
197 5.71099996567
198 5.72800016403
199 5.76499986649
200 5.76200008392
201 5.81500005722
202 5.81599998474
203 5.83900022507
204 5.84499979019
205 5.85900020599
206 5.87400007248
207 5.88500022888
208 5.87799978256
209 5.88199996948
210 5.15100002289
211 5.03299999237
212 5.02299976349
213 5.02500009537
214 5.0110001564
215 5.00899982452
216 4.99399995804
217 5.01599979401
218 5.21099996567
219 2.39199995995
220 2.39100003242
221 2.39100003242
222 5.22200012207
223 5.22200012207
224 5.24100017548
225 5.22499990463
226 5.24499988556
227 5.45100021362
228 5.632999897
229 6.13700008392
230 6.16499996185
231 6.17600011826
232 6.18400001526
233 6.1779999733
234 6.19799995422
235 6.21899986267
236 6.22200012207
237 6.22599983215
238 6.22599983215
239 6.21799993515
240 6.22700023651
241 6.242000103
242 6.23400020599
243 6.22800016403
244 6.22800016403
245 6.22200012207
246 6.24800014496
247 6.23799991608
248 6.26300001144
249 6.26900005341
250 6.26599979401
251 6.24800014496
252 6.27199983597
253 6.26700019836
254 6.27500009537
255 6.27899980545
256 6.25500011444
257 6.26300001144
258 6.26399993896
259 6.25699996948
260 6.24499988556
261 6.24100017548
262 6.22800016403
263 6.24499988556
264 6.22399997711
265 6.21700000763
266 6.21999979019
267 6.23600006104
268 6.20800018311
269 6.242000103
270 6.20499992371
271 6.21400022507
272 6.20300006866
273 6.1360001564
274 5.85300016403
275 5.77299976349
276 5.76000022888
277 5.73999977112
278 5.73699998856
279 5.71600008011
280 5.742000103
281 5.76800012589
282 5.79300022125
283 5.94299983978
284 6.08099985123
285 6.07700014114
286 6.07700014114
287 6.07700014114
288 6.0560002327
289 6.03800010681
290 6.01800012589
291 6.00099992752
292 6.01399993896
293 5.98799991608
294 5.96700000763
295 5.94600009918
296 5.93400001526
297 5.91699981689
298 5.89599990845
299 5.87400007248
300 5.84999990463
301 5.84499979019
302 5.83900022507
303 5.82700014114
304 5.81199979782
305 5.78100013733
306 5.79799985886
307 5.78499984741
308 5.74900007248
309 5.73000001907
310 5.67899990082
311 5.66699981689
312 5.65199995041
313 5.63800001144
314 5.61000013351
315 5.58300018311
316 5.55200004578
317 5.53100013733
318 5.52299976349
319 5.32499980927
320 5.09999990463
321 5.45499992371
322 5.45100021362
323 5.43200016022
324 5.42199993134
325 5.39099979401
326 5.3639998436
327 5.33099985123
328 5.29699993134
329 4.35699987411
330 4.04799985886
331 4.117000103
332 4.98500013351
333 5.16499996185
334 5.1360001564
335 5.11299991608
336 5.09899997711
337 5.0640001297
338 5.04699993134
339 5.02099990845
340 4.95800018311
341 4.80999994278
342 4.95300006866
343 4.93300008774
344 4.90999984741
345 4.875
346 4.83400011063
347 4.71600008011
348 4.5720000267
349 4.73199987411
350 4.70499992371
351 4.67600011826
352 4.63700008392
353 4.59800004959
354 4.59700012207
355 4.56500005722
356 4.29300022125
357 4.36199998856
358 4.49900007248
359 4.47399997711
360 4.45100021362
361 4.40700006485
362 4.38999986649
363 4.33699989319
364 4.32100009918
365 4.29199981689
366 4.23999977112
367 4.19600009918
368 4.18300008774
369 4.14699983597
370 4.10699987411
371 4.09200000763
372 4.03800010681
373 4.00899982452
374 3.97199988365
375 3.96199989319
376 3.93400001526
377 3.89800000191
378 3.85899996758
379 3.8599998951
380 3.82500004768
381 3.71600008011
382 3.63000011444
383 3.60199999809
384 3.56500005722
385 3.52999997139
386 3.50200009346
387 3.46600008011
388 3.42300009727
389 3.39400005341
390 3.36999988556
391 3.34699988365
392 3.3069999218
393 3.26099991798
394 3.26399993896
395 3.26900005341
396 3.30500006676
397 3.33899998665
398 3.36400008202
399 3.41100001335
400 3.44799995422
401 3.48600006104
402 3.50200009346
403 3.56100010872
404 3.60899996758
405 3.65100002289
406 3.68499994278
407 3.71600008011
408 3.74799990654
409 3.77600002289
410 3.82100009918
411 3.89800000191
412 3.93899989128
413 3.98399996758
414 4.07000017166
415 4.125
416 4.18300008774
417 4.24700021744
418 4.29799985886
419 4.37400007248
420 4.45300006866
421 4.52500009537
422 4.60599994659
423 4.66200017929
424 4.73299980164
425 4.82100009918
426 4.90500020981
427 5.01399993896
428 5.117000103
429 5.21199989319
430 5.3220000267
431 5.40799999237
432 5.52799987793
433 5.64699983597
434 5.76900005341
435 5.88399982452
436 6.02500009537
437 6.15600013733
438 6.31500005722
439 6.47499990463
440 6.50699996948
441 6.60200023651
442 6.47499990463
443 3.08200001717
444 3.05200004578
445 3.03299999237
446 3.03900003433
447 3.04099988937
448 3.02099990845
449 2.99399995804
450 3.00500011444
451 3.0039999485
452 3.00699996948
453 2.99300003052
454 2.97699999809
455 2.96900010109
456 2.97300004959
457 2.95499992371
458 2.95499992371
459 2.96199989319
460 2.95799994469
461 2.94099998474
462 2.94899988174
463 2.94899988174
464 2.93300008774
465 2.92600011826
466 2.92899990082
467 2.92899990082
468 2.92600011826
469 2.91700005531
470 2.66100001335
471 2.64899992943
472 2.62199997902
473 2.63899993896
474 0.958999991417
475 0.71899998188
476 0.698000013828
477 0.919000029564
478 2.65499997139
479 2.64499998093
480 2.65700006485
481 2.63199996948
482 2.63700008392
483 2.65000009537
484 2.66700005531
485 2.66899991035
486 2.66499996185
487 2.65899991989
488 2.67000007629
489 2.66700005531
490 1.30700004101
491 1.16900002956
492 1.11300003529
493 1.09599995613
494 1.09700000286
495 1.08000004292
496 1.08099997044
497 1.0759999752
498 1.07799994946
499 1.09000003338
500 1.08599996567
501 1.0909999609
502 1.10800004005
503 1.10800004005
504 1.13999998569
505 1.28600001335
506 1.27499997616
507 1.28600001335
508 1.27100002766
509 1.25600004196
510 1.2539999485
511 1.26400005817
512 1.25499999523
513 1.26800000668
514 1.25899994373
515 1.2840000391
516 1.375
517 1.68299996853
518 3.12400007248
519 3.12599992752
520 3.12800002098
521 3.15100002289
522 3.17100000381
523 3.17300009727
524 0.930999994278
525 0.916999995708
526 0.917999982834
527 0.953999996185
528 3.04699993134
529 2.98699998856
530 2.93000006676
531 2.8900001049
532 2.81900000572
533 2.77399992943
534 2.74099993706
535 2.72499990463
536 2.95600008965
537 2.9279999733
538 0.0
539 0.0
540 0.0
