0 4.51900005341
1 4.44299983978
2 4.44600009918
3 4.48400020599
4 4.53999996185
5 4.66099977493
6 4.69299983978
7 4.70599985123
8 4.73699998856
9 4.75600004196
10 4.80800008774
11 4.83400011063
12 4.85799980164
13 4.90199995041
14 4.94000005722
15 4.9310002327
16 4.83400011063
17 4.84499979019
18 4.88199996948
19 4.97200012207
20 5.15299987793
21 5.1939997673
22 5.23000001907
23 5.27600002289
24 5.32000017166
25 5.36600017548
26 5.41300010681
27 5.46099996567
28 5.5110001564
29 5.54899978638
30 5.60300016403
31 5.65500020981
32 5.65899991989
33 0.0
34 17.1509990692
35 17.1520004272
36 17.1620006561
37 0.0
38 0.0
39 0.0
40 17.2409992218
41 17.1700000763
42 17.0820007324
43 17.0100002289
44 16.5389995575
45 16.5400009155
46 16.5310001373
47 13.1639995575
48 13.0819997787
49 12.3520002365
50 11.9479999542
51 11.5970001221
52 11.6169996262
53 11.6499996185
54 11.6289997101
55 11.3579998016
56 11.0050001144
57 10.470000267
58 10.1020002365
59 8.34599971771
60 8.3360004425
61 8.20400047302
62 7.92399978638
63 7.64499998093
64 7.4470000267
65 7.23600006104
66 7.06199979782
67 6.89200019836
68 6.78999996185
69 6.79699993134
70 6.8189997673
71 6.83199977875
72 6.85699987411
73 6.87900018692
74 6.79600000381
75 6.63999986649
76 6.51700019836
77 6.39400005341
78 6.26999998093
79 6.17000007629
80 5.23400020599
81 4.97100019455
82 4.86899995804
83 4.76999998093
84 4.69299983978
85 4.58099985123
86 4.54199981689
87 4.47700023651
88 4.41200017929
89 4.34999990463
90 4.27099990845
91 4.20599985123
92 4.17899990082
93 4.12300014496
94 4.03700017929
95 3.98000001907
96 3.9240000248
97 3.875
98 3.84200000763
99 3.8029999733
100 3.78200006485
101 3.78200006485
102 3.81299996376
103 3.867000103
104 3.8900001049
105 3.90400004387
106 3.94000005722
107 3.95499992371
108 3.92199993134
109 3.89100003242
110 3.86299991608
111 3.81599998474
112 3.77300000191
113 3.72399997711
114 3.70199990273
115 3.67000007629
116 3.63800001144
117 3.60800004005
118 3.55500006676
119 3.53200006485
120 3.50099992752
121 3.49000000954
122 3.45700001717
123 3.42499995232
124 3.39199995995
125 3.39400005341
126 3.43000006676
127 3.46099996567
128 3.47600007057
129 3.53999996185
130 3.57999992371
131 3.61999988556
132 3.68700003624
133 4.02699995041
134 4.05900001526
135 4.09999990463
136 4.12200021744
137 4.15399980545
138 4.18499994278
139 4.23000001907
140 4.26000022888
141 4.29400014877
142 4.31799983978
143 4.33400011063
144 4.39599990845
145 4.43400001526
146 4.46999979019
147 4.46999979019
148 4.52699995041
149 4.54500007629
150 4.55000019073
151 4.1859998703
152 4.32000017166
153 4.54300022125
154 3.27800011635
155 3.41199994087
156 4.71999979019
157 4.59700012207
158 4.5640001297
159 4.79199981689
160 4.83199977875
161 4.87900018692
162 4.89799976349
163 4.93300008774
164 4.97200012207
165 5.00299978256
166 5.03100013733
167 5.04099988937
168 3.15100002289
169 3.22799992561
170 3.367000103
171 4.11299991608
172 4.93200016022
173 4.882999897
174 4.85400009155
175 4.84499979019
176 4.83400011063
177 4.82000017166
178 4.82899999619
179 4.85400009155
180 4.86899995804
181 4.90199995041
182 4.82999992371
183 5.31500005722
184 5.46700000763
185 5.48099994659
186 5.50600004196
187 5.52199983597
188 4.60699987411
189 4.5720000267
190 5.57000017166
191 5.59999990463
192 3.65199995041
193 3.53099989891
194 4.07100009918
195 4.05700016022
196 5.69899988174
197 5.71500015259
198 5.73400020599
199 5.7610001564
200 5.78900003433
201 5.80100011826
202 5.83500003815
203 5.83500003815
204 5.86199998856
205 5.85500001907
206 5.8860001564
207 5.87699985504
208 5.89799976349
209 5.89900016785
210 5.14499998093
211 5.02199983597
212 5.03100013733
213 5.02500009537
214 5.00600004196
215 5.02099990845
216 5.01999998093
217 5.01999998093
218 5.20499992371
219 2.36199998856
220 2.39299988747
221 2.38800001144
222 5.21400022507
223 5.22300004959
224 5.23299980164
225 5.23000001907
226 5.24399995804
227 5.45100021362
228 5.64400005341
229 6.11499977112
230 6.14400005341
231 6.17199993134
232 6.18400001526
233 6.19099998474
234 6.21700000763
235 6.23000001907
236 6.23000001907
237 6.23199987411
238 6.24399995804
239 6.23099994659
240 6.22700023651
241 6.23999977112
242 6.23799991608
243 6.242000103
244 6.22800016403
245 6.23699998856
246 6.23199987411
247 6.24100017548
248 6.25899982452
249 6.26499986649
250 6.25099992752
251 6.27500009537
252 6.28499984741
253 6.28800010681
254 6.28900003433
255 6.25899982452
256 6.2610001564
257 6.26300001144
258 6.25899982452
259 6.25899982452
260 6.25500011444
261 6.23099994659
262 6.22900009155
263 6.22399997711
264 6.21500015259
265 6.23400020599
266 6.23099994659
267 6.22599983215
268 6.21999979019
269 6.21799993515
270 6.22200012207
271 6.22700023651
272 6.22100019455
273 6.13800001144
274 5.84299993515
275 5.78700017929
276 5.75099992752
277 5.73699998856
278 5.72599983215
279 5.73299980164
280 5.75400018692
281 5.77799987793
282 5.8140001297
283 5.95499992371
284 6.07999992371
285 6.09100008011
286 6.05900001526
287 6.07499980927
288 6.06300020218
289 6.0560002327
290 6.04899978638
291 6.01700019836
292 5.99800014496
293 5.97800016403
294 5.94799995422
295 5.95399999619
296 5.94199991226
297 5.91200017929
298 5.90199995041
299 5.89400005341
300 5.875
301 5.84600019455
302 5.84200000763
303 5.81699991226
304 5.79600000381
305 5.80900001526
306 5.79300022125
307 5.77799987793
308 5.75199985504
309 5.72100019455
310 5.70800018311
311 5.65999984741
312 5.65700006485
313 5.62799978256
314 5.60300016403
315 5.59100008011
316 5.56300020218
317 5.55399990082
318 5.52099990845
319 5.33300018311
320 5.10599994659
321 5.45699977875
322 5.45599985123
323 5.44799995422
324 5.40999984741
325 5.39599990845
326 5.36899995804
327 5.33799982071
328 5.30499982834
329 4.39300012589
330 4.04400014877
331 4.12099981308
332 5.03100013733
333 5.16900014877
334 5.13800001144
335 5.11999988556
336 5.09999990463
337 5.07299995422
338 5.04899978638
339 5.02799987793
340 4.94600009918
341 4.81699991226
342 4.96700000763
343 4.94199991226
344 4.91499996185
345 4.86199998856
346 4.82999992371
347 4.70599985123
348 4.5689997673
349 4.73999977112
350 4.72200012207
351 4.68300008774
352 4.65600013733
353 4.61499977112
354 4.59600019455
355 4.56300020218
356 4.30999994278
357 4.35799980164
358 4.492000103
359 4.46899986267
360 4.44099998474
361 4.43400001526
362 4.40600013733
363 4.35099983215
364 4.32600021362
365 4.29199981689
366 4.23500013351
367 4.1939997673
368 4.17399978638
369 4.14900016785
370 4.10200023651
371 4.08500003815
372 4.05900001526
373 4.03399991989
374 4.007999897
375 3.95199990273
376 3.9319999218
377 3.89400005341
378 3.86800003052
379 3.84299993515
380 3.83100008965
381 3.70799994469
382 3.63899993896
383 3.60700011253
384 3.57500004768
385 3.53699994087
386 3.50900006294
387 3.45799994469
388 3.42300009727
389 3.40700006485
390 3.382999897
391 3.35100007057
392 3.30599999428
393 3.27699995041
394 3.27399992943
395 3.27900004387
396 3.28800010681
397 3.33200001717
398 3.37700009346
399 3.41899991035
400 3.45600008965
401 3.48799991608
402 3.52300000191
403 3.56900000572
404 3.6099998951
405 3.63400006294
406 3.68600010872
407 3.73699998856
408 3.75699996948
409 3.79299998283
410 3.84800004959
411 3.89100003242
412 3.92499995232
413 4.00600004196
414 4.07000017166
415 4.132999897
416 4.18699979782
417 4.25699996948
418 4.32299995422
419 4.39200019836
420 4.43300008774
421 4.51999998093
422 4.60500001907
423 4.66300010681
424 4.73099994659
425 4.82700014114
426 4.92899990082
427 5.01499986649
428 5.12200021744
429 5.21099996567
430 5.32499980927
431 5.42500019073
432 5.53299999237
433 5.64599990845
434 5.7610001564
435 5.88800001144
436 6.04199981689
437 6.1810002327
438 6.32499980927
439 6.49100017548
440 6.50600004196
441 6.61000013351
442 6.47800016403
443 3.06999993324
444 3.04699993134
445 3.04999995232
446 3.02699995041
447 3.03900003433
448 3.01699995995
449 3.007999897
450 3.01300001144
451 3.01099991798
452 2.9960000515
453 2.98000001907
454 2.99799990654
455 3.00099992752
456 2.98799991608
457 2.97499990463
458 2.95700001717
459 2.97099995613
460 2.95000004768
461 2.93400001526
462 2.95900011063
463 2.96099996567
464 2.94099998474
465 2.94799995422
466 2.94000005722
467 2.93000006676
468 2.93099999428
469 2.90799999237
470 2.67199993134
471 2.6400001049
472 2.64899992943
473 2.66799998283
474 0.95300000906
475 0.704999983311
476 0.71899998188
477 0.933000028133
478 2.66599988937
479 2.65499997139
480 2.66599988937
481 2.64100003242
482 2.67100000381
483 2.65599989891
484 2.65899991989
485 2.65000009537
486 2.66199994087
487 2.67899990082
488 2.6819999218
489 2.68700003624
490 2.82399988174
491 2.94099998474
492 2.95600008965
493 2.95199990273
494 1.53499996662
495 1.25899994373
496 1.15699994564
497 1.12999999523
498 1.11899995804
499 1.125
500 1.12699997425
501 1.13300001621
502 1.14499998093
503 1.13999998569
504 1.12000000477
505 1.14199995995
506 1.13800001144
507 1.14199995995
508 1.1629999876
509 1.27100002766
510 1.26999998093
511 1.26100003719
512 1.26600003242
513 1.26699995995
514 1.25600004196
515 1.2539999485
516 1.27699995041
517 1.27600002289
518 1.34200000763
519 1.57799994946
520 3.15499997139
521 3.15700006485
522 3.16300010681
523 3.16799998283
524 0.930999994278
525 0.908999979496
526 0.93599998951
527 0.943000018597
528 3.04500007629
529 2.9960000515
530 2.92199993134
531 2.8900001049
532 2.83400011063
533 2.79200005531
534 2.74799990654
535 2.70900011063
536 2.96499991417
537 2.91000008583
538 0.0
539 0.0
540 0.0
