0 4.51399993896
1 4.42500019073
2 4.42500019073
3 4.46600008011
4 4.53100013733
5 4.65899991989
6 4.6890001297
7 4.70100021362
8 4.73699998856
9 4.76999998093
10 4.78800010681
11 4.83599996567
12 4.86199998856
13 4.89300012589
14 4.94099998474
15 4.94199991226
16 4.83300018311
17 4.85699987411
18 4.8860001564
19 4.97599983215
20 5.1360001564
21 5.18400001526
22 5.22800016403
23 5.257999897
24 5.3140001297
25 5.36000013351
26 5.40500020981
27 5.45599985123
28 5.5
29 5.54799985886
30 5.59999990463
31 5.63700008392
32 5.6970000267
33 0.0
34 17.1439990997
35 17.1480007172
36 17.1560001373
37 0.0
38 0.0
39 0.0
40 17.2390003204
41 17.1669998169
42 17.0720005035
43 17.0069999695
44 16.531999588
45 16.5429992676
46 16.5119991302
47 13.1829996109
48 13.1099996567
49 12.3409996033
50 11.9580001831
51 11.593000412
52 11.6000003815
53 11.6330003738
54 11.6149997711
55 11.3549995422
56 10.9750003815
57 10.4659996033
58 10.0830001831
59 8.31000041962
60 8.34500026703
61 8.21599960327
62 7.91599988937
63 7.65199995041
64 7.44899988174
65 7.25099992752
66 7.0689997673
67 6.91499996185
68 6.79199981689
69 6.78299999237
70 6.79799985886
71 6.83300018311
72 6.85400009155
73 6.87599992752
74 6.80200004578
75 6.64200019836
76 6.51000022888
77 6.38100004196
78 6.25400018692
79 6.15299987793
80 5.22399997711
81 4.95499992371
82 4.85400009155
83 4.78000020981
84 4.69299983978
85 4.60300016403
86 4.54500007629
87 4.47300004959
88 4.41400003433
89 4.33300018311
90 4.26999998093
91 4.21999979019
92 4.15299987793
93 4.09600019455
94 4.03800010681
95 3.9960000515
96 3.93799996376
97 3.89400005341
98 3.83999991417
99 3.78999996185
100 3.76600003242
101 3.7990000248
102 3.81999993324
103 3.85299992561
104 3.89800000191
105 3.91199994087
106 3.94000005722
107 3.95300006866
108 3.93300008774
109 3.89299988747
110 3.82699990273
111 3.80399990082
112 3.77300000191
113 3.74000000954
114 3.70000004768
115 3.66199994087
116 3.62599992752
117 3.59400010109
118 3.55200004578
119 3.53099989891
120 3.50500011444
121 3.47799992561
122 3.43700003624
123 3.41000008583
124 3.40000009537
125 3.38899993896
126 3.43099999428
127 3.44099998474
128 3.48000001907
129 3.53600001335
130 3.57899999619
131 3.61400008202
132 3.67300009727
133 4.02699995041
134 4.04500007629
135 4.08400011063
136 4.11999988556
137 4.15399980545
138 4.16800022125
139 4.23099994659
140 4.26499986649
141 4.27799987793
142 4.3220000267
143 4.33300018311
144 4.38800001144
145 4.42700004578
146 4.47499990463
147 4.48099994659
148 4.51300001144
149 4.53700017929
150 4.53900003433
151 4.18499994278
152 4.29199981689
153 4.61499977112
154 3.25699996948
155 3.40100002289
156 4.71899986267
157 4.61199998856
158 4.55999994278
159 4.79500007629
160 4.82600021362
161 4.86000013351
162 4.89699983597
163 4.93200016022
164 4.97100019455
165 4.99800014496
166 5.01399993896
167 5.04799985886
168 3.15799999237
169 3.22399997711
170 3.36100006104
171 4.11899995804
172 4.92000007629
173 4.88899993896
174 4.85799980164
175 4.84399986267
176 4.81599998474
177 4.81599998474
178 4.83400011063
179 4.86100006104
180 4.867000103
181 4.90700006485
182 4.82999992371
183 5.30100011826
184 5.46400022507
185 5.48999977112
186 5.50699996948
187 5.51000022888
188 4.59299993515
189 4.58300018311
190 5.5689997673
191 5.59999990463
192 3.64899992943
193 3.52900004387
194 4.08199977875
195 4.05000019073
196 5.67899990082
197 5.70800018311
198 5.72900009155
199 5.75500011444
200 5.76800012589
201 5.80000019073
202 5.80700016022
203 5.83199977875
204 5.85400009155
205 5.86800003052
206 5.86299991608
207 5.87599992752
208 5.90199995041
209 5.88999986649
210 5.13999986649
211 5.03599977493
212 5.01599979401
213 5.02199983597
214 5.02400016785
215 5.00400018692
216 4.99700021744
217 5.00400018692
218 5.20200014114
219 2.38599991798
220 2.3900001049
221 2.39499998093
222 5.21999979019
223 5.20900011063
224 5.22700023651
225 5.22800016403
226 5.242000103
227 5.44799995422
228 5.64499998093
229 6.13199996948
230 6.16599988937
231 6.16400003433
232 6.18400001526
233 6.1859998703
234 6.18300008774
235 6.20699977875
236 6.21799993515
237 6.23400020599
238 6.23099994659
239 6.24100017548
240 6.23099994659
241 6.23299980164
242 6.22900009155
243 6.22399997711
244 6.22300004959
245 6.23699998856
246 6.23799991608
247 6.23199987411
248 6.257999897
249 6.24100017548
250 6.25899982452
251 6.24599981308
252 6.25099992752
253 6.26800012589
254 6.26399993896
255 6.28700017929
256 6.26499986649
257 6.27199983597
258 6.26200008392
259 6.26000022888
260 6.23199987411
261 6.2389998436
262 6.23099994659
263 6.23199987411
264 6.21799993515
265 6.23199987411
266 6.24100017548
267 6.22300004959
268 6.21700000763
269 6.21099996567
270 6.21199989319
271 6.19999980927
272 6.21799993515
273 6.13800001144
274 5.84600019455
275 5.78800010681
276 5.76399993896
277 5.73199987411
278 5.73500013351
279 5.73000001907
280 5.75299978256
281 5.75400018692
282 5.81599998474
283 5.96099996567
284 6.08199977875
285 6.08199977875
286 6.07999992371
287 6.07499980927
288 6.06799983978
289 6.03999996185
290 6.03999996185
291 6.01800012589
292 6.00299978256
293 5.97900009155
294 5.96999979019
295 5.94500017166
296 5.92600011826
297 5.91300010681
298 5.90399980545
299 5.88199996948
300 5.85699987411
301 5.84999990463
302 5.82800006866
303 5.83199977875
304 5.8140001297
305 5.79400014877
306 5.78599977493
307 5.77600002289
308 5.75299978256
309 5.73000001907
310 5.69799995422
311 5.6810002327
312 5.65299987793
313 5.632999897
314 5.59899997711
315 5.58599996567
316 5.57100009918
317 5.54500007629
318 5.51800012589
319 5.3220000267
320 5.09600019455
321 5.45499992371
322 5.44500017166
323 5.43300008774
324 5.41699981689
325 5.38199996948
326 5.3639998436
327 5.32100009918
328 5.28999996185
329 4.37699985504
330 4.0529999733
331 4.12300014496
332 5.01200008392
333 5.16599988937
334 5.14200019836
335 5.125
336 5.09800004959
337 5.06199979782
338 5.04099988937
339 5.02299976349
340 4.9439997673
341 4.80900001526
342 4.95100021362
343 4.94600009918
344 4.89400005341
345 4.87699985504
346 4.84700012207
347 4.71400022507
348 4.56199979782
349 4.73099994659
350 4.71199989319
351 4.68200016022
352 4.64499998093
353 4.62699985504
354 4.60400009155
355 4.5609998703
356 4.3189997673
357 4.37200021744
358 4.48799991608
359 4.45399999619
360 4.44899988174
361 4.42299985886
362 4.39099979401
363 4.35900020599
364 4.32899999619
365 4.29199981689
366 4.25099992752
367 4.19199991226
368 4.18300008774
369 4.13100004196
370 4.11000013351
371 4.08500003815
372 4.05000019073
373 4.02500009537
374 4.00099992752
375 3.97300004959
376 3.9279999733
377 3.89700007439
378 3.86500000954
379 3.86199998856
380 3.81999993324
381 3.73099994659
382 3.63000011444
383 3.60199999809
384 3.55599999428
385 3.53399991989
386 3.49900007248
387 3.46399998665
388 3.43000006676
389 3.38899993896
390 3.37400007248
391 3.34599995613
392 3.3180000782
393 3.29200005531
394 3.24699997902
395 3.2539999485
396 3.3069999218
397 3.34599995613
398 3.35400009155
399 3.40599989891
400 3.45499992371
401 3.4849998951
402 3.52500009537
403 3.54699993134
404 3.60299992561
405 3.63100004196
406 3.68899989128
407 3.71900010109
408 3.74399995804
409 3.78999996185
410 3.83999991417
411 3.88899993896
412 3.93700003624
413 4.00299978256
414 4.07100009918
415 4.12599992752
416 4.1859998703
417 4.23000001907
418 4.3220000267
419 4.38199996948
420 4.42899990082
421 4.49399995804
422 4.59299993515
423 4.66099977493
424 4.72300004959
425 4.81300020218
426 4.90700006485
427 5.00899982452
428 5.1139998436
429 5.21600008011
430 5.32299995422
431 5.41800022125
432 5.53100013733
433 5.63700008392
434 5.76700019836
435 5.89499998093
436 6.02899980545
437 6.16599988937
438 6.30800008774
439 6.48000001907
440 6.50299978256
441 6.59999990463
442 6.46000003815
443 3.06999993324
444 3.04600000381
445 3.05999994278
446 3.03900003433
447 3.02200007439
448 3.01399993896
449 3.02200007439
450 3.01399993896
451 3.00099992752
452 2.98399996758
453 2.98399996758
454 2.98799991608
455 2.97000002861
456 2.96799993515
457 2.97099995613
458 2.95499992371
459 2.97099995613
460 2.95700001717
461 2.95000004768
462 2.93799996376
463 2.93899989128
464 2.93499994278
465 2.93099999428
466 2.92700004578
467 2.9240000248
468 2.9279999733
469 2.91499996185
470 2.67600011826
471 2.65599989891
472 2.6400001049
473 2.64800000191
474 0.941999971867
475 0.707000017166
476 0.71899998188
477 0.93599998951
478 2.67300009727
479 2.64800000191
480 2.64899992943
481 2.66700005531
482 2.65300011635
483 2.65499997139
484 2.65599989891
485 2.65599989891
486 2.67100000381
487 2.66599988937
488 2.68000006676
489 2.6930000782
490 1.2990000248
491 1.16199994087
492 1.11800003052
493 1.10000002384
494 1.10899996758
495 1.09399998188
496 1.07700002193
497 1.0720000267
498 1.0870000124
499 1.0759999752
500 1.09200000763
501 1.10099995136
502 1.11300003529
503 1.13399994373
504 1.16199994087
505 1.26900005341
506 1.29499995708
507 1.26699995995
508 1.26900005341
509 1.23899996281
510 1.26100003719
511 1.26600003242
512 1.2539999485
513 1.24500000477
514 1.27100002766
515 1.27699995041
516 1.37800002098
517 1.33800005913
518 3.1099998951
519 3.13199996948
520 3.13599991798
521 3.14199995995
522 3.15599989891
523 3.18300008774
524 0.938000023365
525 0.913999974728
526 0.921000003815
527 0.95300000906
528 3.02800011635
529 2.98799991608
530 2.93099999428
531 2.8789999485
532 2.83599996567
533 2.76900005341
534 2.74399995804
535 2.72199988365
536 2.95600008965
537 2.92899990082
538 0.0
539 0.0
540 0.0
