0 4.50699996948
1 4.4310002327
2 4.45300006866
3 4.45900011063
4 4.53999996185
5 4.65999984741
6 4.67700004578
7 4.71700000763
8 4.73500013351
9 4.76900005341
10 4.79300022125
11 4.82899999619
12 4.85699987411
13 4.88800001144
14 4.92199993134
15 4.9390001297
16 4.84299993515
17 4.84700012207
18 4.88500022888
19 4.97100019455
20 5.14799976349
21 5.19000005722
22 5.21799993515
23 5.25500011444
24 5.31699991226
25 5.36100006104
26 5.40100002289
27 5.44199991226
28 5.49499988556
29 5.55100011826
30 5.59899997711
31 5.64599990845
32 5.6810002327
33 0.0
34 17.1679992676
35 17.1550006866
36 17.142999649
37 0.0
38 0.0
39 0.0
40 17.2490005493
41 17.1650009155
42 17.0690002441
43 17.017999649
44 16.5149993896
45 16.5300006866
46 16.5340003967
47 13.1510000229
48 13.079000473
49 12.3330001831
50 11.9420003891
51 11.579000473
52 11.6059999466
53 11.6289997101
54 11.638999939
55 11.3470001221
56 10.9949998856
57 10.468000412
58 10.1219997406
59 8.36999988556
60 8.33399963379
61 8.18999958038
62 7.91499996185
63 7.62400007248
64 7.44899988174
65 7.24599981308
66 7.06699991226
67 6.90700006485
68 6.79799985886
69 6.79199981689
70 6.79899978638
71 6.82899999619
72 6.86100006104
73 6.87699985504
74 6.79300022125
75 6.65000009537
76 6.50899982452
77 6.38399982452
78 6.26599979401
79 6.15500020981
80 5.23000001907
81 4.97300004959
82 4.86600017548
83 4.76200008392
84 4.68300008774
85 4.59899997711
86 4.55399990082
87 4.48000001907
88 4.41400003433
89 4.33699989319
90 4.28399991989
91 4.22100019455
92 4.16300010681
93 4.09800004959
94 4.02199983597
95 3.99399995804
96 3.94199991226
97 3.882999897
98 3.84500002861
99 3.81100010872
100 3.77900004387
101 3.81399989128
102 3.81100010872
103 3.83800005913
104 3.882999897
105 3.90300011635
106 3.9279999733
107 3.94499993324
108 3.9279999733
109 3.88599991798
110 3.83500003815
111 3.81200003624
112 3.76399993896
113 3.72699999809
114 3.68000006676
115 3.66000008583
116 3.63400006294
117 3.59100008011
118 3.57399988174
119 3.53800010681
120 3.49300003052
121 3.47399997711
122 3.45799994469
123 3.42499995232
124 3.40700006485
125 3.38899993896
126 3.41000008583
127 3.4509999752
128 3.49900007248
129 3.51999998093
130 3.5720000267
131 3.60899996758
132 3.6740000248
133 4.02699995041
134 4.05900001526
135 4.09399986267
136 4.12599992752
137 4.15500020981
138 4.19099998474
139 4.21199989319
140 4.26000022888
141 4.26200008392
142 4.31199979782
143 4.35599994659
144 4.38899993896
145 4.40799999237
146 4.47599983215
147 4.50099992752
148 4.51300001144
149 4.51300001144
150 4.5560002327
151 4.18699979782
152 4.29600000381
153 4.60900020599
154 3.26200008392
155 3.40899991989
156 4.71500015259
157 4.59499979019
158 4.54600000381
159 4.79600000381
160 4.83300018311
161 4.86000013351
162 4.90299987793
163 4.9310002327
164 4.97300004959
165 4.992000103
166 5.02500009537
167 5.03700017929
168 3.14100003242
169 3.24699997902
170 3.375
171 4.11800003052
172 4.92000007629
173 4.88500022888
174 4.85599994659
175 4.82899999619
176 4.83500003815
177 4.82600021362
178 4.82399988174
179 4.85400009155
180 4.87400007248
181 4.90600013733
182 4.82499980927
183 5.31300020218
184 5.47200012207
185 5.4889998436
186 5.50199985504
187 5.51300001144
188 4.60200023651
189 4.58699989319
190 5.55200004578
191 5.58099985123
192 3.64599990845
193 3.52699995041
194 4.08300018311
195 4.03299999237
196 5.69600009918
197 5.71500015259
198 5.73500013351
199 5.74700021744
200 5.7610001564
201 5.80800008774
202 5.82800006866
203 5.84600019455
204 5.85699987411
205 5.86000013351
206 5.867000103
207 5.87599992752
208 5.88500022888
209 5.89200019836
210 5.13800001144
211 5.02099990845
212 5.02500009537
213 5.01999998093
214 5.00299978256
215 5.00899982452
216 4.98999977112
217 5.01499986649
218 5.19999980927
219 2.39100003242
220 2.375
221 2.38899993896
222 5.21799993515
223 5.22200012207
224 5.22900009155
225 5.23099994659
226 5.24100017548
227 5.4390001297
228 5.63700008392
229 6.14099979401
230 6.16499996185
231 6.16400003433
232 6.17299985886
233 6.19099998474
234 6.20200014114
235 6.20100021362
236 6.242000103
237 6.22800016403
238 6.23699998856
239 6.23699998856
240 6.24300003052
241 6.22900009155
242 6.23699998856
243 6.21700000763
244 6.22300004959
245 6.24399995804
246 6.242000103
247 6.22900009155
248 6.25899982452
249 6.2610001564
250 6.23999977112
251 6.25400018692
252 6.25600004196
253 6.28700017929
254 6.27699995041
255 6.27600002289
256 6.27299976349
257 6.27099990845
258 6.26700019836
259 6.257999897
260 6.22599983215
261 6.22599983215
262 6.22599983215
263 6.22599983215
264 6.22800016403
265 6.24399995804
266 6.21199989319
267 6.22900009155
268 6.21099996567
269 6.22100019455
270 6.21000003815
271 6.21799993515
272 6.21099996567
273 6.13700008392
274 5.84499979019
275 5.78100013733
276 5.75500011444
277 5.72399997711
278 5.73099994659
279 5.73199987411
280 5.757999897
281 5.77500009537
282 5.80000019073
283 5.95499992371
284 6.09200000763
285 6.09000015259
286 6.07899999619
287 6.0560002327
288 6.04799985886
289 6.03700017929
290 6.03000020981
291 6.01200008392
292 5.99399995804
293 5.98199987411
294 5.94500017166
295 5.93800020218
296 5.92899990082
297 5.92100000381
298 5.87699985504
299 5.86100006104
300 5.867000103
301 5.84899997711
302 5.83099985123
303 5.82999992371
304 5.82600021362
305 5.79400014877
306 5.78499984741
307 5.76900005341
308 5.73699998856
309 5.71400022507
310 5.6970000267
311 5.66699981689
312 5.64400005341
313 5.64099979401
314 5.61000013351
315 5.58699989319
316 5.5720000267
317 5.54600000381
318 5.51000022888
319 5.32999992371
320 5.10200023651
321 5.44299983978
322 5.46199989319
323 5.42100000381
324 5.42000007629
325 5.39400005341
326 5.37799978256
327 5.33400011063
328 5.28999996185
329 4.36000013351
330 4.05499982834
331 4.11999988556
332 5.02099990845
333 5.15799999237
334 5.1360001564
335 5.11899995804
336 5.09399986267
337 5.07499980927
338 5.03399991989
339 5.02199983597
340 4.95599985123
341 4.8109998703
342 4.95900011063
343 4.93200016022
344 4.90999984741
345 4.87699985504
346 4.84499979019
347 4.6890001297
348 4.56699991226
349 4.72800016403
350 4.71299982071
351 4.67700004578
352 4.65199995041
353 4.62300014496
354 4.59600019455
355 4.56699991226
356 4.29600000381
357 4.37300014496
358 4.48600006104
359 4.4470000267
360 4.42899990082
361 4.41499996185
362 4.37200021744
363 4.35799980164
364 4.29899978638
365 4.29099988937
366 4.25099992752
367 4.22399997711
368 4.17399978638
369 4.14799976349
370 4.09000015259
371 4.06500005722
372 4.05700016022
373 4.01700019836
374 3.99300003052
375 3.97699999809
376 3.94099998474
377 3.90700006485
378 3.87700009346
379 3.84100008011
380 3.81200003624
381 3.72000002861
382 3.64199995995
383 3.61400008202
384 3.57800006866
385 3.52600002289
386 3.49799990654
387 3.46799993515
388 3.43499994278
389 3.39899992943
390 3.35599994659
391 3.33999991417
392 3.31900000572
393 3.28999996185
394 3.26699995995
395 3.26999998093
396 3.30999994278
397 3.34299993515
398 3.35400009155
399 3.40899991989
400 3.43300008774
401 3.48300004005
402 3.52800011635
403 3.54399991035
404 3.60199999809
405 3.64100003242
406 3.67700004578
407 3.72099995613
408 3.72099995613
409 3.77200007439
410 3.84500002861
411 3.89700007439
412 3.94199991226
413 4.00099992752
414 4.06300020218
415 4.12200021744
416 4.1779999733
417 4.24399995804
418 4.29799985886
419 4.37699985504
420 4.4439997673
421 4.52799987793
422 4.59999990463
423 4.65000009537
424 4.72499990463
425 4.81199979782
426 4.91300010681
427 5.01900005341
428 5.11800003052
429 5.21000003815
430 5.31799983978
431 5.42199993134
432 5.53200006485
433 5.64200019836
434 5.77099990845
435 5.86499977112
436 6.02400016785
437 6.16800022125
438 6.31599998474
439 6.46899986267
440 6.49300003052
441 6.60400009155
442 6.46600008011
443 3.06500005722
444 3.04200005531
445 3.03200006485
446 3.02300000191
447 3.02500009537
448 3.01600003242
449 3.01999998093
450 3.01799988747
451 3.00099992752
452 3.00900006294
453 2.99699997902
454 2.99799990654
455 2.96399998665
456 2.96799993515
457 2.96300005913
458 2.95199990273
459 2.95600008965
460 2.94799995422
461 2.9509999752
462 2.94099998474
463 2.96000003815
464 2.9319999218
465 2.93400001526
466 2.94799995422
467 2.91599988937
468 2.9240000248
469 2.91700005531
470 2.66100001335
471 2.64800000191
472 2.64299988747
473 2.65100002289
474 0.950999975204
475 0.714999973774
476 0.705999970436
477 0.921000003815
478 2.65599989891
479 2.64800000191
480 2.64499998093
481 2.64899992943
482 2.65300011635
483 2.66199994087
484 2.67700004578
485 2.66700005531
486 2.64199995995
487 2.67199993134
488 2.66700005531
489 2.68600010872
490 1.29200005531
491 1.1629999876
492 1.09300005436
493 1.09300005436
494 1.10599994659
495 1.09200000763
496 1.08099997044
497 1.08899998665
498 1.08000004292
499 1.08399999142
500 1.08299994469
501 1.10800004005
502 1.09500002861
503 1.13199996948
504 1.17200005054
505 1.28699994087
506 1.28100001812
507 1.26300001144
508 1.25499999523
509 1.25800001621
510 1.24000000954
511 1.26100003719
512 1.27199995518
513 1.25899994373
514 1.26800000668
515 1.27900004387
516 1.37999999523
517 1.31900000572
518 3.13000011444
519 3.125
520 3.11999988556
521 3.14599990845
522 3.15799999237
523 3.1740000248
524 0.93599998951
525 0.912999987602
526 0.92199999094
527 0.947000026703
528 3.04999995232
529 2.98399996758
530 2.93499994278
531 2.86899995804
532 2.82800006866
533 2.79200005531
534 2.73200011253
535 2.72399997711
536 2.96799993515
537 2.91199994087
538 0.0
539 0.0
540 0.0
