0 4.51499986649
1 4.4390001297
2 4.44299983978
3 4.46400022507
4 4.53299999237
5 4.66499996185
6 4.6939997673
7 4.70100021362
8 4.74900007248
9 4.77199983597
10 4.80200004578
11 4.82999992371
12 4.86800003052
13 4.90999984741
14 4.9310002327
15 4.94299983978
16 4.83500003815
17 4.84299993515
18 4.88999986649
19 4.95699977875
20 5.13800001144
21 5.1939997673
22 5.22300004959
23 5.27400016785
24 5.31799983978
25 5.36600017548
26 5.40999984741
27 5.44799995422
28 5.49599981308
29 5.55700016022
30 5.61000013351
31 5.64599990845
32 5.6859998703
33 0.0
34 17.1550006866
35 17.1350002289
36 17.1450004578
37 0.0
38 0.0
39 0.0
40 17.2269992828
41 17.172000885
42 17.0720005035
43 17.0160007477
44 16.5389995575
45 16.5359992981
46 16.5300006866
47 13.1599998474
48 13.0719995499
49 12.3380002975
50 11.9720001221
51 11.6000003815
52 11.6120004654
53 11.6300001144
54 11.6260004044
55 11.3559999466
56 10.9949998856
57 10.4589996338
58 10.1140003204
59 8.33899974823
60 8.36299991608
61 8.2110004425
62 7.92000007629
63 7.64400005341
64 7.44299983978
65 7.25500011444
66 7.05800008774
67 6.90799999237
68 6.79099988937
69 6.76599979401
70 6.81500005722
71 6.83500003815
72 6.83400011063
73 6.87200021744
74 6.80200004578
75 6.64699983597
76 6.507999897
77 6.38999986649
78 6.26999998093
79 6.15899991989
80 5.21600008011
81 4.95300006866
82 4.86299991608
83 4.77400016785
84 4.6810002327
85 4.60200023651
86 4.53399991989
87 4.47499990463
88 4.42399978638
89 4.34100008011
90 4.27299976349
91 4.23099994659
92 4.15999984741
93 4.09999990463
94 4.03800010681
95 3.97600007057
96 3.92100000381
97 3.89299988747
98 3.84899997711
99 3.79699993134
100 3.78399991989
101 3.79699993134
102 3.81999993324
103 3.84899997711
104 3.86199998856
105 3.90899991989
106 3.94400000572
107 3.95700001717
108 3.93400001526
109 3.88199996948
110 3.84400010109
111 3.79800009727
112 3.76600003242
113 3.73200011253
114 3.6779999733
115 3.65199995041
116 3.63100004196
117 3.60899996758
118 3.56299996376
119 3.54200005531
120 3.50200009346
121 3.46499991417
122 3.45199990273
123 3.4240000248
124 3.41100001335
125 3.38400006294
126 3.42899990082
127 3.45499992371
128 3.49499988556
129 3.53600001335
130 3.57100009918
131 3.61400008202
132 3.66700005531
133 4.03000020981
134 4.06500005722
135 4.10200023651
136 4.13199996948
137 4.13999986649
138 4.19299983978
139 4.20399999619
140 4.22800016403
141 4.26900005341
142 4.3109998703
143 4.35200023651
144 4.38199996948
145 4.42299985886
146 4.47399997711
147 4.4889998436
148 4.51300001144
149 4.51800012589
150 4.54500007629
151 4.19799995422
152 4.30200004578
153 4.51700019836
154 3.26600003242
155 3.4240000248
156 4.71500015259
157 4.59499979019
158 4.56500005722
159 4.80399990082
160 4.84100008011
161 4.85699987411
162 4.89300012589
163 4.93800020218
164 4.96999979019
165 4.99300003052
166 5.01999998093
167 5.04099988937
168 3.12199997902
169 3.23300004005
170 3.36599993706
171 4.10900020599
172 4.92600011826
173 4.88800001144
174 4.86000013351
175 4.83500003815
176 4.83300018311
177 4.81599998474
178 4.83099985123
179 4.85400009155
180 4.85699987411
181 4.90799999237
182 4.82299995422
183 5.3109998703
184 5.47599983215
185 5.46799993515
186 5.49300003052
187 5.51700019836
188 4.59200000763
189 4.57899999619
190 5.5640001297
191 5.59100008011
192 3.63599991798
193 3.5150001049
194 4.07499980927
195 4.04199981689
196 5.69099998474
197 5.70599985123
198 5.72300004959
199 5.76399993896
200 5.78999996185
201 5.80700016022
202 5.83699989319
203 5.84700012207
204 5.84899997711
205 5.85300016403
206 5.87699985504
207 5.87200021744
208 5.89599990845
209 5.91099977493
210 5.16699981689
211 5.02799987793
212 5.02500009537
213 5.01000022888
214 5.0110001564
215 5.007999897
216 5.00600004196
217 5.01599979401
218 5.1970000267
219 2.38000011444
220 2.36400008202
221 2.38800001144
222 5.21199989319
223 5.21899986267
224 5.23299980164
225 5.23199987411
226 5.24800014496
227 5.45100021362
228 5.64900016785
229 6.132999897
230 6.16800022125
231 6.16400003433
232 6.15999984741
233 6.18699979782
234 6.19999980927
235 6.22100019455
236 6.23000001907
237 6.24800014496
238 6.23099994659
239 6.22599983215
240 6.23000001907
241 6.21799993515
242 6.21700000763
243 6.21999979019
244 6.23199987411
245 6.23500013351
246 6.25
247 6.2389998436
248 6.242000103
249 6.25199985504
250 6.26999998093
251 6.25699996948
252 6.27400016785
253 6.27299976349
254 6.28200006485
255 6.28299999237
256 6.27500009537
257 6.26999998093
258 6.25899982452
259 6.24399995804
260 6.22900009155
261 6.24599981308
262 6.23999977112
263 6.22700023651
264 6.21500015259
265 6.242000103
266 6.21999979019
267 6.19899988174
268 6.21799993515
269 6.21199989319
270 6.21799993515
271 6.21999979019
272 6.19899988174
273 6.13199996948
274 5.84800004959
275 5.78900003433
276 5.76800012589
277 5.7389998436
278 5.72599983215
279 5.71700000763
280 5.73099994659
281 5.77199983597
282 5.8220000267
283 5.94099998474
284 6.08699989319
285 6.07100009918
286 6.05999994278
287 6.04899978638
288 6.04600000381
289 6.04600000381
290 6.03499984741
291 6.0110001564
292 6.00899982452
293 5.97499990463
294 5.94600009918
295 5.94500017166
296 5.91699981689
297 5.89200019836
298 5.88999986649
299 5.88199996948
300 5.8639998436
301 5.85300016403
302 5.84899997711
303 5.82100009918
304 5.80499982834
305 5.79699993134
306 5.78299999237
307 5.76599979401
308 5.74800014496
309 5.71700000763
310 5.69600009918
311 5.68400001526
312 5.64900016785
313 5.63100004196
314 5.61199998856
315 5.57999992371
316 5.55700016022
317 5.54099988937
318 5.52899980545
319 5.33500003815
320 5.1139998436
321 5.44999980927
322 5.44199991226
323 5.43699979782
324 5.42399978638
325 5.39300012589
326 5.34299993515
327 5.33799982071
328 5.29500007629
329 4.39499998093
330 4.0640001297
331 4.13000011444
332 5.03999996185
333 5.17199993134
334 5.14799976349
335 5.11899995804
336 5.07800006866
337 5.06199979782
338 5.04500007629
339 5.02600002289
340 4.94299983978
341 4.8060002327
342 4.96500015259
343 4.94999980927
344 4.90100002289
345 4.88000011444
346 4.82800006866
347 4.69799995422
348 4.56799983978
349 4.73199987411
350 4.70900011063
351 4.67000007629
352 4.66200017929
353 4.62200021744
354 4.60699987411
355 4.5689997673
356 4.31799983978
357 4.35900020599
358 4.48400020599
359 4.46000003815
360 4.43699979782
361 4.41200017929
362 4.39799976349
363 4.35200023651
364 4.31699991226
365 4.28399991989
366 4.23000001907
367 4.19199991226
368 4.16499996185
369 4.15600013733
370 4.10500001907
371 4.08699989319
372 4.03000020981
373 4.02799987793
374 3.9960000515
375 3.96499991417
376 3.94600009918
377 3.88499999046
378 3.87800002098
379 3.84800004959
380 3.82800006866
381 3.72799992561
382 3.63499999046
383 3.58699989319
384 3.56500005722
385 3.52800011635
386 3.50300002098
387 3.47399997711
388 3.41799998283
389 3.38499999046
390 3.36999988556
391 3.34999990463
392 3.31599998474
393 3.27300000191
394 3.26900005341
395 3.27500009537
396 3.29600000381
397 3.32299995422
398 3.35199999809
399 3.40700006485
400 3.45000004768
401 3.48099994659
402 3.52200007439
403 3.55100011826
404 3.59800004959
405 3.62599992752
406 3.67300009727
407 3.73000001907
408 3.75
409 3.78500008583
410 3.83299994469
411 3.8900001049
412 3.93499994278
413 3.97699999809
414 4.05499982834
415 4.12099981308
416 4.18699979782
417 4.22100019455
418 4.31599998474
419 4.38700008392
420 4.42399978638
421 4.51700019836
422 4.60599994659
423 4.66300010681
424 4.73000001907
425 4.8220000267
426 4.91599988937
427 5.00400018692
428 5.10900020599
429 5.21099996567
430 5.32700014114
431 5.41400003433
432 5.53100013733
433 5.632999897
434 5.77299976349
435 5.89300012589
436 6.02400016785
437 6.16699981689
438 6.32000017166
439 6.46099996567
440 6.50299978256
441 6.60799980164
442 6.44899988174
443 3.05800008774
444 3.03900003433
445 3.03800010681
446 3.03800010681
447 3.01699995995
448 3.00900006294
449 3.00500011444
450 3.01399993896
451 2.992000103
452 2.99000000954
453 2.98799991608
454 2.97900009155
455 2.98200011253
456 2.96799993515
457 2.95900011063
458 2.96399998665
459 2.9430000782
460 2.9509999752
461 2.94400000572
462 2.96099996567
463 2.94799995422
464 2.93799996376
465 2.92199993134
466 2.92600011826
467 2.9279999733
468 2.9240000248
469 2.91199994087
470 2.67700004578
471 2.65499997139
472 2.6400001049
473 2.67000007629
474 0.958999991417
475 0.700999975204
476 0.704999983311
477 0.926999986172
478 2.66599988937
479 2.65000009537
480 2.65799999237
481 2.64700007439
482 2.64100003242
483 2.64199995995
484 2.65100002289
485 2.66000008583
486 2.66799998283
487 2.66899991035
488 2.6779999733
489 2.69099998474
490 1.35699999332
491 1.20899999142
492 1.11099994183
493 1.10099995136
494 1.08899998665
495 1.08500003815
496 1.06200003624
497 1.07700002193
498 1.08099997044
499 1.09500002861
500 1.10199999809
501 1.10899996758
502 1.10399997234
503 1.12600004673
504 1.13800001144
505 1.23500001431
506 1.27400004864
507 1.26699995995
508 1.27300000191
509 1.26699995995
510 1.23599994183
511 1.25899994373
512 1.25800001621
513 1.24399995804
514 1.25
515 1.27199995518
516 1.32299995422
517 1.51999998093
518 3.11599993706
519 3.11400008202
520 3.12299990654
521 3.13599991798
522 3.17100000381
523 3.18600010872
524 0.935000002384
525 0.917999982834
526 0.907999992371
527 0.947000026703
528 3.04299998283
529 2.98900008202
530 2.92899990082
531 2.88400006294
532 2.84100008011
533 2.79200005531
534 2.73900008202
535 2.71600008011
536 2.95900011063
537 2.91300010681
538 0.0
539 0.0
540 0.0
