0 4.51900005341
1 4.43300008774
2 4.4439997673
3 4.44299983978
4 4.53499984741
5 4.66300010681
6 4.69500017166
7 4.71700000763
8 4.73400020599
9 4.76399993896
10 4.78900003433
11 4.83300018311
12 4.8639998436
13 4.90199995041
14 4.94000005722
15 4.93200016022
16 4.84499979019
17 4.85500001907
18 4.87799978256
19 4.96700000763
20 5.13999986649
21 5.1939997673
22 5.23099994659
23 5.25500011444
24 5.31599998474
25 5.36499977112
26 5.40799999237
27 5.45399999619
28 5.492000103
29 5.54699993134
30 5.60300016403
31 5.64699983597
32 5.67000007629
33 0.0
34 17.1350002289
35 17.1350002289
36 17.1499996185
37 0.0
38 0.0
39 0.0
40 17.2210006714
41 17.1679992676
42 17.0699996948
43 17.0240001678
44 16.5310001373
45 16.531999588
46 16.513999939
47 13.1520004272
48 13.0850000381
49 12.3369998932
50 11.9359998703
51 11.5880002975
52 11.6049995422
53 11.6339998245
54 11.6309995651
55 11.3420000076
56 11.0039997101
57 10.4720001221
58 10.1219997406
59 8.35400009155
60 8.35200023651
61 8.20699977875
62 7.90899991989
63 7.66400003433
64 7.45200014114
65 7.24900007248
66 7.07100009918
67 6.91699981689
68 6.79799985886
69 6.77699995041
70 6.80700016022
71 6.83900022507
72 6.85599994659
73 6.88100004196
74 6.79199981689
75 6.64200019836
76 6.51999998093
77 6.38500022888
78 6.25899982452
79 6.15199995041
80 5.21999979019
81 4.95499992371
82 4.85599994659
83 4.76700019836
84 4.68499994278
85 4.61199998856
86 4.51800012589
87 4.46500015259
88 4.40100002289
89 4.31599998474
90 4.28000020981
91 4.22100019455
92 4.15999984741
93 4.09899997711
94 4.02500009537
95 3.96300005913
96 3.93300008774
97 3.88199996948
98 3.85500001907
99 3.79800009727
100 3.76099991798
101 3.81299996376
102 3.82100009918
103 3.84599995613
104 3.86199998856
105 3.90300011635
106 3.9430000782
107 3.96199989319
108 3.93300008774
109 3.88599991798
110 3.86199998856
111 3.8029999733
112 3.76900005341
113 3.73799991608
114 3.68400001526
115 3.65000009537
116 3.62199997902
117 3.60299992561
118 3.57500004768
119 3.53699994087
120 3.48900008202
121 3.47399997711
122 3.44799995422
123 3.4279999733
124 3.41599988937
125 3.39700007439
126 3.41300010681
127 3.45700001717
128 3.49799990654
129 3.53600001335
130 3.56999993324
131 3.60800004005
132 3.65300011635
133 4.01999998093
134 4.07399988174
135 4.09499979019
136 4.12599992752
137 4.15600013733
138 4.19600009918
139 4.21000003815
140 4.23099994659
141 4.28399991989
142 4.32000017166
143 4.35900020599
144 4.39300012589
145 4.42700004578
146 4.47100019455
147 4.49700021744
148 4.50400018692
149 4.52400016785
150 4.54600000381
151 4.20200014114
152 4.29699993134
153 4.52400016785
154 3.27399992943
155 3.42100000381
156 4.71799993515
157 4.59200000763
158 4.54400014877
159 4.8140001297
160 4.82299995422
161 4.87400007248
162 4.90100002289
163 4.94199991226
164 4.96199989319
165 5.0
166 5.01399993896
167 5.04300022125
168 3.16100001335
169 3.21300005913
170 3.36599993706
171 4.11299991608
172 4.92700004578
173 4.89599990845
174 4.86600017548
175 4.82899999619
176 4.81599998474
177 4.82700014114
178 4.82100009918
179 4.84700012207
180 4.882999897
181 4.90199995041
182 4.82899999619
183 5.31799983978
184 5.47499990463
185 5.492000103
186 5.50500011444
187 5.49900007248
188 4.59999990463
189 4.58900022507
190 5.56699991226
191 5.59000015259
192 3.63499999046
193 3.53200006485
194 4.07899999619
195 4.04799985886
196 5.69199991226
197 5.71000003815
198 5.72499990463
199 5.74599981308
200 5.78599977493
201 5.8140001297
202 5.82700014114
203 5.84100008011
204 5.85400009155
205 5.85900020599
206 5.86600017548
207 5.867000103
208 5.90600013733
209 5.90700006485
210 5.14699983597
211 5.03000020981
212 5.03399991989
213 5.01499986649
214 5.0110001564
215 5.01300001144
216 5.00299978256
217 5.01700019836
218 5.1970000267
219 2.38400006294
220 2.36500000954
221 2.39700007439
222 5.22399997711
223 5.21899986267
224 5.2389998436
225 5.22900009155
226 5.24700021744
227 5.46099996567
228 5.65899991989
229 6.117000103
230 6.16300010681
231 6.16499996185
232 6.16900014877
233 6.20100021362
234 6.19600009918
235 6.21299982071
236 6.21999979019
237 6.22900009155
238 6.22700023651
239 6.23299980164
240 6.22100019455
241 6.22300004959
242 6.22200012207
243 6.22700023651
244 6.23299980164
245 6.23099994659
246 6.25500011444
247 6.23600006104
248 6.25899982452
249 6.25699996948
250 6.24599981308
251 6.25
252 6.27600002289
253 6.27600002289
254 6.27699995041
255 6.28800010681
256 6.26499986649
257 6.26700019836
258 6.257999897
259 6.23699998856
260 6.23000001907
261 6.23099994659
262 6.23799991608
263 6.23600006104
264 6.21999979019
265 6.21999979019
266 6.2389998436
267 6.20800018311
268 6.21199989319
269 6.22200012207
270 6.19999980927
271 6.21400022507
272 6.19500017166
273 6.14099979401
274 5.84899997711
275 5.80100011826
276 5.76800012589
277 5.73699998856
278 5.72100019455
279 5.71700000763
280 5.73199987411
281 5.77400016785
282 5.80700016022
283 5.96199989319
284 6.09100008011
285 6.0609998703
286 6.07100009918
287 6.0720000267
288 6.04400014877
289 6.05100011826
290 6.03200006485
291 6.01599979401
292 6.00600004196
293 5.992000103
294 5.95499992371
295 5.94299983978
296 5.9310002327
297 5.89799976349
298 5.90199995041
299 5.882999897
300 5.87799978256
301 5.85500001907
302 5.84600019455
303 5.8140001297
304 5.81199979782
305 5.79500007629
306 5.77199983597
307 5.77500009537
308 5.74700021744
309 5.72100019455
310 5.69899988174
311 5.67199993134
312 5.63700008392
313 5.62799978256
314 5.60500001907
315 5.59000015259
316 5.57299995422
317 5.54899978638
318 5.52600002289
319 5.33099985123
320 5.10500001907
321 5.45100021362
322 5.45200014114
323 5.43800020218
324 5.41599988937
325 5.40100002289
326 5.3639998436
327 5.31799983978
328 5.30399990082
329 4.37300014496
330 4.04699993134
331 4.12099981308
332 5.01499986649
333 5.17199993134
334 5.14599990845
335 5.117000103
336 5.09600019455
337 5.06300020218
338 5.04899978638
339 5.03399991989
340 4.95800018311
341 4.82800006866
342 4.95200014114
343 4.94199991226
344 4.90799999237
345 4.8860001564
346 4.83300018311
347 4.69899988174
348 4.56300020218
349 4.73999977112
350 4.71700000763
351 4.67600011826
352 4.65700006485
353 4.632999897
354 4.58900022507
355 4.57499980927
356 4.3189997673
357 4.36600017548
358 4.49800014496
359 4.46600008011
360 4.4359998703
361 4.41499996185
362 4.40100002289
363 4.36800003052
364 4.30999994278
365 4.26200008392
366 4.24300003052
367 4.19899988174
368 4.1810002327
369 4.13800001144
370 4.117000103
371 4.07999992371
372 4.05499982834
373 4.03399991989
374 3.97600007057
375 3.96600008011
376 3.93899989128
377 3.89400005341
378 3.867000103
379 3.84500002861
380 3.80900001526
381 3.73300004005
382 3.64499998093
383 3.60599994659
384 3.56699991226
385 3.53399991989
386 3.5039999485
387 3.47799992561
388 3.41599988937
389 3.39899992943
390 3.37800002098
391 3.34699988365
392 3.31699991226
393 3.27200007439
394 3.25999999046
395 3.27300000191
396 3.3029999733
397 3.33100008965
398 3.35800004005
399 3.41000008583
400 3.45499992371
401 3.46199989319
402 3.52500009537
403 3.55800008774
404 3.60299992561
405 3.64800000191
406 3.67199993134
407 3.72000002861
408 3.75099992752
409 3.79399991035
410 3.84599995613
411 3.8789999485
412 3.93000006676
413 3.99699997902
414 4.03999996185
415 4.11600017548
416 4.18400001526
417 4.22599983215
418 4.31699991226
419 4.38999986649
420 4.44999980927
421 4.52899980545
422 4.59399986267
423 4.66900014877
424 4.73999977112
425 4.8189997673
426 4.92399978638
427 5.01999998093
428 5.11899995804
429 5.21500015259
430 5.31199979782
431 5.41599988937
432 5.53200006485
433 5.65299987793
434 5.7610001564
435 5.8860001564
436 6.02299976349
437 6.16200017929
438 6.32800006866
439 6.48299980164
440 6.5
441 6.60400009155
442 6.44199991226
443 3.06399989128
444 3.05500006676
445 3.05200004578
446 3.02399992943
447 3.02699995041
448 3.01799988747
449 2.9960000515
450 3.01999998093
451 3.00600004196
452 2.99000000954
453 2.97799992561
454 3.00099992752
455 2.96900010109
456 2.97699999809
457 2.96499991417
458 2.96499991417
459 2.9509999752
460 2.96399998665
461 2.94400000572
462 2.95300006866
463 2.9430000782
464 2.93600010872
465 2.93300008774
466 2.92700004578
467 2.92600011826
468 2.92600011826
469 2.91499996185
470 2.66700005531
471 2.65000009537
472 2.64599990845
473 2.65300011635
474 0.940999984741
475 0.699999988079
476 0.721000015736
477 0.933000028133
478 2.66100001335
479 2.65199995041
480 2.64400005341
481 2.63700008392
482 2.65199995041
483 2.65300011635
484 2.6400001049
485 2.65199995041
486 2.66199994087
487 2.67000007629
488 2.68600010872
489 2.68899989128
490 1.37300002575
491 1.2009999752
492 1.10599994659
493 1.07400000095
494 1.10300004482
495 1.07899999619
496 1.09000003338
497 1.05599999428
498 1.08399999142
499 1.09800004959
500 1.0759999752
501 1.09700000286
502 1.08899998665
503 1.10699999332
504 1.14699995518
505 1.20799994469
506 1.27499997616
507 1.25999999046
508 1.26199996471
509 1.26699995995
510 1.26499998569
511 1.26800000668
512 1.26300001144
513 1.26999998093
514 1.26199996471
515 1.26400005817
516 1.33899998665
517 1.59500002861
518 3.11899995804
519 3.13000011444
520 3.15199995041
521 3.14800000191
522 3.14800000191
523 3.18000006676
524 0.929000020027
525 0.912000000477
526 0.911000013351
527 0.953999996185
528 3.04299998283
529 2.99000000954
530 2.93300008774
531 2.8789999485
532 2.83299994469
533 2.78299999237
534 2.72499990463
535 2.72199988365
536 2.96499991417
537 2.91799998283
538 0.0
539 0.0
540 0.0
