0 4.51800012589
1 4.43300008774
2 4.46000003815
3 4.47300004959
4 4.54199981689
5 4.66099977493
6 4.67100000381
7 4.72599983215
8 4.74399995804
9 4.77400016785
10 4.79500007629
11 4.83799982071
12 4.86899995804
13 4.90299987793
14 4.94600009918
15 4.9279999733
16 4.83699989319
17 4.85400009155
18 4.88500022888
19 4.96500015259
20 5.14699983597
21 5.19099998474
22 5.23600006104
23 5.26499986649
24 5.31500005722
25 5.36999988556
26 5.41900014877
27 5.46099996567
28 5.49700021744
29 5.55399990082
30 5.60400009155
31 5.63999986649
32 5.67700004578
33 0.0
34 17.1630001068
35 17.1450004578
36 17.1520004272
37 0.0
38 0.0
39 0.0
40 17.2450008392
41 17.1749992371
42 17.0769996643
43 17.0100002289
44 16.5400009155
45 16.5580005646
46 16.5389995575
47 13.1649999619
48 13.0920000076
49 12.3330001831
50 11.9040002823
51 11.5909996033
52 11.6160001755
53 11.6379995346
54 11.6330003738
55 11.3529996872
56 10.9949998856
57 10.4770002365
58 10.1330003738
59 8.34899997711
60 8.34000015259
61 8.19099998474
62 7.93699979782
63 7.65000009537
64 7.45399999619
65 7.24100017548
66 7.0609998703
67 6.90199995041
68 6.79099988937
69 6.78399991989
70 6.80900001526
71 6.83400011063
72 6.85599994659
73 6.86999988556
74 6.8029999733
75 6.63000011444
76 6.51399993896
77 6.39400005341
78 6.27099990845
79 6.15299987793
80 5.23799991608
81 4.98199987411
82 4.85200023651
83 4.77899980545
84 4.69500017166
85 4.61899995804
86 4.53900003433
87 4.46799993515
88 4.41800022125
89 4.34299993515
90 4.27899980545
91 4.22800016403
92 4.17500019073
93 4.08900022507
94 4.03800010681
95 3.98900008202
96 3.93899989128
97 3.88000011444
98 3.86199998856
99 3.79299998283
100 3.78699994087
101 3.8069999218
102 3.83500003815
103 3.8710000515
104 3.88000011444
105 3.92300009727
106 3.94400000572
107 3.95300006866
108 3.9240000248
109 3.88700008392
110 3.85899996758
111 3.8180000782
112 3.77999997139
113 3.74099993706
114 3.69899988174
115 3.66100001335
116 3.62800002098
117 3.60500001907
118 3.55999994278
119 3.53600001335
120 3.51699995995
121 3.48399996758
122 3.45700001717
123 3.4240000248
124 3.41599988937
125 3.38199996948
126 3.4319999218
127 3.44499993324
128 3.50099992752
129 3.53699994087
130 3.58400011063
131 3.62599992752
132 3.66799998283
133 4.02400016785
134 4.05700016022
135 4.08500003815
136 4.12900018692
137 4.16099977493
138 4.20100021362
139 4.21999979019
140 4.24100017548
141 4.28800010681
142 4.33300018311
143 4.34700012207
144 4.38700008392
145 4.42100000381
146 4.46400022507
147 4.5
148 4.52400016785
149 4.55100011826
150 4.55000019073
151 4.20100021362
152 4.29600000381
153 4.61100006104
154 3.28800010681
155 3.40499997139
156 4.71899986267
157 4.6139998436
158 4.57700014114
159 4.79500007629
160 4.83900022507
161 4.8639998436
162 4.90399980545
163 4.93200016022
164 4.96999979019
165 4.99700021744
166 5.03499984741
167 5.03499984741
168 3.13700008392
169 3.22699999809
170 3.37599992752
171 4.11100006104
172 4.92199993134
173 4.87300014496
174 4.86899995804
175 4.83599996567
176 4.82899999619
177 4.8189997673
178 4.83199977875
179 4.84700012207
180 4.87599992752
181 4.90199995041
182 4.8220000267
183 5.32499980927
184 5.48199987411
185 5.49700021744
186 5.5110001564
187 5.52600002289
188 4.60699987411
189 4.58599996567
190 5.57499980927
191 5.59899997711
192 3.64599990845
193 3.52800011635
194 4.07999992371
195 4.04400014877
196 5.6939997673
197 5.73400020599
198 5.72900009155
199 5.77299976349
200 5.78299999237
201 5.8109998703
202 5.81799983978
203 5.84700012207
204 5.867000103
205 5.87099981308
206 5.86999988556
207 5.87799978256
208 5.89599990845
209 5.90000009537
210 5.16200017929
211 5.02899980545
212 5.02600002289
213 5.01399993896
214 5.02099990845
215 5.01200008392
216 5.01800012589
217 5.01300001144
218 5.20399999619
219 2.38899993896
220 2.37400007248
221 2.37299990654
222 5.22100019455
223 5.20599985123
224 5.2389998436
225 5.23299980164
226 5.25
227 5.46700000763
228 5.632999897
229 6.11000013351
230 6.15700006485
231 6.16699981689
232 6.19999980927
233 6.18300008774
234 6.1939997673
235 6.21899986267
236 6.23500013351
237 6.21999979019
238 6.22300004959
239 6.22300004959
240 6.23500013351
241 6.24800014496
242 6.24599981308
243 6.23199987411
244 6.22599983215
245 6.23199987411
246 6.25699996948
247 6.24399995804
248 6.25
249 6.26599979401
250 6.257999897
251 6.26399993896
252 6.25600004196
253 6.28100013733
254 6.26800012589
255 6.25600004196
256 6.26200008392
257 6.25899982452
258 6.27299976349
259 6.25
260 6.25500011444
261 6.25899982452
262 6.24300003052
263 6.21999979019
264 6.23099994659
265 6.22800016403
266 6.22300004959
267 6.22100019455
268 6.21400022507
269 6.21600008011
270 6.21999979019
271 6.24300003052
272 6.23299980164
273 6.15000009537
274 5.84999990463
275 5.79300022125
276 5.77099990845
277 5.73999977112
278 5.71799993515
279 5.72900009155
280 5.74300003052
281 5.75600004196
282 5.8060002327
283 5.96000003815
284 6.07499980927
285 6.07800006866
286 6.05900001526
287 6.05200004578
288 6.06699991226
289 6.04400014877
290 6.04199981689
291 6.01900005341
292 5.99900007248
293 5.99300003052
294 5.96999979019
295 5.9359998703
296 5.9279999733
297 5.91499996185
298 5.90999984741
299 5.88700008392
300 5.85599994659
301 5.867000103
302 5.82999992371
303 5.80800008774
304 5.80900001526
305 5.79300022125
306 5.78599977493
307 5.78000020981
308 5.76000022888
309 5.73400020599
310 5.70300006866
311 5.6810002327
312 5.65799999237
313 5.61600017548
314 5.61100006104
315 5.59399986267
316 5.57600021362
317 5.55700016022
318 5.51399993896
319 5.33900022507
320 5.10099983215
321 5.46000003815
322 5.4390001297
323 5.42500019073
324 5.41200017929
325 5.39900016785
326 5.375
327 5.34200000763
328 5.30700016022
329 4.36800003052
330 4.05499982834
331 4.125
332 5.01700019836
333 5.17100000381
334 5.14499998093
335 5.12400007248
336 5.09600019455
337 5.07499980927
338 5.05000019073
339 5.01599979401
340 4.96700000763
341 4.83400011063
342 4.96999979019
343 4.94000005722
344 4.90000009537
345 4.87799978256
346 4.84299993515
347 4.71700000763
348 4.56799983978
349 4.74399995804
350 4.70399999619
351 4.6890001297
352 4.66099977493
353 4.62799978256
354 4.58699989319
355 4.57299995422
356 4.32100009918
357 4.35300016403
358 4.4889998436
359 4.47900009155
360 4.44199991226
361 4.4279999733
362 4.40399980545
363 4.36199998856
364 4.32899999619
365 4.26700019836
366 4.24900007248
367 4.21299982071
368 4.17899990082
369 4.14200019836
370 4.11600017548
371 4.08599996567
372 4.06300020218
373 4.0110001564
374 3.97799992561
375 3.94499993324
376 3.91700005531
377 3.89800000191
378 3.88599991798
379 3.84999990463
380 3.83699989319
381 3.72499990463
382 3.64499998093
383 3.61199998856
384 3.5759999752
385 3.54399991035
386 3.49000000954
387 3.46199989319
388 3.43499994278
389 3.41799998283
390 3.37599992752
391 3.34800004959
392 3.31399989128
393 3.29500007629
394 3.26999998093
395 3.25900006294
396 3.29999995232
397 3.33100008965
398 3.38000011444
399 3.41499996185
400 3.44600009918
401 3.49000000954
402 3.51099991798
403 3.56100010872
404 3.60899996758
405 3.63000011444
406 3.69099998474
407 3.71300005913
408 3.7539999485
409 3.78800010681
410 3.83899998665
411 3.88700008392
412 3.92100000381
413 4.00699996948
414 4.06300020218
415 4.11199998856
416 4.1939997673
417 4.25400018692
418 4.3109998703
419 4.3639998436
420 4.46500015259
421 4.52400016785
422 4.59700012207
423 4.66900014877
424 4.7389998436
425 4.81500005722
426 4.91099977493
427 5.03999996185
428 5.10699987411
429 5.21199989319
430 5.31599998474
431 5.42999982834
432 5.53299999237
433 5.65799999237
434 5.76800012589
435 5.88899993896
436 6.03399991989
437 6.15199995041
438 6.32100009918
439 6.48600006104
440 6.50099992752
441 6.61999988556
442 6.45699977875
443 3.07500004768
444 3.05399990082
445 3.03299999237
446 3.05200004578
447 3.02900004387
448 3.01200008392
449 3.02800011635
450 3.02200007439
451 3.00300002098
452 2.98900008202
453 2.98699998856
454 3.00300002098
455 2.99099993706
456 2.96499991417
457 2.96399998665
458 2.97199988365
459 2.97199988365
460 2.96900010109
461 2.94499993324
462 2.95900011063
463 2.94099998474
464 2.9509999752
465 2.93300008774
466 2.93400001526
467 2.92700004578
468 2.93000006676
469 2.9240000248
470 2.68000006676
471 2.66499996185
472 2.6400001049
473 2.64599990845
474 0.953999996185
475 0.700999975204
476 0.721000015736
477 0.933000028133
478 2.66400003433
479 2.65199995041
480 2.66000008583
481 2.67000007629
482 2.65499997139
483 2.66000008583
484 2.65199995041
485 2.68099999428
486 2.67700004578
487 2.68300008774
488 2.67600011826
489 2.69400000572
490 2.82999992371
491 2.93700003624
492 2.93700003624
493 2.94000005722
494 1.42299997807
495 1.23000001907
496 1.14800000191
497 1.12800002098
498 1.13699996471
499 1.12600004673
500 1.13999998569
501 1.13499999046
502 1.13199996948
503 1.12699997425
504 1.14499998093
505 1.13199996948
506 1.13199996948
507 1.14999997616
508 1.17900002003
509 1.27400004864
510 1.25499999523
511 1.26100003719
512 1.26199996471
513 1.25600004196
514 1.24500000477
515 1.2460000515
516 1.26900005341
517 1.27699995041
518 1.34899997711
519 1.59700000286
520 3.15100002289
521 3.15000009537
522 3.17300009727
523 3.17700004578
524 0.930999994278
525 0.916000008583
526 0.912000000477
527 0.944999992847
528 3.03399991989
529 2.99499988556
530 2.92700004578
531 2.88700008392
532 2.83699989319
533 2.78500008583
534 2.74099993706
535 2.72300004959
536 2.95700001717
537 2.9240000248
538 0.0
539 0.0
540 0.0
