0 4.50199985504
1 4.4279999733
2 4.45399999619
3 4.4439997673
4 4.53999996185
5 4.66800022125
6 4.68400001526
7 4.70399999619
8 4.73199987411
9 4.77099990845
10 4.79199981689
11 4.81599998474
12 4.86999988556
13 4.88899993896
14 4.92000007629
15 4.92100000381
16 4.84499979019
17 4.84800004959
18 4.88199996948
19 4.96000003815
20 5.14900016785
21 5.1890001297
22 5.22700023651
23 5.27400016785
24 5.32000017166
25 5.36299991608
26 5.40600013733
27 5.44299983978
28 5.5
29 5.55399990082
30 5.61199998856
31 5.64300012589
32 5.67700004578
33 0.0
34 17.1340007782
35 17.1299991608
36 17.1509990692
37 0.0
38 0.0
39 0.0
40 17.2269992828
41 17.156999588
42 17.079000473
43 17.0069999695
44 16.5259990692
45 16.5389995575
46 16.5160007477
47 13.1590003967
48 13.0810003281
49 12.3339996338
50 11.9779996872
51 11.5970001221
52 11.6120004654
53 11.6239995956
54 11.6180000305
55 11.3620004654
56 11.0030002594
57 10.4460000992
58 10.1049995422
59 8.35299968719
60 8.35000038147
61 8.20499992371
62 7.9279999733
63 7.65399980545
64 7.44999980927
65 7.25500011444
66 7.07000017166
67 6.89499998093
68 6.79400014877
69 6.78299999237
70 6.79400014877
71 6.84399986267
72 6.83799982071
73 6.87599992752
74 6.79300022125
75 6.64900016785
76 6.52299976349
77 6.38399982452
78 6.2610001564
79 6.14900016785
80 5.21899986267
81 4.96199989319
82 4.84499979019
83 4.76300001144
84 4.67700004578
85 4.59499979019
86 4.53800010681
87 4.47399997711
88 4.40299987793
89 4.31699991226
90 4.28000020981
91 4.22900009155
92 4.16300010681
93 4.09899997711
94 4.03900003433
95 3.97099995613
96 3.92700004578
97 3.89199995995
98 3.84999990463
99 3.80200004578
100 3.77699995041
101 3.80999994278
102 3.82800006866
103 3.85500001907
104 3.88400006294
105 3.89100003242
106 3.9470000267
107 3.96199989319
108 3.92899990082
109 3.89299988747
110 3.8599998951
111 3.80599999428
112 3.77500009537
113 3.73300004005
114 3.68600010872
115 3.66400003433
116 3.62599992752
117 3.59299993515
118 3.58100008965
119 3.53299999237
120 3.50900006294
121 3.46499991417
122 3.44400000572
123 3.42000007629
124 3.40599989891
125 3.39499998093
126 3.41300010681
127 3.45399999619
128 3.4960000515
129 3.52800011635
130 3.5720000267
131 3.61599993706
132 3.67499995232
133 4.02400016785
134 4.07700014114
135 4.09600019455
136 4.12200021744
137 4.16800022125
138 4.19299983978
139 4.21500015259
140 4.22800016403
141 4.26000022888
142 4.30999994278
143 4.34899997711
144 4.38999986649
145 4.41099977493
146 4.47399997711
147 4.49900007248
148 4.50899982452
149 4.51300001144
150 4.55200004578
151 4.19899988174
152 4.30700016022
153 4.53800010681
154 3.2650001049
155 3.41499996185
156 4.72100019455
157 4.59700012207
158 4.55800008774
159 4.79699993134
160 4.83400011063
161 4.87300014496
162 4.88399982452
163 4.93800020218
164 4.97100019455
165 4.98799991608
166 5.02400016785
167 5.04699993134
168 3.17199993134
169 3.22600007057
170 3.37400007248
171 4.11499977112
172 4.91699981689
173 4.87599992752
174 4.85900020599
175 4.82299995422
176 4.82100009918
177 4.82299995422
178 4.84600019455
179 4.84399986267
180 4.87900018692
181 4.90199995041
182 4.82600021362
183 5.32499980927
184 5.47900009155
185 5.46899986267
186 5.5
187 5.51300001144
188 4.60400009155
189 4.57800006866
190 5.5560002327
191 5.58699989319
192 3.64899992943
193 3.51699995995
194 4.08199977875
195 4.03900003433
196 5.69199991226
197 5.70900011063
198 5.72599983215
199 5.73799991608
200 5.76499986649
201 5.80399990082
202 5.82100009918
203 5.83199977875
204 5.84499979019
205 5.8639998436
206 5.867000103
207 5.86800003052
208 5.88899993896
209 5.89799976349
210 5.15500020981
211 5.03700017929
212 5.03299999237
213 5.02500009537
214 5.02600002289
215 5.00299978256
216 4.99800014496
217 5.01399993896
218 5.20599985123
219 2.38400006294
220 2.38700008392
221 2.39100003242
222 5.22800016403
223 5.20699977875
224 5.23099994659
225 5.22800016403
226 5.242000103
227 5.45699977875
228 5.65700006485
229 6.125
230 6.15399980545
231 6.15799999237
232 6.17100000381
233 6.17299985886
234 6.19099998474
235 6.20800018311
236 6.24100017548
237 6.22599983215
238 6.24499988556
239 6.23699998856
240 6.23400020599
241 6.22200012207
242 6.22399997711
243 6.2389998436
244 6.22900009155
245 6.23600006104
246 6.23799991608
247 6.22499990463
248 6.242000103
249 6.26300001144
250 6.26399993896
251 6.24800014496
252 6.26499986649
253 6.28000020981
254 6.28299999237
255 6.28900003433
256 6.26800012589
257 6.26900005341
258 6.26599979401
259 6.25600004196
260 6.25500011444
261 6.22499990463
262 6.22900009155
263 6.23000001907
264 6.21500015259
265 6.2389998436
266 6.23799991608
267 6.21500015259
268 6.22200012207
269 6.22300004959
270 6.21000003815
271 6.21500015259
272 6.22700023651
273 6.13800001144
274 5.84999990463
275 5.79600000381
276 5.77199983597
277 5.73400020599
278 5.72800016403
279 5.72700023651
280 5.73799991608
281 5.75199985504
282 5.80900001526
283 5.95200014114
284 6.08199977875
285 6.08799982071
286 6.0689997673
287 6.05100011826
288 6.0609998703
289 6.04199981689
290 6.03200006485
291 6.00899982452
292 5.99800014496
293 5.95200014114
294 5.95800018311
295 5.93800020218
296 5.9279999733
297 5.90600013733
298 5.87900018692
299 5.86800003052
300 5.86100006104
301 5.84800004959
302 5.84000015259
303 5.83199977875
304 5.82299995422
305 5.79600000381
306 5.78900003433
307 5.77400016785
308 5.75099992752
309 5.72100019455
310 5.70399999619
311 5.6810002327
312 5.64900016785
313 5.61000013351
314 5.60400009155
315 5.58099985123
316 5.55999994278
317 5.54300022125
318 5.51000022888
319 5.33199977875
320 5.10300016403
321 5.46199989319
322 5.46400022507
323 5.42299985886
324 5.40799999237
325 5.39400005341
326 5.36600017548
327 5.31799983978
328 5.29699993134
329 4.37400007248
330 4.05000019073
331 4.11199998856
332 5.01900005341
333 5.15999984741
334 5.13999986649
335 5.12200021744
336 5.08900022507
337 5.06500005722
338 5.04199981689
339 5.03000020981
340 4.95900011063
341 4.82000017166
342 4.95800018311
343 4.93699979782
344 4.90500020981
345 4.86899995804
346 4.84299993515
347 4.70300006866
348 4.55700016022
349 4.72200012207
350 4.71600008011
351 4.67899990082
352 4.64499998093
353 4.61299991608
354 4.59800004959
355 4.56500005722
356 4.31599998474
357 4.35699987411
358 4.49599981308
359 4.45100021362
360 4.43200016022
361 4.41300010681
362 4.38899993896
363 4.36100006104
364 4.29899978638
365 4.2610001564
366 4.257999897
367 4.22100019455
368 4.16200017929
369 4.12300014496
370 4.09399986267
371 4.09200000763
372 4.04799985886
373 4.02500009537
374 3.99699997902
375 3.96300005913
376 3.9319999218
377 3.90100002289
378 3.88100004196
379 3.8599998951
380 3.8180000782
381 3.71300005913
382 3.63599991798
383 3.60599994659
384 3.56399989128
385 3.52500009537
386 3.50200009346
387 3.47000002861
388 3.43300008774
389 3.3789999485
390 3.36500000954
391 3.34699988365
392 3.31699991226
393 3.29500007629
394 3.26900005341
395 3.2539999485
396 3.29999995232
397 3.33699989319
398 3.35199999809
399 3.41400003433
400 3.44600009918
401 3.49000000954
402 3.5150001049
403 3.55999994278
404 3.60299992561
405 3.64100003242
406 3.6740000248
407 3.71700000763
408 3.73799991608
409 3.79099988937
410 3.84100008011
411 3.90000009537
412 3.93899989128
413 4.00899982452
414 4.06599998474
415 4.117000103
416 4.1970000267
417 4.24700021744
418 4.31799983978
419 4.38999986649
420 4.45399999619
421 4.52199983597
422 4.58799982071
423 4.63399982452
424 4.73999977112
425 4.82399988174
426 4.91200017929
427 5.03499984741
428 5.10699987411
429 5.21700000763
430 5.32899999619
431 5.42399978638
432 5.52400016785
433 5.64900016785
434 5.76499986649
435 5.88500022888
436 6.02099990845
437 6.17700004578
438 6.32899999619
439 6.48299980164
440 6.51000022888
441 6.60599994659
442 6.47800016403
443 3.06500005722
444 3.05500006676
445 3.03699994087
446 3.03099989891
447 3.0150001049
448 3.02900004387
449 3.01699995995
450 3.0039999485
451 3.00200009346
452 3.007999897
453 2.97799992561
454 2.97900009155
455 2.97399997711
456 2.97000002861
457 2.97000002861
458 2.95000004768
459 2.95700001717
460 2.9509999752
461 2.93799996376
462 2.93400001526
463 2.93400001526
464 2.93300008774
465 2.93000006676
466 2.93600010872
467 2.91700005531
468 2.9240000248
469 2.91499996185
470 2.67000007629
471 2.65000009537
472 2.61899995804
473 2.65599989891
474 0.944000005722
475 0.703999996185
476 0.704999983311
477 0.925999999046
478 2.65100002289
479 2.65599989891
480 2.65599989891
481 2.65300011635
482 2.65400004387
483 2.66000008583
484 2.66199994087
485 2.66499996185
486 2.66899991035
487 2.66599988937
488 2.67600011826
489 2.67899990082
490 2.82899999619
491 2.93400001526
492 2.93700003624
493 2.93899989128
494 1.20500004292
495 1.26800000668
496 1.16400003433
497 1.13900005817
498 1.13999998569
499 1.12300002575
500 1.14100003242
501 1.11399996281
502 1.13399994373
503 1.12699997425
504 1.12600004673
505 1.14100003242
506 1.14600002766
507 1.16199994087
508 1.1970000267
509 1.25800001621
510 1.26300001144
511 1.25899994373
512 1.25999999046
513 1.23599994183
514 1.23899996281
515 1.24300003052
516 1.25899994373
517 1.27499997616
518 1.30400002003
519 1.46500003338
520 3.11800003052
521 3.14100003242
522 3.16000008583
523 3.16300010681
524 0.943000018597
525 0.902999997139
526 0.919000029564
527 0.940999984741
528 3.04699993134
529 2.97600007057
530 2.93400001526
531 2.8900001049
532 2.84500002861
533 2.78200006485
534 2.74000000954
535 2.72000002861
536 2.94400000572
537 2.90599989891
538 0.0
539 0.0
540 0.0
