0 4.51000022888
1 4.42899990082
2 4.44500017166
3 4.47300004959
4 4.54099988937
5 4.65100002289
6 4.67100000381
7 4.69999980927
8 4.74700021744
9 4.75899982452
10 4.80999994278
11 4.83099985123
12 4.86199998856
13 4.89900016785
14 4.92899990082
15 4.9310002327
16 4.84000015259
17 4.84800004959
18 4.87699985504
19 4.96899986267
20 5.14200019836
21 5.19199991226
22 5.22800016403
23 5.26000022888
24 5.3109998703
25 5.36999988556
26 5.41200017929
27 5.44000005722
28 5.49399995804
29 5.53800010681
30 5.60699987411
31 5.64300012589
32 5.68200016022
33 0.0
34 17.1590003967
35 17.1550006866
36 17.1480007172
37 0.0
38 0.0
39 0.0
40 17.2229995728
41 17.1669998169
42 17.0729999542
43 17.0090007782
44 16.5300006866
45 16.5359992981
46 16.5200004578
47 13.1619997025
48 13.0850000381
49 12.345000267
50 11.9650001526
51 11.579000473
52 11.611000061
53 11.6379995346
54 11.626999855
55 11.3409996033
56 11.001999855
57 10.4499998093
58 10.1180000305
59 8.34500026703
60 8.33899974823
61 8.1859998703
62 7.91900014877
63 7.65399980545
64 7.44600009918
65 7.242000103
66 7.05700016022
67 6.90999984741
68 6.78800010681
69 6.78599977493
70 6.8109998703
71 6.82299995422
72 6.86199998856
73 6.87300014496
74 6.78499984741
75 6.63800001144
76 6.50299978256
77 6.38100004196
78 6.27600002289
79 6.16599988937
80 5.22399997711
81 4.97100019455
82 4.86299991608
83 4.77099990845
84 4.69099998474
85 4.61499977112
86 4.53399991989
87 4.44799995422
88 4.41699981689
89 4.33400011063
90 4.28299999237
91 4.22399997711
92 4.14699983597
93 4.09899997711
94 4.03999996185
95 3.98900008202
96 3.94499993324
97 3.87400007248
98 3.85199999809
99 3.80900001526
100 3.75500011444
101 3.79500007629
102 3.81399989128
103 3.83599996567
104 3.875
105 3.89100003242
106 3.94499993324
107 3.96000003815
108 3.90300011635
109 3.89599990845
110 3.84899997711
111 3.81299996376
112 3.76200008392
113 3.71799993515
114 3.68099999428
115 3.66199994087
116 3.62800002098
117 3.60299992561
118 3.5490000248
119 3.53500008583
120 3.51300001144
121 3.47900009155
122 3.44899988174
123 3.40100002289
124 3.38899993896
125 3.40000009537
126 3.40400004387
127 3.45900011063
128 3.48699998856
129 3.53600001335
130 3.56999993324
131 3.60800004005
132 3.65499997139
133 4.02699995041
134 4.0640001297
135 4.10400009155
136 4.13100004196
137 4.16400003433
138 4.16900014877
139 4.19000005722
140 4.22700023651
141 4.257999897
142 4.3189997673
143 4.35500001907
144 4.38800001144
145 4.42999982834
146 4.46500015259
147 4.48999977112
148 4.50600004196
149 4.53100013733
150 4.55399990082
151 4.1939997673
152 4.28999996185
153 4.61299991608
154 3.26900005341
155 3.41300010681
156 4.70599985123
157 4.59600019455
158 4.55100011826
159 4.79400014877
160 4.84100008011
161 4.86600017548
162 4.90500020981
163 4.91800022125
164 4.96899986267
165 4.99900007248
166 5.01900005341
167 5.05399990082
168 3.132999897
169 3.23300004005
170 3.3599998951
171 4.11600017548
172 4.92600011826
173 4.86899995804
174 4.84000015259
175 4.84000015259
176 4.83099985123
177 4.82499980927
178 4.82499980927
179 4.84899997711
180 4.87900018692
181 4.90199995041
182 4.81500005722
183 5.32399988174
184 5.46199989319
185 5.48699998856
186 5.50199985504
187 5.5110001564
188 4.59200000763
189 4.58599996567
190 5.56799983978
191 5.59700012207
192 3.64599990845
193 3.53099989891
194 4.08799982071
195 4.04899978638
196 5.68200016022
197 5.73099994659
198 5.72900009155
199 5.76900005341
200 5.78999996185
201 5.8220000267
202 5.82899999619
203 5.84499979019
204 5.85500001907
205 5.86100006104
206 5.84899997711
207 5.88100004196
208 5.90199995041
209 5.90700006485
210 5.14599990845
211 5.02400016785
212 5.01700019836
213 5.02699995041
214 5.02099990845
215 5.01499986649
216 5.0
217 5.00899982452
218 5.19600009918
219 2.3900001049
220 2.36999988556
221 2.38400006294
222 5.21199989319
223 5.21099996567
224 5.23799991608
225 5.22900009155
226 5.23799991608
227 5.45399999619
228 5.65199995041
229 6.12400007248
230 6.15999984741
231 6.14599990845
232 6.16900014877
233 6.19099998474
234 6.19099998474
235 6.22300004959
236 6.23000001907
237 6.22599983215
238 6.23299980164
239 6.23299980164
240 6.24100017548
241 6.23400020599
242 6.22900009155
243 6.23299980164
244 6.25199985504
245 6.24700021744
246 6.22800016403
247 6.22499990463
248 6.25899982452
249 6.25
250 6.27500009537
251 6.26999998093
252 6.27199983597
253 6.28200006485
254 6.28599977493
255 6.28299999237
256 6.25099992752
257 6.26000022888
258 6.24499988556
259 6.2610001564
260 6.24900007248
261 6.24700021744
262 6.25
263 6.24499988556
264 6.21799993515
265 6.21600008011
266 6.23000001907
267 6.21600008011
268 6.21400022507
269 6.20499992371
270 6.21500015259
271 6.21199989319
272 6.22200012207
273 6.13800001144
274 5.84700012207
275 5.78999996185
276 5.75400018692
277 5.72200012207
278 5.71999979019
279 5.72900009155
280 5.75
281 5.75899982452
282 5.80399990082
283 5.93699979782
284 6.06300020218
285 6.06500005722
286 6.0609998703
287 6.06300020218
288 6.0640001297
289 6.0560002327
290 6.04400014877
291 6.02500009537
292 5.9889998436
293 5.98600006104
294 5.94000005722
295 5.93800020218
296 5.92999982834
297 5.91699981689
298 5.89900016785
299 5.86499977112
300 5.85799980164
301 5.85200023651
302 5.83599996567
303 5.8140001297
304 5.80200004578
305 5.80399990082
306 5.78900003433
307 5.76999998093
308 5.75400018692
309 5.70699977875
310 5.69299983978
311 5.6779999733
312 5.64699983597
313 5.61299991608
314 5.59200000763
315 5.57899999619
316 5.54600000381
317 5.54500007629
318 5.51499986649
319 5.33199977875
320 5.10599994659
321 5.45499992371
322 5.43400001526
323 5.41900014877
324 5.42000007629
325 5.39300012589
326 5.3639998436
327 5.32899999619
328 5.29300022125
329 4.35400009155
330 4.03200006485
331 4.13100004196
332 5.01999998093
333 5.17000007629
334 5.13800001144
335 5.125
336 5.09399986267
337 5.06300020218
338 5.0529999733
339 5.02699995041
340 4.94999980927
341 4.81500005722
342 4.95499992371
343 4.9310002327
344 4.91599988937
345 4.86999988556
346 4.84000015259
347 4.70900011063
348 4.55499982834
349 4.7389998436
350 4.71400022507
351 4.6810002327
352 4.64099979401
353 4.59800004959
354 4.58699989319
355 4.57700014114
356 4.31199979782
357 4.36600017548
358 4.49800014496
359 4.46899986267
360 4.45699977875
361 4.42500019073
362 4.39499998093
363 4.35300016403
364 4.31300020218
365 4.29500007629
366 4.24700021744
367 4.22300004959
368 4.16200017929
369 4.15100002289
370 4.09299993515
371 4.0560002327
372 4.05399990082
373 3.99699997902
374 3.99000000954
375 3.94000005722
376 3.93499994278
377 3.89599990845
378 3.87299990654
379 3.85899996758
380 3.81999993324
381 3.70700001717
382 3.64499998093
383 3.58500003815
384 3.55100011826
385 3.51600003242
386 3.5
387 3.46600008011
388 3.43400001526
389 3.38000011444
390 3.36100006104
391 3.34299993515
392 3.30999994278
393 3.27099990845
394 3.25999999046
395 3.27399992943
396 3.3029999733
397 3.34200000763
398 3.36100006104
399 3.41499996185
400 3.45600008965
401 3.46900010109
402 3.52099990845
403 3.56299996376
404 3.61500000954
405 3.62700009346
406 3.67100000381
407 3.73000001907
408 3.73799991608
409 3.78900003433
410 3.84500002861
411 3.86400008202
412 3.93799996376
413 4.00299978256
414 4.0609998703
415 4.12900018692
416 4.17500019073
417 4.22300004959
418 4.30999994278
419 4.37900018692
420 4.4470000267
421 4.50099992752
422 4.59100008011
423 4.65999984741
424 4.72300004959
425 4.81500005722
426 4.90700006485
427 5.02199983597
428 5.11299991608
429 5.21299982071
430 5.31300020218
431 5.42500019073
432 5.53399991989
433 5.65899991989
434 5.75400018692
435 5.88399982452
436 6.01599979401
437 6.14400005341
438 6.31500005722
439 6.47900009155
440 6.492000103
441 6.60900020599
442 6.46700000763
443 3.09599995613
444 3.0490000248
445 3.05500006676
446 3.04099988937
447 3.0150001049
448 3.00999999046
449 3.02200007439
450 2.99300003052
451 2.99499988556
452 2.98300004005
453 2.98000001907
454 3.00500011444
455 2.99000000954
456 2.96099996567
457 2.96600008011
458 2.95300006866
459 2.94899988174
460 2.96199989319
461 2.94600009918
462 2.94199991226
463 2.96199989319
464 2.93700003624
465 2.9279999733
466 2.92700004578
467 2.92499995232
468 2.92300009727
469 2.91599988937
470 2.68000006676
471 2.62400007248
472 2.62400007248
473 2.65899991989
474 0.947000026703
475 0.709999978542
476 0.714999973774
477 0.919000029564
478 2.65300011635
479 2.62700009346
480 2.66000008583
481 2.65400004387
482 2.67100000381
483 2.65499997139
484 2.65300011635
485 2.66400003433
486 2.66000008583
487 2.66899991035
488 2.68099999428
489 2.67499995232
490 1.35300004482
491 1.18700003624
492 1.12000000477
493 1.09200000763
494 1.08800005913
495 1.08000004292
496 1.05999994278
497 1.0720000267
498 1.09200000763
499 1.09000003338
500 1.07000005245
501 1.07099997997
502 1.10099995136
503 1.09399998188
504 1.12699997425
505 1.26199996471
506 1.2879999876
507 1.26699995995
508 1.25600004196
509 1.26699995995
510 1.26499998569
511 1.2539999485
512 1.26199996471
513 1.23500001431
514 1.27100002766
515 1.26699995995
516 1.3220000267
517 1.5529999733
518 3.10599994659
519 3.117000103
520 3.125
521 3.15300011635
522 3.15899991989
523 3.18499994278
524 0.929000020027
525 0.907999992371
526 0.917999982834
527 0.941999971867
528 3.04299998283
529 2.99099993706
530 2.93700003624
531 2.88499999046
532 2.81900000572
533 2.77300000191
534 2.73399996758
535 2.71300005913
536 2.97000002861
537 2.91499996185
538 0.0
539 0.0
540 0.0
