0 4.51999998093
1 4.44299983978
2 4.45399999619
3 4.47900009155
4 4.50699996948
5 4.64900016785
6 4.67399978638
7 4.70100021362
8 4.74599981308
9 4.76800012589
10 4.8060002327
11 4.84299993515
12 4.85300016403
13 4.89099979401
14 4.93300008774
15 4.92899990082
16 4.82999992371
17 4.85599994659
18 4.88800001144
19 4.97499990463
20 5.14300012589
21 5.18499994278
22 5.23299980164
23 5.27099990845
24 5.31300020218
25 5.36000013351
26 5.40299987793
27 5.46099996567
28 5.48400020599
29 5.54600000381
30 5.59899997711
31 5.63899993896
32 5.66200017929
33 0.0
34 17.1420001984
35 17.1410007477
36 17.158000946
37 0.0
38 0.0
39 0.0
40 17.2479991913
41 17.1770000458
42 17.0769996643
43 17.0090007782
44 16.5300006866
45 16.533000946
46 16.5200004578
47 13.1660003662
48 13.0830001831
49 12.3380002975
50 11.9320001602
51 11.5920000076
52 11.6009998322
53 11.623000145
54 11.6210002899
55 11.3339996338
56 10.9930000305
57 10.4770002365
58 10.1199998856
59 8.32999992371
60 8.33199977875
61 8.19299983978
62 7.91699981689
63 7.63199996948
64 7.44299983978
65 7.25600004196
66 7.06199979782
67 6.90600013733
68 6.78900003433
69 6.77899980545
70 6.80499982834
71 6.82299995422
72 6.85099983215
73 6.87799978256
74 6.79099988937
75 6.65899991989
76 6.52299976349
77 6.39200019836
78 6.27500009537
79 6.15199995041
80 5.22499990463
81 4.96700000763
82 4.867000103
83 4.77400016785
84 4.68800020218
85 4.61299991608
86 4.53700017929
87 4.48199987411
88 4.41699981689
89 4.33199977875
90 4.26300001144
91 4.20200014114
92 4.16400003433
93 4.117000103
94 4.04099988937
95 3.98799991608
96 3.94099998474
97 3.89800000191
98 3.86100006104
99 3.79999995232
100 3.757999897
101 3.77999997139
102 3.80900001526
103 3.85400009155
104 3.89100003242
105 3.89499998093
106 3.94899988174
107 3.96199989319
108 3.92300009727
109 3.86500000954
110 3.84299993515
111 3.79600000381
112 3.77600002289
113 3.73200011253
114 3.67700004578
115 3.65000009537
116 3.63400006294
117 3.59400010109
118 3.5529999733
119 3.53299999237
120 3.49399995804
121 3.45799994469
122 3.45300006866
123 3.41199994087
124 3.41199994087
125 3.39499998093
126 3.4319999218
127 3.45799994469
128 3.49099993706
129 3.5490000248
130 3.56900000572
131 3.60599994659
132 3.66300010681
133 4.03499984741
134 4.0689997673
135 4.10099983215
136 4.117000103
137 4.14099979401
138 4.1939997673
139 4.20200014114
140 4.25299978256
141 4.29199981689
142 4.32899999619
143 4.36199998856
144 4.375
145 4.42600011826
146 4.43800020218
147 4.48199987411
148 4.51599979401
149 4.54899978638
150 4.54600000381
151 4.20100021362
152 4.32299995422
153 4.59899997711
154 3.28800010681
155 3.40400004387
156 4.70900011063
157 4.59600019455
158 4.55900001526
159 4.79600000381
160 4.84299993515
161 4.86999988556
162 4.90000009537
163 4.92700004578
164 4.96899986267
165 4.99499988556
166 5.01499986649
167 5.04500007629
168 3.14700007439
169 3.21600008011
170 3.36400008202
171 4.132999897
172 4.91400003433
173 4.8860001564
174 4.86100006104
175 4.83799982071
176 4.80999994278
177 4.81599998474
178 4.83900022507
179 4.84600019455
180 4.87699985504
181 4.89699983597
182 4.80999994278
183 5.34800004959
184 5.46600008011
185 5.49300003052
186 5.50500011444
187 5.50199985504
188 4.61199998856
189 4.58400011063
190 5.55900001526
191 5.59000015259
192 3.64700007439
193 3.52500009537
194 4.07000017166
195 4.03700017929
196 5.69500017166
197 5.70399999619
198 5.75
199 5.76300001144
200 5.78599977493
201 5.79199981689
202 5.8189997673
203 5.83500003815
204 5.82800006866
205 5.84499979019
206 5.87599992752
207 5.89599990845
208 5.90399980545
209 5.8860001564
210 5.13800001144
211 5.01800012589
212 5.01900005341
213 5.03100013733
214 5.01900005341
215 5.01200008392
216 5.007999897
217 5.01300001144
218 5.19899988174
219 2.38800001144
220 2.36199998856
221 2.382999897
222 5.20699977875
223 5.20800018311
224 5.22700023651
225 5.22399997711
226 5.23999977112
227 5.45100021362
228 5.65399980545
229 6.11499977112
230 6.15399980545
231 6.17000007629
232 6.18699979782
233 6.1890001297
234 6.19899988174
235 6.20599985123
236 6.23199987411
237 6.21400022507
238 6.22900009155
239 6.23099994659
240 6.21700000763
241 6.22399997711
242 6.23500013351
243 6.22499990463
244 6.25
245 6.23099994659
246 6.25600004196
247 6.22599983215
248 6.22800016403
249 6.25600004196
250 6.26900005341
251 6.26499986649
252 6.27799987793
253 6.28499984741
254 6.27099990845
255 6.28800010681
256 6.25299978256
257 6.24599981308
258 6.2389998436
259 6.2610001564
260 6.23099994659
261 6.24399995804
262 6.24499988556
263 6.24499988556
264 6.22300004959
265 6.21799993515
266 6.22100019455
267 6.21700000763
268 6.21899986267
269 6.21400022507
270 6.21199989319
271 6.22800016403
272 6.21999979019
273 6.14400005341
274 5.84100008011
275 5.78100013733
276 5.7610001564
277 5.73299980164
278 5.71600008011
279 5.72700023651
280 5.74800014496
281 5.77199983597
282 5.82000017166
283 5.95900011063
284 6.0720000267
285 6.05999994278
286 6.06300020218
287 6.0609998703
288 6.0560002327
289 6.04300022125
290 6.03599977493
291 6.01900005341
292 5.99499988556
293 5.98000001907
294 5.97499990463
295 5.92600011826
296 5.92600011826
297 5.90999984741
298 5.89799976349
299 5.88100004196
300 5.85099983215
301 5.85900020599
302 5.83400011063
303 5.81799983978
304 5.82399988174
305 5.78299999237
306 5.79799985886
307 5.76900005341
308 5.74700021744
309 5.70399999619
310 5.69500017166
311 5.66599988937
312 5.65700006485
313 5.63000011444
314 5.61999988556
315 5.57800006866
316 5.5560002327
317 5.55100011826
318 5.53299999237
319 5.32499980927
320 5.09299993515
321 5.45499992371
322 5.45599985123
323 5.4279999733
324 5.42100000381
325 5.39400005341
326 5.35400009155
327 5.33599996567
328 5.29600000381
329 4.38899993896
330 4.0560002327
331 4.09999990463
332 5.01700019836
333 5.16699981689
334 5.13700008392
335 5.11499977112
336 5.09100008011
337 5.07000017166
338 5.04300022125
339 5.02299976349
340 4.95300006866
341 4.81799983978
342 4.96099996567
343 4.9390001297
344 4.90100002289
345 4.87200021744
346 4.82899999619
347 4.71000003815
348 4.5720000267
349 4.72700023651
350 4.70699977875
351 4.67700004578
352 4.65999984741
353 4.62699985504
354 4.59299993515
355 4.5640001297
356 4.30399990082
357 4.35900020599
358 4.492000103
359 4.44099998474
360 4.44299983978
361 4.41200017929
362 4.40199995041
363 4.36999988556
364 4.32499980927
365 4.28900003433
366 4.25400018692
367 4.20499992371
368 4.17199993134
369 4.13700008392
370 4.11100006104
371 4.09299993515
372 4.0560002327
373 4.02699995041
374 3.97399997711
375 3.96399998665
376 3.93400001526
377 3.90199995041
378 3.89199995995
379 3.85800004005
380 3.8259999752
381 3.70600008965
382 3.6289999485
383 3.60199999809
384 3.55100011826
385 3.53699994087
386 3.49799990654
387 3.46099996567
388 3.42600011826
389 3.40400004387
390 3.35400009155
391 3.32899999619
392 3.31200003624
393 3.28999996185
394 3.25900006294
395 3.25200009346
396 3.30399990082
397 3.33899998665
398 3.36599993706
399 3.39100003242
400 3.4319999218
401 3.48000001907
402 3.52900004387
403 3.55200004578
404 3.59299993515
405 3.63400006294
406 3.69000005722
407 3.72900009155
408 3.72799992561
409 3.78699994087
410 3.83200001717
411 3.882999897
412 3.9470000267
413 4.00099992752
414 4.05900001526
415 4.12400007248
416 4.18800020218
417 4.25
418 4.3220000267
419 4.37300014496
420 4.45300006866
421 4.51599979401
422 4.59399986267
423 4.65399980545
424 4.73500013351
425 4.81500005722
426 4.91099977493
427 5.01999998093
428 5.10900020599
429 5.21600008011
430 5.31300020218
431 5.41699981689
432 5.52500009537
433 5.65199995041
434 5.76300001144
435 5.89099979401
436 6.03499984741
437 6.17199993134
438 6.29799985886
439 6.47300004959
440 6.49900007248
441 6.617000103
442 6.46700000763
443 3.08899998665
444 3.05200004578
445 3.0490000248
446 3.03500008583
447 3.03399991989
448 3.03200006485
449 3.01699995995
450 3.00099992752
451 3.0039999485
452 3.00099992752
453 2.99300003052
454 2.97099995613
455 2.97000002861
456 2.97900009155
457 2.97300004959
458 2.96099996567
459 2.94600009918
460 2.95300006866
461 2.95499992371
462 2.94499993324
463 2.93799996376
464 2.93000006676
465 2.92899990082
466 2.91799998283
467 2.9319999218
468 2.92700004578
469 2.92000007629
470 2.65499997139
471 2.64800000191
472 2.64599990845
473 2.63499999046
474 0.957000017166
475 0.704999983311
476 0.717999994755
477 0.92199999094
478 2.66300010681
479 2.65199995041
480 2.66199994087
481 2.632999897
482 2.64400005341
483 2.65199995041
484 2.65199995041
485 2.66400003433
486 2.67000007629
487 1.90600001812
488 1.26900005341
489 1.13600003719
490 1.15499997139
491 1.12699997425
492 1.11800003052
493 1.13100004196
494 1.13100004196
495 1.12399995327
496 1.13399994373
497 1.14800000191
498 1.14900004864
499 1.15799999237
500 1.17299997807
501 1.19500005245
502 1.33899998665
503 2.98300004005
504 1.79400002956
505 1.36600005627
506 1.27699995041
507 1.27999997139
508 1.26600003242
509 1.26999998093
510 1.26499998569
511 1.26600003242
512 1.23399996758
513 1.25499999523
514 1.24399995804
515 1.26900005341
516 1.31299996376
517 1.47300004959
518 3.11599993706
519 3.11999988556
520 3.125
521 3.15799999237
522 3.16100001335
523 3.16499996185
524 0.93599998951
525 0.916999995708
526 0.915000021458
527 0.950999975204
528 3.04500007629
529 2.98399996758
530 2.94400000572
531 2.88800001144
532 2.83400011063
533 2.78500008583
534 2.75
535 2.72399997711
536 2.97399997711
537 2.9240000248
538 0.0
539 0.0
540 0.0
