0 4.50899982452
1 4.44299983978
2 4.46099996567
3 4.47700023651
4 4.53499984741
5 4.64499998093
6 4.6810002327
7 4.71799993515
8 4.72599983215
9 4.77600002289
10 4.8140001297
11 4.82899999619
12 4.86499977112
13 4.88899993896
14 4.92399978638
15 4.92899990082
16 4.84299993515
17 4.85500001907
18 4.87400007248
19 4.97399997711
20 5.14900016785
21 5.19099998474
22 5.21799993515
23 5.27799987793
24 5.30999994278
25 5.35699987411
26 5.41499996185
27 5.43800020218
28 5.50099992752
29 5.54899978638
30 5.59800004959
31 5.64400005341
32 5.65600013733
33 0.0
34 17.1490001678
35 17.1509990692
36 17.1480007172
37 0.0
38 0.0
39 0.0
40 17.2530002594
41 17.1840000153
42 17.0680007935
43 16.9979991913
44 16.5259990692
45 16.5380001068
46 16.5380001068
47 13.1540002823
48 13.0869998932
49 12.3479995728
50 11.9390001297
51 11.6140003204
52 11.607000351
53 11.6350002289
54 11.6140003204
55 11.3350000381
56 10.9940004349
57 10.4720001221
58 10.1129999161
59 8.3140001297
60 8.34399986267
61 8.20300006866
62 7.92100000381
63 7.63800001144
64 7.46099996567
65 7.25299978256
66 7.06699991226
67 6.90600013733
68 6.80000019073
69 6.77799987793
70 6.79899978638
71 6.82999992371
72 6.86000013351
73 6.87200021744
74 6.78900003433
75 6.63700008392
76 6.507999897
77 6.39300012589
78 6.26599979401
79 6.15100002289
80 5.23199987411
81 4.96099996567
82 4.86199998856
83 4.77199983597
84 4.6890001297
85 4.59700012207
86 4.53299999237
87 4.48299980164
88 4.38800001144
89 4.34600019455
90 4.26800012589
91 4.21299982071
92 4.16099977493
93 4.10799980164
94 4.04699993134
95 3.99000000954
96 3.94499993324
97 3.88599991798
98 3.84699988365
99 3.8029999733
100 3.76900005341
101 3.78099989891
102 3.81399989128
103 3.85500001907
104 3.86199998856
105 3.91700005531
106 3.95900011063
107 3.95000004768
108 3.91799998283
109 3.86899995804
110 3.83500003815
111 3.80500006676
112 3.77600002289
113 3.72900009155
114 3.6819999218
115 3.66300010681
116 3.63199996948
117 3.59800004959
118 3.56999993324
119 3.52099990845
120 3.49000000954
121 3.47900009155
122 3.44199991226
123 3.42199993134
124 3.41000008583
125 3.38700008392
126 3.43700003624
127 3.45499992371
128 3.49399995804
129 3.51999998093
130 3.56200003624
131 3.61500000954
132 3.67300009727
133 4.02400016785
134 4.08199977875
135 4.10400009155
136 4.13899993896
137 4.14900016785
138 4.1779999733
139 4.21199989319
140 4.25299978256
141 4.29500007629
142 4.30100011826
143 4.36100006104
144 4.38700008392
145 4.41900014877
146 4.47300004959
147 4.46999979019
148 4.51300001144
149 4.53999996185
150 4.53800010681
151 4.21400022507
152 4.29199981689
153 4.50099992752
154 3.26999998093
155 3.41300010681
156 4.72399997711
157 4.60200023651
158 4.5720000267
159 4.79799985886
160 4.84000015259
161 4.85599994659
162 4.88399982452
163 4.92700004578
164 4.96500015259
165 4.99900007248
166 5.02600002289
167 5.04199981689
168 3.13700008392
169 3.21799993515
170 3.36599993706
171 4.11299991608
172 4.91300010681
173 4.87400007248
174 4.85099983215
175 4.84899997711
176 4.82999992371
177 4.81799983978
178 4.83699989319
179 4.85900020599
180 4.87599992752
181 4.88999986649
182 4.82700014114
183 5.31500005722
184 5.46799993515
185 5.46999979019
186 5.50600004196
187 5.51300001144
188 4.61000013351
189 4.58699989319
190 5.57899999619
191 5.59100008011
192 3.64700007439
193 3.53200006485
194 4.06799983978
195 4.03999996185
196 5.68800020218
197 5.71000003815
198 5.74700021744
199 5.76000022888
200 5.78200006485
201 5.80900001526
202 5.8220000267
203 5.82800006866
204 5.83799982071
205 5.85699987411
206 5.86299991608
207 5.88999986649
208 5.87699985504
209 5.89200019836
210 5.15100002289
211 5.03299999237
212 5.03100013733
213 5.01499986649
214 5.00600004196
215 4.99900007248
216 4.99700021744
217 5.02299976349
218 5.19999980927
219 2.382999897
220 2.375
221 2.38199996948
222 5.22700023651
223 5.21000003815
224 5.24100017548
225 5.23799991608
226 5.24599981308
227 5.44099998474
228 5.62799978256
229 6.12799978256
230 6.15500020981
231 6.16800022125
232 6.1890001297
233 6.1939997673
234 6.20699977875
235 6.21500015259
236 6.23099994659
237 6.23099994659
238 6.22900009155
239 6.22300004959
240 6.22599983215
241 6.21700000763
242 6.25
243 6.23400020599
244 6.22200012207
245 6.22900009155
246 6.24100017548
247 6.23400020599
248 6.24900007248
249 6.25699996948
250 6.26399993896
251 6.27199983597
252 6.25099992752
253 6.27500009537
254 6.28499984741
255 6.25400018692
256 6.26200008392
257 6.26300001144
258 6.25899982452
259 6.25400018692
260 6.23699998856
261 6.25299978256
262 6.24100017548
263 6.22900009155
264 6.19999980927
265 6.20900011063
266 6.21899986267
267 6.21500015259
268 6.21700000763
269 6.23199987411
270 6.22100019455
271 6.20900011063
272 6.20300006866
273 6.12699985504
274 5.84299993515
275 5.77099990845
276 5.77299976349
277 5.75199985504
278 5.73500013351
279 5.72900009155
280 5.75299978256
281 5.75899982452
282 5.80900001526
283 5.96500015259
284 6.09499979019
285 6.07700014114
286 6.07800006866
287 6.04500007629
288 6.04400014877
289 6.04699993134
290 6.03399991989
291 6.007999897
292 5.98199987411
293 5.96899986267
294 5.95599985123
295 5.93800020218
296 5.92899990082
297 5.91599988937
298 5.90799999237
299 5.88199996948
300 5.86499977112
301 5.84600019455
302 5.82600021362
303 5.8220000267
304 5.8140001297
305 5.8029999733
306 5.79400014877
307 5.75899982452
308 5.73500013351
309 5.71799993515
310 5.69999980927
311 5.6890001297
312 5.62699985504
313 5.62699985504
314 5.60699987411
315 5.59100008011
316 5.57399988174
317 5.53700017929
318 5.51999998093
319 5.31599998474
320 5.09999990463
321 5.44099998474
322 5.44500017166
323 5.44000005722
324 5.42700004578
325 5.40100002289
326 5.36899995804
327 5.33199977875
328 5.30100011826
329 4.37900018692
330 4.0529999733
331 4.11800003052
332 5.02799987793
333 5.17299985886
334 5.13999986649
335 5.11499977112
336 5.08699989319
337 5.0640001297
338 5.05499982834
339 5.02699995041
340 4.96199989319
341 4.81699991226
342 4.96000003815
343 4.94199991226
344 4.90600013733
345 4.86199998856
346 4.84299993515
347 4.71000003815
348 4.5529999733
349 4.73299980164
350 4.71700000763
351 4.6810002327
352 4.66300010681
353 4.62400007248
354 4.58900022507
355 4.54799985886
356 4.32000017166
357 4.34899997711
358 4.49499988556
359 4.44199991226
360 4.43699979782
361 4.40199995041
362 4.39699983597
363 4.34999990463
364 4.32700014114
365 4.27600002289
366 4.24700021744
367 4.19600009918
368 4.18499994278
369 4.14900016785
370 4.09800004959
371 4.0689997673
372 4.02899980545
373 4.00199985504
374 3.97799992561
375 3.96799993515
376 3.92700004578
377 3.90300011635
378 3.86999988556
379 3.83500003815
380 3.82699990273
381 3.71199989319
382 3.61899995804
383 3.61100006104
384 3.55100011826
385 3.52900004387
386 3.50500011444
387 3.46000003815
388 3.42300009727
389 3.40400004387
390 3.36500000954
391 3.34299993515
392 3.30100011826
393 3.27399992943
394 3.27300000191
395 3.27099990845
396 3.30900001526
397 3.3259999752
398 3.37199997902
399 3.41400003433
400 3.44099998474
401 3.47699999809
402 3.51900005341
403 3.5680000782
404 3.60599994659
405 3.64800000191
406 3.67199993134
407 3.73900008202
408 3.74099993706
409 3.77399992943
410 3.82800006866
411 3.8789999485
412 3.94799995422
413 3.98000001907
414 4.06300020218
415 4.12300014496
416 4.16300010681
417 4.23000001907
418 4.3189997673
419 4.38199996948
420 4.4439997673
421 4.53100013733
422 4.60799980164
423 4.66099977493
424 4.72300004959
425 4.82299995422
426 4.90799999237
427 5.00500011444
428 5.11299991608
429 5.21600008011
430 5.30200004578
431 5.42999982834
432 5.52099990845
433 5.63199996948
434 5.76200008392
435 5.88800001144
436 6.01999998093
437 6.16800022125
438 6.31799983978
439 6.48199987411
440 6.5110001564
441 6.60400009155
442 6.47100019455
443 3.09999990463
444 3.04699993134
445 3.0490000248
446 3.02600002289
447 3.00900006294
448 3.007999897
449 3.0039999485
450 2.99499988556
451 2.9849998951
452 2.9849998951
453 2.97600007057
454 2.97699999809
455 2.98600006104
456 2.96300005913
457 2.96900010109
458 2.95900011063
459 2.95000004768
460 2.96700000763
461 2.9430000782
462 2.93899989128
463 2.9509999752
464 2.93499994278
465 2.9279999733
466 2.9240000248
467 2.93400001526
468 2.91199994087
469 2.91799998283
470 2.66499996185
471 2.62299990654
472 2.64899992943
473 2.65199995041
474 0.950999975204
475 0.697000026703
476 0.713999986649
477 0.940999984741
478 2.65599989891
479 2.625
480 2.63400006294
481 2.63700008392
482 2.66000008583
483 2.66000008583
484 2.65499997139
485 2.66300010681
486 2.66599988937
487 2.66899991035
488 2.66799998283
489 2.67899990082
490 2.82299995422
491 2.94799995422
492 2.93400001526
493 2.94099998474
494 2.95399999619
495 1.26900005341
496 1.15499997139
497 1.12600004673
498 1.13399994373
499 1.13600003719
500 1.12999999523
501 1.09399998188
502 1.12199997902
503 1.11099994183
504 1.11699998379
505 1.13199996948
506 1.11500000954
507 1.14699995518
508 1.15799999237
509 1.24100005627
510 1.26699995995
511 1.25800001621
512 1.23899996281
513 1.2460000515
514 1.25499999523
515 1.25499999523
516 1.26499998569
517 1.27400004864
518 1.38600003719
519 1.32299995422
520 3.12700009346
521 3.14800000191
522 3.15499997139
523 3.1819999218
524 0.945999979973
525 0.908999979496
526 0.917999982834
527 0.938000023365
528 3.05100011826
529 2.97600007057
530 2.94099998474
531 2.87599992752
532 2.81999993324
533 2.77200007439
534 2.72399997711
535 2.6970000267
536 2.96399998665
537 2.92600011826
538 0.0
539 0.0
540 0.0
