0 4.51900005341
1 4.44299983978
2 4.45699977875
3 4.48099994659
4 4.54199981689
5 4.64499998093
6 4.67600011826
7 4.70200014114
8 4.74300003052
9 4.76999998093
10 4.8029999733
11 4.83099985123
12 4.86199998856
13 4.89099979401
14 4.93800020218
15 4.9390001297
16 4.83599996567
17 4.86000013351
18 4.89099979401
19 4.96600008011
20 5.14900016785
21 5.19899988174
22 5.22900009155
23 5.27199983597
24 5.32600021362
25 5.36800003052
26 5.41400003433
27 5.45200014114
28 5.48699998856
29 5.54699993134
30 5.58599996567
31 5.64900016785
32 5.67700004578
33 0.0
34 17.1760005951
35 17.1270008087
36 17.158000946
37 0.0
38 0.0
39 0.0
40 17.2509994507
41 17.188999176
42 17.0659999847
43 17.0130004883
44 16.5209999084
45 16.5489997864
46 16.5410003662
47 13.1649999619
48 13.0860004425
49 12.329000473
50 11.9750003815
51 11.611000061
52 11.6020002365
53 11.6459999084
54 11.6300001144
55 11.3520002365
56 10.9809999466
57 10.4479999542
58 10.1040000916
59 8.32600021362
60 8.33800029755
61 8.21300029755
62 7.91400003433
63 7.64799976349
64 7.45800018311
65 7.25500011444
66 7.0689997673
67 6.90799999237
68 6.79500007629
69 6.78200006485
70 6.81799983978
71 6.83400011063
72 6.85699987411
73 6.87400007248
74 6.80200004578
75 6.63500022888
76 6.51599979401
77 6.40399980545
78 6.27199983597
79 6.16699981689
80 5.25
81 4.96799993515
82 4.85799980164
83 4.77699995041
84 4.67399978638
85 4.60900020599
86 4.54199981689
87 4.49100017548
88 4.42299985886
89 4.35300016403
90 4.28000020981
91 4.23000001907
92 4.16699981689
93 4.10200023651
94 4.02299976349
95 3.97199988365
96 3.94099998474
97 3.89899992943
98 3.84400010109
99 3.80500006676
100 3.77500009537
101 3.8069999218
102 3.82399988174
103 3.83899998665
104 3.88499999046
105 3.91000008583
106 3.94499993324
107 3.96600008011
108 3.93000006676
109 3.89599990845
110 3.82999992371
111 3.82399988174
112 3.76999998093
113 3.72799992561
114 3.69199991226
115 3.67899990082
116 3.61999988556
117 3.60599994659
118 3.56500005722
119 3.54800009727
120 3.5039999485
121 3.47199988365
122 3.45499992371
123 3.42700004578
124 3.40799999237
125 3.39400005341
126 3.43400001526
127 3.45199990273
128 3.48600006104
129 3.53800010681
130 3.58200001717
131 3.625
132 3.67499995232
133 4.04400014877
134 4.07100009918
135 4.09999990463
136 4.12900018692
137 4.15600013733
138 4.16800022125
139 4.23000001907
140 4.26300001144
141 4.26300001144
142 4.30200004578
143 4.35599994659
144 4.39599990845
145 4.43800020218
146 4.47900009155
147 4.49499988556
148 4.50099992752
149 4.51399993896
150 4.54799985886
151 4.20100021362
152 4.30200004578
153 4.62300014496
154 3.26999998093
155 3.42100000381
156 4.71500015259
157 4.59999990463
158 4.5560002327
159 4.80000019073
160 4.83300018311
161 4.86899995804
162 4.90299987793
163 4.94000005722
164 4.96400022507
165 5.007999897
166 5.02600002289
167 5.03700017929
168 3.16799998283
169 3.24699997902
170 3.38499999046
171 4.12200021744
172 4.92199993134
173 4.882999897
174 4.85900020599
175 4.83699989319
176 4.81799983978
177 4.83300018311
178 4.83500003815
179 4.86100006104
180 4.88100004196
181 4.90999984741
182 4.83099985123
183 5.31300020218
184 5.47700023651
185 5.49100017548
186 5.50400018692
187 5.51200008392
188 4.60699987411
189 4.56300020218
190 5.57399988174
191 5.59499979019
192 3.6400001049
193 3.53600001335
194 4.07600021362
195 4.04500007629
196 5.69000005722
197 5.73199987411
198 5.73199987411
199 5.74499988556
200 5.79799985886
201 5.80999994278
202 5.82000017166
203 5.84000015259
204 5.85699987411
205 5.85900020599
206 5.88100004196
207 5.88999986649
208 5.88899993896
209 5.91599988937
210 5.15999984741
211 5.02699995041
212 5.03399991989
213 5.02099990845
214 5.01399993896
215 5.00400018692
216 5.01000022888
217 5.02400016785
218 5.19999980927
219 2.38800001144
220 2.38599991798
221 2.39100003242
222 5.22700023651
223 5.21899986267
224 5.23199987411
225 5.23400020599
226 5.24900007248
227 5.44999980927
228 5.64900016785
229 6.14599990845
230 6.15899991989
231 6.16599988937
232 6.1779999733
233 6.19299983978
234 6.21600008011
235 6.21099996567
236 6.23000001907
237 6.22700023651
238 6.24700021744
239 6.23600006104
240 6.23299980164
241 6.22700023651
242 6.242000103
243 6.22300004959
244 6.22399997711
245 6.26000022888
246 6.2610001564
247 6.22499990463
248 6.26399993896
249 6.26599979401
250 6.26000022888
251 6.26599979401
252 6.25600004196
253 6.28399991989
254 6.28999996185
255 6.27199983597
256 6.27299976349
257 6.27299976349
258 6.26800012589
259 6.26399993896
260 6.22100019455
261 6.23699998856
262 6.23199987411
263 6.23600006104
264 6.21199989319
265 6.21700000763
266 6.24300003052
267 6.22300004959
268 6.2389998436
269 6.22499990463
270 6.20200014114
271 6.2389998436
272 6.21700000763
273 6.1360001564
274 5.85599994659
275 5.79699993134
276 5.75600004196
277 5.73500013351
278 5.73099994659
279 5.72599983215
280 5.75
281 5.77500009537
282 5.8109998703
283 5.95800018311
284 6.09299993515
285 6.08900022507
286 6.08699989319
287 6.08099985123
288 6.0640001297
289 6.05800008774
290 6.05499982834
291 6.01900005341
292 6.00400018692
293 5.98199987411
294 5.95900011063
295 5.95499992371
296 5.92299985886
297 5.91599988937
298 5.88800001144
299 5.882999897
300 5.88100004196
301 5.85099983215
302 5.82899999619
303 5.83699989319
304 5.80900001526
305 5.79799985886
306 5.79099988937
307 5.77500009537
308 5.74700021744
309 5.73500013351
310 5.70300006866
311 5.68400001526
312 5.66400003433
313 5.62799978256
314 5.60900020599
315 5.58799982071
316 5.56300020218
317 5.54500007629
318 5.51700019836
319 5.3220000267
320 5.10799980164
321 5.44999980927
322 5.46199989319
323 5.44999980927
324 5.41200017929
325 5.39900016785
326 5.37099981308
327 5.33699989319
328 5.30399990082
329 4.35400009155
330 4.04899978638
331 4.14200019836
332 5.00899982452
333 5.17299985886
334 5.15100002289
335 5.125
336 5.09899997711
337 5.0689997673
338 5.04899978638
339 5.02500009537
340 4.94500017166
341 4.83099985123
342 4.96500015259
343 4.94099998474
344 4.91300010681
345 4.87599992752
346 4.84600019455
347 4.72700023651
348 4.5720000267
349 4.73500013351
350 4.70599985123
351 4.68400001526
352 4.65100002289
353 4.62099981308
354 4.59499979019
355 4.57800006866
356 4.32100009918
357 4.38100004196
358 4.492000103
359 4.46500015259
360 4.4310002327
361 4.40700006485
362 4.41099977493
363 4.35900020599
364 4.32100009918
365 4.28800010681
366 4.25600004196
367 4.22599983215
368 4.18699979782
369 4.13700008392
370 4.09700012207
371 4.08199977875
372 4.0529999733
373 4.03200006485
374 3.99699997902
375 3.95399999619
376 3.94499993324
377 3.92100000381
378 3.882999897
379 3.84899997711
380 3.83400011063
381 3.71799993515
382 3.62800002098
383 3.59699988365
384 3.56699991226
385 3.51900005341
386 3.50300002098
387 3.47000002861
388 3.4430000782
389 3.40899991989
390 3.35599994659
391 3.33599996567
392 3.30900001526
393 3.27099990845
394 3.26799988747
395 3.27900004387
396 3.29399991035
397 3.32699990273
398 3.37299990654
399 3.41700005531
400 3.43000006676
401 3.47199988365
402 3.53600001335
403 3.57100009918
404 3.60700011253
405 3.63800001144
406 3.67499995232
407 3.71499991417
408 3.74799990654
409 3.78500008583
410 3.84500002861
411 3.90100002289
412 3.9430000782
413 4.007999897
414 4.0609998703
415 4.12699985504
416 4.18499994278
417 4.24399995804
418 4.30900001526
419 4.3860001564
420 4.43400001526
421 4.53000020981
422 4.60300016403
423 4.63999986649
424 4.7389998436
425 4.82100009918
426 4.92600011826
427 5.02199983597
428 5.11800003052
429 5.22100019455
430 5.32700014114
431 5.41699981689
432 5.52899980545
433 5.63800001144
434 5.76499986649
435 5.89400005341
436 6.03200006485
437 6.16900014877
438 6.33300018311
439 6.48799991608
440 6.50400018692
441 6.60799980164
442 6.46799993515
443 3.08999991417
444 3.06500005722
445 3.05200004578
446 3.03099989891
447 3.02300000191
448 3.03600001335
449 3.0150001049
450 3.00699996948
451 2.99000000954
452 3.00600004196
453 2.99799990654
454 2.99699997902
455 2.97699999809
456 2.96700000763
457 2.96600008011
458 2.97499990463
459 2.97000002861
460 2.95499992371
461 2.94099998474
462 2.95900011063
463 2.9430000782
464 2.93499994278
465 2.93000006676
466 2.94799995422
467 2.93300008774
468 2.92700004578
469 2.91799998283
470 2.66400003433
471 2.66000008583
472 2.65199995041
473 2.66700005531
474 0.950999975204
475 0.707000017166
476 0.722000002861
477 0.93599998951
478 2.66400003433
479 2.65400004387
480 2.65499997139
481 2.65599989891
482 2.67000007629
483 2.66100001335
484 2.67000007629
485 2.68400001526
486 2.66799998283
487 2.68099999428
488 2.66000008583
489 2.67100000381
490 2.83999991417
491 2.94000005722
492 2.9509999752
493 2.94799995422
494 1.48800003529
495 1.25899994373
496 1.16499996185
497 1.13800001144
498 1.13499999046
499 1.12399995327
500 1.11899995804
501 1.12199997902
502 1.12999999523
503 1.12199997902
504 1.13699996471
505 1.14499998093
506 1.13900005817
507 1.14699995518
508 1.20000004768
509 1.24800002575
510 1.25300002098
511 1.25199997425
512 1.26600003242
513 1.26999998093
514 1.24500000477
515 1.25600004196
516 1.27600002289
517 1.28199994564
518 1.33500003815
519 1.53999996185
520 3.12700009346
521 3.16000008583
522 3.16599988937
523 3.18300008774
524 0.944999992847
525 0.919000029564
526 0.92199999094
527 0.940999984741
528 3.04399991035
529 2.98900008202
530 2.9430000782
531 2.8900001049
532 2.82800006866
533 2.80100011826
534 2.74099993706
535 2.71199989319
536 2.96199989319
537 2.93300008774
538 0.0
539 0.0
540 0.0
