292 6.00299978256 0
291 6.01800012589 0
290 6.01399993896 0
289 6.04300022125 0
288 6.0529999733 0
287 2.42199993134 1
286 2.41799998283 1
285 2.39299988747 1
284 2.35800004005 1
283 2.23399996758 2
282 2.21199989319 2
281 2.17300009727 2
280 2.17600011826 2
279 2.12199997902 2
278 2.12199997902 2
277 2.1740000248 2
276 2.14800000191 2
275 2.14499998093 2
274 2.15599989891 2
273 2.16100001335 2
272 2.16799998283 2
271 2.21300005913 2
270 2.25500011444 2
269 2.33200001717 2
268 2.375 2
267 2.38700008392 2
266 2.39199995995 2
265 6.22499990463 3
264 6.22700023651 3
263 0.981000006199 4
262 0.866999983788 5
261 0.865999996662 5
260 0.935000002384 6
259 1.22000002861 7
258 2.00200009346 8
257 1.99000000954 8
256 2.00099992752 8
255 1.99500000477 8
254 2.0039999485 8
253 2.01200008392 8
252 2.02699995041 8
251 2.02399992943 8
250 2.02999997139 8
249 2.02999997139 8
248 2.01600003242 8
247 2.02099990845 8
246 2.02699995041 8
245 2.04399991035 8
244 2.08699989319 8
243 6.24900007248 9
242 6.24300003052 9
241 6.23299980164 9
