296 5.92100000381 0
295 5.9470000267 0
294 5.95499992371 0
293 5.98099994659 0
292 6.00299978256 0
291 6.01000022888 0
290 6.02400016785 0
289 6.04099988937 0
288 6.05100011826 0
287 2.40799999237 1
286 2.40400004387 1
285 2.40899991989 1
284 2.34999990463 1
283 2.22600007057 2
282 2.19600009918 2
281 2.17499995232 2
280 2.15300011635 2
279 2.14800000191 2
278 2.14599990845 2
277 2.16799998283 2
276 2.15700006485 2
275 2.16700005531 2
274 2.14100003242 2
273 2.15899991989 2
272 2.17700004578 2
271 2.19400000572 2
270 2.25 2
269 2.34200000763 2
268 2.37800002098 2
267 2.38499999046 2
266 2.40199995041 2
265 6.21700000763 3
264 6.23799991608 3
263 0.990999996662 4
262 0.879999995232 5
261 0.875 5
260 0.922999978065 6
259 1.23300004005 7
258 2.01300001144 8
257 2.00999999046 8
256 1.9960000515 8
255 1.99500000477 8
254 2.007999897 8
253 1.99800002575 8
252 2.00500011444 8
251 2.00500011444 8
250 2.00900006294 8
249 2.02399992943 8
248 2.01399993896 8
247 2.01200008392 8
246 2.03099989891 8
245 2.03099989891 8
244 2.08400011063 8
243 6.24499988556 9
242 6.242000103 9
241 6.21799993515 9
240 6.22399997711 9
239 6.21899986267 9
238 6.22300004959 9
