288 6.06199979782 0
287 2.4279999733 1
286 2.41599988937 1
285 2.40199995041 1
284 2.34699988365 1
283 2.24900007248 1
282 2.21499991417 1
281 2.18000006676 1
280 2.1779999733 1
279 2.132999897 1
278 2.14299988747 1
277 2.1400001049 1
276 2.14299988747 1
275 2.15499997139 1
274 2.1779999733 1
273 2.17700004578 1
272 2.18400001526 1
271 2.18300008774 1
270 2.24900007248 1
269 2.33100008965 1
268 2.36800003052 1
267 2.39800000191 1
266 2.40599989891 1
265 6.23600006104 2
264 6.23199987411 2
263 0.976999998093 3
262 0.882000029087 4
261 0.865999996662 4
260 0.931999981403 5
259 1.22599995136 6
258 2.00900006294 7
257 2.01600003242 7
256 2.01900005341 7
255 2.00900006294 7
254 2.01999998093 7
253 2.01099991798 7
252 2.007999897 7
251 2.01600003242 7
250 2.02900004387 7
249 2.02500009537 7
248 2.00999999046 7
247 2.04500007629 7
246 2.04099988937 7
245 2.04699993134 7
244 2.07800006866 7
243 6.22200012207 8
242 6.22700023651 8
241 6.23199987411 8
240 6.22200012207 8
239 6.21899986267 8
238 6.22300004959 8
