292 5.99300003052 0
291 6.02500009537 0
290 6.04400014877 0
289 6.05900001526 0
288 6.07000017166 0
287 2.42899990082 1
286 2.43000006676 1
285 2.41400003433 1
284 2.32399988174 1
283 2.23099994659 1
282 2.2009999752 1
281 2.18400001526 1
280 2.17100000381 1
279 2.15199995041 1
278 2.14299988747 1
277 2.132999897 1
276 2.14400005341 1
275 2.14299988747 1
274 2.16000008583 1
273 2.19099998474 1
272 2.19899988174 1
271 2.18700003624 1
270 2.25200009346 1
269 2.34800004959 1
268 2.36899995804 1
267 2.39499998093 1
266 2.40000009537 1
265 6.21400022507 2
264 6.22700023651 2
263 0.977999985218 3
262 0.888000011444 4
261 0.85900002718 4
260 0.919000029564 5
259 1.23000001907 6
258 1.99699997902 7
257 2.00600004196 7
256 2.01099991798 7
255 2.02200007439 7
254 2.01300001144 7
253 2.00099992752 7
252 2.02600002289 7
251 2.00300002098 7
250 2.0039999485 7
249 2.02900004387 7
248 2.02600002289 7
247 2.03399991989 7
246 2.04600000381 7
245 2.03800010681 7
244 2.06999993324 7
243 6.23400020599 8
242 6.21500015259 8
241 6.23099994659 8
240 6.21899986267 8
