292 5.99300003052 0
291 6.0110001564 0
290 6.04199981689 0
289 6.03299999237 0
288 6.05499982834 0
287 2.42100000381 1
286 2.41499996185 1
285 2.41899991035 1
284 2.35100007057 1
283 2.23200011253 2
282 2.21600008011 2
281 2.18799996376 2
280 2.15599989891 2
279 2.14199995995 2
278 2.13899993896 2
277 2.15000009537 2
276 2.14100003242 2
275 2.14199995995 2
274 2.16400003433 2
273 2.16700005531 2
272 2.1779999733 2
271 2.18499994278 2
270 2.23900008202 2
269 2.33299994469 2
268 2.3789999485 2
267 2.38599991798 2
266 2.40499997139 2
265 6.21199989319 3
264 6.21700000763 3
263 0.992999970913 4
262 0.874000012875 5
261 0.870999991894 5
260 0.922999978065 6
259 1.22399997711 7
258 2.01300001144 8
257 2.01699995995 8
256 2.01900005341 8
255 1.9960000515 8
254 2.0150001049 8
253 2.00999999046 8
252 2.01200008392 8
251 2.02200007439 8
250 2.007999897 8
249 2.03600001335 8
248 2.01600003242 8
247 2.01699995995 8
246 2.04500007629 8
245 2.0529999733 8
244 2.08599996567 8
243 6.22499990463 9
242 6.23500013351 9
241 6.21600008011 9
240 6.22300004959 9
