292 5.98500013351 0
291 6.02099990845 0
290 6.04400014877 0
289 6.05700016022 0
288 6.04699993134 0
287 2.43799996376 1
286 2.4240000248 1
285 2.39700007439 1
284 2.3220000267 1
283 2.22900009155 1
282 2.21799993515 1
281 2.20199990273 1
280 2.17199993134 1
279 2.14400005341 1
278 2.13499999046 1
277 2.14700007439 1
276 2.14599990845 1
275 2.14700007439 1
274 2.15199995041 1
273 2.17600011826 1
272 2.19499993324 1
271 2.1970000267 1
270 2.25200009346 1
269 2.34500002861 1
268 2.3710000515 1
267 2.37700009346 1
266 2.39599990845 1
265 6.22200012207 2
264 6.20499992371 2
263 0.986999988556 3
262 0.866999983788 4
261 0.879999995232 4
260 0.931999981403 5
259 1.22500002384 6
258 2.0039999485 7
257 2.00999999046 7
256 1.99300003052 7
255 2.01600003242 7
254 2.01399993896 7
253 2.00200009346 7
252 1.99500000477 7
251 2.01799988747 7
250 2.02099990845 7
249 2.01200008392 7
248 2.01900005341 7
247 2.03600001335 7
246 2.04999995232 7
245 2.04600000381 7
244 2.08100008965 7
243 6.21600008011 8
242 6.21799993515 8
241 6.22800016403 8
240 6.22499990463 8
