292 5.99399995804 0
291 6.01000022888 0
290 6.01399993896 0
289 6.05000019073 0
288 6.06799983978 0
287 2.41199994087 1
286 2.39299988747 1
285 2.40400004387 1
284 2.35599994659 1
283 2.23699998856 2
282 2.18799996376 2
281 2.19000005722 2
280 2.1740000248 2
279 2.125 2
278 2.15400004387 2
277 2.14700007439 2
276 2.15499997139 2
275 2.15100002289 2
274 2.17100000381 2
273 2.17700004578 2
272 2.19000005722 2
271 2.1930000782 2
270 2.2460000515 2
269 2.33299994469 2
268 2.382999897 2
267 2.40400004387 2
266 2.39800000191 2
265 6.23000001907 3
264 6.23600006104 3
263 0.97000002861 4
262 0.89200001955 5
261 0.873000025749 5
260 0.925000011921 6
259 1.21899998188 7
258 2.01099991798 8
257 2.01699995995 8
256 1.99800002575 8
255 1.99399995804 8
254 1.99699997902 8
253 2.02900004387 8
252 2.007999897 8
251 2.01600003242 8
250 2.02200007439 8
249 2.02699995041 8
248 2.0150001049 8
247 2.03299999237 8
246 2.04200005531 8
245 2.02200007439 8
244 2.07299995422 8
243 6.21999979019 9
