292 5.97900009155 0
291 5.99900007248 0
290 6.007999897 0
289 6.05800008774 0
288 6.04799985886 0
287 2.43000006676 1
286 2.39700007439 1
285 2.39800000191 1
284 2.33500003815 1
283 2.2349998951 1
282 2.19400000572 1
281 2.17199993134 1
280 2.17499995232 1
279 2.14199995995 1
278 2.11500000954 1
277 2.14800000191 1
276 2.13700008392 1
275 2.15700006485 1
274 2.15300011635 1
273 2.1740000248 1
272 2.19199991226 1
271 2.17100000381 1
270 2.23300004005 1
269 2.33200001717 1
268 2.36599993706 1
267 2.40300011635 1
266 2.41000008583 1
265 6.21199989319 2
264 6.22900009155 2
263 0.98400002718 3
262 0.875999987125 4
261 0.861000001431 4
260 0.925000011921 5
259 1.22300004959 6
258 1.98699998856 7
257 2.0039999485 7
256 2.0 7
255 2.00200009346 7
254 1.98699998856 7
253 2.00200009346 7
252 2.01699995995 7
251 2.01600003242 7
250 2.00500011444 7
249 2.02399992943 7
248 2.02699995041 7
247 2.03500008583 7
246 2.02800011635 7
245 2.04500007629 7
244 2.0680000782 7
243 6.21600008011 8
242 6.22499990463 8
241 6.23400020599 8
240 6.21600008011 8
239 6.23299980164 8
