292 5.99599981308 0
291 6.01599979401 0
290 6.03599977493 0
289 6.06199979782 0
288 6.07000017166 0
287 2.41799998283 1
286 2.41899991035 1
285 2.39499998093 1
284 2.32699990273 1
283 2.21499991417 2
282 2.21000003815 2
281 2.1779999733 2
280 2.16599988937 2
279 2.132999897 2
278 2.13100004196 2
277 2.13599991798 2
276 2.11899995804 2
275 2.15599989891 2
274 2.14100003242 2
273 2.18700003624 2
272 2.18700003624 2
271 2.18899989128 2
270 2.24799990654 2
269 2.33899998665 2
268 2.36400008202 2
267 2.375 2
266 2.39199995995 2
265 6.20900011063 3
264 6.21999979019 3
263 0.981000006199 4
262 0.861000001431 5
261 0.883000016212 5
260 0.912000000477 5
259 1.2120000124 6
258 1.99699997902 7
257 2.01099991798 7
256 2.00900006294 7
255 2.01099991798 7
254 1.99500000477 7
253 2.01099991798 7
252 1.99399995804 7
251 1.99699997902 7
250 2.0 7
249 2.02600002289 7
248 2.02699995041 7
247 2.02699995041 7
246 2.0490000248 7
245 2.04500007629 7
244 2.08200001717 7
243 6.22399997711 8
242 6.22399997711 8
241 6.20800018311 8
240 6.21999979019 8
