293 5.97800016403 0
292 6.01499986649 0
291 6.01200008392 0
290 6.04400014877 0
289 6.05800008774 0
288 6.07600021362 0
287 2.4470000267 1
286 2.41899991035 1
285 2.39800000191 1
284 2.35400009155 1
283 2.21900010109 2
282 2.20600008965 2
281 2.20499992371 2
280 2.15700006485 2
279 2.14899992943 2
278 2.14899992943 2
277 2.13800001144 2
276 2.13899993896 2
275 2.125 2
274 2.16499996185 2
273 2.18400001526 2
272 2.2009999752 2
271 2.19400000572 2
270 2.2460000515 2
269 2.34500002861 2
268 2.3789999485 2
267 2.39899992943 2
266 2.39100003242 2
265 6.22599983215 3
264 6.24700021744 3
263 0.986000001431 4
262 0.873000025749 5
261 0.865999996662 5
260 0.92199999094 6
259 1.21399998665 7
258 2.01300001144 8
257 2.02099990845 8
256 2.01099991798 8
255 1.99800002575 8
254 2.01900005341 8
253 2.01399993896 8
252 2.01399993896 8
251 2.0 8
250 2.01200008392 8
249 2.02900004387 8
248 2.03600001335 8
247 2.02699995041 8
246 2.04299998283 8
245 2.05100011826 8
244 2.07399988174 8
243 6.23000001907 9
242 6.22499990463 9
