292 5.99800014496 0
291 6.02199983597 0
290 6.04199981689 0
289 6.05200004578 0
288 6.05200004578 0
287 2.40700006485 1
286 2.42199993134 1
285 2.39199995995 1
284 2.33400011063 1
283 2.23200011253 1
282 2.20900011063 1
281 2.18300008774 1
280 2.15199995041 1
279 2.12199997902 1
278 2.11999988556 1
277 2.13800001144 1
276 2.13400006294 1
275 2.15899991989 1
274 2.15400004387 1
273 2.18499994278 1
272 2.18400001526 1
271 2.17100000381 1
270 2.24000000954 1
269 2.32100009918 1
268 2.375 1
267 2.39700007439 1
266 2.38499999046 1
265 6.21799993515 2
264 6.22700023651 2
263 0.972999989986 3
262 0.887000024319 4
261 0.875 4
260 0.915000021458 4
259 1.22000002861 5
258 1.99000000954 6
257 1.99399995804 6
256 2.007999897 6
255 1.99800002575 6
254 2.0150001049 6
253 1.99800002575 6
252 2.01300001144 6
251 1.99300003052 6
250 2.01300001144 6
249 2.02200007439 6
248 2.03399991989 6
247 2.02900004387 6
246 2.03299999237 6
245 2.04500007629 6
244 2.06599998474 6
243 6.23199987411 7
