292 5.96999979019 0
291 6.01900005341 0
290 6.02799987793 0
289 6.06699991226 0
288 6.07000017166 0
287 2.42899990082 1
286 2.4240000248 1
285 2.40599989891 1
284 2.35500001907 1
283 2.2349998951 2
282 2.19199991226 2
281 2.16100001335 2
280 2.16199994087 2
279 2.13599991798 2
278 2.12299990654 2
277 2.1400001049 2
276 2.14599990845 2
275 2.13400006294 2
274 2.15899991989 2
273 2.16000008583 2
272 2.18899989128 2
271 2.18899989128 2
270 2.24099993706 2
269 2.32899999619 2
268 2.39100003242 2
267 2.37299990654 2
266 2.40199995041 2
265 6.21099996567 3
264 6.21600008011 3
263 0.966000020504 4
262 0.89099997282 5
261 0.865999996662 5
260 0.930999994278 6
259 1.22500002384 7
258 1.99699997902 8
257 1.98699998856 8
256 1.99399995804 8
255 2.0150001049 8
254 2.0039999485 8
253 2.0150001049 8
252 2.0150001049 8
251 2.01999998093 8
250 2.00500011444 8
249 2.01099991798 8
248 2.00699996948 8
247 2.01099991798 8
246 2.04800009727 8
245 2.02699995041 8
244 2.06699991226 8
243 6.22700023651 9
242 6.23199987411 9
