293 5.95800018311 0
292 5.9889998436 0
291 6.0 0
290 6.02099990845 0
289 6.03900003433 0
288 6.07299995422 0
287 2.43400001526 1
286 2.41899991035 1
285 2.39599990845 1
284 2.34800004959 1
283 2.22000002861 2
282 2.19499993324 2
281 2.16300010681 2
280 2.14899992943 2
279 2.13899993896 2
278 2.14400005341 2
277 2.15400004387 2
276 2.14800000191 2
275 2.13599991798 2
274 2.15300011635 2
273 2.16199994087 2
272 2.18700003624 2
271 2.19099998474 2
270 2.24399995804 2
269 2.35700011253 3
268 2.37199997902 3
267 2.39400005341 3
266 2.39700007439 3
265 6.21299982071 4
264 6.21600008011 4
263 0.98400002718 5
262 0.889999985695 6
261 0.870000004768 6
260 0.921000003815 7
259 1.22500002384 8
258 2.00500011444 9
257 1.99000000954 9
256 2.0039999485 9
255 1.99699997902 9
254 2.00500011444 9
253 2.00999999046 9
252 2.01399993896 9
251 2.01699995995 9
250 2.02500009537 9
249 2.01200008392 9
248 2.01200008392 9
247 2.01600003242 9
246 2.03200006485 9
245 2.04600000381 9
244 2.07699990273 9
243 6.21299982071 10
242 6.24599981308 10
241 6.22900009155 10
240 6.21999979019 10
