291 5.99300003052 0
290 6.04199981689 0
289 6.05499982834 0
288 6.0689997673 0
287 2.42899990082 1
286 2.42000007629 1
285 2.42100000381 1
284 2.33899998665 1
283 2.21900010109 2
282 2.18700003624 2
281 2.19000005722 2
280 2.17499995232 2
279 2.14599990845 2
278 2.13700008392 2
277 2.16400003433 2
276 2.117000103 2
275 2.15000009537 2
274 2.15300011635 2
273 2.15799999237 2
272 2.17700004578 2
271 2.17700004578 2
270 2.25 2
269 2.35199999809 2
268 2.3789999485 2
267 2.36199998856 2
266 2.39599990845 2
265 6.21400022507 3
264 6.23699998856 3
263 0.98400002718 4
262 0.873000025749 5
261 0.875 5
260 0.929000020027 6
259 1.22699999809 7
258 1.99100005627 8
257 1.99399995804 8
256 2.00600004196 8
255 1.99300003052 8
254 1.99399995804 8
253 1.99800002575 8
252 2.01300001144 8
251 2.01600003242 8
250 2.02699995041 8
249 2.03200006485 8
248 2.03699994087 8
247 2.01099991798 8
246 2.04800009727 8
245 2.04600000381 8
244 2.06100010872 8
243 6.24399995804 9
242 6.21700000763 9
241 6.2389998436 9
