292 5.99300003052 0
291 6.01000022888 0
290 6.03499984741 0
289 6.03299999237 0
288 6.05399990082 0
287 2.40700006485 1
286 2.42000007629 1
285 2.42199993134 1
284 2.35500001907 1
283 2.20900011063 2
282 2.19000005722 2
281 2.1819999218 2
280 2.16199994087 2
279 2.12199997902 2
278 2.13100004196 2
277 2.16300010681 2
276 2.15700006485 2
275 2.13700008392 2
274 2.15000009537 2
273 2.18899989128 2
272 2.1819999218 2
271 2.18400001526 2
270 2.23699998856 2
269 2.33500003815 2
268 2.37199997902 2
267 2.40000009537 2
266 2.40400004387 2
265 6.22100019455 3
264 6.24399995804 3
263 0.98299998045 4
262 0.873000025749 5
261 0.870999991894 5
260 0.92199999094 6
259 1.22399997711 7
258 2.00500011444 8
257 2.01099991798 8
256 2.00600004196 8
255 1.98699998856 8
254 2.0 8
253 1.99699997902 8
252 2.00999999046 8
251 2.01799988747 8
250 2.02200007439 8
249 2.02699995041 8
248 2.03200006485 8
247 2.01999998093 8
246 2.04299998283 8
245 2.05599999428 8
244 2.06399989128 8
243 6.21099996567 9
242 6.22200012207 9
241 6.21099996567 9
240 6.21600008011 9
239 6.22599983215 9
