292 5.99700021744 0
291 6.02199983597 0
290 6.02799987793 0
289 6.04600000381 0
288 6.07100009918 0
287 2.43300008774 1
286 2.40199995041 1
285 2.39800000191 1
284 2.35100007057 1
283 2.23900008202 2
282 2.19600009918 2
281 2.18700003624 2
280 2.16899991035 2
279 2.15300011635 2
278 2.13000011444 2
277 2.14499998093 2
276 2.14199995995 2
275 2.1400001049 2
274 2.15100002289 2
273 2.16300010681 2
272 2.18799996376 2
271 2.1819999218 2
270 2.24900007248 2
269 2.32299995422 2
268 2.38499999046 2
267 2.39899992943 2
266 2.40300011635 2
265 6.22599983215 3
264 6.22399997711 3
263 0.981999993324 4
262 0.894999980927 5
261 0.875999987125 5
260 0.930999994278 6
259 1.22899997234 7
258 1.98599994183 8
257 2.00999999046 8
256 2.0150001049 8
255 2.00099992752 8
254 2.0150001049 8
253 2.00699996948 8
252 2.00500011444 8
251 2.01399993896 8
250 2.02399992943 8
249 2.01799988747 8
248 2.03099989891 8
247 2.03399991989 8
246 2.04200005531 8
245 2.03999996185 8
244 2.0720000267 8
243 6.22300004959 9
242 6.23500013351 9
241 6.20900011063 9
240 6.21999979019 9
239 6.21700000763 9
