292 5.99599981308 0
291 5.99300003052 0
290 6.01300001144 0
289 6.04300022125 0
288 6.06300020218 0
287 2.44000005722 1
286 2.41400003433 1
285 2.40899991989 1
284 2.34899997711 1
283 2.22699999809 2
282 2.21199989319 2
281 2.1779999733 2
280 2.17100000381 2
279 2.12299990654 2
278 2.1400001049 2
277 2.16000008583 2
276 2.13599991798 2
275 2.14700007439 2
274 2.16199994087 2
273 2.15799999237 2
272 2.18799996376 2
271 2.19199991226 2
270 2.24300003052 2
269 2.3259999752 2
268 2.382999897 2
267 2.40199995041 2
266 2.40700006485 2
265 6.22200012207 3
264 6.21400022507 3
263 0.985000014305 4
262 0.893999993801 5
261 0.875 5
260 0.916999995708 5
259 1.22099995613 6
258 1.9960000515 7
257 2.0150001049 7
256 2.00200009346 7
255 2.01399993896 7
254 1.9960000515 7
253 2.0150001049 7
252 1.99800002575 7
251 2.01399993896 7
250 2.00699996948 7
249 2.02099990845 7
248 2.01600003242 7
247 2.02999997139 7
246 2.02900004387 7
245 2.05100011826 7
244 2.06100010872 7
243 6.23199987411 8
242 6.23600006104 8
241 6.24800014496 8
240 6.22599983215 8
239 6.2389998436 8
