292 6.00099992752 0
291 6.007999897 0
290 6.03200006485 0
289 6.05900001526 0
288 6.07299995422 0
287 2.42899990082 1
286 2.41499996185 1
285 2.41300010681 1
284 2.35299992561 1
283 2.22000002861 2
282 2.18300008774 2
281 2.20499992371 2
280 2.17899990082 2
279 2.15000009537 2
278 2.15499997139 2
277 2.13899993896 2
276 2.14199995995 2
275 2.14499998093 2
274 2.17499995232 2
273 2.18899989128 2
272 2.16700005531 2
271 2.1819999218 2
270 2.24399995804 2
269 2.32899999619 2
268 2.38800001144 2
267 2.39100003242 2
266 2.40100002289 2
265 6.22800016403 3
264 6.22399997711 3
263 0.97000002861 4
262 0.879999995232 5
261 0.875 5
260 0.929000020027 6
259 1.22200000286 7
258 1.99000000954 8
257 2.00500011444 8
256 1.99699997902 8
255 1.99000000954 8
254 2.01200008392 8
253 2.00999999046 8
252 2.01200008392 8
251 2.01099991798 8
250 2.01799988747 8
249 2.00699996948 8
248 2.00600004196 8
247 2.03699994087 8
246 2.04099988937 8
245 2.06599998474 8
244 2.07500004768 8
243 6.24300003052 9
242 6.23000001907 9
241 6.21700000763 9
240 6.22300004959 9
