293 5.96600008011 0
292 6.00299978256 0
291 6.007999897 0
290 6.02899980545 0
289 6.05700016022 0
288 6.0720000267 0
287 2.41799998283 1
286 2.41799998283 1
285 2.39400005341 1
284 2.32899999619 1
283 2.21399998665 2
282 2.21199989319 2
281 2.16700005531 2
280 2.17600011826 2
279 2.12400007248 2
278 2.12199997902 2
277 2.14400005341 2
276 2.14100003242 2
275 2.13800001144 2
274 2.14599990845 2
273 2.16199994087 2
272 2.18700003624 2
271 2.18300008774 2
270 2.24000000954 2
269 2.35700011253 3
268 2.38800001144 3
267 2.39499998093 3
266 2.38499999046 3
265 6.21299982071 4
264 6.21600008011 4
263 0.98299998045 5
262 0.879000008106 6
261 0.873000025749 6
260 0.919000029564 7
259 1.22000002861 8
258 1.98899996281 9
257 2.01300001144 9
256 2.01399993896 9
255 2.01099991798 9
254 1.99000000954 9
253 2.00699996948 9
252 2.02500009537 9
251 2.01600003242 9
250 2.02099990845 9
249 2.00999999046 9
248 2.03299999237 9
247 2.02099990845 9
246 2.03900003433 9
245 2.04500007629 9
244 2.06599998474 9
243 6.21600008011 10
