289 6.03800010681 0
288 6.06599998474 0
287 2.43400001526 1
286 2.38400006294 1
285 2.38800001144 1
284 2.34200000763 1
283 2.21300005913 2
282 2.1740000248 2
281 2.1930000782 2
280 2.17899990082 2
279 2.14899992943 2
278 2.1400001049 2
277 2.13800001144 2
276 2.15300011635 2
275 2.13899993896 2
274 2.15000009537 2
273 2.14499998093 2
272 2.1740000248 2
271 2.18499994278 2
270 2.24099993706 2
269 2.32800006866 2
268 2.38400006294 2
267 2.382999897 2
266 2.39599990845 2
265 6.21600008011 3
264 6.23699998856 3
263 0.985000014305 4
262 0.869000017643 5
261 0.870999991894 5
260 0.92199999094 6
259 1.22200000286 7
258 1.98800003529 8
257 1.99300003052 8
256 2.0 8
255 2.007999897 8
254 2.00999999046 8
253 2.02500009537 8
252 2.01399993896 8
251 2.01300001144 8
250 2.02600002289 8
249 2.007999897 8
248 2.01300001144 8
247 2.04099988937 8
246 2.02300000191 8
245 2.04299998283 8
244 2.06200003624 8
243 6.23400020599 9
242 6.23000001907 9
241 6.22700023651 9
240 6.21199989319 9
239 6.21600008011 9
238 6.22700023651 9
