292 5.98400020599 0
291 6.01800012589 0
290 6.04099988937 0
289 6.05200004578 0
288 6.07100009918 0
287 2.42700004578 1
286 2.4240000248 1
285 2.41599988937 1
284 2.35400009155 1
283 2.23000001907 2
282 2.19799995422 2
281 2.19600009918 2
280 2.18300008774 2
279 2.15499997139 2
278 2.15599989891 2
277 2.14800000191 2
276 2.13599991798 2
275 2.13899993896 2
274 2.14299988747 2
273 2.15400004387 2
272 2.18799996376 2
271 2.20600008965 2
270 2.27300000191 2
269 2.35700011253 2
268 2.38499999046 2
267 2.40400004387 2
266 2.39499998093 2
265 6.22499990463 3
264 6.21700000763 3
263 0.990999996662 4
262 0.880999982357 5
261 0.879999995232 5
260 0.926999986172 6
259 1.21399998665 7
258 1.98800003529 8
257 1.9960000515 8
256 2.00999999046 8
255 2.007999897 8
254 2.00300002098 8
253 2.02200007439 8
252 2.02500009537 8
251 2.02800011635 8
250 2.02399992943 8
249 2.02300000191 8
248 2.01300001144 8
247 2.03699994087 8
246 2.03800010681 8
245 2.04999995232 8
244 2.06900000572 8
243 6.242000103 9
242 6.23600006104 9
241 6.22599983215 9
