292 6.00199985504 0
291 6.02500009537 0
290 6.02299976349 0
289 6.0529999733 0
288 6.03999996185 0
287 2.43499994278 1
286 2.40599989891 1
285 2.39800000191 1
284 2.33100008965 1
283 2.23000001907 1
282 2.21300005913 1
281 2.18400001526 1
280 2.17199993134 1
279 2.14199995995 1
278 2.14499998093 1
277 2.15799999237 1
276 2.12299990654 1
275 2.15199995041 1
274 2.16700005531 1
273 2.18600010872 1
272 2.19000005722 1
271 2.17600011826 1
270 2.24799990654 1
269 2.33699989319 1
268 2.37400007248 1
267 2.36599993706 1
266 2.40700006485 1
265 6.23400020599 2
264 6.23000001907 2
263 0.978999972343 3
262 0.878000020981 4
261 0.856999993324 4
260 0.922999978065 5
259 1.23099994659 6
258 1.99399995804 7
257 1.98899996281 7
256 2.0039999485 7
255 2.01399993896 7
254 1.99500000477 7
253 2.007999897 7
252 1.99399995804 7
251 2.00699996948 7
250 2.00500011444 7
249 2.02300000191 7
248 2.02500009537 7
247 2.02800011635 7
246 2.05200004578 7
245 2.04299998283 7
244 2.07500004768 7
243 6.24599981308 8
242 6.21500015259 8
