292 6.0 0
291 6.03000020981 0
290 6.02899980545 0
289 6.05900001526 0
288 6.04899978638 0
287 2.43300008774 1
286 2.39199995995 1
285 2.40599989891 1
284 2.35899996758 1
283 2.25 1
282 2.1779999733 1
281 2.18000006676 1
280 2.1740000248 1
279 2.14299988747 1
278 2.13400006294 1
277 2.12299990654 1
276 2.14100003242 1
275 2.14400005341 1
274 2.17199993134 1
273 2.16599988937 1
272 2.18600010872 1
271 2.18799996376 1
270 2.23000001907 1
269 2.32100009918 1
268 2.3599998951 1
267 2.40000009537 1
266 2.40100002289 1
265 6.23799991608 2
264 6.22499990463 2
263 0.976000010967 3
262 0.896000027657 4
261 0.876999974251 4
260 0.92199999094 5
259 1.24399995804 6
258 1.99199998379 7
257 1.99699997902 7
256 1.99300003052 7
255 2.01900005341 7
254 2.007999897 7
253 2.00600004196 7
252 1.9960000515 7
251 2.00300002098 7
250 2.007999897 7
249 2.00600004196 7
248 2.02500009537 7
247 2.03800010681 7
246 2.02300000191 7
245 2.04800009727 7
244 2.08599996567 7
243 6.21899986267 8
242 6.21299982071 8
241 6.21899986267 8
240 6.22499990463 8
