292 6.00099992752 0
291 6.0110001564 0
290 6.03100013733 0
289 6.04199981689 0
288 6.05999994278 0
287 2.4240000248 1
286 2.39700007439 1
285 2.40700006485 1
284 2.34899997711 1
283 2.22900009155 2
282 2.21199989319 2
281 2.17100000381 2
280 2.16799998283 2
279 2.132999897 2
278 2.12700009346 2
277 2.16400003433 2
276 2.1210000515 2
275 2.16199994087 2
274 2.16700005531 2
273 2.15599989891 2
272 2.18700003624 2
271 2.18600010872 2
270 2.25 2
269 2.33899998665 2
268 2.36800003052 2
267 2.36899995804 2
266 2.39400005341 2
265 6.21899986267 3
264 6.22800016403 3
263 0.975000023842 4
262 0.869000017643 5
261 0.875999987125 5
260 0.92199999094 6
259 1.21399998665 7
258 1.99000000954 8
257 1.98399996758 8
256 2.00500011444 8
255 2.01600003242 8
254 2.00200009346 8
253 2.00900006294 8
252 2.00699996948 8
251 1.9960000515 8
250 2.02399992943 8
249 2.00900006294 8
248 2.02699995041 8
247 2.02900004387 8
246 2.03800010681 8
245 2.04600000381 8
244 2.08500003815 8
243 6.22300004959 9
242 6.21999979019 9
241 6.21099996567 9
240 6.21899986267 9
