292 6.00199985504 0
291 6.02500009537 0
290 6.01599979401 0
289 6.07000017166 0
288 6.07100009918 0
287 2.42100000381 1
286 2.41100001335 1
285 2.40400004387 1
284 2.3599998951 1
283 2.24099993706 2
282 2.21399998665 2
281 2.19199991226 2
280 2.14899992943 2
279 2.14199995995 2
278 2.13899993896 2
277 2.16300010681 2
276 2.15000009537 2
275 2.14499998093 2
274 2.16199994087 2
273 2.19799995422 2
272 2.17499995232 2
271 2.20399999619 2
270 2.25500011444 2
269 2.32699990273 2
268 2.38199996948 2
267 2.39599990845 2
266 2.40700006485 2
265 6.22399997711 3
264 6.24300003052 3
263 0.98400002718 4
262 0.882000029087 5
261 0.878000020981 5
260 0.925999999046 6
259 1.22599995136 7
258 1.99300003052 8
257 2.0039999485 8
256 1.99199998379 8
255 1.99500000477 8
254 2.01900005341 8
253 2.00200009346 8
252 2.0150001049 8
251 2.01799988747 8
250 2.02900004387 8
249 2.01999998093 8
248 2.01399993896 8
247 2.01699995995 8
246 2.02099990845 8
245 2.0490000248 8
244 2.06699991226 8
243 6.22100019455 9
