288 6.0689997673 0
287 2.43700003624 1
286 2.40400004387 1
285 2.40300011635 1
284 2.35500001907 1
283 2.242000103 2
282 2.18799996376 2
281 2.19799995422 2
280 2.17000007629 2
279 2.15000009537 2
278 2.14199995995 2
277 2.17100000381 2
276 2.13599991798 2
275 2.15300011635 2
274 2.17000007629 2
273 2.19400000572 2
272 2.19400000572 2
271 2.19000005722 2
270 2.25600004196 2
269 2.34200000763 2
268 2.375 2
267 2.36599993706 2
266 2.40799999237 2
265 6.21899986267 3
264 6.24900007248 3
263 0.987999975681 4
262 0.867999970913 5
261 0.85900002718 5
260 0.925000011921 6
259 1.22599995136 7
258 2.00699996948 8
257 2.01200008392 8
256 2.00600004196 8
255 2.01399993896 8
254 2.01200008392 8
253 2.01799988747 8
252 2.00099992752 8
251 2.00200009346 8
250 2.01300001144 8
249 2.02600002289 8
248 2.0150001049 8
247 2.01799988747 8
246 2.0490000248 8
245 2.06399989128 8
244 2.08100008965 8
243 6.23699998856 9
242 6.24700021744 9
241 6.21899986267 9
240 6.21899986267 9
239 6.23099994659 9
238 6.2389998436 9
