288 6.04600000381 0
287 2.42300009727 1
286 2.38800001144 1
285 2.39599990845 1
284 2.34800004959 1
283 2.21700000763 2
282 2.1779999733 2
281 2.18799996376 2
280 2.16799998283 2
279 2.13499999046 2
278 2.14199995995 2
277 2.14499998093 2
276 2.15799999237 2
275 2.1400001049 2
274 2.13899993896 2
273 2.1740000248 2
272 2.18400001526 2
271 2.19600009918 2
270 2.2650001049 2
269 2.34100008011 2
268 2.37400007248 2
267 2.40000009537 2
266 2.40899991989 2
265 6.23600006104 3
264 6.23600006104 3
263 0.986000001431 4
262 0.894999980927 5
261 0.874000012875 5
260 0.929000020027 6
259 1.20599997044 7
258 2.00300002098 8
257 2.01200008392 8
256 2.01699995995 8
255 2.01900005341 8
254 1.99800002575 8
253 1.99199998379 8
252 2.00200009346 8
251 2.02800011635 8
250 2.01999998093 8
249 2.007999897 8
248 2.02500009537 8
247 2.03900003433 8
246 2.04999995232 8
245 2.05100011826 8
244 2.08400011063 8
243 6.21899986267 9
242 6.21899986267 9
241 6.24399995804 9
240 6.23500013351 9
239 6.21400022507 9
238 6.24599981308 9
