293 5.96999979019 0
292 6.00500011444 0
291 5.99800014496 0
290 6.03000020981 0
289 6.05200004578 0
288 6.07600021362 0
287 2.44199991226 1
286 2.42100000381 1
285 2.41199994087 1
284 2.35100007057 1
283 2.22000002861 2
282 2.21000003815 2
281 2.16499996185 2
280 2.18400001526 2
279 2.15700006485 2
278 2.15599989891 2
277 2.15700006485 2
276 2.14899992943 2
275 2.14400005341 2
274 2.14700007439 2
273 2.15199995041 2
272 2.16899991035 2
271 2.20799994469 2
270 2.26300001144 2
269 2.35599994659 2
268 2.38599991798 2
267 2.39400005341 2
266 2.39599990845 2
265 6.21199989319 3
264 6.21299982071 3
263 0.976000010967 4
262 0.902000010014 5
261 0.878000020981 5
260 0.921000003815 6
259 1.2159999609 7
258 1.99100005627 8
257 1.98599994183 8
256 1.98699998856 8
255 2.01699995995 8
254 2.0039999485 8
253 2.01999998093 8
252 1.9960000515 8
251 2.02699995041 8
250 2.007999897 8
249 2.00999999046 8
248 2.02800011635 8
247 2.04299998283 8
246 2.05100011826 8
245 2.04299998283 8
244 2.0720000267 8
243 6.24800014496 9
242 6.22100019455 9
241 6.23000001907 9
240 6.22200012207 9
