292 6.01200008392 0
291 5.99499988556 0
290 6.02799987793 0
289 6.04199981689 0
288 6.05100011826 0
287 2.43899989128 1
286 2.42199993134 1
285 2.41000008583 1
284 2.35100007057 1
283 2.23699998856 2
282 2.19000005722 2
281 2.18300008774 2
280 2.17499995232 2
279 2.13899993896 2
278 2.11999988556 2
277 2.13000011444 2
276 2.1210000515 2
275 2.14700007439 2
274 2.14800000191 2
273 2.17499995232 2
272 2.16499996185 2
271 2.1819999218 2
270 2.27099990845 2
269 2.35500001907 2
268 2.375 2
267 2.38599991798 2
266 2.38499999046 2
265 6.21099996567 3
264 6.22700023651 3
263 0.977999985218 4
262 0.874000012875 5
261 0.879000008106 5
260 0.926999986172 6
259 1.22200000286 7
258 1.98599994183 8
257 2.01200008392 8
256 1.99300003052 8
255 2.01999998093 8
254 1.99500000477 8
253 2.01099991798 8
252 1.99699997902 8
251 2.02099990845 8
250 2.01999998093 8
249 2.00999999046 8
248 2.01399993896 8
247 2.01600003242 8
246 2.03800010681 8
245 2.06299996376 8
244 2.07100009918 8
243 6.23799991608 9
242 6.23500013351 9
