0 4.50299978256
1 4.42299985886
2 4.45399999619
3 4.47700023651
4 4.53800010681
5 4.66200017929
6 4.67600011826
7 4.70399999619
8 4.73999977112
9 4.76300001144
10 4.79799985886
11 4.8220000267
12 4.86499977112
13 4.89400005341
14 4.91900014877
15 4.9310002327
16 4.82700014114
17 4.85599994659
18 4.88500022888
19 4.96700000763
20 5.13899993896
21 5.17999982834
22 5.23199987411
23 5.27899980545
24 5.30399990082
25 5.35500001907
26 5.40199995041
27 5.45599985123
28 5.492000103
29 5.55200004578
30 5.59800004959
31 5.6360001564
32 5.6779999733
33 0.0
34 17.1490001678
35 17.1480007172
36 17.1480007172
37 0.0
38 0.0
39 0.0
40 17.2280006409
41 17.1790008545
42 17.0709991455
43 17.0039997101
44 16.5200004578
45 16.5499992371
46 16.5160007477
47 13.1540002823
48 13.0609998703
49 12.3439998627
50 11.970000267
51 11.5959997177
52 11.6190004349
53 11.6300001144
54 11.6120004654
55 11.3489999771
56 10.986000061
57 10.4469995499
58 10.1099996567
59 8.34200000763
60 8.33199977875
61 8.20199966431
62 7.90399980545
63 7.64499998093
64 7.43400001526
65 7.24300003052
66 7.05800008774
67 6.90299987793
68 6.78800010681
69 6.77099990845
70 6.79899978638
71 6.8189997673
72 6.84700012207
73 6.8639998436
74 6.78499984741
75 6.63399982452
76 6.5110001564
77 6.38700008392
78 6.27299976349
79 6.16300010681
80 5.24100017548
81 4.95699977875
82 4.85099983215
83 4.76700019836
84 4.69199991226
85 4.59899997711
86 4.53100013733
87 4.47599983215
88 4.41300010681
89 4.33699989319
90 4.27299976349
91 4.21000003815
92 4.15700006485
93 4.11100006104
94 4.03800010681
95 3.96799993515
96 3.92300009727
97 3.89299988747
98 3.84400010109
99 3.79999995232
100 3.76600003242
101 3.79699993134
102 3.82800006866
103 3.86400008202
104 3.88199996948
105 3.90799999237
106 3.94499993324
107 3.95900011063
108 3.92300009727
109 3.88899993896
110 3.85899996758
111 3.80599999428
112 3.76699995995
113 3.73000001907
114 3.69499993324
115 3.67199993134
116 3.63800001144
117 3.59299993515
118 3.55900001526
119 3.53999996185
120 3.5039999485
121 3.47099995613
122 3.44899988174
123 3.42199993134
124 3.41000008583
125 3.382999897
126 3.43000006676
127 3.45000004768
128 3.492000103
129 3.53699994087
130 3.56900000572
131 3.61400008202
132 3.66400003433
133 4.03700017929
134 4.05800008774
135 4.09200000763
136 4.12900018692
137 4.15799999237
138 4.16499996185
139 4.19500017166
140 4.25400018692
141 4.26000022888
142 4.3060002327
143 4.35699987411
144 4.39499998093
145 4.42700004578
146 4.46999979019
147 4.50199985504
148 4.50899982452
149 4.53900003433
150 4.55000019073
151 4.19000005722
152 4.29500007629
153 4.58500003815
154 3.2650001049
155 3.40899991989
156 4.72499990463
157 4.59899997711
158 4.54899978638
159 4.78999996185
160 4.84000015259
161 4.85900020599
162 4.89599990845
163 4.92600011826
164 4.96299982071
165 4.99599981308
166 5.01200008392
167 5.04099988937
168 3.15000009537
169 3.22199988365
170 3.36400008202
171 4.09299993515
172 4.90700006485
173 4.88500022888
174 4.86100006104
175 4.84299993515
176 4.8220000267
177 4.81300020218
178 4.82399988174
179 4.85900020599
180 4.86800003052
181 4.90700006485
182 4.8140001297
183 5.33199977875
184 5.46700000763
185 5.47900009155
186 5.50400018692
187 5.51499986649
188 4.59200000763
189 4.57299995422
190 5.57299995422
191 5.58799982071
192 3.63400006294
193 3.51799988747
194 4.07899999619
195 4.03999996185
196 5.70399999619
197 5.71099996567
198 5.757999897
199 5.74599981308
200 5.76900005341
201 5.78700017929
202 5.81599998474
203 5.83699989319
204 5.84999990463
205 5.87200021744
206 5.86899995804
207 5.8860001564
208 5.89499998093
209 5.89300012589
210 5.92700004578
211 5.9390001297
212 5.53999996185
213 5.10900020599
214 5.03200006485
215 5.04500007629
216 5.03499984741
217 5.02699995041
218 5.04099988937
219 5.0529999733
220 5.12599992752
221 5.77199983597
222 5.38899993896
223 5.22800016403
224 5.28599977493
225 5.36100006104
226 5.34800004959
227 5.35099983215
228 5.26800012589
229 5.29899978638
230 5.56500005722
231 6.01000022888
232 6.15799999237
233 6.19799995422
234 6.20399999619
235 6.19600009918
236 6.20800018311
237 6.21600008011
238 6.22599983215
239 6.21299982071
240 6.22800016403
241 6.23400020599
242 6.22900009155
243 6.22599983215
244 6.21999979019
245 6.22200012207
246 6.25600004196
247 6.242000103
248 6.25199985504
249 6.25400018692
250 6.26900005341
251 6.27500009537
252 6.25699996948
253 6.2610001564
254 6.25699996948
255 6.25899982452
256 6.25699996948
257 6.25899982452
258 6.25
259 6.24499988556
260 6.25299978256
261 6.24700021744
262 6.22300004959
263 6.20800018311
264 6.23299980164
265 6.21500015259
266 6.23699998856
267 6.19600009918
268 6.22399997711
269 6.23400020599
270 6.23299980164
271 6.20900011063
272 6.20699977875
273 6.13000011444
274 5.85300016403
275 5.77500009537
276 5.75400018692
277 5.73500013351
278 5.72900009155
279 5.72900009155
280 5.74499988556
281 5.76399993896
282 5.80000019073
283 5.94299983978
284 6.0689997673
285 6.06199979782
286 6.08099985123
287 6.04799985886
288 6.06699991226
289 6.05200004578
290 6.01700019836
291 6.0
292 6.00699996948
293 5.95499992371
294 5.95599985123
295 5.94600009918
296 5.92100000381
297 5.90100002289
298 5.89499998093
299 5.875
300 5.85200023651
301 5.85699987411
302 5.83099985123
303 5.81199979782
304 5.80200004578
305 5.79400014877
306 5.79400014877
307 5.77600002289
308 5.73199987411
309 5.70399999619
310 5.69799995422
311 5.67199993134
312 5.65299987793
313 5.61199998856
314 5.60500001907
315 5.59000015259
316 5.20699977875
317 4.88399982452
318 5.46600008011
319 5.50400018692
320 5.48799991608
321 5.46899986267
322 5.45300006866
323 5.42500019073
324 5.39699983597
325 5.34700012207
326 5.02299976349
327 5.30900001526
328 5.29500007629
329 4.36000013351
330 4.04899978638
331 4.11899995804
332 5.01800012589
333 5.16900014877
334 5.1360001564
335 5.11600017548
336 5.09100008011
337 5.07499980927
338 5.03900003433
339 5.03399991989
340 4.95399999619
341 4.82299995422
342 4.96199989319
343 4.93800020218
344 4.89400005341
345 4.87400007248
346 4.83500003815
347 4.69999980927
348 4.5640001297
349 4.72800016403
350 4.71500015259
351 4.6859998703
352 4.65999984741
353 4.62599992752
354 4.59999990463
355 4.56199979782
356 4.29899978638
357 4.36199998856
358 4.49100017548
359 4.46299982071
360 4.44199991226
361 4.41800022125
362 4.40899991989
363 4.36800003052
364 4.30999994278
365 4.26000022888
366 4.23199987411
367 4.19299983978
368 4.15700006485
369 4.15500020981
370 4.11299991608
371 4.08900022507
372 4.04899978638
373 4.01300001144
374 3.98000001907
375 3.95499992371
376 3.91499996185
377 3.88899993896
378 3.86500000954
379 3.85899996758
380 3.82800006866
381 3.71799993515
382 3.64100003242
383 3.60100007057
384 3.5680000782
385 3.51999998093
386 3.50200009346
387 3.44499993324
388 3.42199993134
389 3.39599990845
390 3.36999988556
391 3.34400010109
392 3.3029999733
393 3.29500007629
394 3.26399993896
395 3.27200007439
396 3.29600000381
397 3.32299995422
398 3.36800003052
399 3.41199994087
400 3.44199991226
401 3.47799992561
402 3.50699996948
403 3.5569999218
404 3.58699989319
405 3.64100003242
406 3.66899991035
407 3.72000002861
408 3.75099992752
409 3.78500008583
410 3.84999990463
411 3.88499999046
412 3.94799995422
413 3.97399997711
414 4.07100009918
415 4.12200021744
416 4.18300008774
417 4.21799993515
418 4.31500005722
419 4.37599992752
420 4.44999980927
421 4.51499986649
422 4.58599996567
423 4.66099977493
424 4.73000001907
425 4.81199979782
426 4.92600011826
427 5.007999897
428 5.12599992752
429 5.21700000763
430 5.32299995422
431 5.41800022125
432 5.52299976349
433 5.63800001144
434 5.76300001144
435 5.88899993896
436 6.02299976349
437 6.15399980545
438 6.32700014114
439 6.47900009155
440 6.50500011444
441 6.60099983215
442 6.44799995422
443 3.05999994278
444 3.04999995232
445 3.04399991035
446 3.02699995041
447 3.01699995995
448 3.01699995995
449 3.01099991798
450 3.01399993896
451 3.00699996948
452 2.992000103
453 2.97600007057
454 2.97699999809
455 2.98000001907
456 2.96000003815
457 2.96399998665
458 2.95499992371
459 2.9430000782
460 2.94199991226
461 2.94099998474
462 2.93799996376
463 2.93400001526
464 2.93799996376
465 2.92499995232
466 2.93600010872
467 2.91799998283
468 2.91799998283
469 2.92000007629
470 2.66199994087
471 2.65799999237
472 2.66400003433
473 2.64100003242
474 0.948000013828
475 0.705999970436
476 0.72000002861
477 0.925000011921
478 2.64599990845
479 2.66700005531
480 2.64599990845
481 2.64499998093
482 2.66400003433
483 2.67199993134
484 2.66100001335
485 2.66000008583
486 2.66000008583
487 2.65799999237
488 2.66599988937
489 2.67499995232
490 2.83400011063
491 2.93499994278
492 2.94099998474
493 2.9430000782
494 2.94600009918
495 2.95900011063
496 2.9430000782
497 2.96499991417
498 2.96199989319
499 2.98399996758
500 2.96099996567
501 2.96700000763
502 2.98600006104
503 2.99399995804
504 2.97799992561
505 3.00900006294
506 3.00200009346
507 3.02900004387
508 3.02999997139
509 3.0150001049
510 3.04399991035
511 3.04399991035
512 3.04600000381
513 3.05800008774
514 3.06900000572
515 3.07999992371
516 3.07899999619
517 3.09800004959
518 3.117000103
519 3.10299992561
520 3.12299990654
521 3.14800000191
522 3.15300011635
523 3.1740000248
524 0.92199999094
525 0.92199999094
526 0.916999995708
527 0.936999976635
528 3.04299998283
529 2.98699998856
530 2.93700003624
531 2.875
532 2.83999991417
533 2.77099990845
534 2.73000001907
535 2.70199990273
536 2.96700000763
537 2.92600011826
538 0.0
539 0.0
540 0.0
