0 4.50699996948
1 4.44199991226
2 4.44600009918
3 4.46199989319
4 4.50699996948
5 4.65399980545
6 4.66300010681
7 4.69500017166
8 4.72599983215
9 4.76200008392
10 4.78599977493
11 4.83300018311
12 4.867000103
13 4.89300012589
14 4.92999982834
15 4.93800020218
16 4.84000015259
17 4.83900022507
18 4.882999897
19 4.95499992371
20 5.13700008392
21 5.18800020218
22 5.22200012207
23 5.27099990845
24 5.30499982834
25 5.34299993515
26 5.40899991989
27 5.45399999619
28 5.50899982452
29 5.55900001526
30 5.59499979019
31 5.63800001144
32 5.65700006485
33 0.0
34 17.1599998474
35 17.1369991302
36 17.1520004272
37 0.0
38 0.0
39 0.0
40 17.2290000916
41 17.1749992371
42 17.0699996948
43 17.0009994507
44 16.5279998779
45 16.5419998169
46 16.5149993896
47 13.1610002518
48 13.0690002441
49 12.3140001297
50 11.9549999237
51 11.5810003281
52 11.595000267
53 11.6300001144
54 11.6149997711
55 11.3389997482
56 10.9940004349
57 10.4729995728
58 10.107000351
59 8.31599998474
60 8.33300018311
61 8.19799995422
62 7.90799999237
63 7.62799978256
64 7.44799995422
65 7.2389998436
66 7.0560002327
67 6.90600013733
68 6.78900003433
69 6.78800010681
70 6.79500007629
71 6.82600021362
72 6.85300016403
73 6.87099981308
74 6.79500007629
75 6.64799976349
76 6.50600004196
77 6.37900018692
78 6.26300001144
79 6.14400005341
80 5.21000003815
81 4.96500015259
82 4.85099983215
83 4.76999998093
84 4.67500019073
85 4.61000013351
86 4.54500007629
87 4.47399997711
88 4.41800022125
89 4.34000015259
90 4.2610001564
91 4.19500017166
92 4.14099979401
93 4.117000103
94 4.03499984741
95 3.98399996758
96 3.93600010872
97 3.8900001049
98 3.85299992561
99 3.8069999218
100 3.76099991798
101 3.77999997139
102 3.82899999619
103 3.82999992371
104 3.86199998856
105 3.90100002289
106 3.94000005722
107 3.95799994469
108 3.90499997139
109 3.89199995995
110 3.84500002861
111 3.7990000248
112 3.76200008392
113 3.72000002861
114 3.6930000782
115 3.65300011635
116 3.61400008202
117 3.58999991417
118 3.5759999752
119 3.53800010681
120 3.48900008202
121 3.45700001717
122 3.42899990082
123 3.41400003433
124 3.39499998093
125 3.40000009537
126 3.41199994087
127 3.45900011063
128 3.47900009155
129 3.51699995995
130 3.56100010872
131 3.61500000954
132 3.65899991989
133 4.00199985504
134 4.06300020218
135 4.09100008011
136 4.125
137 4.15100002289
138 4.1970000267
139 4.21899986267
140 4.25199985504
141 4.27600002289
142 4.28900003433
143 4.33799982071
144 4.382999897
145 4.41900014877
146 4.44000005722
147 4.49700021744
148 4.51999998093
149 4.53000020981
150 4.54300022125
151 4.19299983978
152 4.3140001297
153 4.57000017166
154 3.26399993896
155 3.41400003433
156 4.71299982071
157 4.59299993515
158 4.56599998474
159 4.78800010681
160 4.83099985123
161 4.85799980164
162 4.89799976349
163 4.92399978638
164 4.96400022507
165 4.99399995804
166 5.02799987793
167 5.03900003433
168 3.13599991798
169 3.22000002861
170 3.36599993706
171 4.09399986267
172 4.91200017929
173 4.87699985504
174 4.85300016403
175 4.83199977875
176 4.81799983978
177 4.81199979782
178 4.82899999619
179 4.83400011063
180 4.87599992752
181 4.90100002289
182 4.81500005722
183 5.30999994278
184 5.46099996567
185 5.47300004959
186 5.48699998856
187 5.50199985504
188 4.61899995804
189 4.57999992371
190 5.55100011826
191 5.59200000763
192 3.63400006294
193 3.53200006485
194 4.06599998474
195 4.04500007629
196 5.68400001526
197 5.71700000763
198 5.72900009155
199 5.77199983597
200 5.77099990845
201 5.79699993134
202 5.80999994278
203 5.8189997673
204 5.82600021362
205 5.85500001907
206 5.84999990463
207 5.88100004196
208 5.88100004196
209 5.91699981689
210 5.92199993134
211 5.9310002327
212 5.507999897
213 5.09600019455
214 5.04699993134
215 5.03499984741
216 5.02500009537
217 5.03800010681
218 5.03800010681
219 5.04699993134
220 5.117000103
221 5.73400020599
222 5.39799976349
223 5.22900009155
224 5.26399993896
225 5.34700012207
226 5.34299993515
227 5.35500001907
228 5.27899980545
229 5.3189997673
230 5.5689997673
231 5.98500013351
232 6.15399980545
233 6.17700004578
234 6.20599985123
235 6.21299982071
236 6.22100019455
237 6.21999979019
238 6.22300004959
239 6.22300004959
240 6.21799993515
241 6.22399997711
242 6.21999979019
243 6.22499990463
244 6.23500013351
245 6.22300004959
246 6.24499988556
247 6.22499990463
248 6.22800016403
249 6.23999977112
250 6.23799991608
251 6.27600002289
252 6.25500011444
253 6.25699996948
254 6.28700017929
255 6.26700019836
256 6.27099990845
257 6.27500009537
258 6.24300003052
259 6.25899982452
260 6.22800016403
261 6.25099992752
262 6.21099996567
263 6.24300003052
264 6.21500015259
265 6.21299982071
266 6.22399997711
267 6.23199987411
268 6.21500015259
269 6.19600009918
270 6.23699998856
271 6.19899988174
272 6.21099996567
273 6.12799978256
274 5.83599996567
275 5.77600002289
276 5.75500011444
277 5.74300003052
278 5.71600008011
279 5.71899986267
280 5.73099994659
281 5.76900005341
282 5.79699993134
283 5.9439997673
284 6.08300018311
285 6.07700014114
286 6.07600021362
287 6.07000017166
288 6.04699993134
289 6.04099988937
290 6.03900003433
291 6.01800012589
292 5.98000001907
293 5.97300004959
294 5.96500015259
295 5.9470000267
296 5.92999982834
297 5.90199995041
298 5.88100004196
299 5.87300014496
300 5.85500001907
301 5.83099985123
302 5.84999990463
303 5.8140001297
304 5.81699991226
305 5.80000019073
306 5.77799987793
307 5.77899980545
308 5.75400018692
309 5.71400022507
310 5.69500017166
311 5.65999984741
312 5.63100004196
313 5.61000013351
314 5.60799980164
315 5.56300020218
316 5.20200014114
317 4.88100004196
318 5.47100019455
319 5.50199985504
320 5.48799991608
321 5.45900011063
322 5.4390001297
323 5.42199993134
324 5.41499996185
325 5.34999990463
326 5.02500009537
327 5.30800008774
328 5.30900001526
329 4.35500001907
330 4.04199981689
331 4.11600017548
332 5.02199983597
333 5.16599988937
334 5.13199996948
335 5.11899995804
336 5.09399986267
337 5.05700016022
338 5.03999996185
339 5.02500009537
340 4.9359998703
341 4.81599998474
342 4.96700000763
343 4.93800020218
344 4.90000009537
345 4.86000013351
346 4.84100008011
347 4.69099998474
348 4.55800008774
349 4.72499990463
350 4.6970000267
351 4.68200016022
352 4.64799976349
353 4.59800004959
354 4.59700012207
355 4.55800008774
356 4.29600000381
357 4.34700012207
358 4.48400020599
359 4.45800018311
360 4.44799995422
361 4.39799976349
362 4.39599990845
363 4.35599994659
364 4.32299995422
365 4.28599977493
366 4.22200012207
367 4.18400001526
368 4.15899991989
369 4.13999986649
370 4.117000103
371 4.08099985123
372 4.03100013733
373 4.02500009537
374 3.99099993706
375 3.97499990463
376 3.94499993324
377 3.90700006485
378 3.86400008202
379 3.84100008011
380 3.81900000572
381 3.71700000763
382 3.6400001049
383 3.59599995613
384 3.54999995232
385 3.53099989891
386 3.51200008392
387 3.4509999752
388 3.42199993134
389 3.38499999046
390 3.35800004005
391 3.33599996567
392 3.30900001526
393 3.26799988747
394 3.242000103
395 3.25500011444
396 3.29999995232
397 3.33500003815
398 3.36299991608
399 3.40599989891
400 3.4319999218
401 3.4849998951
402 3.51799988747
403 3.55599999428
404 3.58999991417
405 3.63800001144
406 3.67199993134
407 3.72300004959
408 3.74399995804
409 3.77600002289
410 3.83899998665
411 3.89199995995
412 3.93700003624
413 4.00400018692
414 4.05399990082
415 4.10500001907
416 4.17199993134
417 4.25299978256
418 4.31599998474
419 4.367000103
420 4.45200014114
421 4.52899980545
422 4.58099985123
423 4.65500020981
424 4.72100019455
425 4.80900001526
426 4.91300010681
427 5.02099990845
428 5.11600017548
429 5.21299982071
430 5.30000019073
431 5.42100000381
432 5.52899980545
433 5.63899993896
434 5.74700021744
435 5.87699985504
436 6.00500011444
437 6.18800020218
438 6.31799983978
439 6.47900009155
440 6.50299978256
441 6.60300016403
442 6.48199987411
443 3.08100008965
444 3.04800009727
445 3.02300000191
446 3.02900004387
447 3.02699995041
448 3.01099991798
449 3.00099992752
450 3.00600004196
451 3.0
452 2.9960000515
453 2.98600006104
454 2.97199988365
455 2.96399998665
456 2.97000002861
457 2.98000001907
458 2.94899988174
459 2.94799995422
460 2.96000003815
461 2.93799996376
462 2.95399999619
463 2.92899990082
464 2.92499995232
465 2.95000004768
466 2.93700003624
467 2.93499994278
468 2.92100000381
469 2.9240000248
470 2.67000007629
471 2.63199996948
472 2.63899993896
473 2.64899992943
474 0.940999984741
475 0.705999970436
476 0.713999986649
477 0.925000011921
478 2.64199995995
479 2.65000009537
480 2.64499998093
481 2.64199995995
482 2.65199995041
483 2.65599989891
484 2.65199995041
485 2.65700006485
486 2.64700007439
487 2.6779999733
488 2.67199993134
489 2.68099999428
490 2.82399988174
491 2.92199993134
492 2.92899990082
493 2.92499995232
494 2.94400000572
495 2.93799996376
496 2.96399998665
497 2.9509999752
498 2.9509999752
499 2.96700000763
500 2.97699999809
501 2.97900009155
502 2.99000000954
503 2.99399995804
504 2.9849998951
505 3.01200008392
506 3.02200007439
507 3.02300000191
508 3.01300001144
509 3.03299999237
510 3.03299999237
511 3.05500006676
512 3.0569999218
513 3.05599999428
514 3.06399989128
515 3.08800005913
516 3.09800004959
517 3.09500002861
518 3.11599993706
519 3.11999988556
520 3.12599992752
521 3.13800001144
522 3.14100003242
523 3.17700004578
524 0.939999997616
525 0.908999979496
526 0.920000016689
527 0.93900001049
528 3.04600000381
529 2.98600006104
530 2.92300009727
531 2.88499999046
532 2.82999992371
533 2.77699995041
534 2.73200011253
535 2.70900011063
536 2.95700001717
537 2.90300011635
538 0.0
539 0.0
540 0.0
