0 4.51999998093
1 4.4439997673
2 4.45900011063
3 4.47300004959
4 4.51399993896
5 4.64799976349
6 4.65100002289
7 4.69999980927
8 4.73799991608
9 4.77099990845
10 4.80999994278
11 4.82499980927
12 4.8639998436
13 4.89900016785
14 4.91900014877
15 4.93699979782
16 4.84499979019
17 4.84499979019
18 4.88500022888
19 4.97200012207
20 5.14599990845
21 5.19600009918
22 5.21600008011
23 5.28000020981
24 5.31500005722
25 5.3639998436
26 5.40700006485
27 5.45699977875
28 5.50099992752
29 5.55200004578
30 5.60599994659
31 5.63100004196
32 5.65000009537
33 0.0
34 17.1439990997
35 17.1539993286
36 17.1480007172
37 0.0
38 0.0
39 0.0
40 17.2350006104
41 17.1760005951
42 17.0720005035
43 17.0109996796
44 16.5270004272
45 16.5499992371
46 16.5149993896
47 13.1599998474
48 13.0839996338
49 12.3280000687
50 11.9309997559
51 11.6029996872
52 11.611000061
53 11.6280002594
54 11.6280002594
55 11.3389997482
56 11.0109996796
57 10.4589996338
58 10.1149997711
59 8.33899974823
60 8.32900047302
61 8.20199966431
62 7.91599988937
63 7.64200019836
64 7.4390001297
65 7.22900009155
66 7.04899978638
67 6.90600013733
68 6.79600000381
69 6.76999998093
70 6.80700016022
71 6.83400011063
72 6.85699987411
73 6.88100004196
74 6.78800010681
75 6.62900018692
76 6.50699996948
77 6.38100004196
78 6.26499986649
79 6.14699983597
80 5.21299982071
81 4.97100019455
82 4.84700012207
83 4.77199983597
84 4.67899990082
85 4.58099985123
86 4.53599977493
87 4.46700000763
88 4.41099977493
89 4.33300018311
90 4.28299999237
91 4.21700000763
92 4.16400003433
93 4.1139998436
94 4.03100013733
95 3.98000001907
96 3.93499994278
97 3.8789999485
98 3.82899999619
99 3.79399991035
100 3.78200006485
101 3.79999995232
102 3.81999993324
103 3.85700011253
104 3.89700007439
105 3.90700006485
106 3.92300009727
107 3.9470000267
108 3.90400004387
109 3.87299990654
110 3.84299993515
111 3.80100011826
112 3.76699995995
113 3.73699998856
114 3.71199989319
115 3.66499996185
116 3.63100004196
117 3.59100008011
118 3.56100010872
119 3.52600002289
120 3.49900007248
121 3.46600008011
122 3.44499993324
123 3.41799998283
124 3.41100001335
125 3.39599990845
126 3.43099999428
127 3.45199990273
128 3.47799992561
129 3.51900005341
130 3.55500006676
131 3.61899995804
132 3.67100000381
133 4.03800010681
134 4.07499980927
135 4.07899999619
136 4.13199996948
137 4.16699981689
138 4.16599988937
139 4.21199989319
140 4.24599981308
141 4.28999996185
142 4.32299995422
143 4.35500001907
144 4.36800003052
145 4.41300010681
146 4.46199989319
147 4.48699998856
148 4.50400018692
149 4.54199981689
150 4.55700016022
151 4.21600008011
152 4.30700016022
153 4.55499982834
154 3.26200008392
155 3.42700004578
156 4.71500015259
157 4.59000015259
158 4.55200004578
159 4.79400014877
160 4.83900022507
161 4.86499977112
162 4.88500022888
163 4.92299985886
164 4.95399999619
165 4.99599981308
166 5.02500009537
167 5.02500009537
168 3.17000007629
169 3.22000002861
170 3.38499999046
171 4.10900020599
172 4.91900014877
173 4.88700008392
174 4.85400009155
175 4.83900022507
176 4.80999994278
177 4.81699991226
178 4.82700014114
179 4.85099983215
180 4.86999988556
181 4.91400003433
182 4.8060002327
183 5.33699989319
184 5.46799993515
185 5.48299980164
186 5.49900007248
187 5.50400018692
188 4.60799980164
189 4.5689997673
190 5.55499982834
191 5.57499980927
192 3.63800001144
193 3.51799988747
194 4.06799983978
195 4.03599977493
196 5.69999980927
197 5.71999979019
198 5.73699998856
199 5.76300001144
200 5.79199981689
201 5.80999994278
202 5.80700016022
203 5.83400011063
204 5.83300018311
205 5.84600019455
206 5.87900018692
207 5.88399982452
208 5.90299987793
209 5.92100000381
210 5.92500019073
211 5.93499994278
212 5.50899982452
213 5.08199977875
214 5.05200004578
215 5.04799985886
216 5.05200004578
217 5.03900003433
218 5.04199981689
219 5.04300022125
220 5.12300014496
221 5.73299980164
222 5.39799976349
223 5.22499990463
224 5.27500009537
225 5.35599994659
226 5.34700012207
227 5.35200023651
228 5.27899980545
229 5.31300020218
230 5.57000017166
231 5.99499988556
232 6.16800022125
233 6.20300006866
234 6.21500015259
235 6.20499992371
236 6.2389998436
237 6.24300003052
238 6.22900009155
239 6.22599983215
240 6.22700023651
241 6.24700021744
242 6.23099994659
243 6.24800014496
244 6.23099994659
245 6.23400020599
246 6.25500011444
247 6.25099992752
248 6.24900007248
249 6.23299980164
250 6.24300003052
251 6.25400018692
252 6.26700019836
253 6.27099990845
254 6.27299976349
255 6.27099990845
256 6.27899980545
257 6.26399993896
258 6.26200008392
259 6.25
260 6.23099994659
261 6.22599983215
262 6.23500013351
263 6.22599983215
264 6.22399997711
265 6.20499992371
266 6.22599983215
267 6.20800018311
268 6.21099996567
269 6.21899986267
270 6.21899986267
271 6.24100017548
272 6.21400022507
273 6.14400005341
274 5.84999990463
275 5.79500007629
276 5.77099990845
277 5.73500013351
278 5.72200012207
279 5.72399997711
280 5.74399995804
281 5.77799987793
282 5.79400014877
283 5.94999980927
284 6.09000015259
285 6.0609998703
286 6.06199979782
287 6.04500007629
288 6.04199981689
289 6.04300022125
290 6.03100013733
291 6.01599979401
292 6.00600004196
293 5.97900009155
294 5.94799995422
295 5.9470000267
296 5.93300008774
297 5.90700006485
298 5.88500022888
299 5.88399982452
300 5.84499979019
301 5.85300016403
302 5.84200000763
303 5.82999992371
304 5.79799985886
305 5.8060002327
306 5.79500007629
307 5.76900005341
308 5.73299980164
309 5.70900011063
310 5.6890001297
311 5.67600011826
312 5.65999984741
313 5.62900018692
314 5.60300016403
315 5.57999992371
316 5.17999982834
317 4.88999986649
318 5.48400020599
319 5.507999897
320 5.48000001907
321 5.47599983215
322 5.44899988174
323 5.44099998474
324 5.40899991989
325 5.34200000763
326 5.02600002289
327 5.3189997673
328 5.3060002327
329 4.37400007248
330 4.0529999733
331 4.13999986649
332 5.01800012589
333 5.16499996185
334 5.1360001564
335 5.11499977112
336 5.09399986267
337 5.07399988174
338 5.04799985886
339 5.02400016785
340 4.94099998474
341 4.8189997673
342 4.95100021362
343 4.93699979782
344 4.90000009537
345 4.87400007248
346 4.83699989319
347 4.70100021362
348 4.57600021362
349 4.75099992752
350 4.71400022507
351 4.68300008774
352 4.63199996948
353 4.61299991608
354 4.59100008011
355 4.55999994278
356 4.30700016022
357 4.36499977112
358 4.49300003052
359 4.47200012207
360 4.44000005722
361 4.40999984741
362 4.40100002289
363 4.35699987411
364 4.3140001297
365 4.28800010681
366 4.24599981308
367 4.22300004959
368 4.1859998703
369 4.15000009537
370 4.10400009155
371 4.06500005722
372 4.02600002289
373 4.00500011444
374 3.98399996758
375 3.95799994469
376 3.92300009727
377 3.90400004387
378 3.89400005341
379 3.85500001907
380 3.82699990273
381 3.72300004959
382 3.63800001144
383 3.59599995613
384 3.56500005722
385 3.53399991989
386 3.4849998951
387 3.46000003815
388 3.43499994278
389 3.39100003242
390 3.375
391 3.34400010109
392 3.31100010872
393 3.27300000191
394 3.25200009346
395 3.27699995041
396 3.29800009727
397 3.32800006866
398 3.37299990654
399 3.40300011635
400 3.45000004768
401 3.48300004005
402 3.50300002098
403 3.55100011826
404 3.60100007057
405 3.65400004387
406 3.68799996376
407 3.73699998856
408 3.74300003052
409 3.78699994087
410 3.84299993515
411 3.89499998093
412 3.93099999428
413 3.9960000515
414 4.0640001297
415 4.1360001564
416 4.19600009918
417 4.242000103
418 4.29400014877
419 4.36100006104
420 4.44500017166
421 4.52699995041
422 4.58799982071
423 4.66200017929
424 4.7389998436
425 4.80700016022
426 4.90500020981
427 5.007999897
428 5.10900020599
429 5.20300006866
430 5.31199979782
431 5.41499996185
432 5.53599977493
433 5.65000009537
434 5.76800012589
435 5.89900016785
436 6.01599979401
437 6.17899990082
438 6.31300020218
439 6.46799993515
440 6.49700021744
441 6.61299991608
442 6.47499990463
443 3.0759999752
444 3.04600000381
445 3.03800010681
446 3.02699995041
447 3.03099989891
448 3.02399992943
449 3.01900005341
450 3.00300002098
451 2.9960000515
452 3.0039999485
453 2.98000001907
454 2.99300003052
455 2.96900010109
456 2.97600007057
457 2.96300005913
458 2.95300006866
459 2.94899988174
460 2.95199990273
461 2.94199991226
462 2.9509999752
463 2.93899989128
464 2.93000006676
465 2.94400000572
466 2.92600011826
467 2.92499995232
468 2.93300008774
469 2.91700005531
470 2.6740000248
471 2.65400004387
472 2.63599991798
473 2.64899992943
474 0.934000015259
475 0.702000021935
476 0.699999988079
477 0.916999995708
478 2.66499996185
479 2.632999897
480 2.66000008583
481 2.64100003242
482 2.66899991035
483 2.65599989891
484 2.65300011635
485 2.66100001335
486 2.66899991035
487 2.6779999733
488 2.67499995232
489 2.69099998474
490 2.83200001717
491 2.92899990082
492 2.93400001526
493 2.9319999218
494 2.94499993324
495 2.94899988174
496 2.97099995613
497 2.95700001717
498 2.95399999619
499 2.98000001907
500 2.96700000763
501 2.97099995613
502 2.98200011253
503 2.98300004005
504 2.9849998951
505 3.00699996948
506 3.02099990845
507 3.00300002098
508 3.02200007439
509 3.02399992943
510 3.02399992943
511 3.05100011826
512 3.06200003624
513 3.05999994278
514 3.06699991226
515 3.07399988174
516 3.08100008965
517 3.11199998856
518 3.11599993706
519 3.13599991798
520 3.14299988747
521 3.13499999046
522 3.14700007439
523 3.1740000248
524 0.936999976635
525 0.90600001812
526 0.924000024796
527 0.936999976635
528 3.03800010681
529 2.992000103
530 2.93899989128
531 2.88000011444
532 2.8259999752
533 2.78500008583
534 2.73200011253
535 2.71000003815
536 2.9470000267
537 2.93400001526
538 0.0
539 0.0
540 0.0
