0 0.926999986172
1 0.929000020027
2 0.958000004292
3 0.947000026703
4 0.972000002861
5 1.03299999237
6 4.68300008774
7 4.71600008011
8 4.73199987411
9 4.75899982452
10 4.79300022125
11 4.82000017166
12 4.85500001907
13 4.89599990845
14 4.91900014877
15 4.93499994278
16 4.84100008011
17 4.84399986267
18 4.88500022888
19 4.97300004959
20 5.14799976349
21 5.17299985886
22 5.22800016403
23 5.26800012589
24 5.31199979782
25 5.35900020599
26 5.39699983597
27 5.45599985123
28 5.48299980164
29 5.54699993134
30 5.59899997711
31 5.65899991989
32 5.66200017929
33 0.0
34 17.1490001678
35 17.1310005188
36 17.1599998474
37 0.0
38 0.0
39 0.0
40 17.2539997101
41 17.1790008545
42 17.0699996948
43 16.9930000305
44 16.5219993591
45 16.5279998779
46 16.5200004578
47 13.1479997635
48 13.0909996033
49 12.3420000076
50 11.9440002441
51 11.579000473
52 11.6020002365
53 11.6459999084
54 11.6129999161
55 11.3350000381
56 10.9899997711
57 10.4530000687
58 10.1319999695
59 8.3360004425
60 8.34700012207
61 8.19499969482
62 7.91300010681
63 7.64200019836
64 7.44600009918
65 7.24100017548
66 7.0720000267
67 6.88899993896
68 6.78900003433
69 6.77899980545
70 6.80700016022
71 6.82700014114
72 6.83799982071
73 6.86899995804
74 6.78599977493
75 6.63000011444
76 6.50299978256
77 6.38999986649
78 6.26200008392
79 6.15899991989
80 5.25
81 4.95900011063
82 4.86299991608
83 4.75699996948
84 4.67700004578
85 4.60099983215
86 4.53000020981
87 4.46600008011
88 4.40700006485
89 4.33599996567
90 4.27799987793
91 4.1939997673
92 4.17100000381
93 4.117000103
94 4.03800010681
95 3.98099994659
96 3.92100000381
97 3.87800002098
98 3.83400011063
99 3.79200005531
100 3.76900005341
101 3.79800009727
102 3.81200003624
103 3.84699988365
104 3.88000011444
105 3.90199995041
106 3.9430000782
107 3.94099998474
108 3.90499997139
109 3.88800001144
110 3.83699989319
111 3.80999994278
112 3.76900005341
113 3.70600008965
114 3.69499993324
115 3.64499998093
116 3.61999988556
117 3.59500002861
118 3.56299996376
119 3.52099990845
120 3.50300002098
121 3.46300005913
122 3.43000006676
123 3.42300009727
124 3.39899992943
125 3.3900001049
126 3.4319999218
127 3.45300006866
128 3.49699997902
129 3.53200006485
130 3.5569999218
131 3.59800004959
132 3.67100000381
133 4.01999998093
134 4.06799983978
135 4.08599996567
136 4.13100004196
137 4.13800001144
138 4.16300010681
139 4.21799993515
140 4.24800014496
141 4.28299999237
142 4.3140001297
143 4.35699987411
144 4.38800001144
145 4.4310002327
146 4.45599985123
147 4.47200012207
148 4.52199983597
149 4.5110001564
150 4.55200004578
151 4.19099998474
152 4.28700017929
153 0.0
154 3.2650001049
155 3.41599988937
156 4.72700023651
157 4.59899997711
158 4.56599998474
159 4.79400014877
160 4.8140001297
161 4.8639998436
162 4.89599990845
163 4.9310002327
164 4.96799993515
165 4.98500013351
166 5.02199983597
167 5.03900003433
168 3.13499999046
169 3.23799991608
170 3.36999988556
171 4.1139998436
172 4.90500020981
173 4.8860001564
174 4.86499977112
175 4.83300018311
176 4.81500005722
177 4.81199979782
178 4.84000015259
179 4.84399986267
180 4.86999988556
181 4.90600013733
182 4.81799983978
183 5.30700016022
184 5.46099996567
185 5.47300004959
186 5.50400018692
187 5.52699995041
188 4.57899999619
189 4.56500005722
190 5.55800008774
191 5.59000015259
192 3.63700008392
193 3.52300000191
194 4.07399988174
195 4.05000019073
196 5.69000005722
197 5.72200012207
198 5.71899986267
199 5.76000022888
200 5.78299999237
201 5.78999996185
202 5.82999992371
203 5.82999992371
204 5.85400009155
205 5.85099983215
206 5.87699985504
207 5.89200019836
208 5.89200019836
209 5.90899991989
210 5.91300010681
211 5.91300010681
212 5.51599979401
213 5.08199977875
214 5.03200006485
215 5.03700017929
216 5.04099988937
217 5.04400014877
218 5.03499984741
219 5.03399991989
220 5.11899995804
221 5.72499990463
222 5.39099979401
223 5.23400020599
224 5.27099990845
225 5.35900020599
226 5.34800004959
227 5.35200023651
228 5.28100013733
229 5.29600000381
230 5.5609998703
231 6.00199985504
232 6.17199993134
233 6.1890001297
234 6.19299983978
235 6.19000005722
236 6.22599983215
237 6.20900011063
238 6.23099994659
239 6.22399997711
240 6.22700023651
241 6.24700021744
242 6.22599983215
243 6.23099994659
244 6.22300004959
245 6.24300003052
246 6.25
247 6.23600006104
248 6.24499988556
249 6.25400018692
250 6.24300003052
251 6.25199985504
252 6.26399993896
253 6.27699995041
254 6.27500009537
255 6.27899980545
256 6.26000022888
257 6.26599979401
258 6.23000001907
259 6.25299978256
260 6.24399995804
261 6.22300004959
262 6.23999977112
263 6.23099994659
264 6.21099996567
265 6.23600006104
266 6.21999979019
267 6.22300004959
268 6.21299982071
269 6.21199989319
270 6.21500015259
271 6.23199987411
272 6.21000003815
273 6.12900018692
274 5.84499979019
275 5.78200006485
276 5.75500011444
277 5.73999977112
278 5.70800018311
279 5.73199987411
280 5.73600006104
281 5.76800012589
282 5.79699993134
283 5.95100021362
284 6.08599996567
285 6.07399988174
286 6.07399988174
287 6.07100009918
288 6.06799983978
289 6.05000019073
290 6.02500009537
291 5.99900007248
292 5.992000103
293 5.97300004959
294 5.96199989319
295 5.94600009918
296 5.93699979782
297 5.91200017929
298 5.90399980545
299 5.87200021744
300 5.85599994659
301 5.83300018311
302 5.8220000267
303 5.80999994278
304 5.8220000267
305 5.77899980545
306 5.77899980545
307 5.77600002289
308 5.75199985504
309 5.71099996567
310 5.6939997673
311 5.67700004578
312 5.64200019836
313 5.61800003052
314 5.59200000763
315 5.58500003815
316 5.1859998703
317 4.88199996948
318 5.47700023651
319 5.49599981308
320 5.47300004959
321 5.46999979019
322 5.44500017166
323 5.42600011826
324 5.39900016785
325 5.35200023651
326 5.02799987793
327 5.3109998703
328 5.30000019073
329 4.36499977112
330 4.04099988937
331 4.10699987411
332 5.02600002289
333 5.17700004578
334 5.14499998093
335 5.117000103
336 5.09499979019
337 5.06500005722
338 5.05000019073
339 5.01499986649
340 4.94500017166
341 4.80700016022
342 4.95699977875
343 4.9390001297
344 4.90199995041
345 4.87400007248
346 4.83500003815
347 4.71000003815
348 4.54199981689
349 4.72399997711
350 4.71700000763
351 4.67399978638
352 4.64200019836
353 4.62099981308
354 4.60099983215
355 4.5609998703
356 4.30499982834
357 4.36100006104
358 4.46199989319
359 4.44600009918
360 4.45499992371
361 4.40700006485
362 4.40199995041
363 4.34999990463
364 4.31599998474
365 4.28700017929
366 4.25500011444
367 4.21000003815
368 4.17299985886
369 4.12099981308
370 4.09899997711
371 4.07800006866
372 4.02600002289
373 4.0110001564
374 3.98900008202
375 3.96700000763
376 3.94099998474
377 3.91599988937
378 3.8900001049
379 3.84999990463
380 3.80900001526
381 3.69899988174
382 3.62400007248
383 3.59200000763
384 3.56399989128
385 3.54099988937
386 3.5039999485
387 3.45900011063
388 3.42899990082
389 3.40000009537
390 3.36400008202
391 3.33400011063
392 3.31299996376
393 3.26900005341
394 3.26200008392
395 3.26999998093
396 3.30500006676
397 3.33500003815
398 3.37299990654
399 3.40499997139
400 3.43799996376
401 3.47399997711
402 3.51300001144
403 3.54800009727
404 3.59599995613
405 3.64899992943
406 3.68600010872
407 3.72799992561
408 3.7539999485
409 3.78500008583
410 3.82999992371
411 3.88700008392
412 3.93000006676
413 4.00400018692
414 4.05700016022
415 4.11800003052
416 4.18699979782
417 4.22800016403
418 4.30499982834
419 4.35500001907
420 4.44000005722
421 4.51499986649
422 4.59899997711
423 4.66499996185
424 4.73400020599
425 4.82600021362
426 4.90199995041
427 5.01999998093
428 5.117000103
429 5.20100021362
430 5.3140001297
431 5.41599988937
432 5.53100013733
433 5.62900018692
434 5.76599979401
435 5.88899993896
436 6.01700019836
437 6.17000007629
438 6.32899999619
439 6.47200012207
440 6.5
441 6.59100008011
442 6.47900009155
443 3.06900000572
444 3.04800009727
445 3.04600000381
446 3.03800010681
447 3.01200008392
448 3.03200006485
449 3.00500011444
450 2.99499988556
451 2.98600006104
452 3.00600004196
453 2.99000000954
454 2.97000002861
455 2.97300004959
456 2.96799993515
457 2.97600007057
458 2.96399998665
459 2.93799996376
460 2.9430000782
461 2.94600009918
462 2.95600008965
463 2.94000005722
464 2.9319999218
465 2.92600011826
466 2.93000006676
467 2.94199991226
468 2.92199993134
469 2.91499996185
470 2.66000008583
471 2.64299988747
472 2.61999988556
473 2.64499998093
474 0.948000013828
475 0.690999984741
476 0.714999973774
477 0.922999978065
478 2.64899992943
479 2.64499998093
480 2.64800000191
481 2.66400003433
482 2.65300011635
483 2.65499997139
484 2.66400003433
485 2.65700006485
486 2.67100000381
487 2.66899991035
488 2.67899990082
489 2.68099999428
490 2.81699991226
491 2.94799995422
492 2.9509999752
493 2.94000005722
494 2.93400001526
495 2.95000004768
496 2.94899988174
497 2.95900011063
498 2.97399997711
499 2.95700001717
500 2.96499991417
501 2.98000001907
502 2.9849998951
503 2.97600007057
504 3.00999999046
505 2.98799991608
506 3.01300001144
507 3.00200009346
508 3.01999998093
509 3.01999998093
510 3.03399991989
511 3.03500008583
512 3.06399989128
513 3.07399988174
514 3.06100010872
515 3.08400011063
516 3.09299993515
517 3.11800003052
518 3.11500000954
519 3.13800001144
520 3.1210000515
521 3.13400006294
522 3.15000009537
523 3.17600011826
524 0.939999997616
525 0.924000024796
526 0.919000029564
527 0.943000018597
528 3.04099988937
529 2.98900008202
530 2.92300009727
531 2.88199996948
532 2.8220000267
533 2.78900003433
534 2.72699999809
535 2.70300006866
536 2.94199991226
537 2.93099999428
538 0.0
539 0.0
540 0.0
