0 4.52600002289
1 4.42700004578
2 4.44000005722
3 4.46199989319
4 4.52500009537
5 4.65399980545
6 4.67700004578
7 4.71199989319
8 4.74599981308
9 4.75199985504
10 4.8060002327
11 4.82999992371
12 4.85799980164
13 4.89499998093
14 4.92199993134
15 4.94000005722
16 4.84399986267
17 4.84000015259
18 4.867000103
19 4.96400022507
20 5.13700008392
21 5.18300008774
22 5.22499990463
23 5.26999998093
24 5.31300020218
25 5.35799980164
26 5.40100002289
27 5.46000003815
28 5.5
29 5.5560002327
30 5.59200000763
31 5.63800001144
32 5.65299987793
33 0.0
34 17.1560001373
35 17.1490001678
36 17.1459999084
37 0.0
38 0.0
39 0.0
40 17.236000061
41 17.1690006256
42 17.0629997253
43 17.0060005188
44 16.5270004272
45 16.545999527
46 16.5119991302
47 13.1680002213
48 13.0889997482
49 12.3179998398
50 11.9099998474
51 11.5900001526
52 11.6059999466
53 11.6319999695
54 11.6059999466
55 11.3380002975
56 10.986000061
57 10.4499998093
58 10.123000145
59 8.29399967194
60 8.33100032806
61 8.20499992371
62 7.92000007629
63 7.64099979401
64 7.45100021362
65 7.24399995804
66 7.06199979782
67 6.90199995041
68 6.78800010681
69 6.77299976349
70 6.79600000381
71 6.8189997673
72 6.85699987411
73 6.87099981308
74 6.79400014877
75 6.63999986649
76 6.50500011444
77 6.3860001564
78 6.257999897
79 6.15799999237
80 5.22200012207
81 4.96799993515
82 4.86100006104
83 4.76900005341
84 4.68300008774
85 4.61499977112
86 4.55200004578
87 4.47900009155
88 4.38100004196
89 4.30700016022
90 4.257999897
91 4.21199989319
92 4.16099977493
93 4.10500001907
94 4.03800010681
95 3.98600006104
96 3.92300009727
97 3.90300011635
98 3.84200000763
99 3.79699993134
100 3.76799988747
101 3.80399990082
102 3.81699991226
103 3.83699989319
104 3.87599992752
105 3.89499998093
106 3.95600008965
107 3.95700001717
108 3.92499995232
109 3.88100004196
110 3.8220000267
111 3.80800008774
112 3.76900005341
113 3.72799992561
114 3.7009999752
115 3.65599989891
116 3.63199996948
117 3.60199999809
118 3.56399989128
119 3.53299999237
120 3.5
121 3.46000003815
122 3.44000005722
123 3.41700005531
124 3.40499997139
125 3.40199995041
126 3.41700005531
127 3.45399999619
128 3.47699999809
129 3.53500008583
130 3.56200003624
131 3.59299993515
132 3.66599988937
133 4.02299976349
134 4.07899999619
135 4.10699987411
136 4.11600017548
137 4.15600013733
138 4.17000007629
139 4.20699977875
140 4.24900007248
141 4.27799987793
142 4.32299995422
143 4.35799980164
144 4.39400005341
145 4.42299985886
146 4.43300008774
147 4.48299980164
148 4.5110001564
149 4.52299976349
150 4.54300022125
151 4.19199991226
152 4.30100011826
153 4.58099985123
154 3.26200008392
155 3.42700004578
156 4.70499992371
157 4.60200023651
158 4.55399990082
159 4.80800008774
160 4.82100009918
161 4.87200021744
162 4.89599990845
163 4.91499996185
164 4.96000003815
165 4.9889998436
166 5.00899982452
167 5.03599977493
168 3.12199997902
169 3.22600007057
170 3.375
171 4.09800004959
172 4.91599988937
173 4.882999897
174 4.86100006104
175 4.82600021362
176 4.81300020218
177 4.81199979782
178 4.83900022507
179 4.85500001907
180 4.87400007248
181 4.89400005341
182 4.81300020218
183 5.33099985123
184 5.45699977875
185 5.48500013351
186 5.50199985504
187 5.50500011444
188 4.61499977112
189 4.58400011063
190 5.54699993134
191 5.59600019455
192 3.64499998093
193 3.52399992943
194 4.08099985123
195 4.06500005722
196 5.6890001297
197 5.72200012207
198 5.73199987411
199 5.75099992752
200 5.78900003433
201 5.81199979782
202 5.83799982071
203 5.84299993515
204 5.84399986267
205 5.84600019455
206 5.87099981308
207 5.87799978256
208 5.90299987793
209 5.90799999237
210 5.90899991989
211 5.9439997673
212 5.50699996948
213 5.08199977875
214 5.04400014877
215 5.04799985886
216 5.04799985886
217 5.04500007629
218 5.03700017929
219 5.04199981689
220 5.11800003052
221 5.77099990845
222 5.36800003052
223 5.23199987411
224 5.27099990845
225 5.36499977112
226 5.34200000763
227 5.35500001907
228 5.28700017929
229 5.30000019073
230 5.58300018311
231 6.00400018692
232 6.19000005722
233 6.17399978638
234 6.20200014114
235 6.21500015259
236 6.23000001907
237 6.22300004959
238 6.21899986267
239 6.22700023651
240 6.22800016403
241 6.21799993515
242 6.23600006104
243 6.22399997711
244 6.23699998856
245 6.23099994659
246 6.24599981308
247 6.25099992752
248 6.25600004196
249 6.25699996948
250 6.26300001144
251 6.24800014496
252 6.26000022888
253 6.28399991989
254 6.26800012589
255 6.27600002289
256 6.27699995041
257 6.26900005341
258 6.24800014496
259 6.23400020599
260 6.23000001907
261 6.23699998856
262 6.22100019455
263 6.22300004959
264 6.21500015259
265 6.20800018311
266 6.21899986267
267 6.21500015259
268 6.20300006866
269 6.21099996567
270 6.21000003815
271 6.21700000763
272 6.21999979019
273 6.15100002289
274 5.84000015259
275 5.78599977493
276 5.76900005341
277 5.73000001907
278 5.72499990463
279 5.71600008011
280 5.7389998436
281 5.75299978256
282 5.80700016022
283 5.95100021362
284 6.06500005722
285 6.0609998703
286 6.05900001526
287 6.05399990082
288 6.03800010681
289 6.03700017929
290 6.03100013733
291 6.01200008392
292 6.00199985504
293 5.98000001907
294 5.96799993515
295 5.95399999619
296 5.92100000381
297 5.91400003433
298 5.88100004196
299 5.87099981308
300 5.87099981308
301 5.86000013351
302 5.83500003815
303 5.82999992371
304 5.80100011826
305 5.79799985886
306 5.78399991989
307 5.77699995041
308 5.73600006104
309 5.73000001907
310 5.69999980927
311 5.67700004578
312 5.64200019836
313 5.63100004196
314 5.60099983215
315 5.58199977875
316 5.19999980927
317 4.88800001144
318 5.48199987411
319 5.5
320 5.46799993515
321 5.47300004959
322 5.45300006866
323 5.43300008774
324 5.40999984741
325 5.33900022507
326 5.02400016785
327 5.31799983978
328 5.30100011826
329 4.382999897
330 4.05100011826
331 4.11999988556
332 5.03200006485
333 5.15700006485
334 5.14699983597
335 5.11000013351
336 5.09700012207
337 5.0720000267
338 5.05100011826
339 5.02400016785
340 4.95300006866
341 4.8140001297
342 4.96500015259
343 4.94500017166
344 4.90299987793
345 4.875
346 4.82800006866
347 4.70900011063
348 4.55999994278
349 4.72200012207
350 4.70900011063
351 4.66800022125
352 4.63899993896
353 4.61600017548
354 4.58900022507
355 4.55900001526
356 4.30700016022
357 4.37300014496
358 4.49700021744
359 4.46400022507
360 4.44899988174
361 4.40000009537
362 4.37799978256
363 4.36299991608
364 4.32000017166
365 4.27199983597
366 4.24800014496
367 4.22599983215
368 4.1810002327
369 4.14400005341
370 4.11000013351
371 4.05800008774
372 4.03999996185
373 4.00400018692
374 3.97699999809
375 3.96399998665
376 3.91799998283
377 3.91100001335
378 3.87599992752
379 3.85100007057
380 3.8220000267
381 3.71900010109
382 3.63800001144
383 3.58899998665
384 3.56599998474
385 3.53699994087
386 3.49799990654
387 3.46399998665
388 3.44000005722
389 3.39100003242
390 3.37199997902
391 3.34200000763
392 3.31399989128
393 3.27099990845
394 3.27200007439
395 3.26799988747
396 3.2990000248
397 3.32500004768
398 3.36500000954
399 3.40700006485
400 3.4240000248
401 3.47399997711
402 3.5150001049
403 3.5529999733
404 3.59500002861
405 3.63800001144
406 3.69199991226
407 3.72300004959
408 3.73799991608
409 3.78999996185
410 3.82100009918
411 3.86999988556
412 3.95199990273
413 4.007999897
414 4.04899978638
415 4.12300014496
416 4.17399978638
417 4.25299978256
418 4.30200004578
419 4.38500022888
420 4.44600009918
421 4.52799987793
422 4.59999990463
423 4.65999984741
424 4.73400020599
425 4.8029999733
426 4.92600011826
427 5.0110001564
428 5.11199998856
429 5.20900011063
430 5.32100009918
431 5.40999984741
432 5.53900003433
433 5.65000009537
434 5.74700021744
435 5.87099981308
436 6.02099990845
437 6.16699981689
438 6.32800006866
439 6.47599983215
440 6.51200008392
441 6.59700012207
442 6.45900011063
443 3.06599998474
444 3.04299998283
445 3.05800008774
446 3.01900005341
447 3.01300001144
448 3.01099991798
449 2.99699997902
450 3.01099991798
451 3.01300001144
452 3.00200009346
453 2.98200011253
454 2.97099995613
455 2.96700000763
456 2.96600008011
457 2.96399998665
458 2.94899988174
459 2.9509999752
460 2.96099996567
461 2.96099996567
462 2.94099998474
463 2.93499994278
464 2.9279999733
465 2.93499994278
466 2.9319999218
467 2.9240000248
468 2.93700003624
469 2.91400003433
470 2.67300009727
471 2.64599990845
472 2.63800001144
473 2.64800000191
474 0.95300000906
475 0.712000012398
476 0.71899998188
477 0.924000024796
478 2.65799999237
479 2.65100002289
480 2.64899992943
481 2.65400004387
482 2.66100001335
483 2.65000009537
484 2.66100001335
485 2.66799998283
486 2.66199994087
487 2.66599988937
488 2.67499995232
489 2.67199993134
490 2.82500004768
491 2.93600010872
492 2.95000004768
493 2.9430000782
494 2.93499994278
495 2.96499991417
496 2.9470000267
497 2.95900011063
498 2.96199989319
499 2.96399998665
500 2.97000002861
501 2.97199988365
502 2.97799992561
503 2.97799992561
504 2.99399995804
505 2.99900007248
506 3.0
507 3.01600003242
508 3.01399993896
509 3.02800011635
510 3.03900003433
511 3.04099988937
512 3.06299996376
513 3.07999992371
514 3.08200001717
515 3.08200001717
516 3.10599994659
517 3.09200000763
518 3.117000103
519 3.12199997902
520 3.1210000515
521 3.15100002289
522 3.16599988937
523 3.17300009727
524 0.938000023365
525 0.90600001812
526 0.921000003815
527 0.949000000954
528 3.03999996185
529 2.98900008202
530 2.93099999428
531 2.88599991798
532 2.83400011063
533 2.77900004387
534 2.74399995804
535 2.72099995613
536 2.96399998665
537 2.90300011635
538 0.0
539 0.0
540 0.0
