0 4.50699996948
1 4.43300008774
2 4.44000005722
3 4.4470000267
4 4.53700017929
5 4.65899991989
6 4.65500020981
7 4.70900011063
8 4.73000001907
9 4.76000022888
10 4.80900001526
11 4.83300018311
12 4.85799980164
13 4.88999986649
14 4.9279999733
15 4.92600011826
16 4.82000017166
17 4.83699989319
18 4.882999897
19 4.96199989319
20 5.13500022888
21 5.1859998703
22 5.23199987411
23 5.27500009537
24 5.30800008774
25 5.34999990463
26 5.39900016785
27 5.4470000267
28 5.50899982452
29 5.54699993134
30 5.59899997711
31 5.64200019836
32 5.67199993134
33 0.0
34 17.1560001373
35 17.1499996185
36 17.1420001984
37 0.0
38 0.0
39 0.0
40 17.2460002899
41 17.1520004272
42 17.0739994049
43 17.0100002289
44 16.5270004272
45 16.5489997864
46 16.513999939
47 13.1639995575
48 13.0830001831
49 12.3360004425
50 11.9490003586
51 11.5830001831
52 11.5979995728
53 11.6219997406
54 11.6210002899
55 11.3529996872
56 11.0010004044
57 10.4639997482
58 10.1020002365
59 8.35200023651
60 8.33899974823
61 8.20100021362
62 7.91499996185
63 7.64599990845
64 7.44299983978
65 7.24599981308
66 7.05100011826
67 6.89400005341
68 6.79099988937
69 6.78399991989
70 6.8140001297
71 6.8189997673
72 6.85300016403
73 6.86800003052
74 6.79199981689
75 6.64400005341
76 6.50199985504
77 6.375
78 6.257999897
79 6.14699983597
80 5.21299982071
81 4.97499990463
82 4.84299993515
83 4.77799987793
84 4.67500019073
85 4.58300018311
86 4.51399993896
87 4.47700023651
88 4.39799976349
89 4.33300018311
90 4.27099990845
91 4.22499990463
92 4.16599988937
93 4.117000103
94 4.04600000381
95 3.98300004005
96 3.9319999218
97 3.88800001144
98 3.82399988174
99 3.78699994087
100 3.7650001049
101 3.79800009727
102 3.8259999752
103 3.83699989319
104 3.88199996948
105 3.91400003433
106 3.94499993324
107 3.95799994469
108 3.90400004387
109 3.88499999046
110 3.84200000763
111 3.8069999218
112 3.77300000191
113 3.73799991608
114 3.68600010872
115 3.65899991989
116 3.62400007248
117 3.59899997711
118 3.56900000572
119 3.51999998093
120 3.50699996948
121 3.47300004959
122 3.45300006866
123 3.41799998283
124 3.39599990845
125 3.39400005341
126 3.41599988937
127 3.45499992371
128 3.48200011253
129 3.50999999046
130 3.56500005722
131 3.61599993706
132 3.67100000381
133 4.03000020981
134 4.06500005722
135 4.07999992371
136 4.10200023651
137 4.15399980545
138 4.1939997673
139 4.20699977875
140 4.25600004196
141 4.29799985886
142 4.32600021362
143 4.33599996567
144 4.36499977112
145 4.42299985886
146 4.46099996567
147 4.48400020599
148 4.50500011444
149 4.53399991989
150 4.5560002327
151 4.19099998474
152 4.3140001297
153 4.49800014496
154 3.26399993896
155 3.41100001335
156 4.71199989319
157 4.59000015259
158 4.55800008774
159 4.78999996185
160 4.82800006866
161 4.85200023651
162 4.89499998093
163 4.92700004578
164 4.96000003815
165 4.98500013351
166 5.01900005341
167 5.03599977493
168 3.13899993896
169 3.21499991417
170 3.36599993706
171 4.11499977112
172 4.90799999237
173 4.88999986649
174 4.84399986267
175 4.82899999619
176 4.81699991226
177 4.82399988174
178 4.83900022507
179 4.85300016403
180 4.85799980164
181 4.90000009537
182 4.81599998474
183 5.32499980927
184 5.46600008011
185 5.47800016403
186 5.49499988556
187 5.52500009537
188 4.60300016403
189 4.59499979019
190 5.56500005722
191 5.59100008011
192 3.64499998093
193 3.52999997139
194 4.05800008774
195 4.04500007629
196 5.67700004578
197 5.71400022507
198 5.7389998436
199 5.76499986649
200 5.78200006485
201 5.79600000381
202 5.82800006866
203 5.83400011063
204 5.82899999619
205 5.86800003052
206 5.86299991608
207 5.8860001564
208 5.91200017929
209 5.91499996185
210 5.92700004578
211 5.9310002327
212 5.507999897
213 5.11100006104
214 5.0529999733
215 5.03399991989
216 5.03100013733
217 5.02899980545
218 5.03100013733
219 5.03599977493
220 5.1139998436
221 5.71600008011
222 5.3860001564
223 5.22900009155
224 5.28000020981
225 5.34700012207
226 5.34600019455
227 5.34800004959
228 5.27899980545
229 5.31300020218
230 5.57000017166
231 5.9889998436
232 6.18300008774
233 6.1890001297
234 6.20200014114
235 6.22300004959
236 6.23500013351
237 6.24599981308
238 6.23099994659
239 6.22800016403
240 6.23000001907
241 6.21500015259
242 6.21999979019
243 6.22100019455
244 6.22200012207
245 6.24900007248
246 6.23600006104
247 6.242000103
248 6.24700021744
249 6.23400020599
250 6.25400018692
251 6.25699996948
252 6.25099992752
253 6.26300001144
254 6.27799987793
255 6.25400018692
256 6.26900005341
257 6.257999897
258 6.23600006104
259 6.23999977112
260 6.22700023651
261 6.242000103
262 6.22599983215
263 6.22100019455
264 6.23299980164
265 6.23699998856
266 6.22800016403
267 6.23699998856
268 6.20100021362
269 6.23199987411
270 6.20599985123
271 6.21600008011
272 6.21600008011
273 6.13500022888
274 5.84200000763
275 5.79199981689
276 5.74900007248
277 5.74100017548
278 5.72300004959
279 5.72599983215
280 5.73299980164
281 5.76300001144
282 5.8060002327
283 5.95100021362
284 6.08400011063
285 6.07399988174
286 6.0640001297
287 6.04600000381
288 6.03900003433
289 6.0529999733
290 6.03900003433
291 6.01200008392
292 6.00199985504
293 5.98099994659
294 5.96799993515
295 5.93300008774
296 5.92700004578
297 5.91200017929
298 5.87900018692
299 5.88800001144
300 5.84100008011
301 5.85400009155
302 5.83900022507
303 5.83599996567
304 5.80900001526
305 5.79799985886
306 5.77799987793
307 5.76399993896
308 5.74399995804
309 5.72599983215
310 5.69099998474
311 5.67700004578
312 5.65500020981
313 5.63500022888
314 5.62099981308
315 5.58300018311
316 5.21099996567
317 4.90600013733
318 5.45900011063
319 5.50199985504
320 5.48699998856
321 5.45599985123
322 5.4439997673
323 5.4310002327
324 5.40399980545
325 5.35200023651
326 5.02899980545
327 5.3109998703
328 5.29099988937
329 4.37200021744
330 4.04899978638
331 4.13700008392
332 5.02600002289
333 5.16900014877
334 5.1360001564
335 5.11999988556
336 5.09000015259
337 5.07100009918
338 5.03900003433
339 5.02899980545
340 4.95100021362
341 4.79899978638
342 4.95399999619
343 4.92999982834
344 4.90700006485
345 4.8639998436
346 4.83500003815
347 4.70900011063
348 4.54899978638
349 4.73600006104
350 4.71500015259
351 4.66800022125
352 4.64900016785
353 4.617000103
354 4.58300018311
355 4.55999994278
356 4.32000017166
357 4.36299991608
358 4.48000001907
359 4.46099996567
360 4.42100000381
361 4.41099977493
362 4.36999988556
363 4.35099983215
364 4.3189997673
365 4.27500009537
366 4.23099994659
367 4.21999979019
368 4.18300008774
369 4.13700008392
370 4.09200000763
371 4.07700014114
372 4.03900003433
373 4.01599979401
374 3.98799991608
375 3.96199989319
376 3.92600011826
377 3.91100001335
378 3.8789999485
379 3.84699988365
380 3.82500004768
381 3.70199990273
382 3.62400007248
383 3.59899997711
384 3.55599999428
385 3.53200006485
386 3.50200009346
387 3.46300005913
388 3.43099999428
389 3.40199995041
390 3.37299990654
391 3.33500003815
392 3.29699993134
393 3.28600001335
394 3.26300001144
395 3.26999998093
396 3.3029999733
397 3.32399988174
398 3.367000103
399 3.41100001335
400 3.4430000782
401 3.4849998951
402 3.51699995995
403 3.56399989128
404 3.59699988365
405 3.62800002098
406 3.69400000572
407 3.71799993515
408 3.73600006104
409 3.76999998093
410 3.81399989128
411 3.882999897
412 3.93600010872
413 4.00299978256
414 4.04500007629
415 4.12699985504
416 4.17700004578
417 4.22599983215
418 4.29799985886
419 4.367000103
420 4.4470000267
421 4.52099990845
422 4.59899997711
423 4.67199993134
424 4.72700023651
425 4.8109998703
426 4.90100002289
427 5.02699995041
428 5.10500001907
429 5.21000003815
430 5.31799983978
431 5.40500020981
432 5.52899980545
433 5.63899993896
434 5.77600002289
435 5.89499998093
436 6.02600002289
437 6.16599988937
438 6.31599998474
439 6.47200012207
440 6.50699996948
441 6.60799980164
442 6.47499990463
443 3.07899999619
444 3.04600000381
445 3.02800011635
446 3.03600001335
447 3.03900003433
448 3.02500009537
449 2.99799990654
450 2.98900008202
451 2.9849998951
452 2.97499990463
453 2.98300004005
454 2.97499990463
455 2.96600008011
456 2.98000001907
457 2.95499992371
458 2.94799995422
459 2.95799994469
460 2.95700001717
461 2.94499993324
462 2.94600009918
463 2.93799996376
464 2.93499994278
465 2.93000006676
466 2.94899988174
467 2.93600010872
468 2.91700005531
469 2.91899991035
470 2.67100000381
471 2.65400004387
472 2.6210000515
473 2.6289999485
474 0.943000018597
475 0.704999983311
476 0.705999970436
477 0.925000011921
478 2.65000009537
479 2.65700006485
480 2.64400005341
481 2.64599990845
482 2.63800001144
483 2.64299988747
484 2.66300010681
485 2.66599988937
486 2.66899991035
487 2.66300010681
488 2.65599989891
489 2.67899990082
490 2.82999992371
491 2.9240000248
492 2.95300006866
493 2.95300006866
494 2.96099996567
495 2.95499992371
496 2.9430000782
497 2.95499992371
498 2.96399998665
499 2.95399999619
500 2.97699999809
501 2.97099995613
502 2.97199988365
503 2.97900009155
504 2.9849998951
505 2.99399995804
506 3.02200007439
507 3.02399992943
508 3.02200007439
509 3.03900003433
510 3.04399991035
511 3.04200005531
512 3.05100011826
513 3.07500004768
514 3.06900000572
515 3.09599995613
516 3.08299994469
517 3.08800005913
518 3.11100006104
519 3.1289999485
520 3.14100003242
521 3.13700008392
522 3.16000008583
523 3.17899990082
524 0.92199999094
525 0.915000021458
526 0.916999995708
527 0.959999978542
528 3.03399991989
529 2.97900009155
530 2.91799998283
531 2.88800001144
532 2.83100008965
533 2.78699994087
534 2.73099994659
535 2.70700001717
536 2.96199989319
537 2.90700006485
538 0.0
539 0.0
540 0.0
