0 4.51300001144
1 4.40299987793
2 4.45699977875
3 4.47399997711
4 4.53900003433
5 4.61999988556
6 4.67399978638
7 4.6810002327
8 4.73000001907
9 4.77600002289
10 4.78800010681
11 4.8189997673
12 4.85599994659
13 4.88999986649
14 4.91400003433
15 4.93699979782
16 4.82999992371
17 4.84899997711
18 4.87400007248
19 4.96700000763
20 5.14599990845
21 5.18400001526
22 5.21500015259
23 5.27199983597
24 5.3189997673
25 5.34499979019
26 5.40899991989
27 5.44799995422
28 5.48600006104
29 5.55100011826
30 5.58099985123
31 5.64200019836
32 5.68400001526
33 17.3540000916
34 17.1509990692
35 17.1420001984
36 17.142999649
37 0.0
38 0.0
39 0.0
40 17.2259998322
41 17.1660003662
42 17.0709991455
43 17.0100002289
44 16.5160007477
45 16.531999588
46 16.533000946
47 13.1599998474
48 13.0939998627
49 12.3219995499
50 11.9580001831
51 11.5900001526
52 11.6079998016
53 11.625
54 11.6309995651
55 11.3420000076
56 10.9720001221
57 10.4650001526
58 10.0959997177
59 8.32400035858
60 8.33699989319
61 8.18500041962
62 7.91900014877
63 7.64400005341
64 7.44799995422
65 7.24499988556
66 7.04500007629
67 6.90399980545
68 6.79099988937
69 6.78399991989
70 6.80499982834
71 6.84100008011
72 6.85500001907
73 6.86999988556
74 6.78900003433
75 6.64499998093
76 6.49399995804
77 6.37900018692
78 6.2610001564
79 6.14400005341
80 5.22100019455
81 4.94999980927
82 4.84000015259
83 4.76200008392
84 4.67899990082
85 4.59100008011
86 4.51900005341
87 4.4470000267
88 4.38700008392
89 4.32899999619
90 4.26599979401
91 4.21999979019
92 4.16599988937
93 4.11999988556
94 4.03000020981
95 3.97600007057
96 3.93300008774
97 3.88499999046
98 3.83699989319
99 3.77800011635
100 3.76600003242
101 3.7990000248
102 3.81299996376
103 3.85299992561
104 3.86899995804
105 3.92100000381
106 3.93700003624
107 3.95300006866
108 3.90199995041
109 3.86599993706
110 3.83800005913
111 3.8029999733
112 3.76999998093
113 3.72199988365
114 3.69099998474
115 3.66300010681
116 3.63700008392
117 3.58500003815
118 3.56100010872
119 3.53699994087
120 3.48799991608
121 3.46300005913
122 3.43799996376
123 3.42700004578
124 3.40199995041
125 3.38100004196
126 3.42499995232
127 3.44600009918
128 3.4960000515
129 3.52800011635
130 3.56399989128
131 3.60400009155
132 3.67199993134
133 4.03900003433
134 4.07299995422
135 4.08900022507
136 4.12300014496
137 4.15100002289
138 4.17899990082
139 4.21799993515
140 4.24499988556
141 4.28100013733
142 4.32399988174
143 4.36299991608
144 4.39900016785
145 4.42199993134
146 4.44899988174
147 4.47399997711
148 4.51700019836
149 4.52699995041
150 4.54199981689
151 4.19799995422
152 4.31699991226
153 4.58900022507
154 3.27600002289
155 3.38899993896
156 4.71600008011
157 4.59800004959
158 4.5560002327
159 4.78900003433
160 4.83099985123
161 4.84999990463
162 4.89699983597
163 4.91599988937
164 4.96700000763
165 4.992000103
166 5.01300001144
167 5.04799985886
168 3.15700006485
169 3.22699999809
170 3.37299990654
171 4.09100008011
172 4.92299985886
173 4.88700008392
174 4.85200023651
175 4.83799982071
176 4.81699991226
177 4.80499982834
178 4.82700014114
179 4.84999990463
180 4.87200021744
181 4.91200017929
182 4.82600021362
183 5.32399988174
184 5.45300006866
185 5.48600006104
186 5.49499988556
187 5.51399993896
188 4.61499977112
189 4.56300020218
190 5.5640001297
191 5.58699989319
192 3.63800001144
193 3.51099991798
194 4.08900022507
195 4.03999996185
196 5.6890001297
197 5.70800018311
198 5.74100017548
199 5.75299978256
200 5.78599977493
201 5.8109998703
202 5.82000017166
203 5.82299995422
204 5.85099983215
205 5.84999990463
206 5.86000013351
207 5.88700008392
208 5.88000011444
209 5.90500020981
210 5.92600011826
211 5.94899988174
212 5.52400016785
213 5.08199977875
214 5.04899978638
215 5.02699995041
216 5.03599977493
217 5.05200004578
218 5.04199981689
219 5.03700017929
220 5.11899995804
221 5.72399997711
222 5.38700008392
223 5.22700023651
224 5.27600002289
225 5.36000013351
226 5.34200000763
227 5.36499977112
228 5.28000020981
229 5.3140001297
230 5.56199979782
231 5.99499988556
232 6.19099998474
233 6.1859998703
234 6.1810002327
235 6.19899988174
236 6.22599983215
237 6.21600008011
238 6.22399997711
239 6.21999979019
240 6.23600006104
241 6.22300004959
242 6.21799993515
243 6.23299980164
244 6.22499990463
245 6.22800016403
246 6.23500013351
247 6.22399997711
248 6.24300003052
249 6.23400020599
250 6.25099992752
251 6.24399995804
252 6.25099992752
253 6.26900005341
254 6.26499986649
255 6.28200006485
256 6.26300001144
257 6.25899982452
258 6.25600004196
259 6.22700023651
260 6.24100017548
261 6.23999977112
262 6.24800014496
263 6.21299982071
264 6.22900009155
265 6.22200012207
266 6.19500017166
267 6.21400022507
268 6.23999977112
269 6.23600006104
270 6.22399997711
271 6.20800018311
272 6.1939997673
273 6.11800003052
274 5.84299993515
275 5.77099990845
276 5.75299978256
277 5.73400020599
278 5.72900009155
279 5.73500013351
280 5.74800014496
281 5.76900005341
282 5.78700017929
283 5.95800018311
284 6.06500005722
285 6.05000019073
286 6.06699991226
287 6.05800008774
288 6.06300020218
289 6.05700016022
290 6.03800010681
291 6.00899982452
292 5.98199987411
293 5.99399995804
294 5.95399999619
295 5.94600009918
296 5.92500019073
297 5.90299987793
298 5.90100002289
299 5.86499977112
300 5.86000013351
301 5.84200000763
302 5.82899999619
303 5.82000017166
304 5.82100009918
305 5.79300022125
306 5.80100011826
307 5.77600002289
308 5.75400018692
309 5.71999979019
310 5.69000005722
311 5.66800022125
312 5.63899993896
313 5.60900020599
314 5.58300018311
315 5.58799982071
316 5.20800018311
317 4.89900016785
318 5.46899986267
319 5.50600004196
320 5.48099994659
321 5.46600008011
322 5.45499992371
323 5.42600011826
324 5.40199995041
325 5.34800004959
326 5.02400016785
327 5.31500005722
328 5.30700016022
329 4.35900020599
330 4.06699991226
331 4.09700012207
332 5.02299976349
333 5.16699981689
334 5.13000011444
335 5.10500001907
336 5.08400011063
337 5.07800006866
338 5.04600000381
339 5.02299976349
340 4.94799995422
341 4.80499982834
342 4.94999980927
343 4.92899990082
344 4.91300010681
345 4.86999988556
346 4.82299995422
347 4.68699979782
348 4.54600000381
349 4.73500013351
350 4.71099996567
351 4.67000007629
352 4.64300012589
353 4.63000011444
354 4.59000015259
355 4.5640001297
356 4.30399990082
357 4.34299993515
358 4.48099994659
359 4.45900011063
360 4.44299983978
361 4.42399978638
362 4.39599990845
363 4.35500001907
364 4.32399988174
365 4.26900005341
366 4.25699996948
367 4.18699979782
368 4.15500020981
369 4.12699985504
370 4.09100008011
371 4.08500003815
372 4.03900003433
373 4.01800012589
374 3.97799992561
375 3.96199989319
376 3.93099999428
377 3.91199994087
378 3.86500000954
379 3.85800004005
380 3.81599998474
381 3.72300004959
382 3.63100004196
383 3.59599995613
384 3.5529999733
385 3.51799988747
386 3.50300002098
387 3.45700001717
388 3.42499995232
389 3.38400006294
390 3.35500001907
391 3.33299994469
392 3.31100010872
393 3.28600001335
394 3.26699995995
395 3.26900005341
396 3.29999995232
397 3.34299993515
398 3.35800004005
399 3.39100003242
400 3.43600010872
401 3.48399996758
402 3.52800011635
403 3.55900001526
404 3.60400009155
405 3.62700009346
406 3.67700004578
407 3.70300006866
408 3.72000002861
409 3.77500009537
410 3.83800005913
411 3.8900001049
412 3.94099998474
413 4.00199985504
414 4.07000017166
415 4.10500001907
416 4.16300010681
417 4.25099992752
418 4.3189997673
419 4.37300014496
420 4.45499992371
421 4.53100013733
422 4.59800004959
423 4.66800022125
424 4.73099994659
425 4.79799985886
426 4.90899991989
427 5.01200008392
428 5.10500001907
429 5.22300004959
430 5.30999994278
431 5.42700004578
432 5.52799987793
433 5.65600013733
434 5.75400018692
435 5.89099979401
436 6.00400018692
437 6.17199993134
438 6.31799983978
439 6.47599983215
440 6.492000103
441 6.60599994659
442 6.49499988556
443 3.07299995422
444 3.04399991035
445 3.04800009727
446 3.04500007629
447 3.02099990845
448 3.0
449 3.01399993896
450 3.02300000191
451 2.98699998856
452 2.98600006104
453 2.98399996758
454 2.96799993515
455 2.96700000763
456 2.95399999619
457 2.95399999619
458 2.95700001717
459 2.95499992371
460 2.95700001717
461 2.95199990273
462 2.94099998474
463 2.94000005722
464 2.93899989128
465 2.95000004768
466 2.92199993134
467 2.91100001335
468 2.92700004578
469 2.90700006485
470 2.67100000381
471 2.65199995041
472 2.63800001144
473 2.63400006294
474 0.947000026703
475 0.704999983311
476 0.71899998188
477 0.930999994278
478 2.65899991989
479 2.64599990845
480 2.64899992943
481 2.65000009537
482 2.63800001144
483 2.64700007439
484 2.66300010681
485 2.66000008583
486 2.64299988747
487 2.66899991035
488 2.66799998283
489 2.66799998283
490 2.82399988174
491 2.93000006676
492 2.92899990082
493 2.93300008774
494 2.96099996567
495 2.95700001717
496 2.95600008965
497 2.96799993515
498 2.95900011063
499 2.95700001717
500 2.96900010109
501 2.98600006104
502 2.99099993706
503 2.9849998951
504 3.0039999485
505 3.00300002098
506 3.00500011444
507 3.00500011444
508 3.03099989891
509 3.03999996185
510 3.02399992943
511 3.03500008583
512 3.04299998283
513 3.07399988174
514 3.06299996376
515 3.0720000267
516 3.07899999619
517 3.10299992561
518 3.11999988556
519 3.13100004196
520 3.14199995995
521 3.13000011444
522 3.16899991035
523 3.15700006485
524 0.945999979973
525 0.912999987602
526 0.899999976158
527 0.95300000906
528 3.02600002289
529 2.98200011253
530 2.93899989128
531 2.87700009346
532 2.82899999619
533 2.77800011635
534 2.742000103
535 2.71600008011
536 2.95799994469
537 2.92199993134
538 0.0
539 0.0
540 0.0
