0 4.50699996948
1 4.43300008774
2 4.42000007629
3 4.46500015259
4 4.54300022125
5 4.65600013733
6 4.65199995041
7 4.68800020218
8 4.72900009155
9 4.76599979401
10 4.80200004578
11 4.82700014114
12 4.86000013351
13 4.90600013733
14 4.91699981689
15 4.92199993134
16 4.82299995422
17 4.84299993515
18 4.88000011444
19 4.96400022507
20 5.14699983597
21 5.18400001526
22 5.23299980164
23 5.26000022888
24 5.30000019073
25 5.35599994659
26 5.40199995041
27 5.44600009918
28 5.49399995804
29 5.54199981689
30 5.60699987411
31 5.63899993896
32 5.66200017929
33 0.0
34 17.156999588
35 17.1469993591
36 17.1420001984
37 0.0
38 0.0
39 0.0
40 17.2259998322
41 17.156999588
42 17.0729999542
43 16.9869995117
44 16.531999588
45 16.5440006256
46 16.5090007782
47 13.1579999924
48 13.0719995499
49 12.3319997787
50 11.9429998398
51 11.5880002975
52 11.5939998627
53 11.6149997711
54 11.6140003204
55 11.3389997482
56 11.0039997101
57 10.4449996948
58 10.0869998932
59 8.32299995422
60 8.34599971771
61 8.19900035858
62 7.91599988937
63 7.64300012589
64 7.45300006866
65 7.24300003052
66 7.06699991226
67 6.90899991989
68 6.78999996185
69 6.76700019836
70 6.80200004578
71 6.83199977875
72 6.84499979019
73 6.87200021744
74 6.78800010681
75 6.63500022888
76 6.51200008392
77 6.375
78 6.26700019836
79 6.14099979401
80 5.24100017548
81 4.97100019455
82 4.85900020599
83 4.7610001564
84 4.65799999237
85 4.60699987411
86 4.51700019836
87 4.47900009155
88 4.40999984741
89 4.31199979782
90 4.27199983597
91 4.21299982071
92 4.16200017929
93 4.11199998856
94 4.03900003433
95 3.98900008202
96 3.94199991226
97 3.88599991798
98 3.83599996567
99 3.79699993134
100 3.76999998093
101 3.77900004387
102 3.81599998474
103 3.83999991417
104 3.88599991798
105 3.90799999237
106 3.93899989128
107 3.96900010109
108 3.93600010872
109 3.89800000191
110 3.85800004005
111 3.78200006485
112 3.74699997902
113 3.72600007057
114 3.69099998474
115 3.67499995232
116 3.632999897
117 3.59800004959
118 3.56100010872
119 3.52300000191
120 3.50200009346
121 3.46399998665
122 3.44799995422
123 3.40199995041
124 3.40499997139
125 3.38800001144
126 3.42600011826
127 3.45199990273
128 3.49499988556
129 3.52699995041
130 3.56699991226
131 3.60899996758
132 3.64599990845
133 4.02799987793
134 4.06599998474
135 4.08900022507
136 4.10699987411
137 4.15799999237
138 4.19099998474
139 4.1939997673
140 4.22399997711
141 4.27299976349
142 4.3109998703
143 4.35599994659
144 4.39699983597
145 4.42199993134
146 4.4390001297
147 4.48600006104
148 4.50500011444
149 4.51399993896
150 4.54099988937
151 4.19199991226
152 4.28200006485
153 4.54500007629
154 3.242000103
155 3.41599988937
156 4.72300004959
157 4.59999990463
158 4.55700016022
159 4.79199981689
160 4.82800006866
161 4.85500001907
162 4.89900016785
163 4.92700004578
164 4.96600008011
165 5.00199985504
166 5.01700019836
167 5.04400014877
168 3.1740000248
169 3.21399998665
170 3.35899996758
171 4.09200000763
172 4.92299985886
173 4.87900018692
174 4.84499979019
175 4.84100008011
176 4.8109998703
177 4.83599996567
178 4.84100008011
179 4.83900022507
180 4.86499977112
181 4.89200019836
182 4.82100009918
183 5.30900001526
184 5.45800018311
185 5.47499990463
186 5.49800014496
187 5.52099990845
188 4.58300018311
189 4.57999992371
190 5.5720000267
191 5.58500003815
192 3.64400005341
193 3.51699995995
194 4.06599998474
195 4.04899978638
196 5.6939997673
197 5.72700023651
198 5.72700023651
199 5.75299978256
200 5.78100013733
201 5.79199981689
202 5.81199979782
203 5.84000015259
204 5.84299993515
205 5.86899995804
206 5.87300014496
207 5.89499998093
208 5.89599990845
209 5.90600013733
210 5.90899991989
211 5.92399978638
212 5.50099992752
213 5.08400011063
214 5.03200006485
215 5.03700017929
216 5.0560002327
217 5.04500007629
218 5.02600002289
219 5.04099988937
220 5.10799980164
221 5.74599981308
222 5.38000011444
223 5.24300003052
224 5.26700019836
225 5.35400009155
226 5.35699987411
227 5.34899997711
228 5.27199983597
229 5.3109998703
230 5.58099985123
231 6.01499986649
232 6.17399978638
233 6.1859998703
234 6.20100021362
235 6.19299983978
236 6.23699998856
237 6.22100019455
238 6.21899986267
239 6.24599981308
240 6.21799993515
241 6.22599983215
242 6.23199987411
243 6.23199987411
244 6.21999979019
245 6.25199985504
246 6.24599981308
247 6.21799993515
248 6.23600006104
249 6.24399995804
250 6.26300001144
251 6.26200008392
252 6.26599979401
253 6.25299978256
254 6.28299999237
255 6.26300001144
256 6.27400016785
257 6.26800012589
258 6.24599981308
259 6.23500013351
260 6.24399995804
261 6.24900007248
262 6.23000001907
263 6.22700023651
264 6.20300006866
265 6.20499992371
266 6.21500015259
267 6.20300006866
268 6.20800018311
269 6.22200012207
270 6.21600008011
271 6.21899986267
272 6.21000003815
273 6.14200019836
274 5.85300016403
275 5.76599979401
276 5.75899982452
277 5.73099994659
278 5.73000001907
279 5.71600008011
280 5.72700023651
281 5.77099990845
282 5.80800008774
283 5.94299983978
284 6.08500003815
285 6.07700014114
286 6.05999994278
287 6.04799985886
288 6.05900001526
289 6.0640001297
290 6.02199983597
291 5.99900007248
292 5.9889998436
293 5.98199987411
294 5.97200012207
295 5.94199991226
296 5.91800022125
297 5.90500020981
298 5.89599990845
299 5.875
300 5.87599992752
301 5.83099985123
302 5.84200000763
303 5.82600021362
304 5.8060002327
305 5.78800010681
306 5.77799987793
307 5.77099990845
308 5.7389998436
309 5.73600006104
310 5.67600011826
311 5.67700004578
312 5.65000009537
313 5.62599992752
314 5.60799980164
315 5.57999992371
316 5.19799995422
317 4.87599992752
318 5.48000001907
319 5.49599981308
320 5.47100019455
321 5.46500015259
322 5.44099998474
323 5.44099998474
324 5.41300010681
325 5.34000015259
326 5.01700019836
327 5.30999994278
328 5.30000019073
329 4.37200021744
330 4.04699993134
331 4.10900020599
332 5.01200008392
333 5.17299985886
334 5.132999897
335 5.10900020599
336 5.09000015259
337 5.05800008774
338 5.04400014877
339 5.03000020981
340 4.95800018311
341 4.81599998474
342 4.95200014114
343 4.94099998474
344 4.89699983597
345 4.86899995804
346 4.84200000763
347 4.6939997673
348 4.55700016022
349 4.73999977112
350 4.72100019455
351 4.68200016022
352 4.64599990845
353 4.61199998856
354 4.57600021362
355 4.56199979782
356 4.3029999733
357 4.35200023651
358 4.46600008011
359 4.46799993515
360 4.42000007629
361 4.42199993134
362 4.39599990845
363 4.33699989319
364 4.30000019073
365 4.2610001564
366 4.24599981308
367 4.20399999619
368 4.17899990082
369 4.15100002289
370 4.117000103
371 4.07399988174
372 4.05399990082
373 4.02799987793
374 3.96900010109
375 3.95300006866
376 3.91700005531
377 3.90599989891
378 3.8710000515
379 3.8599998951
380 3.81999993324
381 3.72699999809
382 3.632999897
383 3.59400010109
384 3.5529999733
385 3.53500008583
386 3.47600007057
387 3.44899988174
388 3.42899990082
389 3.40100002289
390 3.37599992752
391 3.33899998665
392 3.29699993134
393 3.28999996185
394 3.26699995995
395 3.26200008392
396 3.28500008583
397 3.32100009918
398 3.36100006104
399 3.40599989891
400 3.4430000782
401 3.46499991417
402 3.51699995995
403 3.55800008774
404 3.59800004959
405 3.62299990654
406 3.67100000381
407 3.71700000763
408 3.72900009155
409 3.78500008583
410 3.84100008011
411 3.89199995995
412 3.92899990082
413 4.00699996948
414 4.04899978638
415 4.117000103
416 4.17899990082
417 4.24800014496
418 4.29199981689
419 4.35699987411
420 4.45200014114
421 4.52299976349
422 4.58400011063
423 4.66900014877
424 4.73600006104
425 4.8189997673
426 4.90299987793
427 5.02199983597
428 5.10599994659
429 5.21099996567
430 5.3189997673
431 5.42000007629
432 5.52199983597
433 5.63399982452
434 5.7610001564
435 5.89200019836
436 6.01900005341
437 6.17299985886
438 6.31599998474
439 6.48199987411
440 6.51000022888
441 6.60799980164
442 6.44799995422
443 3.05999994278
444 3.05200004578
445 3.03600001335
446 3.02600002289
447 3.01999998093
448 3.02200007439
449 3.02099990845
450 3.01799988747
451 2.98000001907
452 2.98900008202
453 2.99099993706
454 2.99300003052
455 2.96900010109
456 2.98099994659
457 2.95600008965
458 2.95399999619
459 2.94600009918
460 2.94000005722
461 2.94199991226
462 2.9430000782
463 2.95300006866
464 2.93499994278
465 2.91499996185
466 2.93700003624
467 2.92700004578
468 2.91899991035
469 2.91199994087
470 2.64800000191
471 2.62299990654
472 2.63499999046
473 2.63000011444
474 0.940999984741
475 0.705999970436
476 0.698000013828
477 0.930000007153
478 2.66499996185
479 2.65199995041
480 2.64499998093
481 2.63800001144
482 2.65300011635
483 2.64499998093
484 2.66000008583
485 2.66000008583
486 2.66899991035
487 2.67600011826
488 2.66799998283
489 2.65899991989
490 2.84200000763
491 2.93000006676
492 2.93600010872
493 2.9319999218
494 2.93600010872
495 2.96000003815
496 2.9430000782
497 2.95000004768
498 2.95799994469
499 2.97199988365
500 2.96499991417
501 2.96600008011
502 2.98399996758
503 3.00099992752
504 2.98000001907
505 2.99099993706
506 3.00900006294
507 3.02500009537
508 3.02500009537
509 3.02300000191
510 3.02900004387
511 3.03800010681
512 3.06399989128
513 3.07299995422
514 3.05800008774
515 3.06100010872
516 3.09500002861
517 3.09500002861
518 3.12299990654
519 3.11899995804
520 3.125
521 3.14100003242
522 3.16199994087
523 3.17700004578
524 0.921000003815
525 0.907000005245
526 0.910000026226
527 0.953999996185
528 3.04699993134
529 2.98799991608
530 2.92199993134
531 2.86999988556
532 2.83299994469
533 2.78600001335
534 2.73799991608
535 2.71099996567
536 2.96099996567
537 2.91199994087
538 0.0
539 0.0
540 0.0
