0 4.48600006104
1 4.44199991226
2 4.4359998703
3 4.46199989319
4 4.54500007629
5 4.64400005341
6 4.68200016022
7 4.71199989319
8 4.73600006104
9 4.77299976349
10 4.78200006485
11 4.83199977875
12 4.85900020599
13 4.90100002289
14 4.92000007629
15 4.92600011826
16 4.84000015259
17 4.84299993515
18 4.87200021744
19 4.96400022507
20 5.13800001144
21 5.17600011826
22 5.22599983215
23 5.26800012589
24 5.31300020218
25 5.34899997711
26 5.38800001144
27 5.45200014114
28 5.49800014496
29 5.55399990082
30 5.60200023651
31 5.63199996948
32 5.67500019073
33 0.0
34 17.1490001678
35 17.1509990692
36 17.1450004578
37 0.0
38 0.0
39 0.0
40 17.2280006409
41 17.158000946
42 17.0750007629
43 17.0100002289
44 16.5130004883
45 16.547000885
46 16.5230007172
47 13.170999527
48 13.0869998932
49 12.3520002365
50 11.9510002136
51 11.595000267
52 11.5909996033
53 11.6140003204
54 11.6219997406
55 11.3409996033
56 10.9739999771
57 10.4610004425
58 10.1190004349
59 8.3360004425
60 8.33399963379
61 8.18000030518
62 7.91300010681
63 7.62300014496
64 7.43400001526
65 7.22800016403
66 7.04799985886
67 6.90100002289
68 6.77899980545
69 6.78800010681
70 6.79600000381
71 6.83400011063
72 6.84299993515
73 6.86199998856
74 6.79099988937
75 6.62799978256
76 6.50299978256
77 6.38100004196
78 6.28100013733
79 6.16599988937
80 5.23099994659
81 4.96700000763
82 4.84800004959
83 4.76700019836
84 4.69500017166
85 4.59999990463
86 4.53999996185
87 4.47599983215
88 4.41200017929
89 4.33900022507
90 4.28200006485
91 4.21999979019
92 4.15899991989
93 4.10099983215
94 4.01999998093
95 3.98699998856
96 3.92100000381
97 3.8900001049
98 3.85400009155
99 3.80100011826
100 3.76699995995
101 3.79399991035
102 3.81999993324
103 3.84200000763
104 3.86100006104
105 3.91000008583
106 3.93899989128
107 3.95000004768
108 3.92199993134
109 3.8789999485
110 3.83800005913
111 3.81399989128
112 3.77900004387
113 3.73200011253
114 3.69400000572
115 3.64700007439
116 3.61800003052
117 3.59200000763
118 3.5680000782
119 3.53800010681
120 3.50500011444
121 3.47799992561
122 3.45199990273
123 3.41199994087
124 3.39599990845
125 3.39199995995
126 3.42100000381
127 3.45300006866
128 3.48399996758
129 3.52300000191
130 3.57699990273
131 3.61899995804
132 3.6740000248
133 4.02099990845
134 4.05499982834
135 4.09499979019
136 4.10699987411
137 4.16400003433
138 4.18200016022
139 4.22200012207
140 4.25500011444
141 4.29099988937
142 4.32399988174
143 4.33300018311
144 4.36299991608
145 4.41300010681
146 4.46099996567
147 4.48600006104
148 4.51399993896
149 4.54899978638
150 4.55800008774
151 4.18800020218
152 4.30399990082
153 4.60699987411
154 3.25200009346
155 3.43000006676
156 4.71000003815
157 4.59600019455
158 4.56199979782
159 4.80700016022
160 4.83599996567
161 4.85500001907
162 4.89499998093
163 4.92199993134
164 4.95100021362
165 4.99499988556
166 5.01999998093
167 5.03900003433
168 3.117000103
169 3.21700000763
170 3.382999897
171 4.09299993515
172 4.91099977493
173 4.87900018692
174 4.84200000763
175 4.82999992371
176 4.81699991226
177 4.82800006866
178 4.84000015259
179 4.86199998856
180 4.87900018692
181 4.89599990845
182 4.82100009918
183 5.30999994278
184 5.48000001907
185 5.47300004959
186 5.48400020599
187 5.50699996948
188 4.58300018311
189 4.56599998474
190 5.56500005722
191 5.59100008011
192 3.63899993896
193 3.52800011635
194 4.07299995422
195 4.04300022125
196 5.6939997673
197 5.71500015259
198 5.73299980164
199 5.75199985504
200 5.78399991989
201 5.81300020218
202 5.8109998703
203 5.82800006866
204 5.83699989319
205 5.85599994659
206 5.87200021744
207 5.882999897
208 5.88999986649
209 5.91200017929
210 5.93400001526
211 5.94299983978
212 5.52400016785
213 5.08500003815
214 5.03700017929
215 5.03999996185
216 5.04500007629
217 5.04300022125
218 5.03800010681
219 5.02500009537
220 5.12099981308
221 5.757999897
222 5.37200021744
223 5.23400020599
224 5.28399991989
225 5.35500001907
226 5.34700012207
227 5.35699987411
228 5.27199983597
229 5.29199981689
230 5.58900022507
231 6.0
232 6.17299985886
233 6.18200016022
234 6.1810002327
235 6.19899988174
236 6.23600006104
237 6.22599983215
238 6.22499990463
239 6.22200012207
240 6.2389998436
241 6.21799993515
242 6.21899986267
243 6.21999979019
244 6.22700023651
245 6.22700023651
246 6.23099994659
247 6.23699998856
248 6.23600006104
249 6.25600004196
250 6.26499986649
251 6.25
252 6.27699995041
253 6.27400016785
254 6.26200008392
255 6.27299976349
256 6.25899982452
257 6.25899982452
258 6.25099992752
259 6.24900007248
260 6.24300003052
261 6.23099994659
262 6.21099996567
263 6.21899986267
264 6.21799993515
265 6.20900011063
266 6.21899986267
267 6.21400022507
268 6.21299982071
269 6.23299980164
270 6.23500013351
271 6.19999980927
272 6.19199991226
273 6.13999986649
274 5.85599994659
275 5.78000020981
276 5.74599981308
277 5.72499990463
278 5.72100019455
279 5.72700023651
280 5.74900007248
281 5.77799987793
282 5.81699991226
283 5.94799995422
284 6.08599996567
285 6.05999994278
286 6.0640001297
287 6.06199979782
288 6.0560002327
289 6.06300020218
290 6.03900003433
291 6.01499986649
292 5.98999977112
293 5.97200012207
294 5.94299983978
295 5.95399999619
296 5.92600011826
297 5.90799999237
298 5.90100002289
299 5.8860001564
300 5.87400007248
301 5.85500001907
302 5.84200000763
303 5.82299995422
304 5.80499982834
305 5.77299976349
306 5.77699995041
307 5.76300001144
308 5.74100017548
309 5.72499990463
310 5.70200014114
311 5.65500020981
312 5.64099979401
313 5.617000103
314 5.60699987411
315 5.58099985123
316 5.1810002327
317 4.89400005341
318 5.48099994659
319 5.50600004196
320 5.48600006104
321 5.46400022507
322 5.4439997673
323 5.42299985886
324 5.41300010681
325 5.34999990463
326 5.02799987793
327 5.32100009918
328 5.29099988937
329 4.36800003052
330 4.05900001526
331 4.13399982452
332 5.01300001144
333 5.16400003433
334 5.13199996948
335 5.12200021744
336 5.09600019455
337 5.0689997673
338 5.03999996185
339 5.0110001564
340 4.96000003815
341 4.80399990082
342 4.95499992371
343 4.9439997673
344 4.90399980545
345 4.86800003052
346 4.83799982071
347 4.70900011063
348 4.57299995422
349 4.72900009155
350 4.71299982071
351 4.68400001526
352 4.64099979401
353 4.61299991608
354 4.60300016403
355 4.57000017166
356 4.31500005722
357 4.37699985504
358 4.49700021744
359 4.46099996567
360 4.41800022125
361 4.41499996185
362 4.39699983597
363 4.35799980164
364 4.31599998474
365 4.28100013733
366 4.25199985504
367 4.21500015259
368 4.17500019073
369 4.15700006485
370 4.10099983215
371 4.05900001526
372 4.05800008774
373 4.00699996948
374 3.99399995804
375 3.97000002861
376 3.9240000248
377 3.90499997139
378 3.87400007248
379 3.8599998951
380 3.8259999752
381 3.71900010109
382 3.62400007248
383 3.60500001907
384 3.5529999733
385 3.53699994087
386 3.48799991608
387 3.45900011063
388 3.43000006676
389 3.38599991798
390 3.36100006104
391 3.33299994469
392 3.31100010872
393 3.27699995041
394 3.24099993706
395 3.26900005341
396 3.2990000248
397 3.31200003624
398 3.367000103
399 3.40499997139
400 3.44199991226
401 3.47900009155
402 3.51300001144
403 3.54099988937
404 3.58999991417
405 3.64800000191
406 3.69799995422
407 3.70600008965
408 3.74000000954
409 3.78200006485
410 3.83299994469
411 3.88700008392
412 3.93700003624
413 3.98900008202
414 4.0609998703
415 4.117000103
416 4.16499996185
417 4.22800016403
418 4.32299995422
419 4.38000011444
420 4.43300008774
421 4.49599981308
422 4.59600019455
423 4.67500019073
424 4.73099994659
425 4.8109998703
426 4.92199993134
427 5.01700019836
428 5.11800003052
429 5.21500015259
430 5.31300020218
431 5.42000007629
432 5.52500009537
433 5.64799976349
434 5.76499986649
435 5.8860001564
436 6.03499984741
437 6.15999984741
438 6.32000017166
439 6.45800018311
440 6.49800014496
441 6.59800004959
442 6.4359998703
443 3.07800006866
444 3.04399991035
445 3.03999996185
446 3.01200008392
447 3.02999997139
448 3.00999999046
449 3.00500011444
450 3.00200009346
451 3.007999897
452 3.00600004196
453 2.97699999809
454 2.97199988365
455 2.99300003052
456 2.96199989319
457 2.97499990463
458 2.97199988365
459 2.94400000572
460 2.95199990273
461 2.96099996567
462 2.94499993324
463 2.92899990082
464 2.93099999428
465 2.93099999428
466 2.92600011826
467 2.91899991035
468 2.92499995232
469 2.91499996185
470 2.65000009537
471 2.64800000191
472 2.62599992752
473 2.65000009537
474 0.954999983311
475 0.699999988079
476 0.723999977112
477 0.927999973297
478 2.63499999046
479 2.63199996948
480 2.64400005341
481 2.65000009537
482 2.64700007439
483 2.64800000191
484 2.66000008583
485 2.65799999237
486 2.66700005531
487 2.67600011826
488 2.66899991035
489 2.67100000381
490 2.82399988174
491 2.94400000572
492 2.93600010872
493 2.95399999619
494 2.94799995422
495 2.96799993515
496 2.94600009918
497 2.96300005913
498 2.96700000763
499 2.96199989319
500 2.96600008011
501 2.97000002861
502 2.9849998951
503 2.97600007057
504 3.00699996948
505 3.01099991798
506 3.00099992752
507 3.01799988747
508 3.02999997139
509 3.01600003242
510 3.04099988937
511 3.03999996185
512 3.05200004578
513 3.06100010872
514 3.06500005722
515 3.09599995613
516 3.09599995613
517 3.11599993706
518 3.09999990463
519 3.10899996758
520 3.13499999046
521 3.15199995041
522 3.14499998093
523 3.17700004578
524 0.930000007153
525 0.911000013351
526 0.910000026226
527 0.955999970436
528 3.03699994087
529 2.98900008202
530 2.93099999428
531 2.8789999485
532 2.82999992371
533 2.78200006485
534 2.72199988365
535 2.70399999619
536 2.95000004768
537 2.93400001526
538 0.0
539 0.0
540 0.0
