0 4.51800012589
1 4.42500019073
2 4.45300006866
3 4.45499992371
4 4.52899980545
5 4.65799999237
6 4.67100000381
7 4.71299982071
8 4.74100017548
9 4.76599979401
10 4.80399990082
11 4.8220000267
12 4.84499979019
13 4.89799976349
14 4.94000005722
15 4.92399978638
16 4.84100008011
17 4.85799980164
18 4.88500022888
19 4.96500015259
20 5.13399982452
21 5.17399978638
22 5.21999979019
23 5.25699996948
24 5.30800008774
25 5.35400009155
26 5.40299987793
27 5.45399999619
28 5.48500013351
29 5.54600000381
30 5.60699987411
31 5.64499998093
32 5.63500022888
33 0.0
34 17.1550006866
35 17.1289997101
36 17.1410007477
37 0.0
38 0.0
39 0.0
40 17.2409992218
41 17.172000885
42 17.0680007935
43 16.9920005798
44 16.5279998779
45 16.5310001373
46 16.517999649
47 13.1750001907
48 13.0819997787
49 12.345000267
50 11.9610004425
51 11.6009998322
52 11.5970001221
53 11.6379995346
54 11.6190004349
55 11.3260002136
56 10.9829998016
57 10.4750003815
58 10.0880002975
59 8.29599952698
60 8.33500003815
61 8.18500041962
62 7.92999982834
63 7.62300014496
64 7.4359998703
65 7.23099994659
66 7.0529999733
67 6.88999986649
68 6.78900003433
69 6.77400016785
70 6.80900001526
71 6.81699991226
72 6.84299993515
73 6.88199996948
74 6.79699993134
75 6.63399982452
76 6.52099990845
77 6.40000009537
78 6.27600002289
79 6.14599990845
80 5.23299980164
81 4.95499992371
82 4.85099983215
83 4.76900005341
84 4.67600011826
85 4.59700012207
86 4.54500007629
87 4.47800016403
88 4.41300010681
89 4.34700012207
90 4.26000022888
91 4.19899988174
92 4.15700006485
93 4.11199998856
94 4.02500009537
95 3.99099993706
96 3.9279999733
97 3.89400005341
98 3.84800004959
99 3.81200003624
100 3.77699995041
101 3.78099989891
102 3.81100010872
103 3.85199999809
104 3.89100003242
105 3.91000008583
106 3.93899989128
107 3.96399998665
108 3.92899990082
109 3.88100004196
110 3.84100008011
111 3.80500006676
112 3.75
113 3.71099996567
114 3.70000004768
115 3.65400004387
116 3.63400006294
117 3.59800004959
118 3.5529999733
119 3.54099988937
120 3.48600006104
121 3.47499990463
122 3.44600009918
123 3.40100002289
124 3.38800001144
125 3.38800001144
126 3.42600011826
127 3.45199990273
128 3.48600006104
129 3.51699995995
130 3.57100009918
131 3.60500001907
132 3.67100000381
133 4.02699995041
134 4.07299995422
135 4.07700014114
136 4.13500022888
137 4.15700006485
138 4.18800020218
139 4.19999980927
140 4.24300003052
141 4.28499984741
142 4.30800008774
143 4.35500001907
144 4.39699983597
145 4.43699979782
146 4.46400022507
147 4.48400020599
148 4.52199983597
149 4.53700017929
150 4.53999996185
151 4.19000005722
152 4.3029999733
153 4.51399993896
154 3.26099991798
155 3.42199993134
156 4.70800018311
157 4.58799982071
158 4.54600000381
159 4.79099988937
160 4.83599996567
161 4.85200023651
162 4.89699983597
163 4.93400001526
164 4.95900011063
165 4.99100017548
166 5.02899980545
167 5.04300022125
168 3.15400004387
169 3.21799993515
170 3.367000103
171 4.10400009155
172 4.90600013733
173 4.87300014496
174 4.84000015259
175 4.82600021362
176 4.81699991226
177 4.84399986267
178 4.82800006866
179 4.84100008011
180 4.87300014496
181 4.89900016785
182 4.82600021362
183 5.3060002327
184 5.46500015259
185 5.47800016403
186 5.49599981308
187 5.51700019836
188 4.60300016403
189 4.57899999619
190 5.55200004578
191 5.58699989319
192 3.65400004387
193 3.52699995041
194 4.07000017166
195 4.03200006485
196 5.6890001297
197 5.70699977875
198 5.71000003815
199 5.7610001564
200 5.78499984741
201 5.81599998474
202 5.82600021362
203 5.84200000763
204 5.86000013351
205 5.84999990463
206 5.85799980164
207 5.8639998436
208 5.882999897
209 5.90500020981
210 5.92899990082
211 5.94600009918
212 5.51499986649
213 5.09100008011
214 5.03100013733
215 5.04400014877
216 5.04400014877
217 5.03499984741
218 5.04500007629
219 5.03700017929
220 5.11299991608
221 5.74100017548
222 5.39200019836
223 5.23400020599
224 5.27699995041
225 5.34899997711
226 5.35400009155
227 5.36199998856
228 5.26599979401
229 5.30900001526
230 5.56799983978
231 6.00600004196
232 6.18699979782
233 6.16699981689
234 6.19199991226
235 6.22100019455
236 6.22100019455
237 6.21500015259
238 6.23799991608
239 6.22399997711
240 6.23000001907
241 6.22700023651
242 6.23799991608
243 6.20900011063
244 6.24599981308
245 6.23099994659
246 6.22700023651
247 6.25400018692
248 6.25400018692
249 6.25299978256
250 6.23799991608
251 6.24300003052
252 6.24399995804
253 6.25099992752
254 6.28000020981
255 6.27600002289
256 6.27799987793
257 6.24700021744
258 6.25199985504
259 6.22499990463
260 6.22700023651
261 6.22900009155
262 6.23999977112
263 6.22900009155
264 6.21799993515
265 6.23500013351
266 6.20800018311
267 6.22499990463
268 6.21899986267
269 6.21299982071
270 6.20399999619
271 6.20900011063
272 6.21500015259
273 6.13800001144
274 5.84700012207
275 5.76999998093
276 5.76399993896
277 5.71600008011
278 5.71899986267
279 5.72100019455
280 5.74700021744
281 5.75099992752
282 5.8140001297
283 5.95900011063
284 6.09100008011
285 6.08500003815
286 6.06699991226
287 6.04899978638
288 6.04300022125
289 6.02899980545
290 6.02899980545
291 6.0110001564
292 5.97800016403
293 5.97599983215
294 5.96999979019
295 5.94799995422
296 5.91900014877
297 5.91400003433
298 5.88800001144
299 5.8639998436
300 5.85500001907
301 5.85599994659
302 5.84399986267
303 5.82299995422
304 5.80100011826
305 5.79099988937
306 5.78000020981
307 5.76599979401
308 5.73099994659
309 5.71799993515
310 5.69199991226
311 5.6779999733
312 5.65399980545
313 5.61000013351
314 5.60099983215
315 5.58199977875
316 5.21899986267
317 4.88800001144
318 5.45800018311
319 5.51800012589
320 5.47499990463
321 5.47399997711
322 5.45399999619
323 5.42399978638
324 5.41200017929
325 5.34299993515
326 5.03499984741
327 5.3060002327
328 5.29199981689
329 4.37400007248
330 4.06500005722
331 4.13199996948
332 5.00899982452
333 5.16099977493
334 5.14200019836
335 5.1139998436
336 5.09000015259
337 5.06699991226
338 5.04400014877
339 5.02799987793
340 4.94500017166
341 4.80999994278
342 4.95499992371
343 4.94099998474
344 4.90199995041
345 4.86800003052
346 4.84399986267
347 4.69500017166
348 4.57299995422
349 4.72900009155
350 4.69999980927
351 4.66800022125
352 4.64300012589
353 4.6139998436
354 4.59899997711
355 4.53700017929
356 4.31500005722
357 4.36000013351
358 4.49100017548
359 4.46099996567
360 4.44600009918
361 4.41300010681
362 4.37900018692
363 4.35099983215
364 4.31500005722
365 4.28700017929
366 4.22800016403
367 4.21999979019
368 4.16900014877
369 4.12900018692
370 4.09200000763
371 4.0609998703
372 4.03499984741
373 4.01900005341
374 3.992000103
375 3.96199989319
376 3.93799996376
377 3.92199993134
378 3.86400008202
379 3.85500001907
380 3.82699990273
381 3.71399998665
382 3.63800001144
383 3.59800004959
384 3.57100009918
385 3.52500009537
386 3.49699997902
387 3.46300005913
388 3.41899991035
389 3.40199995041
390 3.36100006104
391 3.34299993515
392 3.31100010872
393 3.27999997139
394 3.26200008392
395 3.26699995995
396 3.27900004387
397 3.33299994469
398 3.36500000954
399 3.40199995041
400 3.42700004578
401 3.47099995613
402 3.5039999485
403 3.56500005722
404 3.59400010109
405 3.63899993896
406 3.67899990082
407 3.72499990463
408 3.75099992752
409 3.79299998283
410 3.81500005722
411 3.88400006294
412 3.94099998474
413 4.00899982452
414 4.07800006866
415 4.13399982452
416 4.17999982834
417 4.22900009155
418 4.28299999237
419 4.38100004196
420 4.41800022125
421 4.52099990845
422 4.60500001907
423 4.66599988937
424 4.72800016403
425 4.82600021362
426 4.90899991989
427 5.01200008392
428 5.11499977112
429 5.21600008011
430 5.31699991226
431 5.41900014877
432 5.53399991989
433 5.65700006485
434 5.75099992752
435 5.882999897
436 6.02799987793
437 6.16499996185
438 6.31599998474
439 6.48400020599
440 6.49700021744
441 6.60799980164
442 6.46299982071
443 3.06500005722
444 3.03999996185
445 3.05100011826
446 3.03800010681
447 3.02500009537
448 3.00900006294
449 3.007999897
450 3.01300001144
451 2.99300003052
452 2.9960000515
453 2.97600007057
454 2.98099994659
455 2.97000002861
456 2.96000003815
457 2.95700001717
458 2.96499991417
459 2.95300006866
460 2.95399999619
461 2.9430000782
462 2.94000005722
463 2.93600010872
464 2.93600010872
465 2.92499995232
466 2.92199993134
467 2.93400001526
468 2.92199993134
469 2.90599989891
470 2.64499998093
471 2.64700007439
472 2.6400001049
473 2.64800000191
474 0.948000013828
475 0.697000026703
476 0.697000026703
477 0.930000007153
478 2.65899991989
479 2.64199995995
480 2.61999988556
481 2.64299988747
482 2.65899991989
483 2.65100002289
484 2.64100003242
485 2.65599989891
486 2.65000009537
487 2.66599988937
488 2.6740000248
489 2.65799999237
490 2.82399988174
491 2.93600010872
492 2.95300006866
493 2.95199990273
494 2.95000004768
495 2.9319999218
496 2.95000004768
497 2.96199989319
498 2.96000003815
499 2.95799994469
500 2.97300004959
501 2.98600006104
502 2.99399995804
503 2.97499990463
504 2.992000103
505 2.99799990654
506 3.01900005341
507 3.00600004196
508 3.01600003242
509 3.02999997139
510 3.0529999733
511 3.05900001526
512 3.05900001526
513 3.05800008774
514 3.0759999752
515 3.08200001717
516 3.09699988365
517 3.11400008202
518 3.10500001907
519 3.11500000954
520 3.13899993896
521 3.12700009346
522 3.14400005341
523 3.15899991989
524 0.938000023365
525 0.916999995708
526 0.910000026226
527 0.950999975204
528 3.04600000381
529 2.99000000954
530 2.93400001526
531 2.88199996948
532 2.82500004768
533 2.78500008583
534 2.74499988556
535 2.69499993324
536 2.9509999752
537 2.89299988747
538 0.0
539 0.0
540 0.0
