0 1.04400002956
1 1.06599998474
2 4.45200014114
3 4.47700023651
4 4.53800010681
5 4.66300010681
6 4.68800020218
7 4.69899988174
8 4.73500013351
9 4.75199985504
10 4.79099988937
11 4.82999992371
12 4.85699987411
13 4.89300012589
14 4.93300008774
15 4.9279999733
16 4.84399986267
17 4.85900020599
18 4.87799978256
19 4.96099996567
20 5.14499998093
21 5.1859998703
22 5.23400020599
23 5.26399993896
24 5.31799983978
25 5.35599994659
26 5.40999984741
27 5.45100021362
28 5.48799991608
29 5.54099988937
30 5.59899997711
31 5.64699983597
32 5.67399978638
33 0.0
34 17.1599998474
35 17.1520004272
36 17.1319999695
37 0.0
38 0.0
39 0.0
40 17.2380008698
41 17.1599998474
42 17.0669994354
43 17.0100002289
44 16.5249996185
45 16.5410003662
46 16.5249996185
47 13.1599998474
48 13.0860004425
49 12.3319997787
50 11.9409999847
51 11.5830001831
52 11.6129999161
53 11.6190004349
54 11.6199998856
55 11.3549995422
56 10.9989995956
57 10.4600000381
58 10.0970001221
59 8.30500030518
60 8.34000015259
61 8.18500041962
62 7.90999984741
63 7.64499998093
64 7.44500017166
65 7.25199985504
66 7.05399990082
67 6.89400005341
68 6.77899980545
69 6.77299976349
70 6.80399990082
71 6.83400011063
72 6.85200023651
73 6.86999988556
74 6.78900003433
75 6.63899993896
76 6.50500011444
77 6.38999986649
78 6.26000022888
79 6.14599990845
80 5.21999979019
81 4.97499990463
82 4.86100006104
83 4.77699995041
84 4.67399978638
85 4.57899999619
86 4.53399991989
87 4.47100019455
88 4.40999984741
89 4.33900022507
90 4.28299999237
91 4.20499992371
92 4.16400003433
93 4.11299991608
94 4.04899978638
95 3.98099994659
96 3.92600011826
97 3.87299990654
98 3.82500004768
99 3.78299999237
100 3.76999998093
101 3.79399991035
102 3.8180000782
103 3.82899999619
104 3.86899995804
105 3.91000008583
106 3.92499995232
107 3.94000005722
108 3.91199994087
109 3.87700009346
110 3.84400010109
111 3.79600000381
112 3.76799988747
113 3.73600006104
114 3.69400000572
115 3.66100001335
116 3.62400007248
117 3.58400011063
118 3.55200004578
119 3.52099990845
120 3.50099992752
121 3.48000001907
122 3.43300008774
123 3.41300010681
124 3.39800000191
125 3.38100004196
126 3.42600011826
127 3.44799995422
128 3.47300004959
129 3.52699995041
130 3.5759999752
131 3.61199998856
132 3.66700005531
133 4.01300001144
134 4.05900001526
135 4.07100009918
136 4.12699985504
137 4.12799978256
138 4.18499994278
139 4.22599983215
140 4.26000022888
141 4.28599977493
142 4.29500007629
143 4.32600021362
144 4.3639998436
145 4.43400001526
146 4.45900011063
147 4.48400020599
148 4.5110001564
149 4.54099988937
150 4.54699993134
151 4.20599985123
152 4.28299999237
153 4.59399986267
154 3.27099990845
155 3.42700004578
156 4.70499992371
157 4.60099983215
158 4.57000017166
159 4.80000019073
160 4.83699989319
161 4.86600017548
162 4.90799999237
163 4.93699979782
164 4.95399999619
165 4.99900007248
166 5.02600002289
167 5.03700017929
168 3.13899993896
169 3.22199988365
170 3.36999988556
171 4.12099981308
172 4.91300010681
173 4.88999986649
174 4.85500001907
175 4.83900022507
176 4.83199977875
177 4.82899999619
178 4.83300018311
179 4.84200000763
180 4.875
181 4.89400005341
182 4.8220000267
183 5.32299995422
184 5.47200012207
185 5.46299982071
186 5.49100017548
187 5.51599979401
188 4.59700012207
189 4.58199977875
190 5.55000019073
191 5.58599996567
192 3.63000011444
193 3.51999998093
194 4.06799983978
195 4.03399991989
196 5.68800020218
197 5.71000003815
198 5.74700021744
199 5.75199985504
200 5.77400016785
201 5.8140001297
202 5.81599998474
203 5.82299995422
204 5.85599994659
205 5.85900020599
206 5.87599992752
207 5.89400005341
208 5.90899991989
209 5.90500020981
210 5.92299985886
211 5.91400003433
212 5.50400018692
213 5.10200023651
214 5.0529999733
215 5.04099988937
216 5.02899980545
217 5.04400014877
218 5.03399991989
219 5.03900003433
220 5.11999988556
221 5.7389998436
222 5.39699983597
223 5.22800016403
224 5.27500009537
225 5.34200000763
226 5.32499980927
227 5.34200000763
228 5.27699995041
229 5.30399990082
230 5.54899978638
231 6.03499984741
232 6.17000007629
233 6.19199991226
234 6.21099996567
235 6.21500015259
236 6.22800016403
237 6.22599983215
238 6.24700021744
239 6.23799991608
240 6.21899986267
241 6.21999979019
242 6.2389998436
243 6.24800014496
244 6.23500013351
245 6.25
246 6.21400022507
247 6.24399995804
248 6.23699998856
249 6.22900009155
250 6.25400018692
251 6.242000103
252 6.24599981308
253 6.27799987793
254 6.28800010681
255 6.28000020981
256 6.24599981308
257 6.25199985504
258 6.25899982452
259 6.25699996948
260 6.23699998856
261 6.24300003052
262 6.22800016403
263 6.23799991608
264 6.22100019455
265 6.21000003815
266 6.21299982071
267 6.21199989319
268 6.21500015259
269 6.19899988174
270 6.21099996567
271 6.23500013351
272 6.21299982071
273 6.14499998093
274 5.83300018311
275 5.77500009537
276 5.75899982452
277 5.72700023651
278 5.71199989319
279 5.72499990463
280 5.75299978256
281 5.76599979401
282 5.81799983978
283 5.94799995422
284 6.07000017166
285 6.0609998703
286 6.0689997673
287 6.07100009918
288 6.05499982834
289 6.05000019073
290 6.04400014877
291 6.02500009537
292 5.99399995804
293 5.97200012207
294 5.95200014114
295 5.92199993134
296 5.91499996185
297 5.89900016785
298 5.88500022888
299 5.88500022888
300 5.86499977112
301 5.83599996567
302 5.84000015259
303 5.81699991226
304 5.81199979782
305 5.78599977493
306 5.79600000381
307 5.77799987793
308 5.74800014496
309 5.73199987411
310 5.68800020218
311 5.68200016022
312 5.65199995041
313 5.63000011444
314 5.60599994659
315 5.56799983978
316 5.20399999619
317 4.88399982452
318 5.48699998856
319 5.51499986649
320 5.47200012207
321 5.46700000763
322 5.45499992371
323 5.4359998703
324 5.42000007629
325 5.32899999619
326 5.02500009537
327 5.3220000267
328 5.3060002327
329 4.36499977112
330 4.03399991989
331 4.10099983215
332 5.03100013733
333 5.16499996185
334 5.14099979401
335 5.10599994659
336 5.09200000763
337 5.0720000267
338 5.03700017929
339 5.01399993896
340 4.9439997673
341 4.82100009918
342 4.94799995422
343 4.94600009918
344 4.91400003433
345 4.8639998436
346 4.82499980927
347 4.68800020218
348 4.55399990082
349 4.73000001907
350 4.71299982071
351 4.66800022125
352 4.64300012589
353 4.61299991608
354 4.60200023651
355 4.57100009918
356 4.3140001297
357 4.34100008011
358 4.48199987411
359 4.45499992371
360 4.43300008774
361 4.40500020981
362 4.39400005341
363 4.36100006104
364 4.31799983978
365 4.26300001144
366 4.25199985504
367 4.19299983978
368 4.16800022125
369 4.14799976349
370 4.10300016403
371 4.07800006866
372 4.05399990082
373 4.02199983597
374 3.99699997902
375 3.94099998474
376 3.91700005531
377 3.8900001049
378 3.85700011253
379 3.84899997711
380 3.81900000572
381 3.71900010109
382 3.63400006294
383 3.59500002861
384 3.56500005722
385 3.52999997139
386 3.492000103
387 3.47000002861
388 3.42600011826
389 3.39100003242
390 3.34999990463
391 3.32999992371
392 3.31900000572
393 3.26900005341
394 3.25699996948
395 3.27699995041
396 3.30399990082
397 3.3180000782
398 3.34999990463
399 3.38700008392
400 3.44499993324
401 3.48799991608
402 3.51099991798
403 3.56500005722
404 3.59400010109
405 3.6289999485
406 3.66499996185
407 3.72000002861
408 3.74399995804
409 3.78900003433
410 3.82999992371
411 3.88000011444
412 3.93400001526
413 4.00299978256
414 4.05900001526
415 4.11800003052
416 4.17700004578
417 4.24700021744
418 4.32000017166
419 4.382999897
420 4.44000005722
421 4.52199983597
422 4.59800004959
423 4.66200017929
424 4.74399995804
425 4.80399990082
426 4.91800022125
427 5.01800012589
428 5.10699987411
429 5.20800018311
430 5.3109998703
431 5.42199993134
432 5.51900005341
433 5.64799976349
434 5.75699996948
435 5.88100004196
436 6.02500009537
437 6.17999982834
438 6.29400014877
439 6.47300004959
440 6.47800016403
441 6.59299993515
442 6.42500019073
443 3.07299995422
444 3.0529999733
445 3.03699994087
446 3.02699995041
447 3.02099990845
448 3.02600002289
449 3.00300002098
450 2.99099993706
451 2.98200011253
452 3.0039999485
453 2.97900009155
454 2.96600008011
455 2.97199988365
456 2.96900010109
457 2.96199989319
458 2.95300006866
459 2.94899988174
460 2.94499993324
461 2.95700001717
462 2.93300008774
463 2.93300008774
464 2.93099999428
465 2.92700004578
466 2.9240000248
467 2.92300009727
468 2.91899991035
469 2.91799998283
470 2.65100002289
471 2.64100003242
472 2.64800000191
473 2.63700008392
474 0.941999971867
475 0.708000004292
476 0.717000007629
477 0.92199999094
478 2.63599991798
479 2.65100002289
480 2.65000009537
481 2.65100002289
482 2.65199995041
483 2.64899992943
484 2.65799999237
485 2.64299988747
486 2.66599988937
487 2.65899991989
488 2.65499997139
489 2.6740000248
490 2.84299993515
491 2.9279999733
492 2.92700004578
493 2.9430000782
494 2.93400001526
495 2.94799995422
496 2.94199991226
497 2.9470000267
498 2.97399997711
499 2.97399997711
500 2.96399998665
501 2.98300004005
502 2.98200011253
503 2.98200011253
504 2.99699997902
505 2.992000103
506 2.99499988556
507 3.02600002289
508 3.02600002289
509 3.03800010681
510 3.02600002289
511 3.02900004387
512 3.05500006676
513 3.05599999428
514 3.07999992371
515 3.08299994469
516 3.10199999809
517 3.11500000954
518 3.10800004005
519 3.11999988556
520 3.12599992752
521 3.13400006294
522 3.15100002289
523 3.18000006676
524 0.927999973297
525 0.913999974728
526 0.920000016689
527 0.934000015259
528 3.04299998283
529 2.98600006104
530 2.9240000248
531 2.86500000954
532 2.84100008011
533 2.77200007439
534 2.73399996758
535 2.70499992371
536 2.96000003815
537 2.92100000381
538 0.0
539 0.0
540 0.0
