0 4.49900007248
1 4.41599988937
2 4.44099998474
3 4.4439997673
4 4.53599977493
5 4.65899991989
6 4.68699979782
7 4.70800018311
8 4.74599981308
9 4.75500011444
10 4.80999994278
11 4.82100009918
12 4.85500001907
13 4.89599990845
14 4.91699981689
15 4.9390001297
16 4.83900022507
17 4.86600017548
18 4.88199996948
19 4.97399997711
20 5.14599990845
21 5.17899990082
22 5.23400020599
23 5.26000022888
24 5.31799983978
25 5.36000013351
26 5.40799999237
27 5.44999980927
28 5.50099992752
29 5.5529999733
30 5.60500001907
31 5.65100002289
32 5.65500020981
33 0.0
34 17.1529998779
35 17.1380004883
36 17.1509990692
37 0.0
38 0.0
39 0.0
40 17.2439994812
41 17.1639995575
42 17.0599994659
43 17.0149993896
44 16.5249996185
45 16.5480003357
46 16.5240001678
47 13.1619997025
48 13.0939998627
49 12.3299999237
50 11.9259996414
51 11.6009998322
52 11.5939998627
53 11.6129999161
54 11.626999855
55 11.359000206
56 11.0120000839
57 10.4340000153
58 10.1059999466
59 8.3360004425
60 8.33300018311
61 8.20899963379
62 7.92500019073
63 7.62599992752
64 7.45900011063
65 7.24499988556
66 7.06199979782
67 6.90700006485
68 6.78900003433
69 6.77199983597
70 6.79400014877
71 6.82700014114
72 6.85500001907
73 6.86800003052
74 6.78800010681
75 6.64499998093
76 6.51700019836
77 6.39200019836
78 6.26599979401
79 6.14599990845
80 5.25
81 4.97100019455
82 4.8639998436
83 4.76900005341
84 4.67199993134
85 4.60799980164
86 4.54400014877
87 4.46799993515
88 4.41300010681
89 4.34299993515
90 4.28700017929
91 4.21099996567
92 4.16699981689
93 4.10200023651
94 4.03499984741
95 3.99099993706
96 3.93799996376
97 3.88400006294
98 3.84800004959
99 3.78900003433
100 3.78200006485
101 3.79999995232
102 3.82299995422
103 3.85400009155
104 3.88800001144
105 3.90799999237
106 3.95799994469
107 3.9470000267
108 3.90300011635
109 3.88700008392
110 3.85100007057
111 3.80900001526
112 3.76999998093
113 3.73600006104
114 3.70600008965
115 3.66700005531
116 3.62800002098
117 3.60100007057
118 3.5529999733
119 3.53200006485
120 3.50999999046
121 3.45600008965
122 3.43300008774
123 3.4240000248
124 3.41199994087
125 3.39100003242
126 3.42600011826
127 3.44199991226
128 3.49000000954
129 3.52800011635
130 3.57800006866
131 3.61599993706
132 3.67000007629
133 4.01999998093
134 4.07399988174
135 4.09800004959
136 4.11999988556
137 4.13199996948
138 4.17199993134
139 4.20599985123
140 4.25199985504
141 4.29400014877
142 4.32899999619
143 4.34700012207
144 4.39499998093
145 4.43400001526
146 4.46600008011
147 4.48199987411
148 4.50500011444
149 4.52699995041
150 4.54400014877
151 4.20200014114
152 4.30700016022
153 4.61899995804
154 3.28099989891
155 3.43099999428
156 4.71600008011
157 4.59999990463
158 4.55900001526
159 4.79899978638
160 4.82700014114
161 4.87200021744
162 4.90799999237
163 4.92100000381
164 4.96199989319
165 4.99900007248
166 5.01200008392
167 5.04199981689
168 3.15799999237
169 3.22199988365
170 3.37599992752
171 4.125
172 4.91699981689
173 4.86899995804
174 4.84299993515
175 4.82299995422
176 4.82899999619
177 4.81599998474
178 4.83400011063
179 4.85200023651
180 4.88000011444
181 4.90399980545
182 4.81599998474
183 5.32600021362
184 5.46700000763
185 5.47800016403
186 5.50199985504
187 5.51499986649
188 4.61100006104
189 4.57999992371
190 5.57100009918
191 5.59299993515
192 3.64299988747
193 3.52699995041
194 4.07000017166
195 4.04099988937
196 5.69000005722
197 5.70900011063
198 5.73099994659
199 5.7610001564
200 5.78399991989
201 5.82499980927
202 5.83599996567
203 5.83199977875
204 5.85599994659
205 5.86899995804
206 5.86899995804
207 5.87599992752
208 5.89099979401
209 5.91400003433
210 5.92899990082
211 5.92399978638
212 5.51700019836
213 5.09100008011
214 5.04600000381
215 5.05100011826
216 5.04099988937
217 5.03200006485
218 5.03599977493
219 5.03800010681
220 5.11899995804
221 5.74100017548
222 5.38199996948
223 5.23000001907
224 5.28900003433
225 5.36299991608
226 5.33400011063
227 5.34700012207
228 5.28000020981
229 5.32100009918
230 5.58900022507
231 5.98299980164
232 6.17199993134
233 6.1810002327
234 6.20100021362
235 6.21899986267
236 6.24100017548
237 6.24300003052
238 6.22499990463
239 6.23699998856
240 6.22900009155
241 6.21600008011
242 6.21600008011
243 6.22399997711
244 6.23299980164
245 6.23299980164
246 6.22900009155
247 6.23799991608
248 6.24499988556
249 6.22499990463
250 6.25899982452
251 6.25400018692
252 6.26800012589
253 6.28200006485
254 6.27799987793
255 6.28700017929
256 6.27799987793
257 6.25099992752
258 6.25
259 6.22900009155
260 6.22599983215
261 6.21999979019
262 6.23699998856
263 6.21000003815
264 6.21999979019
265 6.23099994659
266 6.22499990463
267 6.19799995422
268 6.23099994659
269 6.20800018311
270 6.21000003815
271 6.20699977875
272 6.22200012207
273 6.14699983597
274 5.84899997711
275 5.78000020981
276 5.77199983597
277 5.72900009155
278 5.72200012207
279 5.72200012207
280 5.76200008392
281 5.76599979401
282 5.8109998703
283 5.95300006866
284 6.09000015259
285 6.07899999619
286 6.06799983978
287 6.06699991226
288 6.04400014877
289 6.03200006485
290 6.02899980545
291 6.01800012589
292 6.00600004196
293 5.98099994659
294 5.96799993515
295 5.93400001526
296 5.93400001526
297 5.89599990845
298 5.88399982452
299 5.86899995804
300 5.86800003052
301 5.85900020599
302 5.83900022507
303 5.83199977875
304 5.80700016022
305 5.80000019073
306 5.78700017929
307 5.77699995041
308 5.73999977112
309 5.71500015259
310 5.6970000267
311 5.6810002327
312 5.65500020981
313 5.62900018692
314 5.60300016403
315 5.57899999619
316 5.1939997673
317 4.90700006485
318 5.46799993515
319 5.49900007248
320 5.48600006104
321 5.46600008011
322 5.45300006866
323 5.41400003433
324 5.41099977493
325 5.35500001907
326 5.03299999237
327 5.30999994278
328 5.30399990082
329 4.375
330 4.0529999733
331 4.11999988556
332 5.04300022125
333 5.16400003433
334 5.14300012589
335 5.11899995804
336 5.09399986267
337 5.07399988174
338 5.05499982834
339 5.03200006485
340 4.94500017166
341 4.81799983978
342 4.95599985123
343 4.93300008774
344 4.89599990845
345 4.87300014496
346 4.84299993515
347 4.70900011063
348 4.55999994278
349 4.73500013351
350 4.71299982071
351 4.68699979782
352 4.64799976349
353 4.61100006104
354 4.58400011063
355 4.57000017166
356 4.29099988937
357 4.3860001564
358 4.48799991608
359 4.44099998474
360 4.42700004578
361 4.40799999237
362 4.40100002289
363 4.35099983215
364 4.32100009918
365 4.28399991989
366 4.25299978256
367 4.21199989319
368 4.17500019073
369 4.13100004196
370 4.09000015259
371 4.08699989319
372 4.0609998703
373 4.02199983597
374 3.98699998856
375 3.94899988174
376 3.93899989128
377 3.91400003433
378 3.875
379 3.84899997711
380 3.81900000572
381 3.70700001717
382 3.617000103
383 3.59599995613
384 3.56599998474
385 3.53999996185
386 3.50500011444
387 3.45700001717
388 3.43499994278
389 3.40700006485
390 3.375
391 3.31900000572
392 3.30900001526
393 3.28299999237
394 3.27600002289
395 3.27300000191
396 3.30200004578
397 3.33599996567
398 3.367000103
399 3.41400003433
400 3.42499995232
401 3.47699999809
402 3.52200007439
403 3.57100009918
404 3.60500001907
405 3.64599990845
406 3.68700003624
407 3.71600008011
408 3.74099993706
409 3.77399992943
410 3.82800006866
411 3.89299988747
412 3.94099998474
413 4.00500011444
414 4.07399988174
415 4.11600017548
416 4.16200017929
417 4.242000103
418 4.31599998474
419 4.367000103
420 4.42500019073
421 4.52899980545
422 4.58799982071
423 4.65700006485
424 4.72800016403
425 4.82700014114
426 4.91200017929
427 5.01200008392
428 5.11199998856
429 5.20900011063
430 5.30800008774
431 5.41400003433
432 5.52199983597
433 5.64300012589
434 5.78000020981
435 5.88199996948
436 6.02400016785
437 6.16300010681
438 6.3140001297
439 6.47700023651
440 6.51000022888
441 6.60900020599
442 6.45699977875
443 3.07800006866
444 3.05100011826
445 3.0490000248
446 3.02999997139
447 3.0150001049
448 3.02399992943
449 3.00699996948
450 3.0
451 3.00200009346
452 2.98900008202
453 2.98099994659
454 2.97399997711
455 2.992000103
456 2.97099995613
457 2.95799994469
458 2.97699999809
459 2.94899988174
460 2.96799993515
461 2.9430000782
462 2.93300008774
463 2.94899988174
464 2.95199990273
465 2.92700004578
466 2.9240000248
467 2.94600009918
468 2.92600011826
469 2.91499996185
470 2.68099999428
471 2.61400008202
472 2.65000009537
473 2.65000009537
474 0.945999979973
475 0.711000025272
476 0.698000013828
477 0.929000020027
478 2.66300010681
479 2.65199995041
480 2.63199996948
481 2.6400001049
482 2.65400004387
483 2.66700005531
484 2.66899991035
485 2.65899991989
486 2.66599988937
487 2.68600010872
488 2.67000007629
489 2.6819999218
490 2.82500004768
491 2.93300008774
492 2.93499994278
493 2.9430000782
494 2.95000004768
495 2.94899988174
496 2.96300005913
497 2.95000004768
498 2.97300004959
499 2.96300005913
500 2.98000001907
501 2.98799991608
502 2.97900009155
503 3.0
504 2.98799991608
505 3.01300001144
506 3.00699996948
507 3.01399993896
508 3.02500009537
509 3.04500007629
510 3.05200004578
511 3.03999996185
512 3.05500006676
513 3.06599998474
514 3.07500004768
515 3.08200001717
516 3.09899997711
517 3.08999991417
518 3.10700011253
519 3.12800002098
520 3.14499998093
521 3.16199994087
522 3.16000008583
523 3.17499995232
524 0.934000015259
525 0.912000000477
526 0.924000024796
527 0.939999997616
528 3.04699993134
529 2.98200011253
530 2.94000005722
531 2.88100004196
532 2.84200000763
533 2.7990000248
534 2.73799991608
535 2.70700001717
536 2.95199990273
537 2.90199995041
538 0.0
539 0.0
540 0.0
