0 4.52699995041
1 4.42199993134
2 4.45900011063
3 4.46099996567
4 4.53499984741
5 4.65700006485
6 4.6779999733
7 4.71400022507
8 4.73400020599
9 4.75699996948
10 4.78900003433
11 4.82499980927
12 4.85099983215
13 4.89900016785
14 4.92399978638
15 4.92600011826
16 4.84700012207
17 4.85799980164
18 4.86999988556
19 4.96899986267
20 5.13199996948
21 5.1779999733
22 5.23000001907
23 5.26599979401
24 5.32100009918
25 5.35500001907
26 5.40299987793
27 5.44299983978
28 5.50500011444
29 5.5640001297
30 5.59600019455
31 5.63800001144
32 5.65600013733
33 0.0
34 17.1520004272
35 17.1340007782
36 17.1550006866
37 0.0
38 0.0
39 0.0
40 17.2339992523
41 17.1679992676
42 17.0709991455
43 17.0130004883
44 16.5300006866
45 16.5389995575
46 16.5300006866
47 13.154999733
48 13.0810003281
49 12.3319997787
50 11.9230003357
51 11.5780000687
52 11.5970001221
53 11.6149997711
54 11.6280002594
55 11.3489999771
56 10.9969997406
57 10.468000412
58 10.1029996872
59 8.33899974823
60 8.33800029755
61 8.19699954987
62 7.92500019073
63 7.64400005341
64 7.43699979782
65 7.23299980164
66 7.05900001526
67 6.89900016785
68 6.79099988937
69 6.77899980545
70 6.80700016022
71 6.82299995422
72 6.84800004959
73 6.87300014496
74 6.79500007629
75 6.64300012589
76 6.49700021744
77 6.382999897
78 6.26700019836
79 6.15199995041
80 5.21500015259
81 4.95900011063
82 4.85300016403
83 4.77600002289
84 4.68699979782
85 4.59899997711
86 4.53900003433
87 4.47300004959
88 4.41400003433
89 4.3189997673
90 4.25
91 4.22200012207
92 4.15100002289
93 4.11000013351
94 4.01999998093
95 3.98600006104
96 3.93499994278
97 3.88599991798
98 3.84999990463
99 3.79800009727
100 3.76900005341
101 3.81100010872
102 3.81100010872
103 3.84400010109
104 3.89299988747
105 3.89299988747
106 3.9319999218
107 3.95900011063
108 3.91199994087
109 3.8710000515
110 3.83899998665
111 3.79399991035
112 3.76399993896
113 3.7349998951
114 3.69600009918
115 3.66400003433
116 3.62400007248
117 3.58100008965
118 3.56200003624
119 3.53800010681
120 3.50500011444
121 3.46799993515
122 3.45000004768
123 3.40400004387
124 3.39700007439
125 3.39800000191
126 3.4240000248
127 3.44600009918
128 3.49399995804
129 3.52300000191
130 3.56500005722
131 3.60400009155
132 3.67600011826
133 4.03800010681
134 4.06500005722
135 4.08799982071
136 4.13500022888
137 4.13199996948
138 4.18400001526
139 4.1970000267
140 4.23400020599
141 4.27699995041
142 4.3140001297
143 4.33300018311
144 4.39099979401
145 4.4310002327
146 4.46899986267
147 4.48600006104
148 4.51999998093
149 4.53100013733
150 4.5560002327
151 4.1859998703
152 4.32999992371
153 4.60200023651
154 3.27900004387
155 3.42600011826
156 4.71199989319
157 4.60200023651
158 4.54400014877
159 4.78599977493
160 4.84299993515
161 4.86600017548
162 4.89599990845
163 4.93800020218
164 4.96500015259
165 4.99700021744
166 5.02400016785
167 5.03800010681
168 3.1289999485
169 3.23900008202
170 3.35899996758
171 4.11600017548
172 4.92000007629
173 4.88000011444
174 4.84899997711
175 4.84299993515
176 4.83199977875
177 4.82999992371
178 4.84000015259
179 4.84899997711
180 4.86999988556
181 4.89799976349
182 4.81199979782
183 5.3060002327
184 5.48199987411
185 5.48099994659
186 5.48799991608
187 5.50699996948
188 4.59700012207
189 4.5720000267
190 5.55800008774
191 5.57800006866
192 3.63100004196
193 3.53600001335
194 4.05900001526
195 4.04099988937
196 5.69999980927
197 5.70499992371
198 5.73799991608
199 5.757999897
200 5.76000022888
201 5.80100011826
202 5.82800006866
203 5.84200000763
204 5.85099983215
205 5.85200023651
206 5.86999988556
207 5.87599992752
208 5.87900018692
209 5.90500020981
210 5.93300008774
211 5.93200016022
212 5.50899982452
213 5.09299993515
214 5.04600000381
215 5.03499984741
216 5.04699993134
217 5.04699993134
218 5.03299999237
219 5.02600002289
220 5.12400007248
221 5.71400022507
222 5.38999986649
223 5.23600006104
224 5.28200006485
225 5.34499979019
226 5.34700012207
227 5.34999990463
228 5.28000020981
229 5.3220000267
230 5.56300020218
231 5.98199987411
232 6.17999982834
233 6.18800020218
234 6.19500017166
235 6.20100021362
236 6.20100021362
237 6.22499990463
238 6.23000001907
239 6.22599983215
240 6.2389998436
241 6.24399995804
242 6.22100019455
243 6.22599983215
244 6.22499990463
245 6.23799991608
246 6.23099994659
247 6.22399997711
248 6.24900007248
249 6.242000103
250 6.26300001144
251 6.24499988556
252 6.27400016785
253 6.27799987793
254 6.28200006485
255 6.28299999237
256 6.26200008392
257 6.27899980545
258 6.24900007248
259 6.242000103
260 6.257999897
261 6.21700000763
262 6.23999977112
263 6.20800018311
264 6.21600008011
265 6.20300006866
266 6.22300004959
267 6.21899986267
268 6.20499992371
269 6.23500013351
270 6.2389998436
271 6.20200014114
272 6.21999979019
273 6.13800001144
274 5.84000015259
275 5.78999996185
276 5.73299980164
277 5.73299980164
278 5.72499990463
279 5.73400020599
280 5.75099992752
281 5.78299999237
282 5.79899978638
283 5.94199991226
284 6.08599996567
285 6.0689997673
286 6.0720000267
287 6.0640001297
288 6.05800008774
289 6.05000019073
290 6.01200008392
291 6.00500011444
292 5.99100017548
293 5.96400022507
294 5.94799995422
295 5.93499994278
296 5.92899990082
297 5.91200017929
298 5.89599990845
299 5.88000011444
300 5.84800004959
301 5.84600019455
302 5.83699989319
303 5.80700016022
304 5.79799985886
305 5.79099988937
306 5.78999996185
307 5.78399991989
308 5.73600006104
309 5.69799995422
310 5.69199991226
311 5.66800022125
312 5.64900016785
313 5.61999988556
314 5.59399986267
315 5.57899999619
316 5.20599985123
317 4.90399980545
318 5.48999977112
319 5.5
320 5.47200012207
321 5.46799993515
322 5.45300006866
323 5.42899990082
324 5.40100002289
325 5.34899997711
326 5.01999998093
327 5.3109998703
328 5.29300022125
329 4.375
330 4.05399990082
331 4.13800001144
332 5.01700019836
333 5.17000007629
334 5.132999897
335 5.10500001907
336 5.08799982071
337 5.06500005722
338 5.04300022125
339 5.02500009537
340 4.94600009918
341 4.81500005722
342 4.96799993515
343 4.9439997673
344 4.91400003433
345 4.87099981308
346 4.82800006866
347 4.67700004578
348 4.5640001297
349 4.7389998436
350 4.71199989319
351 4.6810002327
352 4.65299987793
353 4.63199996948
354 4.59700012207
355 4.5609998703
356 4.30999994278
357 4.37900018692
358 4.48000001907
359 4.47399997711
360 4.42999982834
361 4.41200017929
362 4.39499998093
363 4.36000013351
364 4.31599998474
365 4.28900003433
366 4.22499990463
367 4.19099998474
368 4.16599988937
369 4.13800001144
370 4.10400009155
371 4.08099985123
372 4.04699993134
373 4.02099990845
374 3.9849998951
375 3.95900011063
376 3.93400001526
377 3.90199995041
378 3.867000103
379 3.83599996567
380 3.82899999619
381 3.71499991417
382 3.64499998093
383 3.59599995613
384 3.5680000782
385 3.52999997139
386 3.49900007248
387 3.45399999619
388 3.4319999218
389 3.39199995995
390 3.35400009155
391 3.31900000572
392 3.30399990082
393 3.29500007629
394 3.25
395 3.25900006294
396 3.30800008774
397 3.33400011063
398 3.37800002098
399 3.38599991798
400 3.43300008774
401 3.46799993515
402 3.51200008392
403 3.56699991226
404 3.60299992561
405 3.65400004387
406 3.6779999733
407 3.72799992561
408 3.73399996758
409 3.78800010681
410 3.84599995613
411 3.88199996948
412 3.9430000782
413 3.99900007248
414 4.05200004578
415 4.11999988556
416 4.17199993134
417 4.26200008392
418 4.30800008774
419 4.38199996948
420 4.45300006866
421 4.5
422 4.59399986267
423 4.67199993134
424 4.71299982071
425 4.8109998703
426 4.91300010681
427 5.01599979401
428 5.09600019455
429 5.19500017166
430 5.30800008774
431 5.42000007629
432 5.53100013733
433 5.64200019836
434 5.76000022888
435 5.88100004196
436 6.02400016785
437 6.16400003433
438 6.32700014114
439 6.46700000763
440 6.50699996948
441 6.59399986267
442 6.40299987793
443 3.06500005722
444 3.04399991035
445 3.0490000248
446 3.04099988937
447 3.03500008583
448 3.01399993896
449 2.99300003052
450 3.00699996948
451 2.98000001907
452 2.98200011253
453 2.97300004959
454 2.97199988365
455 2.98300004005
456 2.97099995613
457 2.97300004959
458 2.95600008965
459 2.97399997711
460 2.94400000572
461 2.93099999428
462 2.93799996376
463 2.9470000267
464 2.9319999218
465 2.92199993134
466 2.92600011826
467 2.90700006485
468 2.91899991035
469 2.91400003433
470 2.67000007629
471 2.65000009537
472 2.63899993896
473 2.64700007439
474 0.940999984741
475 0.694000005722
476 0.70300000906
477 0.922999978065
478 2.65300011635
479 2.64199995995
480 2.63000011444
481 2.64700007439
482 2.65400004387
483 2.64899992943
484 2.63899993896
485 2.66300010681
486 2.66400003433
487 2.66499996185
488 2.68899989128
489 2.67700004578
490 2.82399988174
491 2.93000006676
492 2.9240000248
493 2.93400001526
494 2.93700003624
495 2.9509999752
496 2.94799995422
497 2.94600009918
498 2.97300004959
499 2.95300006866
500 2.97699999809
501 2.96499991417
502 2.97399997711
503 2.97099995613
504 3.00500011444
505 2.99499988556
506 3.007999897
507 3.01900005341
508 3.01600003242
509 3.01600003242
510 3.02600002289
511 3.0490000248
512 3.07100009918
513 3.07100009918
514 3.06699991226
515 3.09299993515
516 3.10299992561
517 3.1099998951
518 3.09999990463
519 3.117000103
520 3.14199995995
521 3.15400004387
522 3.16300010681
523 3.1779999733
524 0.935000002384
525 0.912999987602
526 0.916999995708
527 0.955999970436
528 3.04200005531
529 2.98399996758
530 2.9279999733
531 2.8789999485
532 2.83100008965
533 2.78600001335
534 2.72300004959
535 2.7009999752
536 2.94000005722
537 2.92100000381
538 0.0
539 0.0
540 0.0
