0 0.977999985218
1 4.43300008774
2 4.4439997673
3 4.47300004959
4 4.53700017929
5 4.64200019836
6 4.67500019073
7 4.70200014114
8 4.72499990463
9 4.76000022888
10 4.79600000381
11 4.83900022507
12 4.86100006104
13 4.89699983597
14 4.91800022125
15 4.92299985886
16 4.82999992371
17 4.85099983215
18 4.88999986649
19 4.96500015259
20 5.14300012589
21 5.17600011826
22 5.22599983215
23 5.26900005341
24 5.3220000267
25 5.34899997711
26 5.41400003433
27 5.45100021362
28 5.5
29 5.54699993134
30 5.59499979019
31 5.64599990845
32 5.69500017166
33 0.0
34 17.1499996185
35 17.1340007782
36 17.156999588
37 0.0
38 0.0
39 0.0
40 17.2299995422
41 17.1639995575
42 17.0769996643
43 16.9979991913
44 16.5219993591
45 16.5289993286
46 16.5100002289
47 13.1420001984
48 13.0780000687
49 12.3260002136
50 11.9440002441
51 11.5909996033
52 11.6059999466
53 11.6319999695
54 11.6160001755
55 11.3199996948
56 10.9729995728
57 10.4659996033
58 10.1009998322
59 8.33699989319
60 8.33300018311
61 8.20199966431
62 7.90199995041
63 7.64900016785
64 7.44299983978
65 7.26000022888
66 7.05900001526
67 6.89900016785
68 6.78800010681
69 6.77500009537
70 6.8060002327
71 6.8189997673
72 6.84600019455
73 6.87799978256
74 6.80000019073
75 6.64400005341
76 6.51200008392
77 6.37400007248
78 6.26200008392
79 6.14599990845
80 5.20900011063
81 4.96600008011
82 4.85900020599
83 4.76300001144
84 4.68499994278
85 4.59299993515
86 4.54500007629
87 4.45200014114
88 4.38100004196
89 4.34200000763
90 4.27400016785
91 4.21899986267
92 4.15999984741
93 4.10400009155
94 4.03499984741
95 3.96399998665
96 3.9430000782
97 3.89400005341
98 3.83500003815
99 3.8029999733
100 3.76300001144
101 3.78500008583
102 3.83299994469
103 3.85299992561
104 3.88100004196
105 3.89700007439
106 3.9509999752
107 3.97000002861
108 3.91499996185
109 3.88000011444
110 3.82100009918
111 3.7990000248
112 3.7650001049
113 3.71700000763
114 3.69600009918
115 3.65799999237
116 3.625
117 3.59400010109
118 3.56100010872
119 3.52300000191
120 3.50200009346
121 3.46799993515
122 3.44899988174
123 3.40000009537
124 3.40100002289
125 3.38800001144
126 3.42700004578
127 3.45600008965
128 3.47900009155
129 3.51999998093
130 3.5569999218
131 3.60299992561
132 3.64700007439
133 4.02899980545
134 4.06199979782
135 4.08400011063
136 4.12699985504
137 4.15000009537
138 4.19099998474
139 4.22599983215
140 4.22100019455
141 4.28000020981
142 4.30499982834
143 4.35099983215
144 4.38899993896
145 4.43200016022
146 4.47300004959
147 4.48099994659
148 4.50299978256
149 4.507999897
150 4.54300022125
151 4.19799995422
152 4.29699993134
153 4.51599979401
154 3.26099991798
155 3.40599989891
156 4.71799993515
157 4.59200000763
158 4.5560002327
159 4.79099988937
160 4.82399988174
161 4.85099983215
162 4.89799976349
163 4.92999982834
164 4.96199989319
165 4.99900007248
166 5.007999897
167 5.04400014877
168 3.17100000381
169 3.20399999619
170 3.36899995804
171 4.13800001144
172 4.90399980545
173 4.87300014496
174 4.84899997711
175 4.84499979019
176 4.8140001297
177 4.8220000267
178 4.82800006866
179 4.83900022507
180 4.86999988556
181 4.89200019836
182 4.81199979782
183 5.30800008774
184 5.44099998474
185 5.48600006104
186 5.49900007248
187 5.50699996948
188 4.59499979019
189 4.58699989319
190 5.54799985886
191 5.60099983215
192 3.64199995995
193 3.51799988747
194 4.06799983978
195 4.04099988937
196 5.6890001297
197 5.70900011063
198 5.74599981308
199 5.74800014496
200 5.78200006485
201 5.80399990082
202 5.80800008774
203 5.82000017166
204 5.84000015259
205 5.85699987411
206 5.87300014496
207 5.88399982452
208 5.90000009537
209 5.90399980545
210 5.91900014877
211 5.92999982834
212 5.49300003052
213 5.09499979019
214 5.04600000381
215 5.04600000381
216 5.03299999237
217 5.04899978638
218 5.04300022125
219 5.03700017929
220 5.10699987411
221 5.69999980927
222 5.367000103
223 5.23500013351
224 5.28499984741
225 5.36000013351
226 5.34299993515
227 5.34700012207
228 5.28399991989
229 5.29600000381
230 5.57600021362
231 5.98099994659
232 6.18499994278
233 6.17999982834
234 6.19899988174
235 6.1970000267
236 6.22800016403
237 6.21000003815
238 6.22300004959
239 6.22800016403
240 6.22599983215
241 6.21999979019
242 6.22499990463
243 6.22599983215
244 6.22499990463
245 6.24599981308
246 6.25299978256
247 6.23299980164
248 6.24100017548
249 6.24100017548
250 6.2610001564
251 6.24399995804
252 6.2610001564
253 6.28599977493
254 6.27600002289
255 6.27400016785
256 6.27500009537
257 6.26900005341
258 6.26000022888
259 6.22700023651
260 6.23199987411
261 6.22499990463
262 6.22200012207
263 6.23500013351
264 6.21099996567
265 6.22399997711
266 6.23600006104
267 6.23099994659
268 6.21099996567
269 6.21099996567
270 6.23000001907
271 6.20100021362
272 6.21899986267
273 6.13500022888
274 5.84200000763
275 5.79099988937
276 5.76200008392
277 5.74100017548
278 5.71899986267
279 5.71400022507
280 5.73600006104
281 5.74900007248
282 5.82100009918
283 5.93800020218
284 6.06699991226
285 6.0640001297
286 6.07100009918
287 6.07399988174
288 6.0640001297
289 6.05399990082
290 6.02299976349
291 5.99800014496
292 5.97300004959
293 5.96899986267
294 5.95900011063
295 5.94000005722
296 5.91499996185
297 5.91400003433
298 5.88999986649
299 5.87300014496
300 5.86800003052
301 5.83500003815
302 5.84200000763
303 5.81300020218
304 5.80900001526
305 5.77699995041
306 5.79099988937
307 5.76800012589
308 5.73600006104
309 5.71899986267
310 5.69799995422
311 5.66699981689
312 5.6360001564
313 5.60799980164
314 5.60500001907
315 5.57800006866
316 5.18699979782
317 4.88800001144
318 5.47100019455
319 5.49599981308
320 5.47599983215
321 5.46700000763
322 5.4470000267
323 5.41699981689
324 5.40500020981
325 5.34800004959
326 5.01200008392
327 5.31199979782
328 5.29899978638
329 4.36499977112
330 4.04400014877
331 4.11800003052
332 5.01900005341
333 5.16699981689
334 5.13199996948
335 5.11100006104
336 5.09299993515
337 5.07100009918
338 5.04799985886
339 5.02299976349
340 4.9470000267
341 4.81300020218
342 4.9470000267
343 4.94299983978
344 4.90899991989
345 4.86600017548
346 4.82700014114
347 4.69199991226
348 4.55999994278
349 4.72300004959
350 4.69500017166
351 4.67500019073
352 4.64400005341
353 4.62599992752
354 4.58599996567
355 4.56199979782
356 4.31699991226
357 4.34700012207
358 4.48199987411
359 4.46999979019
360 4.44000005722
361 4.39499998093
362 4.37799978256
363 4.36199998856
364 4.3189997673
365 4.28200006485
366 4.24300003052
367 4.21899986267
368 4.15899991989
369 4.13000011444
370 4.10799980164
371 4.07700014114
372 4.04300022125
373 4.01800012589
374 3.98799991608
375 3.97699999809
376 3.93400001526
377 3.91799998283
378 3.8789999485
379 3.85199999809
380 3.8069999218
381 3.71399998665
382 3.6210000515
383 3.59800004959
384 3.57500004768
385 3.53099989891
386 3.49300003052
387 3.46099996567
388 3.4319999218
389 3.39199995995
390 3.3599998951
391 3.35100007057
392 3.31100010872
393 3.27200007439
394 3.26799988747
395 3.27399992943
396 3.29800009727
397 3.32399988174
398 3.36500000954
399 3.40899991989
400 3.44099998474
401 3.46399998665
402 3.50600004196
403 3.55100011826
404 3.59800004959
405 3.64400005341
406 3.68899989128
407 3.73000001907
408 3.74799990654
409 3.76999998093
410 3.81999993324
411 3.8900001049
412 3.93400001526
413 3.99799990654
414 4.03900003433
415 4.12599992752
416 4.18499994278
417 4.23299980164
418 4.28700017929
419 4.38399982452
420 4.4439997673
421 4.51999998093
422 4.58900022507
423 4.66599988937
424 4.72300004959
425 4.80200004578
426 4.90700006485
427 5.00899982452
428 5.11000013351
429 5.21000003815
430 5.32000017166
431 5.40500020981
432 5.52600002289
433 5.64699983597
434 5.76300001144
435 5.90100002289
436 6.01700019836
437 6.16200017929
438 6.30800008774
439 6.47300004959
440 6.48999977112
441 6.61299991608
442 6.48600006104
443 3.07299995422
444 3.04399991035
445 3.04699993134
446 3.03900003433
447 3.02099990845
448 3.00500011444
449 3.01300001144
450 3.0039999485
451 2.99399995804
452 2.98099994659
453 2.96900010109
454 2.98399996758
455 2.9849998951
456 2.96499991417
457 2.97300004959
458 2.9509999752
459 2.9470000267
460 2.94799995422
461 2.9509999752
462 2.94600009918
463 2.9509999752
464 2.94099998474
465 2.94600009918
466 2.92199993134
467 2.92499995232
468 2.91799998283
469 2.91300010681
470 2.66300010681
471 2.64199995995
472 2.6210000515
473 2.65199995041
474 0.93900001049
475 0.709999978542
476 0.717000007629
477 0.924000024796
478 2.64299988747
479 2.64899992943
480 2.65400004387
481 2.65700006485
482 2.63499999046
483 2.65300011635
484 2.66199994087
485 2.65400004387
486 2.64199995995
487 2.67300009727
488 2.66499996185
489 2.67300009727
490 2.84200000763
491 2.92199993134
492 2.94099998474
493 2.93499994278
494 2.93899989128
495 2.95199990273
496 2.94400000572
497 2.9509999752
498 2.95000004768
499 2.96499991417
500 2.97799992561
501 2.96900010109
502 2.97499990463
503 2.97000002861
504 2.97900009155
505 3.00699996948
506 3.0039999485
507 3.01200008392
508 3.01200008392
509 3.04099988937
510 3.0490000248
511 3.05900001526
512 3.04500007629
513 3.06399989128
514 3.06699991226
515 3.09200000763
516 3.08299994469
517 3.11599993706
518 3.09999990463
519 3.10899996758
520 3.14700007439
521 3.13100004196
522 3.14499998093
523 3.17600011826
524 0.935000002384
525 0.912999987602
526 0.92199999094
527 0.947000026703
528 3.04099988937
529 2.98900008202
530 2.93499994278
531 2.88100004196
532 2.82100009918
533 2.78200006485
534 2.73600006104
535 2.71000003815
536 2.95300006866
537 2.9279999733
538 0.0
539 0.0
540 0.0
