0 4.52600002289
1 4.44799995422
2 4.44999980927
3 4.47399997711
4 4.53999996185
5 4.66800022125
6 4.67700004578
7 4.71700000763
8 4.73400020599
9 4.77199983597
10 4.80499982834
11 4.82499980927
12 4.87099981308
13 4.89200019836
14 4.91599988937
15 4.94600009918
16 4.84200000763
17 4.85799980164
18 4.88000011444
19 4.97599983215
20 5.13000011444
21 5.19000005722
22 5.23400020599
23 5.27799987793
24 5.32299995422
25 5.34600019455
26 5.40500020981
27 5.44899988174
28 5.50400018692
29 5.54600000381
30 5.60500001907
31 5.65199995041
32 5.67000007629
33 0.0
34 17.1590003967
35 17.1499996185
36 17.1450004578
37 0.0
38 0.0
39 0.0
40 17.2299995422
41 17.1809997559
42 17.0809993744
43 16.9909992218
44 16.5219993591
45 16.5289993286
46 16.5219993591
47 13.1590003967
48 13.0810003281
49 12.3500003815
50 11.9519996643
51 11.5860004425
52 11.625
53 11.6440000534
54 11.6140003204
55 11.3159999847
56 10.9989995956
57 10.4630002975
58 10.0799999237
59 8.33300018311
60 8.33699989319
61 8.19799995422
62 7.91599988937
63 7.64400005341
64 7.45599985123
65 7.23600006104
66 7.0640001297
67 6.90000009537
68 6.78999996185
69 6.78800010681
70 6.80800008774
71 6.82299995422
72 6.84999990463
73 6.867000103
74 6.79099988937
75 6.63100004196
76 6.50600004196
77 6.3860001564
78 6.28000020981
79 6.16599988937
80 5.23299980164
81 4.97100019455
82 4.85599994659
83 4.76200008392
84 4.67399978638
85 4.60599994659
86 4.54400014877
87 4.47900009155
88 4.41699981689
89 4.32999992371
90 4.27799987793
91 4.22100019455
92 4.16099977493
93 4.10400009155
94 4.01900005341
95 3.98099994659
96 3.9319999218
97 3.8900001049
98 3.84999990463
99 3.8029999733
100 3.76900005341
101 3.79099988937
102 3.82299995422
103 3.85500001907
104 3.882999897
105 3.90000009537
106 3.94799995422
107 3.97300004959
108 3.92600011826
109 3.8789999485
110 3.8599998951
111 3.80800008774
112 3.77600002289
113 3.72000002861
114 3.68000006676
115 3.66899991035
116 3.63100004196
117 3.59899997711
118 3.56200003624
119 3.53099989891
120 3.5039999485
121 3.47399997711
122 3.43400001526
123 3.41300010681
124 3.41100001335
125 3.38800001144
126 3.41300010681
127 3.44600009918
128 3.48699998856
129 3.52699995041
130 3.56999993324
131 3.61800003052
132 3.66400003433
133 4.00400018692
134 4.0560002327
135 4.10300016403
136 4.13100004196
137 4.14799976349
138 4.19099998474
139 4.22900009155
140 4.24599981308
141 4.2610001564
142 4.30900001526
143 4.34800004959
144 4.39300012589
145 4.43499994278
146 4.46799993515
147 4.47200012207
148 4.50699996948
149 4.54500007629
150 4.55100011826
151 4.19899988174
152 4.29500007629
153 4.59399986267
154 3.26999998093
155 3.40899991989
156 4.72399997711
157 4.59999990463
158 4.57000017166
159 4.78499984741
160 4.83599996567
161 4.87300014496
162 4.89699983597
163 4.92199993134
164 4.96899986267
165 5.00299978256
166 5.01599979401
167 5.04099988937
168 3.16700005531
169 3.21799993515
170 3.367000103
171 4.09999990463
172 4.91099977493
173 4.882999897
174 4.86000013351
175 4.83300018311
176 4.82399988174
177 4.83599996567
178 4.82499980927
179 4.85099983215
180 4.86999988556
181 4.90199995041
182 4.81199979782
183 5.31500005722
184 5.46500015259
185 5.48799991608
186 5.50699996948
187 5.52299976349
188 4.58500003815
189 4.56799983978
190 5.5640001297
191 5.59200000763
192 3.65400004387
193 3.51699995995
194 4.07700014114
195 4.0720000267
196 5.70100021362
197 5.69899988174
198 5.73400020599
199 5.76000022888
200 5.78299999237
201 5.79500007629
202 5.8140001297
203 5.83799982071
204 5.85500001907
205 5.86199998856
206 5.87799978256
207 5.87799978256
208 5.89900016785
209 5.89699983597
210 5.91099977493
211 5.93300008774
212 5.52099990845
213 5.10500001907
214 5.04799985886
215 5.04400014877
216 5.05000019073
217 5.03800010681
218 5.04799985886
219 5.04300022125
220 5.10900020599
221 5.75299978256
222 5.38399982452
223 5.22300004959
224 5.28100013733
225 5.36000013351
226 5.35400009155
227 5.36499977112
228 5.26499986649
229 5.30800008774
230 5.59200000763
231 6.01800012589
232 6.15999984741
233 6.19600009918
234 6.20499992371
235 6.20100021362
236 6.21000003815
237 6.24499988556
238 6.22100019455
239 6.22599983215
240 6.22100019455
241 6.23500013351
242 6.24300003052
243 6.23099994659
244 6.23199987411
245 6.23600006104
246 6.24499988556
247 6.23600006104
248 6.25500011444
249 6.24599981308
250 6.25099992752
251 6.24700021744
252 6.28000020981
253 6.28599977493
254 6.25899982452
255 6.25099992752
256 6.25600004196
257 6.25500011444
258 6.26700019836
259 6.25899982452
260 6.25099992752
261 6.25400018692
262 6.2389998436
263 6.22900009155
264 6.20300006866
265 6.22100019455
266 6.21700000763
267 6.21500015259
268 6.21500015259
269 6.21099996567
270 6.20100021362
271 6.24499988556
272 6.21500015259
273 6.13500022888
274 5.84899997711
275 5.79199981689
276 5.73799991608
277 5.72900009155
278 5.72700023651
279 5.74100017548
280 5.74599981308
281 5.77799987793
282 5.79899978638
283 5.94999980927
284 6.09000015259
285 6.06599998474
286 6.06500005722
287 6.07600021362
288 6.0560002327
289 6.06199979782
290 6.04300022125
291 6.01599979401
292 5.98799991608
293 5.98500013351
294 5.97499990463
295 5.9439997673
296 5.92500019073
297 5.90799999237
298 5.90000009537
299 5.88399982452
300 5.85699987411
301 5.84800004959
302 5.83500003815
303 5.81599998474
304 5.81799983978
305 5.80399990082
306 5.78900003433
307 5.77600002289
308 5.75299978256
309 5.71799993515
310 5.6970000267
311 5.67600011826
312 5.65799999237
313 5.61999988556
314 5.58599996567
315 5.58300018311
316 5.20399999619
317 4.88899993896
318 5.48400020599
319 5.50699996948
320 5.48000001907
321 5.46899986267
322 5.46199989319
323 5.43400001526
324 5.42100000381
325 5.34899997711
326 5.02400016785
327 5.32100009918
328 5.29600000381
329 4.38000011444
330 4.04199981689
331 4.12900018692
332 5.02699995041
333 5.17199993134
334 5.13700008392
335 5.117000103
336 5.09100008011
337 5.07000017166
338 5.05100011826
339 5.03000020981
340 4.94199991226
341 4.81599998474
342 4.96000003815
343 4.94899988174
344 4.89900016785
345 4.87099981308
346 4.83400011063
347 4.69099998474
348 4.55700016022
349 4.72800016403
350 4.70800018311
351 4.6859998703
352 4.65000009537
353 4.61899995804
354 4.59800004959
355 4.56199979782
356 4.28900003433
357 4.37300014496
358 4.49399995804
359 4.46600008011
360 4.44000005722
361 4.42600011826
362 4.38800001144
363 4.35400009155
364 4.3109998703
365 4.28599977493
366 4.25500011444
367 4.19299983978
368 4.16800022125
369 4.14499998093
370 4.11100006104
371 4.07899999619
372 4.05000019073
373 4.02600002289
374 3.98799991608
375 3.96600008011
376 3.92199993134
377 3.90700006485
378 3.86500000954
379 3.85100007057
380 3.82999992371
381 3.72199988365
382 3.64199995995
383 3.59500002861
384 3.56200003624
385 3.52999997139
386 3.49300003052
387 3.44499993324
388 3.42600011826
389 3.39400005341
390 3.3710000515
391 3.34200000763
392 3.30200004578
393 3.26999998093
394 3.25500011444
395 3.27200007439
396 3.30800008774
397 3.34200000763
398 3.38100004196
399 3.41400003433
400 3.45300006866
401 3.48699998856
402 3.52399992943
403 3.56599998474
404 3.60299992561
405 3.63800001144
406 3.67000007629
407 3.72399997711
408 3.742000103
409 3.79399991035
410 3.83100008965
411 3.88899993896
412 3.94799995422
413 3.99000000954
414 4.04600000381
415 4.13399982452
416 4.17700004578
417 4.23500013351
418 4.32000017166
419 4.38000011444
420 4.45499992371
421 4.52299976349
422 4.58500003815
423 4.65700006485
424 4.72900009155
425 4.82000017166
426 4.91300010681
427 5.02199983597
428 5.12099981308
429 5.21199989319
430 5.32000017166
431 5.41699981689
432 5.53299999237
433 5.65399980545
434 5.76399993896
435 5.88500022888
436 6.01900005341
437 6.16400003433
438 6.31199979782
439 6.46899986267
440 6.50099992752
441 6.61199998856
442 6.492000103
443 3.08299994469
444 3.05800008774
445 3.03999996185
446 3.04699993134
447 3.04600000381
448 3.00099992752
449 3.02300000191
450 2.99900007248
451 3.0039999485
452 3.00099992752
453 3.0
454 2.96900010109
455 2.97600007057
456 2.97000002861
457 2.95900011063
458 2.97300004959
459 2.95300006866
460 2.94499993324
461 2.94600009918
462 2.95499992371
463 2.93400001526
464 2.93499994278
465 2.92899990082
466 2.9319999218
467 2.9240000248
468 2.93300008774
469 2.91700005531
470 2.64700007439
471 2.62700009346
472 2.64199995995
473 2.64299988747
474 0.958000004292
475 0.717000007629
476 0.726000010967
477 0.940999984741
478 2.65700006485
479 2.64499998093
480 2.65300011635
481 2.65400004387
482 2.65599989891
483 2.65799999237
484 2.66499996185
485 2.66499996185
486 2.66199994087
487 2.67000007629
488 2.66000008583
489 2.68400001526
490 2.82299995422
491 2.93000006676
492 2.93099999428
493 2.95499992371
494 2.96099996567
495 2.94400000572
496 2.96700000763
497 2.96499991417
498 2.95600008965
499 2.96600008011
500 2.98000001907
501 2.99300003052
502 2.97799992561
503 2.98799991608
504 2.98399996758
505 3.00999999046
506 3.0039999485
507 3.007999897
508 3.01399993896
509 3.04299998283
510 3.0529999733
511 3.03999996185
512 3.06299996376
513 3.06399989128
514 3.05999994278
515 3.09699988365
516 3.08599996567
517 3.08599996567
518 3.11999988556
519 3.13000011444
520 3.1210000515
521 3.1400001049
522 3.16899991035
523 3.16599988937
524 0.935000002384
525 0.913999974728
526 0.92199999094
527 0.948000013828
528 3.04800009727
529 2.98900008202
530 2.92700004578
531 2.88000011444
532 2.84299993515
533 2.77600002289
534 2.72600007057
535 2.70900011063
536 2.97000002861
537 2.91300010681
538 0.0
539 0.0
540 0.0
