0 4.52400016785
1 4.4279999733
2 4.4390001297
3 4.47200012207
4 4.53499984741
5 4.64699983597
6 4.66499996185
7 4.69899988174
8 4.73400020599
9 4.77199983597
10 4.79799985886
11 4.83599996567
12 4.86000013351
13 4.88899993896
14 4.92500019073
15 4.92600011826
16 4.84000015259
17 4.85099983215
18 4.89200019836
19 4.96799993515
20 5.15500020981
21 5.17899990082
22 5.23000001907
23 5.26800012589
24 5.30499982834
25 5.36000013351
26 5.40100002289
27 5.45499992371
28 5.49599981308
29 5.53900003433
30 5.61800003052
31 5.64799976349
32 5.6939997673
33 0.0
34 17.1380004883
35 17.142999649
36 17.1469993591
37 0.0
38 0.0
39 0.0
40 17.2399997711
41 17.172000885
42 17.0669994354
43 17.0189990997
44 16.531999588
45 16.547000885
46 16.5189990997
47 13.1479997635
48 13.0889997482
49 12.3380002975
50 11.9549999237
51 11.595000267
52 11.6000003815
53 11.6300001144
54 11.6129999161
55 11.3420000076
56 11.0120000839
57 10.4729995728
58 10.1190004349
59 8.35200023651
60 8.33500003815
61 8.20499992371
62 7.92700004578
63 7.63500022888
64 7.45200014114
65 7.24300003052
66 7.06699991226
67 6.89599990845
68 6.79099988937
69 6.77500009537
70 6.81500005722
71 6.81799983978
72 6.85799980164
73 6.87200021744
74 6.78999996185
75 6.64099979401
76 6.50299978256
77 6.38899993896
78 6.27099990845
79 6.15199995041
80 5.21500015259
81 4.96400022507
82 4.84800004959
83 4.76300001144
84 4.67999982834
85 4.59899997711
86 4.54099988937
87 4.46999979019
88 4.41900014877
89 4.34399986267
90 4.27699995041
91 4.21899986267
92 4.16900014877
93 4.09499979019
94 4.02699995041
95 3.97099995613
96 3.92899990082
97 3.88599991798
98 3.84400010109
99 3.80500006676
100 3.75999999046
101 3.8069999218
102 3.83899998665
103 3.83400011063
104 3.86100006104
105 3.89199995995
106 3.93700003624
107 3.96300005913
108 3.92899990082
109 3.89400005341
110 3.86199998856
111 3.79600000381
112 3.77099990845
113 3.72900009155
114 3.68300008774
115 3.65199995041
116 3.61800003052
117 3.60100007057
118 3.5720000267
119 3.53999996185
120 3.50999999046
121 3.47099995613
122 3.43899989128
123 3.39899992943
124 3.41300010681
125 3.38599991798
126 3.4279999733
127 3.45000004768
128 3.49499988556
129 3.53299999237
130 3.57299995422
131 3.61500000954
132 3.66700005531
133 4.01499986649
134 4.07399988174
135 4.07999992371
136 4.13199996948
137 4.14499998093
138 4.1859998703
139 4.20800018311
140 4.23699998856
141 4.26499986649
142 4.30900001526
143 4.35500001907
144 4.38500022888
145 4.43499994278
146 4.46799993515
147 4.4889998436
148 4.52099990845
149 4.55100011826
150 4.53999996185
151 4.1859998703
152 4.3029999733
153 3.41599988937
154 3.25900006294
155 3.41700005531
156 4.70900011063
157 4.57999992371
158 4.5720000267
159 4.80000019073
160 4.83400011063
161 4.85599994659
162 4.90600013733
163 4.9310002327
164 4.96999979019
165 4.99800014496
166 5.01599979401
167 5.04500007629
168 3.14400005341
169 3.21199989319
170 3.38199996948
171 4.09600019455
172 4.92199993134
173 4.88000011444
174 4.86100006104
175 4.84299993515
176 4.8220000267
177 4.83500003815
178 4.84299993515
179 4.85599994659
180 4.87400007248
181 4.91099977493
182 4.82999992371
183 5.30700016022
184 5.46600008011
185 5.48799991608
186 5.50600004196
187 5.52099990845
188 4.60799980164
189 4.57299995422
190 5.55100011826
191 5.59700012207
192 3.64299988747
193 3.53200006485
194 4.07800006866
195 4.04099988937
196 5.70900011063
197 5.70399999619
198 5.73199987411
199 5.7610001564
200 5.78599977493
201 5.80200004578
202 5.82600021362
203 5.83300018311
204 5.83199977875
205 5.867000103
206 5.85300016403
207 5.88100004196
208 5.90000009537
209 5.89099979401
210 5.91800022125
211 5.94199991226
212 5.5
213 5.10699987411
214 5.03399991989
215 5.0529999733
216 5.03299999237
217 5.03599977493
218 5.04600000381
219 5.04699993134
220 5.117000103
221 5.69600009918
222 5.39300012589
223 5.2389998436
224 5.29099988937
225 5.36600017548
226 5.3639998436
227 5.35799980164
228 5.27799987793
229 5.31699991226
230 5.59000015259
231 6.00699996948
232 6.18499994278
233 6.1970000267
234 6.19600009918
235 6.20200014114
236 6.21400022507
237 6.23299980164
238 6.24800014496
239 6.22900009155
240 6.24399995804
241 6.23799991608
242 6.23799991608
243 6.22800016403
244 6.22499990463
245 6.2389998436
246 6.23999977112
247 6.23699998856
248 6.26200008392
249 6.26000022888
250 6.25199985504
251 6.27299976349
252 6.26900005341
253 6.27400016785
254 6.26499986649
255 6.25899982452
256 6.25699996948
257 6.26700019836
258 6.25199985504
259 6.26000022888
260 6.22100019455
261 6.24499988556
262 6.24800014496
263 6.23799991608
264 6.22399997711
265 6.22700023651
266 6.21999979019
267 6.21600008011
268 6.23199987411
269 6.23600006104
270 6.21400022507
271 6.20300006866
272 6.19999980927
273 6.13800001144
274 5.83900022507
275 5.77199983597
276 5.75
277 5.73600006104
278 5.73000001907
279 5.71799993515
280 5.7389998436
281 5.7610001564
282 5.81599998474
283 5.95100021362
284 6.07700014114
285 6.07499980927
286 6.0720000267
287 6.05900001526
288 6.06199979782
289 6.05700016022
290 6.03499984741
291 6.01000022888
292 5.97900009155
293 5.98299980164
294 5.94500017166
295 5.94000005722
296 5.92999982834
297 5.90600013733
298 5.90500020981
299 5.87699985504
300 5.85799980164
301 5.83900022507
302 5.81799983978
303 5.82100009918
304 5.80999994278
305 5.79500007629
306 5.78800010681
307 5.78399991989
308 5.73400020599
309 5.72200012207
310 5.69999980927
311 5.66699981689
312 5.63399982452
313 5.64200019836
314 5.61000013351
315 5.59000015259
316 5.20100021362
317 4.88800001144
318 5.47800016403
319 5.50600004196
320 5.48999977112
321 5.47300004959
322 5.4359998703
323 5.43800020218
324 5.41699981689
325 5.35699987411
326 5.02899980545
327 5.30900001526
328 5.29899978638
329 4.38399982452
330 4.0560002327
331 4.10799980164
332 5.02099990845
333 5.15700006485
334 5.13999986649
335 5.12400007248
336 5.08900022507
337 5.0640001297
338 5.04699993134
339 5.02400016785
340 4.95800018311
341 4.82100009918
342 4.95300006866
343 4.92700004578
344 4.90600013733
345 4.86999988556
346 4.84000015259
347 4.70100021362
348 4.55900001526
349 4.742000103
350 4.71899986267
351 4.68499994278
352 4.63500022888
353 4.62400007248
354 4.59200000763
355 4.55000019073
356 4.3140001297
357 4.367000103
358 4.48199987411
359 4.46400022507
360 4.45699977875
361 4.42500019073
362 4.38999986649
363 4.35699987411
364 4.31599998474
365 4.28200006485
366 4.25500011444
367 4.19199991226
368 4.17299985886
369 4.15799999237
370 4.12200021744
371 4.09200000763
372 4.0560002327
373 4.02799987793
374 3.96600008011
375 3.94499993324
376 3.92700004578
377 3.90499997139
378 3.88499999046
379 3.85700011253
380 3.82899999619
381 3.69899988174
382 3.63599991798
383 3.60700011253
384 3.55800008774
385 3.51900005341
386 3.492000103
387 3.44899988174
388 3.43600010872
389 3.40700006485
390 3.37199997902
391 3.3259999752
392 3.30999994278
393 3.29099988937
394 3.24799990654
395 3.25200009346
396 3.29600000381
397 3.34299993515
398 3.3710000515
399 3.41100001335
400 3.4509999752
401 3.4849998951
402 3.52800011635
403 3.54399991035
404 3.59999990463
405 3.632999897
406 3.69600009918
407 3.72399997711
408 3.73600006104
409 3.78800010681
410 3.83299994469
411 3.867000103
412 3.9470000267
413 3.99000000954
414 4.06300020218
415 4.13700008392
416 4.18699979782
417 4.23600006104
418 4.32000017166
419 4.35699987411
420 4.42500019073
421 4.53499984741
422 4.60200023651
423 4.65700006485
424 4.73199987411
425 4.82999992371
426 4.90100002289
427 5.01700019836
428 5.11999988556
429 5.21199989319
430 5.31300020218
431 5.42199993134
432 5.53599977493
433 5.64400005341
434 5.76999998093
435 5.90100002289
436 6.02600002289
437 6.16400003433
438 6.32899999619
439 6.46199989319
440 6.49700021744
441 6.60599994659
442 6.47800016403
443 3.0759999752
444 3.04999995232
445 3.05599999428
446 3.03099989891
447 3.03099989891
448 3.02099990845
449 3.00500011444
450 3.01799988747
451 2.98200011253
452 2.97799992561
453 2.99799990654
454 2.98000001907
455 2.98099994659
456 2.96399998665
457 2.96000003815
458 2.96700000763
459 2.97199988365
460 2.94899988174
461 2.93499994278
462 2.93400001526
463 2.94099998474
464 2.93600010872
465 2.92199993134
466 2.94499993324
467 2.91700005531
468 2.91899991035
469 2.90799999237
470 2.67199993134
471 2.64599990845
472 2.64199995995
473 2.65899991989
474 0.95300000906
475 0.709999978542
476 0.70300000906
477 0.929000020027
478 2.65599989891
479 2.64599990845
480 2.65799999237
481 2.65100002289
482 2.65599989891
483 2.65700006485
484 2.67100000381
485 2.64899992943
486 2.66799998283
487 2.6779999733
488 2.68099999428
489 2.68700003624
490 2.84500002861
491 2.94199991226
492 2.94499993324
493 2.93700003624
494 2.95399999619
495 2.94899988174
496 2.97099995613
497 2.96499991417
498 2.95499992371
499 2.97000002861
500 2.99099993706
501 2.99699997902
502 2.97499990463
503 2.98900008202
504 2.98699998856
505 3.01799988747
506 3.02200007439
507 2.99799990654
508 3.01600003242
509 3.03500008583
510 3.02699995041
511 3.06200003624
512 3.04699993134
513 3.05200004578
514 3.07299995422
515 3.09599995613
516 3.10500001907
517 3.11299991608
518 3.09699988365
519 3.12199997902
520 3.14700007439
521 3.15400004387
522 3.14499998093
523 3.16100001335
524 0.934000015259
525 0.916999995708
526 0.912000000477
527 0.954999983311
528 3.03999996185
529 2.98099994659
530 2.93799996376
531 2.875
532 2.82899999619
533 2.78399991989
534 2.74300003052
535 2.70499992371
536 2.95300006866
537 2.92600011826
538 0.0
539 0.0
540 0.0
