0 4.51700019836
1 4.4359998703
2 4.45499992371
3 4.45300006866
4 4.53299999237
5 4.64699983597
6 4.66499996185
7 4.71700000763
8 4.74300003052
9 4.7610001564
10 4.8060002327
11 4.8189997673
12 4.84499979019
13 4.87900018692
14 4.92199993134
15 4.92899990082
16 4.83199977875
17 4.85699987411
18 4.88700008392
19 4.96899986267
20 5.15299987793
21 5.19000005722
22 5.23199987411
23 5.26599979401
24 5.30700016022
25 5.35400009155
26 5.40999984741
27 5.46099996567
28 5.50699996948
29 5.54899978638
30 5.60099983215
31 5.64599990845
32 5.66800022125
33 0.0
34 17.1620006561
35 17.142999649
36 17.1560001373
37 0.0
38 0.0
39 0.0
40 17.2509994507
41 17.1749992371
42 17.0550003052
43 16.9920005798
44 16.533000946
45 16.5380001068
46 16.5130004883
47 13.170999527
48 13.0799999237
49 12.345000267
50 11.954000473
51 11.5880002975
52 11.611000061
53 11.6190004349
54 11.6020002365
55 11.3240003586
56 10.986000061
57 10.4720001221
58 10.0909996033
59 8.35499954224
60 8.34200000763
61 8.20499992371
62 7.90700006485
63 7.625
64 7.4470000267
65 7.24700021744
66 7.05800008774
67 6.89300012589
68 6.78299999237
69 6.76900005341
70 6.8029999733
71 6.82800006866
72 6.85300016403
73 6.86999988556
74 6.78499984741
75 6.63399982452
76 6.51499986649
77 6.39599990845
78 6.28399991989
79 6.16400003433
80 5.23400020599
81 4.95900011063
82 4.85799980164
83 4.76300001144
84 4.68800020218
85 4.60500001907
86 4.54400014877
87 4.44999980927
88 4.42000007629
89 4.34200000763
90 4.28499984741
91 4.21999979019
92 4.15399980545
93 4.08900022507
94 4.03599977493
95 3.98099994659
96 3.93000006676
97 3.88599991798
98 3.84400010109
99 3.79200005531
100 3.78699994087
101 3.79800009727
102 3.81200003624
103 3.82999992371
104 3.87700009346
105 3.91199994087
106 3.94600009918
107 3.93899989128
108 3.9240000248
109 3.8900001049
110 3.84999990463
111 3.80100011826
112 3.76900005341
113 3.72499990463
114 3.6779999733
115 3.65300011635
116 3.63000011444
117 3.60400009155
118 3.56399989128
119 3.51999998093
120 3.50600004196
121 3.47600007057
122 3.45300006866
123 3.41599988937
124 3.40199995041
125 3.38800001144
126 3.4319999218
127 3.46399998665
128 3.5
129 3.53399991989
130 3.55900001526
131 3.59999990463
132 3.66300010681
133 4.01300001144
134 4.05000019073
135 4.08900022507
136 4.12699985504
137 4.13800001144
138 4.15999984741
139 4.21400022507
140 4.23000001907
141 4.28800010681
142 4.32800006866
143 4.35500001907
144 4.38700008392
145 4.43300008774
146 4.47599983215
147 4.49300003052
148 4.507999897
149 4.52699995041
150 4.54899978638
151 4.20300006866
152 4.32800006866
153 4.59100008011
154 3.26399993896
155 3.40899991989
156 4.72100019455
157 4.59700012207
158 4.55000019073
159 4.78800010681
160 4.8220000267
161 4.86800003052
162 4.89900016785
163 4.91599988937
164 4.96500015259
165 5.00199985504
166 5.01599979401
167 5.04199981689
168 3.14100003242
169 3.23399996758
170 3.37400007248
171 4.11299991608
172 4.92100000381
173 4.88100004196
174 4.86100006104
175 4.83500003815
176 4.8140001297
177 4.83500003815
178 4.83099985123
179 4.84999990463
180 4.867000103
181 4.90500020981
182 4.82399988174
183 5.31699991226
184 5.47200012207
185 5.49499988556
186 5.50500011444
187 5.51300001144
188 4.58799982071
189 4.57600021362
190 5.56199979782
191 5.57999992371
192 3.63899993896
193 3.53200006485
194 4.07299995422
195 4.04799985886
196 5.69199991226
197 5.70499992371
198 5.73400020599
199 5.76499986649
200 5.7610001564
201 5.80000019073
202 5.82000017166
203 5.84700012207
204 5.85699987411
205 5.86299991608
206 5.85400009155
207 5.882999897
208 5.89499998093
209 5.89699983597
210 5.92299985886
211 5.9439997673
212 5.53299999237
213 5.10200023651
214 5.05399990082
215 5.04600000381
216 5.05700016022
217 5.02400016785
218 5.04400014877
219 5.05100011826
220 5.12799978256
221 5.72399997711
222 5.39300012589
223 5.23500013351
224 5.28999996185
225 5.35300016403
226 5.35200023651
227 5.35599994659
228 5.27199983597
229 5.29899978638
230 5.57999992371
231 5.99300003052
232 6.18800020218
233 6.19199991226
234 6.19299983978
235 6.21099996567
236 6.21299982071
237 6.22599983215
238 6.23099994659
239 6.21600008011
240 6.22100019455
241 6.23699998856
242 6.22499990463
243 6.21799993515
244 6.22499990463
245 6.22100019455
246 6.23099994659
247 6.23400020599
248 6.24100017548
249 6.25
250 6.23600006104
251 6.24499988556
252 6.27799987793
253 6.26499986649
254 6.29400014877
255 6.28800010681
256 6.26399993896
257 6.25199985504
258 6.25600004196
259 6.25400018692
260 6.25099992752
261 6.25099992752
262 6.21099996567
263 6.23299980164
264 6.22800016403
265 6.21700000763
266 6.21199989319
267 6.21500015259
268 6.21299982071
269 6.23299980164
270 6.21000003815
271 6.20900011063
272 6.20100021362
273 6.1139998436
274 5.84800004959
275 5.79899978638
276 5.75199985504
277 5.73000001907
278 5.73400020599
279 5.73099994659
280 5.74399995804
281 5.7610001564
282 5.80100011826
283 5.95100021362
284 6.07800006866
285 6.06799983978
286 6.07000017166
287 6.06500005722
288 6.06199979782
289 6.05700016022
290 6.03499984741
291 6.01200008392
292 6.00400018692
293 5.96700000763
294 5.95300006866
295 5.94500017166
296 5.92500019073
297 5.90500020981
298 5.90600013733
299 5.87400007248
300 5.8639998436
301 5.85599994659
302 5.83099985123
303 5.83199977875
304 5.80999994278
305 5.8029999733
306 5.79199981689
307 5.78000020981
308 5.7389998436
309 5.72100019455
310 5.70900011063
311 5.67000007629
312 5.65600013733
313 5.617000103
314 5.60799980164
315 5.59299993515
316 5.21400022507
317 4.89699983597
318 5.47399997711
319 5.50299978256
320 5.47800016403
321 5.47800016403
322 5.45499992371
323 5.42600011826
324 5.41800022125
325 5.35500001907
326 5.03200006485
327 5.31699991226
328 5.29500007629
329 4.37300014496
330 4.04799985886
331 4.11199998856
332 5.01200008392
333 5.17100000381
334 5.14499998093
335 5.11000013351
336 5.10099983215
337 5.07299995422
338 5.04899978638
339 5.02799987793
340 4.95300006866
341 4.81500005722
342 4.95599985123
343 4.93400001526
344 4.90100002289
345 4.86800003052
346 4.84000015259
347 4.70699977875
348 4.56599998474
349 4.73299980164
350 4.71799993515
351 4.69199991226
352 4.65299987793
353 4.62699985504
354 4.59600019455
355 4.5529999733
356 4.30999994278
357 4.375
358 4.48099994659
359 4.46899986267
360 4.4439997673
361 4.40799999237
362 4.40000009537
363 4.36600017548
364 4.30100011826
365 4.26499986649
366 4.23699998856
367 4.22200012207
368 4.1890001297
369 4.14599990845
370 4.10699987411
371 4.07299995422
372 4.05499982834
373 4.00500011444
374 3.97300004959
375 3.93899989128
376 3.91700005531
377 3.90700006485
378 3.88700008392
379 3.84299993515
380 3.82299995422
381 3.72300004959
382 3.63400006294
383 3.60100007057
384 3.56500005722
385 3.51999998093
386 3.48900008202
387 3.45399999619
388 3.42600011826
389 3.39800000191
390 3.36299991608
391 3.34200000763
392 3.29500007629
393 3.29099988937
394 3.26900005341
395 3.27099990845
396 3.28800010681
397 3.32500004768
398 3.36400008202
399 3.40799999237
400 3.43700003624
401 3.46700000763
402 3.52300000191
403 3.55599999428
404 3.60199999809
405 3.632999897
406 3.68899989128
407 3.73699998856
408 3.74099993706
409 3.79600000381
410 3.82899999619
411 3.88800001144
412 3.94199991226
413 4.0
414 4.06599998474
415 4.10799980164
416 4.19099998474
417 4.25099992752
418 4.32000017166
419 4.36999988556
420 4.42600011826
421 4.49900007248
422 4.59000015259
423 4.65000009537
424 4.73699998856
425 4.8189997673
426 4.90999984741
427 5.01300001144
428 5.11600017548
429 5.20599985123
430 5.3189997673
431 5.41099977493
432 5.53700017929
433 5.62200021744
434 5.76700019836
435 5.8860001564
436 6.03499984741
437 6.17999982834
438 6.31199979782
439 6.48199987411
440 6.48999977112
441 6.60500001907
442 6.49700021744
443 3.04399991035
444 3.04399991035
445 3.04099988937
446 3.04200005531
447 3.03200006485
448 3.0
449 3.00300002098
450 2.99499988556
451 3.0039999485
452 2.98000001907
453 2.98699998856
454 2.99699997902
455 2.99300003052
456 2.96900010109
457 2.95799994469
458 2.95799994469
459 2.95000004768
460 2.94899988174
461 2.94600009918
462 2.93899989128
463 2.95000004768
464 2.93499994278
465 2.92899990082
466 2.93000006676
467 2.9279999733
468 2.91799998283
469 2.91799998283
470 2.65599989891
471 2.63100004196
472 2.63800001144
473 2.65700006485
474 0.940999984741
475 0.723999977112
476 0.703999996185
477 0.930999994278
478 2.65599989891
479 2.64800000191
480 2.64800000191
481 2.65400004387
482 2.65199995041
483 2.65599989891
484 2.66599988937
485 2.66000008583
486 2.66499996185
487 2.67000007629
488 2.6740000248
489 2.68499994278
490 2.82100009918
491 2.95499992371
492 2.93799996376
493 2.95399999619
494 2.93499994278
495 2.9430000782
496 2.9509999752
497 2.95199990273
498 2.95900011063
499 2.95199990273
500 2.97600007057
501 3.0
502 2.99699997902
503 2.98699998856
504 2.992000103
505 2.99099993706
506 3.01799988747
507 3.02800011635
508 3.01799988747
509 3.04200005531
510 3.05500006676
511 3.04099988937
512 3.06399989128
513 3.07699990273
514 3.07299995422
515 3.08400011063
516 3.10599994659
517 3.11400008202
518 3.09899997711
519 3.11999988556
520 3.13400006294
521 3.15700006485
522 3.16300010681
523 3.16700005531
524 0.930999994278
525 0.907999992371
526 0.912999987602
527 0.944999992847
528 3.05100011826
529 2.992000103
530 2.9240000248
531 2.88199996948
532 2.8259999752
533 2.78600001335
534 2.73799991608
535 2.70700001717
536 2.97799992561
537 2.90199995041
538 0.0
539 0.0
540 0.0
