0 4.51999998093
1 4.44500017166
2 4.4359998703
3 4.46299982071
4 4.52400016785
5 4.66400003433
6 4.68499994278
7 4.69999980927
8 4.73299980164
9 4.77500009537
10 4.8060002327
11 4.82600021362
12 4.85200023651
13 4.90299987793
14 4.92999982834
15 4.93800020218
16 4.84000015259
17 4.85300016403
18 4.882999897
19 4.96000003815
20 5.14699983597
21 5.17899990082
22 5.22499990463
23 5.27299976349
24 5.3060002327
25 5.36100006104
26 5.41400003433
27 5.45200014114
28 5.50699996948
29 5.55100011826
30 5.59999990463
31 5.6360001564
32 5.65999984741
33 0.0
34 17.1410007477
35 17.1359996796
36 17.1469993591
37 0.0
38 0.0
39 0.0
40 17.2439994812
41 17.1529998779
42 17.0590000153
43 17.0130004883
44 16.5270004272
45 16.5389995575
46 16.5410003662
47 13.154999733
48 13.0729999542
49 12.3319997787
50 11.9280004501
51 11.5939998627
52 11.5909996033
53 11.6260004044
54 11.6239995956
55 11.3479995728
56 10.9989995956
57 10.4610004425
58 10.1160001755
59 8.31900024414
60 8.34399986267
61 8.21599960327
62 7.89799976349
63 7.632999897
64 7.44600009918
65 7.25199985504
66 7.0560002327
67 6.89799976349
68 6.78700017929
69 6.76999998093
70 6.79799985886
71 6.83400011063
72 6.84399986267
73 6.87300014496
74 6.79400014877
75 6.63899993896
76 6.50899982452
77 6.39699983597
78 6.26499986649
79 6.15500020981
80 5.22100019455
81 4.95699977875
82 4.85900020599
83 4.77400016785
84 4.65399980545
85 4.60599994659
86 4.54400014877
87 4.47900009155
88 4.41499996185
89 4.33500003815
90 4.26999998093
91 4.20200014114
92 4.14900016785
93 4.10500001907
94 4.04699993134
95 3.99300003052
96 3.92000007629
97 3.89400005341
98 3.84800004959
99 3.78800010681
100 3.74900007248
101 3.78200006485
102 3.81299996376
103 3.85100007057
104 3.88899993896
105 3.91899991035
106 3.9279999733
107 3.96799993515
108 3.91599988937
109 3.88400006294
110 3.83400011063
111 3.79299998283
112 3.75099992752
113 3.73099994659
114 3.69799995422
115 3.66499996185
116 3.63100004196
117 3.57699990273
118 3.55800008774
119 3.53099989891
120 3.5
121 3.47399997711
122 3.44799995422
123 3.41000008583
124 3.40899991989
125 3.39700007439
126 3.43799996376
127 3.45499992371
128 3.48900008202
129 3.53900003433
130 3.56299996376
131 3.59400010109
132 3.65899991989
133 4.03200006485
134 4.07800006866
135 4.09899997711
136 4.12599992752
137 4.14099979401
138 4.16200017929
139 4.21500015259
140 4.25699996948
141 4.26300001144
142 4.31599998474
143 4.35799980164
144 4.38000011444
145 4.4279999733
146 4.43800020218
147 4.48500013351
148 4.49300003052
149 4.52899980545
150 4.5560002327
151 4.19000005722
152 4.3060002327
153 4.52400016785
154 3.27600002289
155 3.39499998093
156 4.70699977875
157 4.59700012207
158 4.55999994278
159 4.79400014877
160 4.83799982071
161 4.86800003052
162 4.88800001144
163 4.93300008774
164 4.96299982071
165 4.99800014496
166 5.01999998093
167 5.03900003433
168 3.16400003433
169 3.21499991417
170 3.367000103
171 4.11600017548
172 4.91099977493
173 4.87900018692
174 4.84399986267
175 4.82600021362
176 4.82899999619
177 4.84299993515
178 4.83199977875
179 4.83799982071
180 4.88399982452
181 4.90600013733
182 4.8140001297
183 5.33400011063
184 5.46400022507
185 5.47800016403
186 5.49499988556
187 5.51700019836
188 4.60400009155
189 4.57700014114
190 5.5720000267
191 5.60200023651
192 3.64700007439
193 3.52600002289
194 4.07100009918
195 4.04300022125
196 5.67999982834
197 5.72100019455
198 5.74900007248
199 5.75500011444
200 5.79400014877
201 5.79400014877
202 5.81699991226
203 5.82999992371
204 5.83900022507
205 5.83699989319
206 5.85400009155
207 5.87799978256
208 5.89499998093
209 5.90299987793
210 5.90600013733
211 5.94099998474
212 5.49900007248
213 5.07899999619
214 5.04600000381
215 5.04699993134
216 5.04199981689
217 5.04099988937
218 5.03999996185
219 5.05000019073
220 5.12300014496
221 5.76599979401
222 5.39200019836
223 5.22399997711
224 5.28299999237
225 5.35599994659
226 5.34700012207
227 5.34999990463
228 5.27899980545
229 5.30999994278
230 5.58099985123
231 5.99100017548
232 6.15500020981
233 6.20300006866
234 6.20699977875
235 6.20699977875
236 6.20699977875
237 6.24900007248
238 6.22100019455
239 6.22100019455
240 6.22100019455
241 6.21799993515
242 6.22900009155
243 6.23199987411
244 6.23199987411
245 6.23199987411
246 6.25500011444
247 6.25400018692
248 6.26000022888
249 6.22499990463
250 6.24800014496
251 6.25099992752
252 6.26800012589
253 6.27600002289
254 6.28299999237
255 6.27600002289
256 6.27400016785
257 6.26300001144
258 6.24300003052
259 6.23999977112
260 6.23999977112
261 6.23199987411
262 6.24100017548
263 6.22700023651
264 6.23699998856
265 6.23500013351
266 6.21799993515
267 6.21899986267
268 6.22300004959
269 6.19999980927
270 6.23199987411
271 6.21700000763
272 6.22399997711
273 6.14099979401
274 5.85099983215
275 5.79899978638
276 5.75600004196
277 5.72800016403
278 5.71500015259
279 5.71700000763
280 5.72599983215
281 5.76300001144
282 5.80900001526
283 5.95399999619
284 6.06699991226
285 6.07399988174
286 6.0640001297
287 6.04099988937
288 6.04099988937
289 6.04500007629
290 6.02299976349
291 6.03100013733
292 5.98299980164
293 5.98199987411
294 5.94000005722
295 5.95599985123
296 5.91900014877
297 5.89499998093
298 5.87699985504
299 5.88199996948
300 5.86199998856
301 5.84999990463
302 5.83300018311
303 5.80999994278
304 5.80700016022
305 5.79600000381
306 5.78299999237
307 5.76700019836
308 5.7610001564
309 5.71799993515
310 5.69899988174
311 5.6810002327
312 5.64499998093
313 5.617000103
314 5.60500001907
315 5.5689997673
316 5.21400022507
317 4.90000009537
318 5.46500015259
319 5.50400018692
320 5.4889998436
321 5.47399997711
322 5.4359998703
323 5.43699979782
324 5.41800022125
325 5.35300016403
326 5.03499984741
327 5.30999994278
328 5.29400014877
329 4.382999897
330 4.0560002327
331 4.09899997711
332 5.02099990845
333 5.16800022125
334 5.14300012589
335 5.125
336 5.09800004959
337 5.06599998474
338 5.04099988937
339 5.02699995041
340 4.94299983978
341 4.82399988174
342 4.95499992371
343 4.9470000267
344 4.90000009537
345 4.87400007248
346 4.84499979019
347 4.6970000267
348 4.56599998474
349 4.742000103
350 4.70699977875
351 4.68800020218
352 4.64499998093
353 4.61800003052
354 4.60400009155
355 4.57100009918
356 4.32700014114
357 4.36899995804
358 4.49800014496
359 4.44199991226
360 4.42700004578
361 4.41400003433
362 4.37400007248
363 4.35400009155
364 4.32100009918
365 4.26499986649
366 4.22200012207
367 4.22399997711
368 4.17299985886
369 4.12099981308
370 4.11199998856
371 4.08699989319
372 4.05000019073
373 4.01700019836
374 3.97000002861
375 3.97199988365
376 3.93899989128
377 3.89800000191
378 3.86800003052
379 3.83699989319
380 3.8180000782
381 3.70700001717
382 3.63199996948
383 3.59500002861
384 3.55500006676
385 3.53600001335
386 3.48099994659
387 3.46499991417
388 3.43600010872
389 3.3900001049
390 3.35299992561
391 3.32999992371
392 3.31399989128
393 3.28299999237
394 3.25900006294
395 3.27800011635
396 3.28999996185
397 3.33699989319
398 3.375
399 3.41300010681
400 3.43099999428
401 3.48799991608
402 3.52900004387
403 3.55800008774
404 3.60700011253
405 3.63700008392
406 3.6819999218
407 3.72799992561
408 3.73300004005
409 3.77800011635
410 3.82800006866
411 3.87400007248
412 3.91799998283
413 4.01000022888
414 4.05200004578
415 4.10699987411
416 4.1859998703
417 4.25500011444
418 4.31300020218
419 4.37900018692
420 4.45399999619
421 4.52299976349
422 4.59200000763
423 4.65799999237
424 4.72200012207
425 4.81300020218
426 4.91499996185
427 5.01300001144
428 5.10500001907
429 5.20100021362
430 5.3189997673
431 5.42600011826
432 5.54400014877
433 5.63800001144
434 5.77600002289
435 5.875
436 6.02400016785
437 6.15899991989
438 6.32999992371
439 6.47499990463
440 6.50199985504
441 6.60300016403
442 6.44600009918
443 3.07699990273
444 3.04299998283
445 3.05100011826
446 3.03900003433
447 3.02300000191
448 3.03099989891
449 2.99900007248
450 3.01900005341
451 2.992000103
452 2.99000000954
453 2.98300004005
454 2.9849998951
455 2.97099995613
456 2.96300005913
457 2.98300004005
458 2.95799994469
459 2.96600008011
460 2.93899989128
461 2.94400000572
462 2.94400000572
463 2.94799995422
464 2.94499993324
465 2.92499995232
466 2.93000006676
467 2.9430000782
468 2.91499996185
469 2.90000009537
470 2.67600011826
471 2.64899992943
472 2.6400001049
473 2.65000009537
474 0.940999984741
475 0.70300000906
476 0.712000012398
477 0.930000007153
478 2.66000008583
479 2.64700007439
480 2.64499998093
481 2.65000009537
482 2.65300011635
483 2.65300011635
484 2.66199994087
485 2.66499996185
486 2.66700005531
487 2.66599988937
488 2.65799999237
489 2.69000005722
490 2.8180000782
491 2.94799995422
492 2.93000006676
493 2.9430000782
494 2.95399999619
495 2.95300006866
496 2.96099996567
497 2.9509999752
498 2.97499990463
499 2.96300005913
500 2.96900010109
501 2.96600008011
502 2.99300003052
503 2.992000103
504 3.00500011444
505 3.00500011444
506 3.02200007439
507 3.0
508 3.01600003242
509 3.04299998283
510 3.02800011635
511 3.04099988937
512 3.05900001526
513 3.0569999218
514 3.08899998665
515 3.08800005913
516 3.08800005913
517 3.09200000763
518 3.12599992752
519 3.12800002098
520 3.12400007248
521 3.13499999046
522 3.14499998093
523 3.16899991035
524 0.944000005722
525 0.915000021458
526 0.925000011921
527 0.941999971867
528 3.05200004578
529 2.98900008202
530 2.93700003624
531 2.87800002098
532 2.83200001717
533 2.76300001144
534 2.74399995804
535 2.70399999619
536 2.95199990273
537 2.93700003624
538 0.0
539 0.0
540 0.0
