0 0.85799998045
1 0.861000001431
2 0.882000029087
3 0.882000029087
4 0.880999982357
5 0.90600001812
6 0.962000012398
7 4.70699977875
8 4.74900007248
9 4.75500011444
10 4.79199981689
11 4.83699989319
12 4.867000103
13 4.882999897
14 4.93699979782
15 4.93499994278
16 4.83900022507
17 4.84899997711
18 4.87599992752
19 4.96400022507
20 5.15100002289
21 5.18300008774
22 5.22300004959
23 5.26399993896
24 5.3060002327
25 5.35300016403
26 5.39200019836
27 5.46099996567
28 5.5
29 5.55399990082
30 5.60300016403
31 5.64699983597
32 5.66099977493
33 0.0
34 17.1450004578
35 17.1509990692
36 17.1469993591
37 0.0
38 0.0
39 0.0
40 17.2350006104
41 17.1760005951
42 17.0499992371
43 16.9969997406
44 16.5349998474
45 16.5529994965
46 16.5170001984
47 13.1689996719
48 13.0710000992
49 12.329000473
50 11.9359998703
51 11.5819997787
52 11.607000351
53 11.6260004044
54 11.6309995651
55 11.3420000076
56 10.9890003204
57 10.4650001526
58 10.1300001144
59 8.3360004425
60 8.34099960327
61 8.19299983978
62 7.90299987793
63 7.62300014496
64 7.44999980927
65 7.2610001564
66 7.05499982834
67 6.89200019836
68 6.77799987793
69 6.78100013733
70 6.79500007629
71 6.8140001297
72 6.84100008011
73 6.8639998436
74 6.79699993134
75 6.64400005341
76 6.51399993896
77 6.39200019836
78 6.28200006485
79 6.15100002289
80 5.24100017548
81 4.96500015259
82 4.85400009155
83 4.77600002289
84 4.6810002327
85 4.59399986267
86 4.54199981689
87 4.45100021362
88 4.41300010681
89 4.3140001297
90 4.27299976349
91 4.21199989319
92 4.15500020981
93 4.08699989319
94 4.01700019836
95 3.96499991417
96 3.94400000572
97 3.89199995995
98 3.84599995613
99 3.79800009727
100 3.75999999046
101 3.78900003433
102 3.83400011063
103 3.85299992561
104 3.88199996948
105 3.89400005341
106 3.93300008774
107 3.95399999619
108 3.90799999237
109 3.87400007248
110 3.83800005913
111 3.80999994278
112 3.78099989891
113 3.72699999809
114 3.69499993324
115 3.66599988937
116 3.617000103
117 3.57899999619
118 3.5680000782
119 3.51900005341
120 3.50300002098
121 3.47799992561
122 3.44400000572
123 3.40899991989
124 3.40499997139
125 3.39100003242
126 3.42600011826
127 3.44400000572
128 3.48900008202
129 3.51799988747
130 3.57800006866
131 3.61100006104
132 3.66899991035
133 4.01800012589
134 4.0689997673
135 4.07299995422
136 4.11299991608
137 4.15000009537
138 4.19899988174
139 4.21799993515
140 4.25299978256
141 4.27799987793
142 4.32700014114
143 4.36000013351
144 4.37799978256
145 4.40299987793
146 4.46000003815
147 4.49100017548
148 4.51800012589
149 4.53100013733
150 4.55200004578
151 4.20100021362
152 4.3140001297
153 4.62200021744
154 3.26900005341
155 3.42000007629
156 4.71199989319
157 4.61499977112
158 4.56599998474
159 4.79199981689
160 4.83300018311
161 4.86100006104
162 4.89599990845
163 4.9359998703
164 4.95300006866
165 4.99900007248
166 5.02500009537
167 5.04099988937
168 3.13400006294
169 3.22099995613
170 3.35800004005
171 4.10799980164
172 4.92299985886
173 4.89200019836
174 4.84299993515
175 4.82499980927
176 4.81599998474
177 4.82700014114
178 4.82700014114
179 4.84899997711
180 4.875
181 4.88899993896
182 4.8189997673
183 5.32899999619
184 5.46199989319
185 5.49100017548
186 5.48699998856
187 5.51000022888
188 4.59200000763
189 4.58500003815
190 5.5640001297
191 5.58900022507
192 3.64700007439
193 3.52699995041
194 4.07000017166
195 4.04199981689
196 5.6970000267
197 5.72399997711
198 5.73400020599
199 5.73999977112
200 5.77899980545
201 5.8029999733
202 5.8189997673
203 5.83300018311
204 5.85099983215
205 5.85200023651
206 5.86600017548
207 5.87599992752
208 5.882999897
209 5.90600013733
210 5.90199995041
211 5.94600009918
212 5.51499986649
213 5.10300016403
214 5.04199981689
215 5.04799985886
216 5.03999996185
217 5.04699993134
218 5.04099988937
219 5.03599977493
220 5.11100006104
221 5.71000003815
222 5.3860001564
223 5.23299980164
224 5.27099990845
225 5.35300016403
226 5.33400011063
227 5.35200023651
228 5.27099990845
229 5.31300020218
230 5.57800006866
231 5.99499988556
232 6.19299983978
233 6.1939997673
234 6.20200014114
235 6.21000003815
236 6.21600008011
237 6.23099994659
238 6.21999979019
239 6.21500015259
240 6.22700023651
241 6.21799993515
242 6.22900009155
243 6.23999977112
244 6.23199987411
245 6.25400018692
246 6.21299982071
247 6.23199987411
248 6.24100017548
249 6.24599981308
250 6.25600004196
251 6.24399995804
252 6.27199983597
253 6.27199983597
254 6.28700017929
255 6.28000020981
256 6.24900007248
257 6.25299978256
258 6.2389998436
259 6.23600006104
260 6.24399995804
261 6.23000001907
262 6.21899986267
263 6.24100017548
264 6.20200014114
265 6.23000001907
266 6.22100019455
267 6.21400022507
268 6.23199987411
269 6.20399999619
270 6.21500015259
271 6.20300006866
272 6.21500015259
273 6.14400005341
274 5.83400011063
275 5.79500007629
276 5.75699996948
277 5.72900009155
278 5.72399997711
279 5.72300004959
280 5.75099992752
281 5.75699996948
282 5.80800008774
283 5.95900011063
284 6.08900022507
285 6.08300018311
286 6.06199979782
287 6.04799985886
288 6.03800010681
289 6.04199981689
290 6.02500009537
291 5.99700021744
292 6.00400018692
293 5.98000001907
294 5.96999979019
295 5.92899990082
296 5.92199993134
297 5.91400003433
298 5.87699985504
299 5.88100004196
300 5.84499979019
301 5.84800004959
302 5.84499979019
303 5.82100009918
304 5.8140001297
305 5.8029999733
306 5.77899980545
307 5.78499984741
308 5.73699998856
309 5.70499992371
310 5.70300006866
311 5.67100000381
312 5.64900016785
313 5.63100004196
314 5.60699987411
315 5.58699989319
316 5.21099996567
317 4.87599992752
318 5.47300004959
319 5.49700021744
320 5.49499988556
321 5.45900011063
322 5.45200014114
323 5.43800020218
324 5.42700004578
325 5.34399986267
326 5.02400016785
327 5.30900001526
328 5.29799985886
329 4.37300014496
330 4.03599977493
331 4.11100006104
332 5.02199983597
333 5.16099977493
334 5.14599990845
335 5.117000103
336 5.09299993515
337 5.05700016022
338 5.04799985886
339 5.02600002289
340 4.95800018311
341 4.80900001526
342 4.95900011063
343 4.92999982834
344 4.89799976349
345 4.85900020599
346 4.82399988174
347 4.69799995422
348 4.57399988174
349 4.73400020599
350 4.70800018311
351 4.6779999733
352 4.64900016785
353 4.6139998436
354 4.60099983215
355 4.5640001297
356 4.31799983978
357 4.36000013351
358 4.48099994659
359 4.47200012207
360 4.42999982834
361 4.42500019073
362 4.40100002289
363 4.36299991608
364 4.32700014114
365 4.26800012589
366 4.22200012207
367 4.18800020218
368 4.16800022125
369 4.13800001144
370 4.09299993515
371 4.07399988174
372 4.04600000381
373 4.02600002289
374 3.99099993706
375 3.95300006866
376 3.94000005722
377 3.89100003242
378 3.87700009346
379 3.85400009155
380 3.82699990273
381 3.72499990463
382 3.64100003242
383 3.60599994659
384 3.56100010872
385 3.51999998093
386 3.50200009346
387 3.46199989319
388 3.43099999428
389 3.38100004196
390 3.37599992752
391 3.33299994469
392 3.31299996376
393 3.29299998283
394 3.26399993896
395 3.2539999485
396 3.27999997139
397 3.33899998665
398 3.375
399 3.41400003433
400 3.43099999428
401 3.48399996758
402 3.52099990845
403 3.56200003624
404 3.60700011253
405 3.63800001144
406 3.68600010872
407 3.72499990463
408 3.73099994659
409 3.77099990845
410 3.83500003815
411 3.88100004196
412 3.91300010681
413 4.0
414 4.07100009918
415 4.117000103
416 4.16300010681
417 4.22200012207
418 4.30900001526
419 4.37799978256
420 4.44799995422
421 4.50699996948
422 4.60400009155
423 4.65700006485
424 4.7389998436
425 4.8220000267
426 4.89799976349
427 5.02400016785
428 5.10099983215
429 5.20399999619
430 5.32100009918
431 5.40600013733
432 5.53999996185
433 5.65000009537
434 5.77799987793
435 5.87599992752
436 6.01999998093
437 6.14900016785
438 6.30999994278
439 6.46799993515
440 6.50899982452
441 6.60400009155
442 6.4439997673
443 3.07100009918
444 3.05500006676
445 3.03800010681
446 3.02399992943
447 3.02200007439
448 3.02999997139
449 3.01099991798
450 2.99099993706
451 2.98900008202
452 2.9960000515
453 2.97799992561
454 2.98000001907
455 2.98300004005
456 2.97600007057
457 2.95399999619
458 2.97300004959
459 2.96399998665
460 2.94099998474
461 2.9430000782
462 2.93899989128
463 2.93899989128
464 2.92700004578
465 2.93000006676
466 2.93000006676
467 2.92100000381
468 2.91700005531
469 2.91300010681
470 2.67199993134
471 2.64299988747
472 2.63499999046
473 2.66700005531
474 0.939999997616
475 0.699999988079
476 0.703999996185
477 0.930999994278
478 2.65100002289
479 2.64400005341
480 2.6400001049
481 2.64800000191
482 2.65899991989
483 2.65799999237
484 2.65599989891
485 2.66300010681
486 2.64899992943
487 2.64599990845
488 2.65100002289
489 2.6779999733
490 2.83100008965
491 2.94400000572
492 2.9470000267
493 2.9430000782
494 2.94099998474
495 2.95799994469
496 2.95900011063
497 2.95199990273
498 2.9509999752
499 2.97799992561
500 2.97499990463
501 2.96399998665
502 2.98600006104
503 2.9960000515
504 2.9849998951
505 3.00600004196
506 2.99799990654
507 3.00300002098
508 3.01200008392
509 3.03099989891
510 3.04200005531
511 3.06100010872
512 3.04999995232
513 3.0529999733
514 3.06200003624
515 3.09100008011
516 3.08599996567
517 3.08800005913
518 3.12199997902
519 3.12800002098
520 3.13100004196
521 3.13400006294
522 3.15100002289
523 3.17100000381
524 0.934000015259
525 0.916000008583
526 0.908999979496
527 0.95300000906
528 3.04500007629
529 2.98699998856
530 2.93300008774
531 2.88100004196
532 2.83500003815
533 2.77300000191
534 2.73799991608
535 2.72699999809
536 2.94199991226
537 2.90499997139
538 0.0
539 0.0
540 0.0
