0 4.51900005341
1 4.4279999733
2 4.4470000267
3 4.47800016403
4 4.507999897
5 4.65500020981
6 4.6859998703
7 4.69999980927
8 4.73999977112
9 4.757999897
10 4.78499984741
11 4.83699989319
12 4.85099983215
13 4.89200019836
14 4.91900014877
15 4.93300008774
16 4.83699989319
17 4.83799982071
18 4.88399982452
19 4.97499990463
20 5.14099979401
21 5.1939997673
22 5.23500013351
23 5.27799987793
24 5.3140001297
25 5.35099983215
26 5.39400005341
27 5.45599985123
28 5.48500013351
29 5.5529999733
30 5.59700012207
31 5.63800001144
32 5.65799999237
33 0.0
34 17.1650009155
35 17.1459999084
36 17.1599998474
37 0.0
38 0.0
39 0.0
40 17.2229995728
41 17.1700000763
42 17.0680007935
43 16.9899997711
44 16.5270004272
45 16.5259990692
46 16.5189990997
47 13.1700000763
48 13.0609998703
49 12.3439998627
50 11.9619998932
51 11.5970001221
52 11.611000061
53 11.626999855
54 11.6059999466
55 11.3409996033
56 10.9930000305
57 10.4739999771
58 10.1180000305
59 8.33199977875
60 8.33100032806
61 8.19699954987
62 7.92600011826
63 7.63500022888
64 7.44899988174
65 7.23699998856
66 7.06599998474
67 6.89400005341
68 6.77500009537
69 6.78999996185
70 6.79899978638
71 6.82000017166
72 6.84999990463
73 6.87300014496
74 6.78499984741
75 6.64699983597
76 6.51900005341
77 6.39400005341
78 6.27199983597
79 6.14900016785
80 5.21700000763
81 4.96500015259
82 4.86100006104
83 4.76499986649
84 4.67299985886
85 4.60400009155
86 4.54300022125
87 4.46999979019
88 4.41099977493
89 4.33400011063
90 4.28000020981
91 4.23099994659
92 4.13500022888
93 4.08699989319
94 4.02600002289
95 3.97699999809
96 3.92600011826
97 3.89199995995
98 3.82399988174
99 3.80599999428
100 3.78999996185
101 3.79299998283
102 3.80100011826
103 3.83800005913
104 3.86299991608
105 3.90100002289
106 3.95300006866
107 3.95799994469
108 3.92100000381
109 3.8789999485
110 3.85500001907
111 3.79600000381
112 3.757999897
113 3.72000002861
114 3.68099999428
115 3.64899992943
116 3.62599992752
117 3.60100007057
118 3.56900000572
119 3.53600001335
120 3.49900007248
121 3.47799992561
122 3.45000004768
123 3.41300010681
124 3.40000009537
125 3.40199995041
126 3.42899990082
127 3.45900011063
128 3.492000103
129 3.53399991989
130 3.56699991226
131 3.60800004005
132 3.6740000248
133 4.02699995041
134 4.05399990082
135 4.09600019455
136 4.13199996948
137 4.15999984741
138 4.19199991226
139 4.21199989319
140 4.22800016403
141 4.28999996185
142 4.30700016022
143 4.36000013351
144 4.39799976349
145 4.40199995041
146 4.45900011063
147 4.4889998436
148 4.49100017548
149 4.51399993896
150 4.54099988937
151 4.1970000267
152 4.31500005722
153 4.56599998474
154 3.26099991798
155 3.42300009727
156 4.71500015259
157 4.59899997711
158 4.53800010681
159 4.79199981689
160 4.83199977875
161 4.87200021744
162 4.89699983597
163 4.93800020218
164 4.96199989319
165 4.99700021744
166 5.01999998093
167 5.04199981689
168 3.17100000381
169 3.22699999809
170 3.367000103
171 4.10699987411
172 4.92299985886
173 4.88899993896
174 4.85599994659
175 4.83500003815
176 4.82999992371
177 4.83099985123
178 4.83599996567
179 4.84600019455
180 4.87900018692
181 4.90899991989
182 4.8060002327
183 5.29500007629
184 5.46700000763
185 5.48799991608
186 5.50400018692
187 5.52600002289
188 4.60300016403
189 4.55900001526
190 5.54600000381
191 5.57899999619
192 3.6289999485
193 3.51300001144
194 4.10300016403
195 4.05399990082
196 5.67999982834
197 5.70300006866
198 5.74300003052
199 5.73500013351
200 5.79099988937
201 5.80000019073
202 5.82700014114
203 5.8220000267
204 5.84399986267
205 5.84899997711
206 5.86999988556
207 5.86800003052
208 5.88100004196
209 5.90700006485
210 5.91800022125
211 5.93499994278
212 5.51300001144
213 5.08599996567
214 5.03900003433
215 5.03200006485
216 5.02699995041
217 5.04500007629
218 5.03499984741
219 5.04500007629
220 5.12099981308
221 5.73099994659
222 5.37300014496
223 5.22599983215
224 5.27199983597
225 5.34899997711
226 5.34700012207
227 5.35300016403
228 5.28000020981
229 5.30900001526
230 5.57999992371
231 6.00699996948
232 6.18300008774
233 6.1939997673
234 6.20599985123
235 6.20300006866
236 6.21400022507
237 6.21899986267
238 6.23299980164
239 6.24499988556
240 6.23199987411
241 6.21500015259
242 6.22300004959
243 6.22200012207
244 6.21400022507
245 6.22399997711
246 6.23999977112
247 6.25199985504
248 6.25
249 6.22200012207
250 6.24499988556
251 6.24900007248
252 6.25299978256
253 6.25199985504
254 6.27099990845
255 6.25699996948
256 6.26900005341
257 6.26800012589
258 6.26300001144
259 6.25199985504
260 6.22700023651
261 6.22200012207
262 6.24499988556
263 6.21299982071
264 6.22499990463
265 6.21700000763
266 6.23400020599
267 6.19799995422
268 6.22399997711
269 6.21199989319
270 6.23199987411
271 6.21600008011
272 6.22800016403
273 6.125
274 5.84399986267
275 5.78999996185
276 5.757999897
277 5.742000103
278 5.73099994659
279 5.72399997711
280 5.7389998436
281 5.76000022888
282 5.80499982834
283 5.93400001526
284 6.07999992371
285 6.08300018311
286 6.07800006866
287 6.0689997673
288 6.05900001526
289 6.03499984741
290 6.01900005341
291 6.02099990845
292 5.98999977112
293 5.97599983215
294 5.96299982071
295 5.94899988174
296 5.92999982834
297 5.91300010681
298 5.89499998093
299 5.87099981308
300 5.84800004959
301 5.83500003815
302 5.82899999619
303 5.82800006866
304 5.80900001526
305 5.80900001526
306 5.78499984741
307 5.76700019836
308 5.74300003052
309 5.71999979019
310 5.6779999733
311 5.65799999237
312 5.65100002289
313 5.625
314 5.61100006104
315 5.57399988174
316 5.19099998474
317 4.88700008392
318 5.47300004959
319 5.50699996948
320 5.49399995804
321 5.46099996567
322 5.45300006866
323 5.44000005722
324 5.42000007629
325 5.33799982071
326 5.01499986649
327 5.31500005722
328 5.30399990082
329 4.38199996948
330 4.03599977493
331 4.11999988556
332 5.02299976349
333 5.17299985886
334 5.14400005341
335 5.10900020599
336 5.08599996567
337 5.07000017166
338 5.0529999733
339 5.02299976349
340 4.9470000267
341 4.82100009918
342 4.96000003815
343 4.92999982834
344 4.89099979401
345 4.87200021744
346 4.83199977875
347 4.67700004578
348 4.56699991226
349 4.73999977112
350 4.69899988174
351 4.67399978638
352 4.62699985504
353 4.61800003052
354 4.59299993515
355 4.54799985886
356 4.30999994278
357 4.37300014496
358 4.49900007248
359 4.47599983215
360 4.44000005722
361 4.41200017929
362 4.375
363 4.34899997711
364 4.32800006866
365 4.25600004196
366 4.22599983215
367 4.21500015259
368 4.18400001526
369 4.15399980545
370 4.09700012207
371 4.07600021362
372 4.03200006485
373 4.00400018692
374 3.98099994659
375 3.96399998665
376 3.92600011826
377 3.90899991989
378 3.88000011444
379 3.86100006104
380 3.82299995422
381 3.72399997711
382 3.6210000515
383 3.58800005913
384 3.56100010872
385 3.52300000191
386 3.5039999485
387 3.45000004768
388 3.42100000381
389 3.38499999046
390 3.36599993706
391 3.34999990463
392 3.30500006676
393 3.28900003433
394 3.26099991798
395 3.27099990845
396 3.29299998283
397 3.34100008011
398 3.35899996758
399 3.41000008583
400 3.4430000782
401 3.46099996567
402 3.50500011444
403 3.5490000248
404 3.61100006104
405 3.64299988747
406 3.68400001526
407 3.71099996567
408 3.74499988556
409 3.77999997139
410 3.83999991417
411 3.88199996948
412 3.94000005722
413 4.00400018692
414 4.07100009918
415 4.13199996948
416 4.18800020218
417 4.25199985504
418 4.32100009918
419 4.37799978256
420 4.4439997673
421 4.52099990845
422 4.59000015259
423 4.66699981689
424 4.73299980164
425 4.8189997673
426 4.90899991989
427 5.01300001144
428 5.11600017548
429 5.21799993515
430 5.31799983978
431 5.43400001526
432 5.53299999237
433 5.64900016785
434 5.76800012589
435 5.87599992752
436 6.01800012589
437 6.15199995041
438 6.31199979782
439 6.47399997711
440 6.5
441 6.60200023651
442 6.44899988174
443 3.08100008965
444 3.04699993134
445 3.05500006676
446 3.02600002289
447 3.03900003433
448 3.03399991989
449 3.0
450 2.992000103
451 2.992000103
452 3.0039999485
453 2.99699997902
454 2.97399997711
455 2.96300005913
456 2.97900009155
457 2.96000003815
458 2.97600007057
459 2.9470000267
460 2.95499992371
461 2.95000004768
462 2.95499992371
463 2.92600011826
464 2.93899989128
465 2.92600011826
466 2.92199993134
467 2.91799998283
468 2.91199994087
469 2.90199995041
470 2.66199994087
471 2.65000009537
472 2.61999988556
473 2.64100003242
474 0.949000000954
475 0.71899998188
476 0.700999975204
477 0.925000011921
478 2.65799999237
479 2.64299988747
480 2.64899992943
481 2.64700007439
482 2.63499999046
483 2.65199995041
484 2.66000008583
485 2.65899991989
486 2.66799998283
487 2.66400003433
488 2.67000007629
489 2.67100000381
490 2.83699989319
491 2.94099998474
492 2.94499993324
493 2.93600010872
494 2.96399998665
495 2.94799995422
496 2.94400000572
497 2.95000004768
498 2.96499991417
499 2.96399998665
500 2.96000003815
501 2.99300003052
502 2.97399997711
503 2.99900007248
504 2.99499988556
505 2.99000000954
506 3.00200009346
507 3.02600002289
508 3.01600003242
509 3.04500007629
510 3.04699993134
511 3.04299998283
512 3.05800008774
513 3.07299995422
514 3.07699990273
515 3.07800006866
516 3.09800004959
517 3.09599995613
518 3.12199997902
519 3.11400008202
520 3.1210000515
521 3.14899992943
522 3.14700007439
523 3.16199994087
524 0.929000020027
525 0.915000021458
526 0.919000029564
527 0.949000000954
528 3.03900003433
529 2.9960000515
530 2.93099999428
531 2.88199996948
532 2.83400011063
533 2.78500008583
534 2.73900008202
535 2.70300006866
536 2.95600008965
537 2.91700005531
538 0.0
539 0.0
540 0.0
