0 4.50500011444
1 4.42999982834
2 4.44000005722
3 4.47700023651
4 4.53499984741
5 4.65399980545
6 4.67299985886
7 4.69799995422
8 4.73600006104
9 4.75400018692
10 4.78999996185
11 4.82399988174
12 4.85099983215
13 4.90899991989
14 4.92199993134
15 4.92299985886
16 4.83599996567
17 4.84000015259
18 4.87699985504
19 4.97700023651
20 5.14200019836
21 5.1779999733
22 5.22100019455
23 5.26900005341
24 5.3140001297
25 5.36299991608
26 5.41099977493
27 5.45699977875
28 5.49499988556
29 5.55000019073
30 5.58599996567
31 5.64799976349
32 5.67199993134
33 0.0
34 17.1420001984
35 17.1520004272
36 17.1459999084
37 0.0
38 0.0
39 0.0
40 17.2189998627
41 17.170999527
42 17.0720005035
43 17.0160007477
44 16.5209999084
45 16.5410003662
46 16.5279998779
47 13.1639995575
48 13.0889997482
49 12.3369998932
50 11.9189996719
51 11.5939998627
52 11.6020002365
53 11.6190004349
54 11.625
55 11.343000412
56 10.9919996262
57 10.4560003281
58 10.107000351
59 8.30500030518
60 8.34500026703
61 8.19600009918
62 7.92299985886
63 7.64099979401
64 7.44199991226
65 7.23000001907
66 7.0609998703
67 6.90899991989
68 6.79600000381
69 6.78299999237
70 6.80100011826
71 6.82399988174
72 6.85699987411
73 6.87099981308
74 6.79899978638
75 6.64200019836
76 6.51000022888
77 6.37799978256
78 6.26599979401
79 6.13199996948
80 5.22100019455
81 4.96000003815
82 4.85099983215
83 4.76000022888
84 4.6859998703
85 4.59800004959
86 4.54799985886
87 4.47100019455
88 4.40600013733
89 4.32600021362
90 4.26599979401
91 4.23000001907
92 4.15899991989
93 4.10500001907
94 4.03100013733
95 3.97099995613
96 3.91000008583
97 3.87199997902
98 3.83999991417
99 3.78999996185
100 3.77399992943
101 3.78299999237
102 3.83400011063
103 3.86100006104
104 3.87800002098
105 3.89400005341
106 3.93600010872
107 3.95799994469
108 3.92300009727
109 3.88199996948
110 3.85199999809
111 3.81599998474
112 3.75300002098
113 3.71300005913
114 3.69499993324
115 3.65700006485
116 3.62700009346
117 3.57999992371
118 3.57899999619
119 3.53999996185
120 3.50900006294
121 3.47799992561
122 3.4470000267
123 3.40599989891
124 3.40499997139
125 3.38199996948
126 3.43000006676
127 3.44000005722
128 3.49499988556
129 3.53999996185
130 3.56699991226
131 3.6210000515
132 3.66499996185
133 4.02500009537
134 4.04300022125
135 4.10300016403
136 4.10400009155
137 4.15799999237
138 4.19799995422
139 4.21899986267
140 4.25099992752
141 4.27699995041
142 4.29899978638
143 4.34399986267
144 4.382999897
145 4.41900014877
146 4.44099998474
147 4.48699998856
148 4.51000022888
149 4.53200006485
150 4.51800012589
151 4.19099998474
152 4.32800006866
153 4.54600000381
154 3.26200008392
155 3.41000008583
156 4.72100019455
157 4.59399986267
158 4.55999994278
159 4.79699993134
160 4.82299995422
161 4.85900020599
162 4.88999986649
163 4.93699979782
164 4.94799995422
165 5.00400018692
166 5.02699995041
167 5.03100013733
168 3.15300011635
169 3.23699998856
170 3.36899995804
171 4.09800004959
172 4.90899991989
173 4.88000011444
174 4.85300016403
175 4.83900022507
176 4.81500005722
177 4.82000017166
178 4.82499980927
179 4.84299993515
180 4.88000011444
181 4.89699983597
182 4.82100009918
183 5.31300020218
184 5.46400022507
185 5.492000103
186 5.50600004196
187 5.52299976349
188 4.59499979019
189 4.56300020218
190 5.54899978638
191 5.59999990463
192 3.63499999046
193 3.52399992943
194 4.07499980927
195 4.03599977493
196 5.70100021362
197 5.71600008011
198 5.72800016403
199 5.7610001564
200 5.78000020981
201 5.78499984741
202 5.81199979782
203 5.82899999619
204 5.84100008011
205 5.86999988556
206 5.86000013351
207 5.89400005341
208 5.89300012589
209 5.89599990845
210 5.91400003433
211 5.9310002327
212 5.492000103
213 5.09399986267
214 5.03700017929
215 5.03800010681
216 5.03200006485
217 5.02899980545
218 5.03900003433
219 5.02199983597
220 5.117000103
221 5.70800018311
222 5.38100004196
223 5.23400020599
224 5.29300022125
225 5.35799980164
226 5.34299993515
227 5.35099983215
228 5.27199983597
229 5.3029999733
230 5.55499982834
231 6.00299978256
232 6.17199993134
233 6.18699979782
234 6.21199989319
235 6.20399999619
236 6.21199989319
237 6.22900009155
238 6.23099994659
239 6.21899986267
240 6.23999977112
241 6.22100019455
242 6.23400020599
243 6.23000001907
244 6.22499990463
245 6.22700023651
246 6.22300004959
247 6.2389998436
248 6.25099992752
249 6.23600006104
250 6.25
251 6.26900005341
252 6.25699996948
253 6.25500011444
254 6.26200008392
255 6.26800012589
256 6.26200008392
257 6.26300001144
258 6.25
259 6.23299980164
260 6.23199987411
261 6.24599981308
262 6.21299982071
263 6.21600008011
264 6.21500015259
265 6.22599983215
266 6.23099994659
267 6.20900011063
268 6.22700023651
269 6.23199987411
270 6.19899988174
271 6.20599985123
272 6.19600009918
273 6.13500022888
274 5.83599996567
275 5.78499984741
276 5.75500011444
277 5.73099994659
278 5.71999979019
279 5.73500013351
280 5.75
281 5.7610001564
282 5.80800008774
283 5.95699977875
284 6.07999992371
285 6.07800006866
286 6.06500005722
287 6.0720000267
288 6.06599998474
289 6.03999996185
290 6.04199981689
291 6.00500011444
292 5.97399997711
293 5.96899986267
294 5.94299983978
295 5.9279999733
296 5.92600011826
297 5.90999984741
298 5.88500022888
299 5.87099981308
300 5.86199998856
301 5.86299991608
302 5.82899999619
303 5.81500005722
304 5.82000017166
305 5.80399990082
306 5.77600002289
307 5.77799987793
308 5.75400018692
309 5.71799993515
310 5.69000005722
311 5.66800022125
312 5.63100004196
313 5.63000011444
314 5.60500001907
315 5.59200000763
316 5.20100021362
317 4.87900018692
318 5.47599983215
319 5.50099992752
320 5.48400020599
321 5.47100019455
322 5.43800020218
323 5.4310002327
324 5.42000007629
325 5.35699987411
326 5.02400016785
327 5.31500005722
328 5.29799985886
329 4.37599992752
330 4.05000019073
331 4.10200023651
332 5.01399993896
333 5.15199995041
334 5.14099979401
335 5.11299991608
336 5.08900022507
337 5.0689997673
338 5.05100011826
339 5.03200006485
340 4.95200014114
341 4.81599998474
342 4.94500017166
343 4.9310002327
344 4.89799976349
345 4.86100006104
346 4.83400011063
347 4.69299983978
348 4.55900001526
349 4.74100017548
350 4.72200012207
351 4.6810002327
352 4.65000009537
353 4.59399986267
354 4.59000015259
355 4.55800008774
356 4.3060002327
357 4.35599994659
358 4.492000103
359 4.46299982071
360 4.45200014114
361 4.40399980545
362 4.38800001144
363 4.32999992371
364 4.31699991226
365 4.28000020981
366 4.25699996948
367 4.20800018311
368 4.16900014877
369 4.15399980545
370 4.11600017548
371 4.08300018311
372 4.03999996185
373 3.99799990654
374 3.97199988365
375 3.95499992371
376 3.9319999218
377 3.90199995041
378 3.882999897
379 3.85500001907
380 3.80900001526
381 3.72499990463
382 3.6400001049
383 3.59599995613
384 3.5490000248
385 3.51399993896
386 3.48900008202
387 3.46700000763
388 3.43600010872
389 3.41199994087
390 3.37700009346
391 3.32100009918
392 3.31999993324
393 3.29099988937
394 3.24699997902
395 3.26600003242
396 3.31100010872
397 3.33899998665
398 3.36999988556
399 3.40199995041
400 3.45000004768
401 3.46900010109
402 3.52099990845
403 3.54399991035
404 3.59800004959
405 3.63199996948
406 3.69400000572
407 3.73300004005
408 3.75200009346
409 3.78099989891
410 3.82399988174
411 3.89199995995
412 3.93899989128
413 3.9960000515
414 4.07600021362
415 4.10400009155
416 4.17899990082
417 4.25199985504
418 4.31199979782
419 4.37400007248
420 4.4439997673
421 4.51800012589
422 4.59100008011
423 4.66699981689
424 4.73699998856
425 4.80100011826
426 4.91599988937
427 5.02299976349
428 5.11000013351
429 5.21500015259
430 5.30399990082
431 5.42199993134
432 5.53900003433
433 5.64699983597
434 5.77099990845
435 5.88399982452
436 6.01700019836
437 6.15999984741
438 6.31699991226
439 6.46899986267
440 6.49800014496
441 6.61299991608
442 6.45399999619
443 3.08400011063
444 3.04699993134
445 3.04699993134
446 3.01799988747
447 3.02500009537
448 3.02900004387
449 3.01699995995
450 2.99399995804
451 2.99699997902
452 3.00099992752
453 2.9960000515
454 2.97099995613
455 2.96700000763
456 2.96499991417
457 2.98200011253
458 2.95600008965
459 2.94400000572
460 2.95199990273
461 2.9430000782
462 2.93700003624
463 2.95000004768
464 2.93400001526
465 2.93799996376
466 2.92700004578
467 2.93799996376
468 2.91899991035
469 2.91700005531
470 2.66799998283
471 2.632999897
472 2.63800001144
473 2.64899992943
474 0.943000018597
475 0.703999996185
476 0.708000004292
477 0.926999986172
478 2.66799998283
479 2.66000008583
480 2.64299988747
481 2.65499997139
482 2.63499999046
483 2.63899993896
484 2.64899992943
485 2.66100001335
486 2.67000007629
487 2.65100002289
488 2.66799998283
489 2.6740000248
490 2.8259999752
491 2.93300008774
492 2.94099998474
493 2.9470000267
494 2.94199991226
495 2.95300006866
496 2.93099999428
497 2.96199989319
498 2.97000002861
499 2.95900011063
500 2.97900009155
501 2.99099993706
502 2.97600007057
503 3.00500011444
504 3.00900006294
505 3.01399993896
506 3.0039999485
507 3.01999998093
508 3.02399992943
509 3.03600001335
510 3.03999996185
511 3.03900003433
512 3.04999995232
513 3.07800006866
514 3.07299995422
515 3.0720000267
516 3.10299992561
517 3.10700011253
518 3.125
519 3.11100006104
520 3.14199995995
521 3.13899993896
522 3.16300010681
523 3.1740000248
524 0.926999986172
525 0.916000008583
526 0.90600001812
527 0.944000005722
528 3.04800009727
529 2.98399996758
530 2.93600010872
531 2.88000011444
532 2.8180000782
533 2.78600001335
534 2.73699998856
535 2.71700000763
536 2.95499992371
537 2.92899990082
538 0.0
539 0.0
540 0.0
