0 4.49399995804
1 4.43300008774
2 4.4439997673
3 4.48099994659
4 4.54699993134
5 4.65299987793
6 4.67600011826
7 4.71199989319
8 4.73299980164
9 4.76800012589
10 4.8060002327
11 4.82499980927
12 4.86100006104
13 4.89099979401
14 4.94299983978
15 4.93499994278
16 4.83199977875
17 4.85200023651
18 4.87900018692
19 4.96400022507
20 5.15100002289
21 5.19299983978
22 5.23400020599
23 5.27899980545
24 5.30900001526
25 5.35699987411
26 5.40899991989
27 5.45300006866
28 5.49900007248
29 5.54400014877
30 5.60500001907
31 5.64799976349
32 5.66499996185
33 17.3540000916
34 17.1439990997
35 17.1439990997
36 17.1599998474
37 0.0
38 0.0
39 0.0
40 17.236000061
41 17.1620006561
42 17.061000824
43 17.0060005188
44 16.5300006866
45 16.533000946
46 16.5240001678
47 13.1630001068
48 13.079000473
49 12.3240003586
50 11.920999527
51 11.5920000076
52 11.6000003815
53 11.6190004349
54 11.6300001144
55 11.3489999771
56 11.0220003128
57 10.4720001221
58 10.1129999161
59 8.34599971771
60 8.34000015259
61 8.19299983978
62 7.89900016785
63 7.63800001144
64 7.45200014114
65 7.24700021744
66 7.06500005722
67 6.89300012589
68 6.78999996185
69 6.78299999237
70 6.79500007629
71 6.82100009918
72 6.84700012207
73 6.87699985504
74 6.78800010681
75 6.63399982452
76 6.50600004196
77 6.38700008392
78 6.26599979401
79 6.14400005341
80 5.22599983215
81 4.96999979019
82 4.84499979019
83 4.76200008392
84 4.68200016022
85 4.59299993515
86 4.51599979401
87 4.45900011063
88 4.41400003433
89 4.33099985123
90 4.27899980545
91 4.21400022507
92 4.17100000381
93 4.10500001907
94 4.03299999237
95 3.98200011253
96 3.93099999428
97 3.87800002098
98 3.83100008965
99 3.80399990082
100 3.76799988747
101 3.80100011826
102 3.82800006866
103 3.84800004959
104 3.8710000515
105 3.89499998093
106 3.94099998474
107 3.94499993324
108 3.90100002289
109 3.88199996948
110 3.85299992561
111 3.79999995232
112 3.76900005341
113 3.73600006104
114 3.6779999733
115 3.66799998283
116 3.64299988747
117 3.59200000763
118 3.56299996376
119 3.53699994087
120 3.5039999485
121 3.48200011253
122 3.45300006866
123 3.40899991989
124 3.40700006485
125 3.39700007439
126 3.42700004578
127 3.45799994469
128 3.4849998951
129 3.53600001335
130 3.56999993324
131 3.62199997902
132 3.66899991035
133 4.03700017929
134 4.07100009918
135 4.07700014114
136 4.12599992752
137 4.14799976349
138 4.1859998703
139 4.21600008011
140 4.26900005341
141 4.28800010681
142 4.32000017166
143 4.34200000763
144 4.39400005341
145 4.40399980545
146 4.47300004959
147 4.48799991608
148 4.51700019836
149 4.51999998093
150 4.55200004578
151 4.21099996567
152 4.3140001297
153 4.57700014114
154 3.26399993896
155 3.41100001335
156 4.71299982071
157 4.57700014114
158 4.5640001297
159 4.79699993134
160 4.84299993515
161 4.86600017548
162 4.90399980545
163 4.92000007629
164 4.95900011063
165 5.00199985504
166 5.02099990845
167 5.04300022125
168 3.15400004387
169 3.21799993515
170 3.37400007248
171 4.10200023651
172 4.91900014877
173 4.88899993896
174 4.84800004959
175 4.84200000763
176 4.83500003815
177 4.82499980927
178 4.83500003815
179 4.84600019455
180 4.86600017548
181 4.89699983597
182 4.82000017166
183 5.33400011063
184 5.46299982071
185 5.47399997711
186 5.49599981308
187 5.51399993896
188 4.58799982071
189 4.58799982071
190 5.5689997673
191 5.59499979019
192 3.6400001049
193 3.52900004387
194 4.06599998474
195 4.05100011826
196 5.6890001297
197 5.69600009918
198 5.742000103
199 5.76000022888
200 5.79500007629
201 5.8060002327
202 5.82100009918
203 5.82700014114
204 5.85699987411
205 5.86199998856
206 5.87200021744
207 5.88500022888
208 5.90999984741
209 5.92000007629
210 5.92299985886
211 5.92399978638
212 5.50099992752
213 5.09399986267
214 5.03200006485
215 5.03599977493
216 5.03999996185
217 5.03499984741
218 5.04400014877
219 5.03900003433
220 5.11899995804
221 5.70699977875
222 5.38700008392
223 5.22300004959
224 5.28100013733
225 5.36199998856
226 5.35300016403
227 5.35799980164
228 5.26399993896
229 5.31300020218
230 5.5640001297
231 6.00299978256
232 6.18200016022
233 6.20100021362
234 6.21400022507
235 6.21199989319
236 6.23000001907
237 6.22399997711
238 6.22900009155
239 6.22300004959
240 6.22100019455
241 6.22499990463
242 6.23299980164
243 6.23299980164
244 6.23299980164
245 6.22800016403
246 6.22800016403
247 6.21899986267
248 6.25400018692
249 6.23500013351
250 6.25600004196
251 6.26300001144
252 6.26300001144
253 6.28299999237
254 6.28299999237
255 6.28200006485
256 6.25299978256
257 6.27400016785
258 6.24499988556
259 6.24800014496
260 6.24300003052
261 6.2389998436
262 6.22200012207
263 6.21700000763
264 6.23099994659
265 6.1970000267
266 6.22900009155
267 6.21299982071
268 6.21600008011
269 6.21000003815
270 6.20599985123
271 6.22499990463
272 6.21999979019
273 6.1139998436
274 5.86499977112
275 5.78399991989
276 5.75
277 5.73799991608
278 5.73299980164
279 5.71899986267
280 5.73099994659
281 5.77299976349
282 5.8189997673
283 5.96000003815
284 6.07700014114
285 6.08300018311
286 6.07600021362
287 6.0560002327
288 6.06199979782
289 6.05399990082
290 6.03999996185
291 6.02299976349
292 5.99800014496
293 5.96899986267
294 5.96000003815
295 5.9390001297
296 5.90999984741
297 5.90799999237
298 5.89099979401
299 5.882999897
300 5.87400007248
301 5.86299991608
302 5.82999992371
303 5.80900001526
304 5.81699991226
305 5.78499984741
306 5.79899978638
307 5.78000020981
308 5.742000103
309 5.73299980164
310 5.69899988174
311 5.67100000381
312 5.64200019836
313 5.62400007248
314 5.61000013351
315 5.5689997673
316 5.21099996567
317 4.89300012589
318 5.47700023651
319 5.51000022888
320 5.48999977112
321 5.46000003815
322 5.4390001297
323 5.43300008774
324 5.41900014877
325 5.34000015259
326 5.02400016785
327 5.30499982834
328 5.30499982834
329 4.36100006104
330 4.03000020981
331 4.12099981308
332 5.03200006485
333 5.17100000381
334 5.14499998093
335 5.12099981308
336 5.09800004959
337 5.07700014114
338 5.05499982834
339 5.03200006485
340 4.95200014114
341 4.82399988174
342 4.96299982071
343 4.94799995422
344 4.91800022125
345 4.87599992752
346 4.85099983215
347 4.70499992371
348 4.5529999733
349 4.73500013351
350 4.71500015259
351 4.67399978638
352 4.64799976349
353 4.63199996948
354 4.60200023651
355 4.57499980927
356 4.31699991226
357 4.34700012207
358 4.46999979019
359 4.45800018311
360 4.43300008774
361 4.41699981689
362 4.38800001144
363 4.34100008011
364 4.32000017166
365 4.29199981689
366 4.23999977112
367 4.19199991226
368 4.16499996185
369 4.1360001564
370 4.12300014496
371 4.07399988174
372 4.03999996185
373 4.02500009537
374 3.97199988365
375 3.97000002861
376 3.93499994278
377 3.90700006485
378 3.86299991608
379 3.84800004959
380 3.81699991226
381 3.70399999619
382 3.64299988747
383 3.59100008011
384 3.56900000572
385 3.52699995041
386 3.48300004005
387 3.44799995422
388 3.43300008774
389 3.38599991798
390 3.36500000954
391 3.32800006866
392 3.31599998474
393 3.28200006485
394 3.25200009346
395 3.26799988747
396 3.29299998283
397 3.33800005913
398 3.38199996948
399 3.39700007439
400 3.44600009918
401 3.49000000954
402 3.52399992943
403 3.5529999733
404 3.60400009155
405 3.625
406 3.68600010872
407 3.71499991417
408 3.73600006104
409 3.78500008583
410 3.83899998665
411 3.89299988747
412 3.94799995422
413 3.99900007248
414 4.05700016022
415 4.10799980164
416 4.19199991226
417 4.23999977112
418 4.30900001526
419 4.38399982452
420 4.45900011063
421 4.53499984741
422 4.60200023651
423 4.65999984741
424 4.73099994659
425 4.81599998474
426 4.91499996185
427 5.01599979401
428 5.11100006104
429 5.20699977875
430 5.30800008774
431 5.42299985886
432 5.52500009537
433 5.63399982452
434 5.7610001564
435 5.87300014496
436 6.01399993896
437 6.18499994278
438 6.31599998474
439 6.48299980164
440 6.51399993896
441 6.60500001907
442 6.48199987411
443 3.0720000267
444 3.0569999218
445 3.03200006485
446 3.02800011635
447 3.03699994087
448 3.01799988747
449 3.02200007439
450 3.0
451 3.00300002098
452 3.01099991798
453 2.98900008202
454 2.97399997711
455 2.9849998951
456 2.97499990463
457 2.95700001717
458 2.95399999619
459 2.95300006866
460 2.94899988174
461 2.9509999752
462 2.9430000782
463 2.94600009918
464 2.93099999428
465 2.93000006676
466 2.93000006676
467 2.92100000381
468 2.92000007629
469 2.93400001526
470 2.66599988937
471 2.64199995995
472 2.63199996948
473 2.65000009537
474 0.943000018597
475 0.694000005722
476 0.694000005722
477 0.930999994278
478 2.64499998093
479 2.6400001049
480 2.65400004387
481 2.65100002289
482 2.65599989891
483 2.65799999237
484 2.66100001335
485 2.66199994087
486 2.67100000381
487 2.6740000248
488 2.66100001335
489 2.6819999218
490 2.83800005913
491 2.94000005722
492 2.94899988174
493 2.94000005722
494 2.95900011063
495 2.94799995422
496 2.95499992371
497 2.95199990273
498 2.96499991417
499 2.96000003815
500 2.96700000763
501 2.99300003052
502 2.99699997902
503 2.99099993706
504 3.01300001144
505 2.99799990654
506 3.01300001144
507 3.00600004196
508 3.02500009537
509 3.03500008583
510 3.0529999733
511 3.04299998283
512 3.06399989128
513 3.06699991226
514 3.07999992371
515 3.07899999619
516 3.08100008965
517 3.08800005913
518 3.12599992752
519 3.13199996948
520 3.13800001144
521 3.13800001144
522 3.14599990845
523 3.16300010681
524 0.912999987602
525 0.902000010014
526 0.911000013351
527 0.935000002384
528 3.04500007629
529 2.98600006104
530 2.91700005531
531 2.87400007248
532 2.82100009918
533 2.76799988747
534 2.71700000763
535 2.70700001717
536 2.97699999809
537 2.93099999428
538 0.0
539 0.0
540 0.0
