0 4.51999998093
1 4.43300008774
2 4.44199991226
3 4.47100019455
4 4.53900003433
5 4.65100002289
6 4.67600011826
7 4.69600009918
8 4.72800016403
9 4.75899982452
10 4.79699993134
11 4.82399988174
12 4.85900020599
13 4.90399980545
14 4.93800020218
15 4.9390001297
16 4.82899999619
17 4.84399986267
18 4.87699985504
19 4.96199989319
20 5.14300012589
21 5.18499994278
22 5.23099994659
23 5.27299976349
24 5.32100009918
25 5.35900020599
26 5.39799976349
27 5.44799995422
28 5.49700021744
29 5.54899978638
30 5.60099983215
31 5.64400005341
32 5.67999982834
33 0.0
34 17.1520004272
35 17.138999939
36 17.1410007477
37 0.0
38 0.0
39 0.0
40 17.2220001221
41 17.1800003052
42 17.0699996948
43 16.9939994812
44 16.5279998779
45 16.5480003357
46 16.5170001984
47 13.156999588
48 13.0810003281
49 12.3240003586
50 11.9490003586
51 11.6020002365
52 11.6049995422
53 11.6289997101
54 11.626999855
55 11.343000412
56 11.0120000839
57 10.4750003815
58 10.1199998856
59 8.34099960327
60 8.35000038147
61 8.19999980927
62 7.90100002289
63 7.65500020981
64 7.44500017166
65 7.24499988556
66 7.06599998474
67 6.90899991989
68 6.79099988937
69 6.77400016785
70 6.81199979782
71 6.83300018311
72 6.83799982071
73 6.867000103
74 6.77699995041
75 6.63700008392
76 6.50199985504
77 6.39699983597
78 6.26200008392
79 6.15700006485
80 5.22399997711
81 4.95599985123
82 4.85500001907
83 4.76200008392
84 4.68699979782
85 4.59800004959
86 4.54500007629
87 4.46600008011
88 4.40799999237
89 4.3189997673
90 4.27799987793
91 4.22399997711
92 4.15500020981
93 4.10599994659
94 4.01200008392
95 3.97000002861
96 3.92499995232
97 3.89400005341
98 3.84599995613
99 3.80100011826
100 3.76300001144
101 3.81399989128
102 3.82100009918
103 3.83299994469
104 3.86500000954
105 3.88700008392
106 3.93899989128
107 3.94199991226
108 3.92700004578
109 3.88400006294
110 3.85199999809
111 3.80200004578
112 3.77200007439
113 3.72199988365
114 3.70499992371
115 3.64499998093
116 3.61100006104
117 3.58400011063
118 3.56200003624
119 3.53800010681
120 3.492000103
121 3.47099995613
122 3.4470000267
123 3.42199993134
124 3.40599989891
125 3.39299988747
126 3.40100002289
127 3.45799994469
128 3.49399995804
129 3.52500009537
130 3.56999993324
131 3.61199998856
132 3.66799998283
133 4.03299999237
134 4.06199979782
135 4.09000015259
136 4.10400009155
137 4.15600013733
138 4.1810002327
139 4.19999980927
140 4.22499990463
141 4.27600002289
142 4.31199979782
143 4.34700012207
144 4.3860001564
145 4.42600011826
146 4.46999979019
147 4.48299980164
148 4.50400018692
149 4.52699995041
150 4.54099988937
151 4.19199991226
152 4.29500007629
153 4.52299976349
154 3.26699995995
155 3.43099999428
156 4.70100021362
157 4.59299993515
158 4.57000017166
159 4.79400014877
160 4.84700012207
161 4.86499977112
162 4.88899993896
163 4.93699979782
164 4.95900011063
165 4.99399995804
166 5.01599979401
167 5.02699995041
168 3.10599994659
169 3.22099995613
170 3.3710000515
171 4.10900020599
172 4.91699981689
173 4.882999897
174 4.84000015259
175 4.82800006866
176 4.82899999619
177 4.81500005722
178 4.82899999619
179 4.84800004959
180 4.87200021744
181 4.90000009537
182 4.82299995422
183 5.30399990082
184 5.48000001907
185 5.46899986267
186 5.48600006104
187 5.51700019836
188 4.59800004959
189 4.58199977875
190 5.57399988174
191 5.58900022507
192 3.64700007439
193 3.52099990845
194 4.07999992371
195 4.03499984741
196 5.6859998703
197 5.71600008011
198 5.7389998436
199 5.75600004196
200 5.78999996185
201 5.81599998474
202 5.83099985123
203 5.84399986267
204 5.83199977875
205 5.84700012207
206 5.85099983215
207 5.88199996948
208 5.88500022888
209 5.91599988937
210 5.92500019073
211 5.92299985886
212 5.50299978256
213 5.08500003815
214 5.04899978638
215 5.03399991989
216 5.05200004578
217 5.04400014877
218 5.03499984741
219 5.02099990845
220 5.11499977112
221 5.72499990463
222 5.40100002289
223 5.22499990463
224 5.27299976349
225 5.35200023651
226 5.34899997711
227 5.34800004959
228 5.26900005341
229 5.3060002327
230 5.56799983978
231 6.00299978256
232 6.16800022125
233 6.19099998474
234 6.19099998474
235 6.22200012207
236 6.22700023651
237 6.22399997711
238 6.23400020599
239 6.22700023651
240 6.22599983215
241 6.22300004959
242 6.21500015259
243 6.23099994659
244 6.23299980164
245 6.22100019455
246 6.22700023651
247 6.24499988556
248 6.24399995804
249 6.2610001564
250 6.23699998856
251 6.25899982452
252 6.25699996948
253 6.27500009537
254 6.27899980545
255 6.28399991989
256 6.25899982452
257 6.25699996948
258 6.26800012589
259 6.23999977112
260 6.26200008392
261 6.22700023651
262 6.23199987411
263 6.23199987411
264 6.22700023651
265 6.21999979019
266 6.21899986267
267 6.21500015259
268 6.20800018311
269 6.21700000763
270 6.22200012207
271 6.20300006866
272 6.21500015259
273 6.13700008392
274 5.84100008011
275 5.80000019073
276 5.76700019836
277 5.72700023651
278 5.71199989319
279 5.71500015259
280 5.742000103
281 5.76200008392
282 5.81500005722
283 5.94000005722
284 6.09000015259
285 6.08599996567
286 6.0720000267
287 6.06699991226
288 6.04600000381
289 6.04300022125
290 6.01999998093
291 6.01200008392
292 6.00199985504
293 5.9889998436
294 5.94999980927
295 5.94999980927
296 5.9310002327
297 5.89599990845
298 5.90500020981
299 5.87400007248
300 5.85300016403
301 5.85300016403
302 5.82000017166
303 5.83300018311
304 5.8140001297
305 5.78999996185
306 5.76800012589
307 5.75400018692
308 5.73000001907
309 5.70499992371
310 5.70300006866
311 5.67700004578
312 5.66300010681
313 5.62599992752
314 5.60400009155
315 5.5720000267
316 5.20499992371
317 4.88399982452
318 5.47599983215
319 5.50500011444
320 5.49399995804
321 5.45300006866
322 5.44899988174
323 5.4279999733
324 5.41499996185
325 5.35099983215
326 5.02500009537
327 5.29899978638
328 5.28900003433
329 4.38100004196
330 4.05700016022
331 4.09700012207
332 5.01599979401
333 5.17100000381
334 5.13999986649
335 5.12300014496
336 5.08900022507
337 5.05999994278
338 5.04899978638
339 5.02600002289
340 4.95200014114
341 4.81199979782
342 4.95399999619
343 4.9390001297
344 4.89599990845
345 4.88100004196
346 4.83300018311
347 4.69500017166
348 4.53800010681
349 4.73999977112
350 4.70499992371
351 4.68699979782
352 4.65899991989
353 4.61600017548
354 4.57100009918
355 4.57399988174
356 4.3189997673
357 4.35500001907
358 4.48000001907
359 4.45399999619
360 4.42000007629
361 4.40700006485
362 4.39200019836
363 4.35300016403
364 4.30000019073
365 4.28900003433
366 4.24800014496
367 4.21700000763
368 4.16200017929
369 4.14099979401
370 4.11100006104
371 4.07299995422
372 4.03000020981
373 4.01399993896
374 3.98399996758
375 3.94499993324
376 3.92000007629
377 3.88499999046
378 3.85899996758
379 3.83999991417
380 3.82399988174
381 3.71600008011
382 3.63199996948
383 3.59699988365
384 3.57299995422
385 3.51900005341
386 3.50600004196
387 3.4509999752
388 3.41000008583
389 3.40199995041
390 3.3710000515
391 3.34500002861
392 3.3180000782
393 3.29399991035
394 3.25600004196
395 3.26799988747
396 3.30999994278
397 3.3180000782
398 3.37299990654
399 3.41300010681
400 3.45300006866
401 3.4849998951
402 3.50200009346
403 3.54999995232
404 3.60299992561
405 3.64700007439
406 3.67000007629
407 3.71499991417
408 3.73300004005
409 3.78600001335
410 3.82500004768
411 3.88000011444
412 3.93400001526
413 3.98200011253
414 4.06199979782
415 4.11199998856
416 4.1890001297
417 4.24100017548
418 4.3189997673
419 4.36899995804
420 4.42999982834
421 4.51200008392
422 4.57499980927
423 4.66200017929
424 4.74399995804
425 4.81300020218
426 4.91200017929
427 5.02699995041
428 5.10900020599
429 5.22100019455
430 5.31300020218
431 5.41499996185
432 5.52899980545
433 5.63199996948
434 5.76800012589
435 5.87200021744
436 6.02600002289
437 6.16800022125
438 6.30800008774
439 6.45399999619
440 6.49700021744
441 6.60099983215
442 6.45300006866
443 3.06699991226
444 3.04200005531
445 3.02600002289
446 3.02399992943
447 3.01399993896
448 3.00600004196
449 3.00600004196
450 3.01200008392
451 2.99799990654
452 2.97799992561
453 2.97499990463
454 2.992000103
455 2.96600008011
456 2.97499990463
457 2.96000003815
458 2.96499991417
459 2.96600008011
460 2.94499993324
461 2.9430000782
462 2.95399999619
463 2.95300006866
464 2.92899990082
465 2.92899990082
466 2.92199993134
467 2.92100000381
468 2.9240000248
469 2.93000006676
470 2.6930000782
471 2.65100002289
472 2.63800001144
473 2.64400005341
474 0.940999984741
475 0.699000000954
476 0.705999970436
477 0.926999986172
478 2.65799999237
479 2.64400005341
480 2.6289999485
481 2.64400005341
482 2.64299988747
483 2.66100001335
484 2.63800001144
485 2.64700007439
486 2.66799998283
487 2.67000007629
488 2.6819999218
489 2.68400001526
490 2.82100009918
491 2.93300008774
492 2.93000006676
493 2.93400001526
494 2.93600010872
495 2.96700000763
496 2.96499991417
497 2.96499991417
498 2.95300006866
499 2.95399999619
500 2.98000001907
501 2.96499991417
502 2.99099993706
503 2.9960000515
504 2.9849998951
505 2.99300003052
506 3.01200008392
507 3.01999998093
508 3.02900004387
509 3.03200006485
510 3.04200005531
511 3.05500006676
512 3.04500007629
513 3.0490000248
514 3.07899999619
515 3.08899998665
516 3.07699990273
517 3.07999992371
518 3.11500000954
519 3.1210000515
520 3.12199997902
521 3.13400006294
522 3.15499997139
523 3.17600011826
524 0.925000011921
525 0.921000003815
526 0.907999992371
527 0.949000000954
528 3.04600000381
529 2.99000000954
530 2.92300009727
531 2.87199997902
532 2.83400011063
533 2.78900003433
534 2.73300004005
535 2.70900011063
536 2.94199991226
537 2.91799998283
538 0.0
539 0.0
540 0.0
