0 4.50299978256
1 4.43200016022
2 4.45399999619
3 4.46799993515
4 4.53299999237
5 4.66699981689
6 4.67399978638
7 4.72100019455
8 4.73799991608
9 4.77299976349
10 4.79400014877
11 4.82899999619
12 4.85900020599
13 4.89799976349
14 4.9279999733
15 4.9279999733
16 4.84200000763
17 4.85799980164
18 4.88500022888
19 4.97100019455
20 5.13199996948
21 5.18200016022
22 5.23099994659
23 5.27199983597
24 5.32000017166
25 5.34899997711
26 5.39900016785
27 5.44899988174
28 5.49800014496
29 5.53800010681
30 5.59100008011
31 5.63399982452
32 5.64599990845
33 0.0
34 17.1560001373
35 17.1499996185
36 17.1590003967
37 0.0
38 0.0
39 0.0
40 17.232000351
41 17.1660003662
42 17.0739994049
43 17.0039997101
44 16.533000946
45 16.5429992676
46 16.5130004883
47 13.142999649
48 13.0819997787
49 12.3280000687
50 11.9180002213
51 11.5719995499
52 11.6079998016
53 11.6289997101
54 11.6199998856
55 11.3389997482
56 10.986000061
57 10.4729995728
58 10.1180000305
59 8.29100036621
60 8.32800006866
61 8.19799995422
62 7.90899991989
63 7.632999897
64 7.45200014114
65 7.24800014496
66 7.0560002327
67 6.88899993896
68 6.79600000381
69 6.76700019836
70 6.80000019073
71 6.82399988174
72 6.84999990463
73 6.8639998436
74 6.78499984741
75 6.63800001144
76 6.50899982452
77 6.39699983597
78 6.26300001144
79 6.15000009537
80 5.24399995804
81 4.97499990463
82 4.85500001907
83 4.76499986649
84 4.69799995422
85 4.61499977112
86 4.54300022125
87 4.48000001907
88 4.41499996185
89 4.3220000267
90 4.28800010681
91 4.21299982071
92 4.17000007629
93 4.09100008011
94 4.04300022125
95 3.98699998856
96 3.93300008774
97 3.89299988747
98 3.85599994659
99 3.80200004578
100 3.76699995995
101 3.79999995232
102 3.81399989128
103 3.83299994469
104 3.882999897
105 3.90100002289
106 3.94000005722
107 3.9470000267
108 3.92499995232
109 3.89199995995
110 3.84599995613
111 3.79399991035
112 3.74900007248
113 3.72300004959
114 3.70499992371
115 3.66799998283
116 3.63400006294
117 3.59200000763
118 3.56599998474
119 3.52600002289
120 3.50500011444
121 3.47600007057
122 3.43300008774
123 3.41899991035
124 3.40599989891
125 3.39899992943
126 3.42199993134
127 3.45700001717
128 3.49000000954
129 3.52800011635
130 3.57500004768
131 3.60899996758
132 3.65499997139
133 4.03299999237
134 4.06699991226
135 4.10099983215
136 4.10200023651
137 4.16400003433
138 4.17000007629
139 4.19600009918
140 4.23799991608
141 4.28499984741
142 4.32000017166
143 4.34600019455
144 4.39099979401
145 4.42999982834
146 4.46500015259
147 4.48299980164
148 4.50500011444
149 4.52699995041
150 4.5529999733
151 4.20599985123
152 4.30399990082
153 4.61000013351
154 3.26600003242
155 3.42100000381
156 4.71199989319
157 4.58900022507
158 4.57299995422
159 4.80800008774
160 4.83099985123
161 4.86600017548
162 4.89099979401
163 4.93699979782
164 4.95599985123
165 4.99900007248
166 5.02500009537
167 5.03499984741
168 3.14199995995
169 3.21399998665
170 3.375
171 4.11600017548
172 4.91200017929
173 4.88899993896
174 4.85699987411
175 4.83199977875
176 4.82100009918
177 4.82000017166
178 4.83099985123
179 4.84499979019
180 4.86499977112
181 4.89499998093
182 4.82899999619
183 5.33400011063
184 5.46700000763
185 5.47399997711
186 5.49800014496
187 5.51000022888
188 4.60200023651
189 4.58500003815
190 5.56199979782
191 5.58500003815
192 3.63899993896
193 3.51399993896
194 4.09100008011
195 4.04099988937
196 5.69199991226
197 5.71199989319
198 5.73400020599
199 5.74300003052
200 5.77400016785
201 5.81199979782
202 5.83099985123
203 5.84100008011
204 5.83300018311
205 5.85300016403
206 5.8639998436
207 5.867000103
208 5.87699985504
209 5.89099979401
210 5.92000007629
211 5.9470000267
212 5.5
213 5.09499979019
214 5.03900003433
215 5.03499984741
216 5.03700017929
217 5.04699993134
218 5.04199981689
219 5.05100011826
220 5.117000103
221 5.68200016022
222 5.37900018692
223 5.23500013351
224 5.28100013733
225 5.36199998856
226 5.35699987411
227 5.36000013351
228 5.28399991989
229 5.30200004578
230 5.59100008011
231 5.992000103
232 6.18400001526
233 6.19199991226
234 6.1890001297
235 6.19299983978
236 6.21899986267
237 6.242000103
238 6.21999979019
239 6.22800016403
240 6.24700021744
241 6.21799993515
242 6.22599983215
243 6.22700023651
244 6.23799991608
245 6.22499990463
246 6.23799991608
247 6.23999977112
248 6.2610001564
249 6.24300003052
250 6.27099990845
251 6.27099990845
252 6.26700019836
253 6.27899980545
254 6.26300001144
255 6.26599979401
256 6.25699996948
257 6.26399993896
258 6.25400018692
259 6.23400020599
260 6.23400020599
261 6.242000103
262 6.21500015259
263 6.22399997711
264 6.20900011063
265 6.23000001907
266 6.20100021362
267 6.21700000763
268 6.22800016403
269 6.2389998436
270 6.21500015259
271 6.20499992371
272 6.22200012207
273 6.12400007248
274 5.83199977875
275 5.78599977493
276 5.75299978256
277 5.73500013351
278 5.73199987411
279 5.72300004959
280 5.75500011444
281 5.7610001564
282 5.8060002327
283 5.94299983978
284 6.07700014114
285 6.08799982071
286 6.07800006866
287 6.06500005722
288 6.06199979782
289 6.06199979782
290 6.03100013733
291 6.01700019836
292 5.99399995804
293 5.98299980164
294 5.96500015259
295 5.94500017166
296 5.91099977493
297 5.91599988937
298 5.90600013733
299 5.88899993896
300 5.86899995804
301 5.84800004959
302 5.82299995422
303 5.80999994278
304 5.80399990082
305 5.8060002327
306 5.78999996185
307 5.78100013733
308 5.75
309 5.71799993515
310 5.68400001526
311 5.68499994278
312 5.63800001144
313 5.63000011444
314 5.59999990463
315 5.59499979019
316 5.21999979019
317 4.88500022888
318 5.46500015259
319 5.50299978256
320 5.48699998856
321 5.47100019455
322 5.44999980927
323 5.43400001526
324 5.40999984741
325 5.34899997711
326 5.02500009537
327 5.30499982834
328 5.29400014877
329 4.382999897
330 4.04099988937
331 4.14200019836
332 5.02299976349
333 5.15500020981
334 5.14900016785
335 5.11299991608
336 5.09999990463
337 5.07000017166
338 5.04600000381
339 5.02699995041
340 4.95300006866
341 4.8220000267
342 4.96299982071
343 4.9390001297
344 4.89599990845
345 4.87799978256
346 4.82800006866
347 4.70200014114
348 4.55999994278
349 4.73400020599
350 4.71500015259
351 4.68400001526
352 4.63700008392
353 4.62400007248
354 4.58900022507
355 4.57600021362
356 4.29500007629
357 4.35799980164
358 4.48400020599
359 4.46099996567
360 4.43400001526
361 4.39900016785
362 4.37900018692
363 4.35500001907
364 4.30200004578
365 4.28100013733
366 4.25299978256
367 4.19999980927
368 4.16200017929
369 4.13800001144
370 4.10699987411
371 4.08300018311
372 4.05800008774
373 4.02500009537
374 3.97900009155
375 3.96399998665
376 3.91199994087
377 3.90199995041
378 3.867000103
379 3.85599994659
380 3.82800006866
381 3.70399999619
382 3.63899993896
383 3.58800005913
384 3.56699991226
385 3.52999997139
386 3.50200009346
387 3.44400000572
388 3.42300009727
389 3.40599989891
390 3.36400008202
391 3.33800005913
392 3.29500007629
393 3.26699995995
394 3.24900007248
395 3.27900004387
396 3.29800009727
397 3.33599996567
398 3.36299991608
399 3.40199995041
400 3.45300006866
401 3.48300004005
402 3.51999998093
403 3.55999994278
404 3.60299992561
405 3.62199997902
406 3.66799998283
407 3.71600008011
408 3.74699997902
409 3.78600001335
410 3.84299993515
411 3.87800002098
412 3.93499994278
413 3.99799990654
414 4.07299995422
415 4.117000103
416 4.1890001297
417 4.24399995804
418 4.28999996185
419 4.3860001564
420 4.46000003815
421 4.52699995041
422 4.59999990463
423 4.66300010681
424 4.73000001907
425 4.80700016022
426 4.90999984741
427 5.03000020981
428 5.10500001907
429 5.21199989319
430 5.32000017166
431 5.41800022125
432 5.52400016785
433 5.64099979401
434 5.74900007248
435 5.875
436 6.01900005341
437 6.18300008774
438 6.30999994278
439 6.47700023651
440 6.49700021744
441 6.60400009155
442 6.46400022507
443 3.06699991226
444 3.05399990082
445 3.02800011635
446 3.02600002289
447 3.03900003433
448 3.03399991989
449 2.99900007248
450 2.99399995804
451 2.99799990654
452 2.98799991608
453 2.99699997902
454 2.97900009155
455 2.96600008011
456 2.98300004005
457 2.95700001717
458 2.96900010109
459 2.9430000782
460 2.95000004768
461 2.95700001717
462 2.95199990273
463 2.94899988174
464 2.94199991226
465 2.9470000267
466 2.92199993134
467 2.92499995232
468 2.9279999733
469 2.91300010681
470 2.67100000381
471 2.66199994087
472 2.62700009346
473 2.65300011635
474 0.949000000954
475 0.714999973774
476 0.721000015736
477 0.930999994278
478 2.66700005531
479 2.65599989891
480 2.65400004387
481 2.65499997139
482 2.66100001335
483 2.63499999046
484 2.65700006485
485 2.65000009537
486 2.66199994087
487 2.65599989891
488 2.67300009727
489 2.68400001526
490 2.82899999619
491 2.93899989128
492 2.93600010872
493 2.9470000267
494 2.95199990273
495 2.9430000782
496 2.95499992371
497 2.9509999752
498 2.96000003815
499 2.96399998665
500 2.96900010109
501 2.97499990463
502 2.96499991417
503 2.99300003052
504 2.9849998951
505 2.99699997902
506 3.02500009537
507 3.00699996948
508 3.01399993896
509 3.04500007629
510 3.03999996185
511 3.03600001335
512 3.04500007629
513 3.06999993324
514 3.09100008011
515 3.09899997711
516 3.08200001717
517 3.09100008011
518 3.12299990654
519 3.13599991798
520 3.12800002098
521 3.15300011635
522 3.15100002289
523 3.18000006676
524 0.933000028133
525 0.902000010014
526 0.912999987602
527 0.943000018597
528 3.05100011826
529 2.98200011253
530 2.93600010872
531 2.88599991798
532 2.83699989319
533 2.78500008583
534 2.7460000515
535 2.71799993515
536 2.96300005913
537 2.92600011826
538 0.0
539 0.0
540 0.0
