0 4.50400018692
1 4.4310002327
2 4.44099998474
3 4.47499990463
4 4.53299999237
5 4.63999986649
6 4.67199993134
7 4.69999980927
8 4.73699998856
9 4.76999998093
10 4.79300022125
11 4.83400011063
12 4.85400009155
13 4.89099979401
14 4.9390001297
15 4.9359998703
16 4.84700012207
17 4.84899997711
18 4.875
19 4.96400022507
20 5.14499998093
21 5.18499994278
22 5.22499990463
23 5.26999998093
24 5.3140001297
25 5.36100006104
26 5.41099977493
27 5.45200014114
28 5.49499988556
29 5.54199981689
30 5.60099983215
31 5.63000011444
32 5.6779999733
33 0.0
34 17.1499996185
35 17.1469993591
36 17.1439990997
37 0.0
38 0.0
39 0.0
40 17.2220001221
41 17.1620006561
42 17.0520000458
43 16.9979991913
44 16.5079994202
45 16.5240001678
46 16.5270004272
47 13.1700000763
48 13.0810003281
49 12.3380002975
50 11.9200000763
51 11.5830001831
52 11.6169996262
53 11.6309995651
54 11.6330003738
55 11.3439998627
56 11.0080003738
57 10.4580001831
58 10.0989999771
59 8.29899978638
60 8.33800029755
61 8.20100021362
62 7.91499996185
63 7.64599990845
64 7.4470000267
65 7.25400018692
66 7.04899978638
67 6.90899991989
68 6.78800010681
69 6.77299976349
70 6.80900001526
71 6.83199977875
72 6.84399986267
73 6.87599992752
74 6.79899978638
75 6.63100004196
76 6.51599979401
77 6.39599990845
78 6.26399993896
79 6.13700008392
80 5.22599983215
81 4.96600008011
82 4.85599994659
83 4.76200008392
84 4.67600011826
85 4.58400011063
86 4.53399991989
87 4.46299982071
88 4.40100002289
89 4.34800004959
90 4.27899980545
91 4.22900009155
92 4.15999984741
93 4.10099983215
94 4.04899978638
95 3.96000003815
96 3.92499995232
97 3.89199995995
98 3.81999993324
99 3.78800010681
100 3.77500009537
101 3.77800011635
102 3.80100011826
103 3.85400009155
104 3.89700007439
105 3.90799999237
106 3.93799996376
107 3.94099998474
108 3.90700006485
109 3.88199996948
110 3.85100007057
111 3.7990000248
112 3.76699995995
113 3.73600006104
114 3.6819999218
115 3.65899991989
116 3.62800002098
117 3.60199999809
118 3.55599999428
119 3.52600002289
120 3.49000000954
121 3.46900010109
122 3.43600010872
123 3.40199995041
124 3.40700006485
125 3.39700007439
126 3.43600010872
127 3.45499992371
128 3.48900008202
129 3.52099990845
130 3.57299995422
131 3.61899995804
132 3.67100000381
133 4.02500009537
134 4.05399990082
135 4.09600019455
136 4.12699985504
137 4.13399982452
138 4.16800022125
139 4.22599983215
140 4.25899982452
141 4.28000020981
142 4.32800006866
143 4.32800006866
144 4.37300014496
145 4.43499994278
146 4.46000003815
147 4.48699998856
148 4.51499986649
149 4.54600000381
150 4.54899978638
151 4.21099996567
152 4.30399990082
153 4.53599977493
154 3.26099991798
155 3.42000007629
156 4.70699977875
157 4.58400011063
158 4.5609998703
159 4.79799985886
160 4.83400011063
161 4.86299991608
162 4.89499998093
163 4.92899990082
164 4.95499992371
165 4.99900007248
166 5.02199983597
167 5.04400014877
168 3.16400003433
169 3.22000002861
170 3.3710000515
171 4.10500001907
172 4.90899991989
173 4.88100004196
174 4.84700012207
175 4.84299993515
176 4.83300018311
177 4.82299995422
178 4.84200000763
179 4.84100008011
180 4.86600017548
181 4.91099977493
182 4.8109998703
183 5.31799983978
184 5.46799993515
185 5.4889998436
186 5.492000103
187 5.50500011444
188 4.61499977112
189 4.58500003815
190 5.57700014114
191 5.60699987411
192 3.64700007439
193 3.53299999237
194 4.07999992371
195 4.0640001297
196 5.68400001526
197 5.72100019455
198 5.73299980164
199 5.76300001144
200 5.79799985886
201 5.79899978638
202 5.8189997673
203 5.82999992371
204 5.85699987411
205 5.85799980164
206 5.867000103
207 5.86499977112
208 5.90399980545
209 5.89400005341
210 5.92600011826
211 5.94999980927
212 5.48999977112
213 5.10400009155
214 5.03399991989
215 5.03599977493
216 5.04400014877
217 5.03599977493
218 5.03599977493
219 5.03299999237
220 5.11999988556
221 5.73099994659
222 5.37300014496
223 5.23500013351
224 5.28299999237
225 5.36299991608
226 5.34200000763
227 5.36899995804
228 5.26900005341
229 5.30800008774
230 5.58599996567
231 6.007999897
232 6.17299985886
233 6.1970000267
234 6.20300006866
235 6.21700000763
236 6.23799991608
237 6.22100019455
238 6.22900009155
239 6.2389998436
240 6.23400020599
241 6.23199987411
242 6.23799991608
243 6.23600006104
244 6.25600004196
245 6.24599981308
246 6.23099994659
247 6.21999979019
248 6.23999977112
249 6.26200008392
250 6.25299978256
251 6.26399993896
252 6.27199983597
253 6.25600004196
254 6.28499984741
255 6.28000020981
256 6.27199983597
257 6.23999977112
258 6.24399995804
259 6.25500011444
260 6.24499988556
261 6.23699998856
262 6.22499990463
263 6.23999977112
264 6.21500015259
265 6.22399997711
266 6.22300004959
267 6.21500015259
268 6.21899986267
269 6.21400022507
270 6.21700000763
271 6.21299982071
272 6.21600008011
273 6.13700008392
274 5.84299993515
275 5.77799987793
276 5.74900007248
277 5.73999977112
278 5.70699977875
279 5.71600008011
280 5.73999977112
281 5.76800012589
282 5.8060002327
283 5.95499992371
284 6.07700014114
285 6.06199979782
286 6.05399990082
287 6.07100009918
288 6.05900001526
289 6.04899978638
290 6.03800010681
291 6.01399993896
292 6.0
293 5.97100019455
294 5.96999979019
295 5.93200016022
296 5.90700006485
297 5.92000007629
298 5.88199996948
299 5.8860001564
300 5.86800003052
301 5.84899997711
302 5.8140001297
303 5.82399988174
304 5.80000019073
305 5.79199981689
306 5.77199983597
307 5.75699996948
308 5.75400018692
309 5.72100019455
310 5.70200014114
311 5.65100002289
312 5.64599990845
313 5.62200021744
314 5.617000103
315 5.57899999619
316 5.19299983978
317 4.88000011444
318 5.46400022507
319 5.51300001144
320 5.49499988556
321 5.46899986267
322 5.44999980927
323 5.41499996185
324 5.41200017929
325 5.35400009155
326 5.02400016785
327 5.29500007629
328 5.30000019073
329 4.38100004196
330 4.0640001297
331 4.125
332 5.0110001564
333 5.15299987793
334 5.13999986649
335 5.117000103
336 5.09800004959
337 5.0640001297
338 5.04799985886
339 5.02699995041
340 4.95399999619
341 4.81199979782
342 4.95300006866
343 4.9359998703
344 4.90000009537
345 4.87400007248
346 4.84100008011
347 4.69999980927
348 4.56500005722
349 4.7389998436
350 4.69999980927
351 4.67600011826
352 4.65000009537
353 4.617000103
354 4.59600019455
355 4.57299995422
356 4.31199979782
357 4.37300014496
358 4.46099996567
359 4.4470000267
360 4.44899988174
361 4.42500019073
362 4.39099979401
363 4.35900020599
364 4.32899999619
365 4.28200006485
366 4.25299978256
367 4.19799995422
368 4.1939997673
369 4.125
370 4.11999988556
371 4.07000017166
372 4.05499982834
373 4.02600002289
374 3.99000000954
375 3.96499991417
376 3.93600010872
377 3.89899992943
378 3.86299991608
379 3.86400008202
380 3.80999994278
381 3.6970000267
382 3.63100004196
383 3.60100007057
384 3.56500005722
385 3.53200006485
386 3.49499988556
387 3.45900011063
388 3.43300008774
389 3.39499998093
390 3.36400008202
391 3.32800006866
392 3.32100009918
393 3.29099988937
394 3.26600003242
395 3.2539999485
396 3.29699993134
397 3.34100008011
398 3.36500000954
399 3.38599991798
400 3.44000005722
401 3.48200011253
402 3.52500009537
403 3.56100010872
404 3.60700011253
405 3.64499998093
406 3.68700003624
407 3.7349998951
408 3.72900009155
409 3.77300000191
410 3.83699989319
411 3.88899993896
412 3.94600009918
413 3.99799990654
414 4.0529999733
415 4.11299991608
416 4.16699981689
417 4.24300003052
418 4.29699993134
419 4.3860001564
420 4.45599985123
421 4.52699995041
422 4.59399986267
423 4.65999984741
424 4.72300004959
425 4.8060002327
426 4.91499996185
427 5.01599979401
428 5.11600017548
429 5.20300006866
430 5.3029999733
431 5.42600011826
432 5.53100013733
433 5.6360001564
434 5.7610001564
435 5.88000011444
436 6.02799987793
437 6.16300010681
438 6.3109998703
439 6.48000001907
440 6.49399995804
441 6.59899997711
442 6.42500019073
443 3.09200000763
444 3.04800009727
445 3.04600000381
446 3.02300000191
447 3.03600001335
448 3.02200007439
449 3.00099992752
450 3.01600003242
451 2.98699998856
452 2.97900009155
453 2.99300003052
454 2.99900007248
455 2.97099995613
456 2.96099996567
457 2.96600008011
458 2.96199989319
459 2.95600008965
460 2.9430000782
461 2.94099998474
462 2.93600010872
463 2.95000004768
464 2.93499994278
465 2.93099999428
466 2.93799996376
467 2.92300009727
468 2.91300010681
469 2.91400003433
470 2.67199993134
471 2.63199996948
472 2.632999897
473 2.65199995041
474 0.93599998951
475 0.699999988079
476 0.708000004292
477 0.924000024796
478 2.65899991989
479 2.62599992752
480 2.64100003242
481 2.65000009537
482 2.66100001335
483 2.65300011635
484 2.65899991989
485 2.65599989891
486 2.67300009727
487 2.66799998283
488 2.66400003433
489 2.66400003433
490 2.8259999752
491 2.9509999752
492 2.92600011826
493 2.93400001526
494 2.95499992371
495 2.96199989319
496 2.94799995422
497 2.97000002861
498 2.95600008965
499 2.98000001907
500 2.97600007057
501 2.99099993706
502 2.98099994659
503 2.99000000954
504 2.99099993706
505 2.99499988556
506 3.01099991798
507 3.00999999046
508 3.04099988937
509 3.01799988747
510 3.03399991989
511 3.04999995232
512 3.06200003624
513 3.05999994278
514 3.08599996567
515 3.07100009918
516 3.10800004005
517 3.09800004959
518 3.12599992752
519 3.13199996948
520 3.13700008392
521 3.15199995041
522 3.1400001049
523 3.17300009727
524 0.922999978065
525 0.915000021458
526 0.916999995708
527 0.947000026703
528 3.05500006676
529 2.98799991608
530 2.93099999428
531 2.882999897
532 2.83699989319
533 2.77999997139
534 2.72600007057
535 2.70000004768
536 2.96900010109
537 2.92100000381
538 0.0
539 0.0
540 0.0
