0 4.52199983597
1 4.43300008774
2 4.42399978638
3 4.47599983215
4 4.52199983597
5 4.66499996185
6 4.67999982834
7 4.71199989319
8 4.75
9 4.76900005341
10 4.79400014877
11 4.81300020218
12 4.87099981308
13 4.89400005341
14 4.92700004578
15 4.9279999733
16 4.83099985123
17 4.85699987411
18 4.87799978256
19 4.96299982071
20 5.132999897
21 5.18800020218
22 5.23299980164
23 5.26999998093
24 5.3060002327
25 5.35900020599
26 5.40999984741
27 5.45200014114
28 5.49800014496
29 5.54500007629
30 5.59200000763
31 5.62900018692
32 5.63500022888
33 0.0
34 17.1399993896
35 17.1289997101
36 17.1490001678
37 0.0
38 0.0
39 0.0
40 17.2310009003
41 17.1690006256
42 17.0720005035
43 17.0
44 16.533000946
45 16.5419998169
46 16.5130004883
47 13.1450004578
48 13.095000267
49 12.3240003586
50 11.9219999313
51 11.5749998093
52 11.6000003815
53 11.623000145
54 11.625
55 11.3470001221
56 10.984000206
57 10.4659996033
58 10.0989999771
59 8.32100009918
60 8.3360004425
61 8.20499992371
62 7.91499996185
63 7.64099979401
64 7.44299983978
65 7.24700021744
66 7.0640001297
67 6.90600013733
68 6.78800010681
69 6.77199983597
70 6.79799985886
71 6.83900022507
72 6.84800004959
73 6.87900018692
74 6.79400014877
75 6.63700008392
76 6.51399993896
77 6.38899993896
78 6.26399993896
79 6.13800001144
80 5.23199987411
81 4.96099996567
82 4.84700012207
83 4.76700019836
84 4.6859998703
85 4.60699987411
86 4.54600000381
87 4.44899988174
88 4.3860001564
89 4.33599996567
90 4.27799987793
91 4.21500015259
92 4.16499996185
93 4.1139998436
94 4.05100011826
95 3.99799990654
96 3.93099999428
97 3.89100003242
98 3.84400010109
99 3.78200006485
100 3.78399991989
101 3.80599999428
102 3.8220000267
103 3.84800004959
104 3.85700011253
105 3.9240000248
106 3.93400001526
107 3.93499994278
108 3.90700006485
109 3.86599993706
110 3.84100008011
111 3.80500006676
112 3.77399992943
113 3.72799992561
114 3.69400000572
115 3.64400005341
116 3.62700009346
117 3.59699988365
118 3.56100010872
119 3.51600003242
120 3.492000103
121 3.46499991417
122 3.44899988174
123 3.42600011826
124 3.40000009537
125 3.38899993896
126 3.41499996185
127 3.45399999619
128 3.492000103
129 3.5150001049
130 3.56699991226
131 3.61599993706
132 3.6740000248
133 4.03399991989
134 4.0640001297
135 4.07899999619
136 4.12099981308
137 4.15000009537
138 4.17100000381
139 4.1970000267
140 4.24800014496
141 4.27500009537
142 4.29600000381
143 4.36000013351
144 4.36800003052
145 4.41200017929
146 4.45800018311
147 4.49599981308
148 4.52400016785
149 4.54099988937
150 4.53900003433
151 4.21400022507
152 4.29400014877
153 4.57899999619
154 3.27300000191
155 3.4240000248
156 4.70900011063
157 4.60200023651
158 4.55800008774
159 4.8109998703
160 4.83599996567
161 4.85599994659
162 4.88899993896
163 4.92199993134
164 4.95800018311
165 5.00099992752
166 5.02500009537
167 5.03200006485
168 3.11800003052
169 3.22000002861
170 3.37299990654
171 4.11299991608
172 4.91699981689
173 4.87300014496
174 4.85200023651
175 4.83300018311
176 4.83300018311
177 4.83199977875
178 4.84399986267
179 4.83500003815
180 4.87799978256
181 4.88999986649
182 4.82399988174
183 5.32999992371
184 5.46999979019
185 5.4889998436
186 5.48400020599
187 5.50600004196
188 4.60400009155
189 4.57600021362
190 5.56799983978
191 5.57800006866
192 3.63899993896
193 3.51600003242
194 4.06599998474
195 4.05000019073
196 5.70300006866
197 5.71400022507
198 5.742000103
199 5.77099990845
200 5.77099990845
201 5.8029999733
202 5.82899999619
203 5.84700012207
204 5.82999992371
205 5.86199998856
206 5.86100006104
207 5.88700008392
208 5.90199995041
209 5.90600013733
210 5.92199993134
211 5.93499994278
212 5.49499988556
213 5.08799982071
214 5.03999996185
215 5.03299999237
216 5.04600000381
217 5.04899978638
218 5.05100011826
219 5.04300022125
220 5.11299991608
221 5.72399997711
222 5.36800003052
223 5.23799991608
224 5.27500009537
225 5.3639998436
226 5.33599996567
227 5.35400009155
228 5.26900005341
229 5.30800008774
230 5.5689997673
231 6.00600004196
232 6.17399978638
233 6.1890001297
234 6.21299982071
235 6.22200012207
236 6.23699998856
237 6.22100019455
238 6.22100019455
239 6.23799991608
240 6.22599983215
241 6.23099994659
242 6.23099994659
243 6.2389998436
244 6.22599983215
245 6.23199987411
246 6.22800016403
247 6.22800016403
248 6.23000001907
249 6.242000103
250 6.26700019836
251 6.26900005341
252 6.26700019836
253 6.27500009537
254 6.28900003433
255 6.27500009537
256 6.24399995804
257 6.23999977112
258 6.24700021744
259 6.23000001907
260 6.24399995804
261 6.23600006104
262 6.23000001907
263 6.24100017548
264 6.21600008011
265 6.20900011063
266 6.21500015259
267 6.21400022507
268 6.21700000763
269 6.21400022507
270 6.21000003815
271 6.23400020599
272 6.21099996567
273 6.14499998093
274 5.83199977875
275 5.78200006485
276 5.757999897
277 5.73500013351
278 5.71299982071
279 5.71799993515
280 5.75199985504
281 5.76700019836
282 5.82100009918
283 5.95100021362
284 6.07800006866
285 6.07299995422
286 6.07800006866
287 6.05200004578
288 6.06199979782
289 6.0609998703
290 6.03900003433
291 6.01700019836
292 5.99399995804
293 5.97100019455
294 5.94500017166
295 5.94600009918
296 5.93200016022
297 5.90999984741
298 5.89099979401
299 5.88199996948
300 5.86899995804
301 5.84299993515
302 5.83099985123
303 5.8189997673
304 5.79300022125
305 5.80999994278
306 5.77299976349
307 5.77199983597
308 5.74700021744
309 5.71700000763
310 5.69500017166
311 5.67600011826
312 5.64300012589
313 5.61800003052
314 5.61499977112
315 5.5689997673
316 5.20100021362
317 4.90399980545
318 5.47300004959
319 5.51000022888
320 5.49100017548
321 5.46500015259
322 5.44799995422
323 5.4359998703
324 5.40199995041
325 5.33500003815
326 5.02500009537
327 5.31799983978
328 5.30700016022
329 4.36499977112
330 4.05000019073
331 4.11600017548
332 5.03200006485
333 5.16599988937
334 5.14599990845
335 5.11600017548
336 5.09899997711
337 5.07399988174
338 5.04300022125
339 5.01900005341
340 4.95200014114
341 4.81799983978
342 4.96299982071
343 4.92500019073
344 4.91099977493
345 4.86199998856
346 4.84200000763
347 4.69199991226
348 4.55999994278
349 4.73199987411
350 4.69999980927
351 4.67199993134
352 4.63899993896
353 4.61999988556
354 4.59999990463
355 4.55499982834
356 4.29799985886
357 4.34299993515
358 4.492000103
359 4.45900011063
360 4.44099998474
361 4.42700004578
362 4.39400005341
363 4.36000013351
364 4.31699991226
365 4.28000020981
366 4.22100019455
367 4.1970000267
368 4.19099998474
369 4.14099979401
370 4.10599994659
371 4.07999992371
372 4.05700016022
373 4.02400016785
374 3.98200011253
375 3.94799995422
376 3.91799998283
377 3.90599989891
378 3.86199998856
379 3.85299992561
380 3.82500004768
381 3.71300005913
382 3.632999897
383 3.59200000763
384 3.56500005722
385 3.53099989891
386 3.48699998856
387 3.46600008011
388 3.41599988937
389 3.40199995041
390 3.35400009155
391 3.34999990463
392 3.30500006676
393 3.26900005341
394 3.25900006294
395 3.26600003242
396 3.28999996185
397 3.32299995422
398 3.36599993706
399 3.41400003433
400 3.44499993324
401 3.47099995613
402 3.51900005341
403 3.55800008774
404 3.60299992561
405 3.61800003052
406 3.68000006676
407 3.72399997711
408 3.7460000515
409 3.79299998283
410 3.81500005722
411 3.8789999485
412 3.93600010872
413 3.99900007248
414 4.06599998474
415 4.125
416 4.18200016022
417 4.22100019455
418 4.3220000267
419 4.37599992752
420 4.4439997673
421 4.51300001144
422 4.59200000763
423 4.65600013733
424 4.73299980164
425 4.81799983978
426 4.91699981689
427 5.00500011444
428 5.11999988556
429 5.20300006866
430 5.3220000267
431 5.41800022125
432 5.52199983597
433 5.63800001144
434 5.76499986649
435 5.89599990845
436 6.03399991989
437 6.17299985886
438 6.31599998474
439 6.45399999619
440 6.51700019836
441 6.59999990463
442 6.46400022507
443 3.05900001526
444 3.04399991035
445 3.03200006485
446 3.02399992943
447 3.02800011635
448 3.01600003242
449 3.0039999485
450 3.01600003242
451 3.00500011444
452 3.00300002098
453 2.97900009155
454 3.00099992752
455 2.96600008011
456 2.97399997711
457 2.95499992371
458 2.95700001717
459 2.94899988174
460 2.94000005722
461 2.93799996376
462 2.9509999752
463 2.93499994278
464 2.92899990082
465 2.93799996376
466 2.9240000248
467 2.91799998283
468 2.93799996376
469 2.90899991989
470 2.65899991989
471 2.65000009537
472 2.63599991798
473 2.64100003242
474 0.949999988079
475 0.703999996185
476 0.699000000954
477 0.933000028133
478 2.64400005341
479 2.64400005341
480 2.64700007439
481 2.64800000191
482 2.65499997139
483 2.66300010681
484 2.63899993896
485 2.65499997139
486 2.65700006485
487 2.66499996185
488 2.6740000248
489 2.68499994278
490 2.82500004768
491 2.93899989128
492 2.93400001526
493 2.94099998474
494 2.95600008965
495 2.94499993324
496 2.94899988174
497 2.9509999752
498 2.96099996567
499 2.97000002861
500 2.96399998665
501 2.97300004959
502 2.97499990463
503 2.99099993706
504 2.9849998951
505 3.01799988747
506 3.01999998093
507 3.01099991798
508 3.01200008392
509 3.03200006485
510 3.04800009727
511 3.04699993134
512 3.04800009727
513 3.05200004578
514 3.08299994469
515 3.09599995613
516 3.09299993515
517 3.10100007057
518 3.11400008202
519 3.12199997902
520 3.14599990845
521 3.14899992943
522 3.14100003242
523 3.16199994087
524 0.944000005722
525 0.903999984264
526 0.910000026226
527 0.944000005722
528 3.04099988937
529 2.992000103
530 2.93899989128
531 2.87700009346
532 2.82299995422
533 2.77500009537
534 2.7460000515
535 2.72099995613
536 2.94199991226
537 2.91799998283
538 0.0
539 0.0
540 0.0
