0 4.51499986649
1 4.42899990082
2 4.41800022125
3 4.45499992371
4 4.53100013733
5 4.64699983597
6 4.67199993134
7 4.6970000267
8 4.74499988556
9 4.75600004196
10 4.79199981689
11 4.81500005722
12 4.84999990463
13 4.89200019836
14 4.9279999733
15 4.9310002327
16 4.83799982071
17 4.83699989319
18 4.8860001564
19 4.96500015259
20 5.14200019836
21 5.18699979782
22 5.22499990463
23 5.26499986649
24 5.30900001526
25 5.35500001907
26 5.40299987793
27 5.44099998474
28 5.49599981308
29 5.55200004578
30 5.58099985123
31 5.63700008392
32 5.63700008392
33 0.0
34 17.1529998779
35 17.138999939
36 17.138999939
37 0.0
38 0.0
39 0.0
40 17.2310009003
41 17.1560001373
42 17.0739994049
43 17.0020008087
44 16.5170001984
45 16.5429992676
46 16.5209999084
47 13.1560001373
48 13.0760002136
49 12.329000473
50 11.9429998398
51 11.5880002975
52 11.595000267
53 11.6140003204
54 11.6199998856
55 11.3269996643
56 11.0069999695
57 10.468000412
58 10.0939998627
59 8.34700012207
60 8.33399963379
61 8.18999958038
62 7.90899991989
63 7.61899995804
64 7.44299983978
65 7.23299980164
66 7.04500007629
67 6.89599990845
68 6.78599977493
69 6.78299999237
70 6.80200004578
71 6.81500005722
72 6.85799980164
73 6.86600017548
74 6.79400014877
75 6.64699983597
76 6.52299976349
77 6.40700006485
78 6.26800012589
79 6.15000009537
80 5.22599983215
81 4.95399999619
82 4.85200023651
83 4.76300001144
84 4.65299987793
85 4.60500001907
86 4.54500007629
87 4.4470000267
88 4.41099977493
89 4.34600019455
90 4.2610001564
91 4.20399999619
92 4.14099979401
93 4.09499979019
94 4.01300001144
95 3.99099993706
96 3.9240000248
97 3.88100004196
98 3.83400011063
99 3.77999997139
100 3.77999997139
101 3.79200005531
102 3.81299996376
103 3.84299993515
104 3.87800002098
105 3.90599989891
106 3.93499994278
107 3.94799995422
108 3.92700004578
109 3.88899993896
110 3.84299993515
111 3.80100011826
112 3.7650001049
113 3.72499990463
114 3.67499995232
115 3.67000007629
116 3.63000011444
117 3.58899998665
118 3.5680000782
119 3.52999997139
120 3.507999897
121 3.47399997711
122 3.4509999752
123 3.41499996185
124 3.40700006485
125 3.39199995995
126 3.4319999218
127 3.45700001717
128 3.4960000515
129 3.5150001049
130 3.57699990273
131 3.61999988556
132 3.65700006485
133 4.01599979401
134 4.06599998474
135 4.09000015259
136 4.11800003052
137 4.15299987793
138 4.1890001297
139 4.19799995422
140 4.24800014496
141 4.27899980545
142 4.3109998703
143 4.34499979019
144 4.38000011444
145 4.43300008774
146 4.46199989319
147 4.492000103
148 4.5110001564
149 4.51300001144
150 4.53499984741
151 4.19299983978
152 4.29699993134
153 4.59800004959
154 3.25900006294
155 3.41599988937
156 4.72700023651
157 4.59700012207
158 4.55100011826
159 4.79699993134
160 4.82899999619
161 4.86299991608
162 4.89599990845
163 4.93400001526
164 4.96199989319
165 4.99399995804
166 5.007999897
167 5.03700017929
168 3.15499997139
169 3.21199989319
170 3.36400008202
171 4.11800003052
172 4.91300010681
173 4.86800003052
174 4.84700012207
175 4.83699989319
176 4.81300020218
177 4.80800008774
178 4.83199977875
179 4.84399986267
180 4.86999988556
181 4.89900016785
182 4.82600021362
183 5.31300020218
184 5.46700000763
185 5.49300003052
186 5.50099992752
187 5.51499986649
188 4.60500001907
189 4.58400011063
190 5.5640001297
191 5.58699989319
192 3.63400006294
193 3.51999998093
194 4.07700014114
195 4.05800008774
196 5.69600009918
197 5.70800018311
198 5.71899986267
199 5.77099990845
200 5.78200006485
201 5.78700017929
202 5.81799983978
203 5.82800006866
204 5.85300016403
205 5.87200021744
206 5.87699985504
207 5.89200019836
208 5.88800001144
209 5.91599988937
210 5.91300010681
211 5.93699979782
212 5.50400018692
213 5.09899997711
214 5.04600000381
215 5.04099988937
216 5.03499984741
217 5.03399991989
218 5.02500009537
219 5.04300022125
220 5.11199998856
221 5.76499986649
222 5.39300012589
223 5.22499990463
224 5.28700017929
225 5.37099981308
226 5.34200000763
227 5.34899997711
228 5.27899980545
229 5.3189997673
230 5.57299995422
231 6.00699996948
232 6.17399978638
233 6.1859998703
234 6.21000003815
235 6.21700000763
236 6.21400022507
237 6.21400022507
238 6.22399997711
239 6.22300004959
240 6.23400020599
241 6.23600006104
242 6.23799991608
243 6.22300004959
244 6.22599983215
245 6.22300004959
246 6.24300003052
247 6.23099994659
248 6.24399995804
249 6.24700021744
250 6.24800014496
251 6.2610001564
252 6.27699995041
253 6.28200006485
254 6.26599979401
255 6.25400018692
256 6.27199983597
257 6.24300003052
258 6.26399993896
259 6.23600006104
260 6.242000103
261 6.25
262 6.24399995804
263 6.23000001907
264 6.20399999619
265 6.21400022507
266 6.21000003815
267 6.21600008011
268 6.21000003815
269 6.21099996567
270 6.20800018311
271 6.23400020599
272 6.22300004959
273 6.12400007248
274 5.82800006866
275 5.78399991989
276 5.74800014496
277 5.73400020599
278 5.72399997711
279 5.73199987411
280 5.75
281 5.76599979401
282 5.8109998703
283 5.94099998474
284 6.06699991226
285 6.05900001526
286 6.05499982834
287 6.0609998703
288 6.04300022125
289 6.05999994278
290 6.01700019836
291 6.01900005341
292 5.9889998436
293 5.96999979019
294 5.95499992371
295 5.94799995422
296 5.91699981689
297 5.90600013733
298 5.89699983597
299 5.88500022888
300 5.87099981308
301 5.83400011063
302 5.84499979019
303 5.81699991226
304 5.8060002327
305 5.80000019073
306 5.78599977493
307 5.76599979401
308 5.7389998436
309 5.72700023651
310 5.70499992371
311 5.66599988937
312 5.64300012589
313 5.63000011444
314 5.59499979019
315 5.56500005722
316 5.19600009918
317 4.88899993896
318 5.46899986267
319 5.507999897
320 5.47900009155
321 5.46000003815
322 5.45699977875
323 5.43499994278
324 5.40700006485
325 5.34299993515
326 5.01900005341
327 5.31599998474
328 5.30499982834
329 4.367000103
330 4.03100013733
331 4.10900020599
332 5.03599977493
333 5.16699981689
334 5.14099979401
335 5.11000013351
336 5.08500003815
337 5.06599998474
338 5.04400014877
339 5.02500009537
340 4.95100021362
341 4.80800008774
342 4.94999980927
343 4.93800020218
344 4.90700006485
345 4.875
346 4.83699989319
347 4.69799995422
348 4.55399990082
349 4.74100017548
350 4.69899988174
351 4.67600011826
352 4.65000009537
353 4.62400007248
354 4.59499979019
355 4.56799983978
356 4.3189997673
357 4.37400007248
358 4.49499988556
359 4.45399999619
360 4.42500019073
361 4.41400003433
362 4.38700008392
363 4.367000103
364 4.32399988174
365 4.29099988937
366 4.25500011444
367 4.18800020218
368 4.15799999237
369 4.14499998093
370 4.11600017548
371 4.07899999619
372 4.05000019073
373 4.02099990845
374 3.99699997902
375 3.96600008011
376 3.93099999428
377 3.89499998093
378 3.86100006104
379 3.83299994469
380 3.82299995422
381 3.72099995613
382 3.64100003242
383 3.60299992561
384 3.56999993324
385 3.52699995041
386 3.49499988556
387 3.46000003815
388 3.43300008774
389 3.38400006294
390 3.35199999809
391 3.33599996567
392 3.31500005722
393 3.28600001335
394 3.26999998093
395 3.26600003242
396 3.29800009727
397 3.33500003815
398 3.36100006104
399 3.41100001335
400 3.43400001526
401 3.48099994659
402 3.52500009537
403 3.56299996376
404 3.60100007057
405 3.63700008392
406 3.67700004578
407 3.70499992371
408 3.72199988365
409 3.79399991035
410 3.82899999619
411 3.8900001049
412 3.94099998474
413 4.00699996948
414 4.0609998703
415 4.13199996948
416 4.18699979782
417 4.21799993515
418 4.30399990082
419 4.38199996948
420 4.45100021362
421 4.52199983597
422 4.59499979019
423 4.63899993896
424 4.71799993515
425 4.81699991226
426 4.89900016785
427 5.01000022888
428 5.11299991608
429 5.20399999619
430 5.3140001297
431 5.42199993134
432 5.54699993134
433 5.63899993896
434 5.75
435 5.88000011444
436 6.02400016785
437 6.16300010681
438 6.3189997673
439 6.45399999619
440 6.507999897
441 6.60400009155
442 6.45800018311
443 3.08899998665
444 3.05599999428
445 3.05399990082
446 3.03399991989
447 3.0039999485
448 3.00699996948
449 3.01799988747
450 2.99399995804
451 3.00200009346
452 2.99399995804
453 2.98600006104
454 2.98099994659
455 2.99000000954
456 2.96600008011
457 2.95399999619
458 2.96799993515
459 2.94899988174
460 2.94400000572
461 2.95300006866
462 2.93499994278
463 2.93300008774
464 2.94099998474
465 2.92700004578
466 2.92300009727
467 2.92499995232
468 2.93000006676
469 2.91700005531
470 2.65199995041
471 2.65100002289
472 2.61599993706
473 2.64899992943
474 0.933000028133
475 0.703999996185
476 0.704999983311
477 0.930000007153
478 2.66199994087
479 2.64499998093
480 2.63400006294
481 2.63100004196
482 2.64899992943
483 2.64499998093
484 2.65100002289
485 2.66599988937
486 2.66400003433
487 2.65499997139
488 2.66899991035
489 2.6779999733
490 2.8220000267
491 2.92000007629
492 2.94899988174
493 2.94400000572
494 2.94799995422
495 2.9319999218
496 2.95199990273
497 2.95600008965
498 2.95499992371
499 2.96199989319
500 2.96900010109
501 2.97099995613
502 2.98900008202
503 2.99300003052
504 2.98600006104
505 2.99499988556
506 3.01999998093
507 3.00699996948
508 3.00999999046
509 3.01799988747
510 3.03200006485
511 3.05500006676
512 3.0529999733
513 3.06699991226
514 3.06299996376
515 3.08100008965
516 3.08500003815
517 3.08800005913
518 3.11800003052
519 3.125
520 3.14299988747
521 3.1400001049
522 3.15899991989
523 3.16700005531
524 0.933000028133
525 0.916000008583
526 0.920000016689
527 0.948000013828
528 3.04600000381
529 2.98699998856
530 2.94400000572
531 2.88199996948
532 2.83200001717
533 2.77099990845
534 2.73799991608
535 2.71799993515
536 2.95199990273
537 2.9279999733
538 0.0
539 0.0
540 0.0
