0 4.51800012589
1 4.4310002327
2 4.45699977875
3 4.44500017166
4 4.52199983597
5 4.65899991989
6 4.6810002327
7 4.71799993515
8 4.73199987411
9 4.77600002289
10 4.79199981689
11 4.82499980927
12 4.84999990463
13 4.88399982452
14 4.92199993134
15 4.93499994278
16 4.84399986267
17 4.85699987411
18 4.89699983597
19 4.96899986267
20 5.14699983597
21 5.18400001526
22 5.23500013351
23 5.26999998093
24 5.31500005722
25 5.36000013351
26 5.40299987793
27 5.45599985123
28 5.50299978256
29 5.55000019073
30 5.59200000763
31 5.64900016785
32 5.64200019836
33 0.0
34 17.1490001678
35 17.1380004883
36 17.1520004272
37 0.0
38 0.0
39 0.0
40 17.2329998016
41 17.1749992371
42 17.0750007629
43 17.0130004883
44 16.5240001678
45 16.5440006256
46 16.5130004883
47 13.1759996414
48 13.093000412
49 12.3229999542
50 11.9370002747
51 11.5860004425
52 11.593000412
53 11.6289997101
54 11.6319999695
55 11.3400001526
56 11.0050001144
57 10.4809999466
58 10.111000061
59 8.30900001526
60 8.34000015259
61 8.19699954987
62 7.90700006485
63 7.63199996948
64 7.4439997673
65 7.2389998436
66 7.05700016022
67 6.90299987793
68 6.79099988937
69 6.78299999237
70 6.79799985886
71 6.82499980927
72 6.86100006104
73 6.87200021744
74 6.79699993134
75 6.64400005341
76 6.51599979401
77 6.3860001564
78 6.26800012589
79 6.14799976349
80 5.23699998856
81 4.96299982071
82 4.84899997711
83 4.77500009537
84 4.68800020218
85 4.61100006104
86 4.53599977493
87 4.48099994659
88 4.41900014877
89 4.32499980927
90 4.28999996185
91 4.19999980927
92 4.16400003433
93 4.09700012207
94 4.04099988937
95 3.99000000954
96 3.93799996376
97 3.89199995995
98 3.82899999619
99 3.8069999218
100 3.77900004387
101 3.80200004578
102 3.81200003624
103 3.85899996758
104 3.88400006294
105 3.91599988937
106 3.94199991226
107 3.97699999809
108 3.93499994278
109 3.88700008392
110 3.83899998665
111 3.8069999218
112 3.74699997902
113 3.72300004959
114 3.69400000572
115 3.67100000381
116 3.63899993896
117 3.59599995613
118 3.56699991226
119 3.53699994087
120 3.50699996948
121 3.47900009155
122 3.43400001526
123 3.40700006485
124 3.39299988747
125 3.40199995041
126 3.43000006676
127 3.46600008011
128 3.49799990654
129 3.53200006485
130 3.5569999218
131 3.59999990463
132 3.67899990082
133 4.02099990845
134 4.06300020218
135 4.10300016403
136 4.132999897
137 4.16099977493
138 4.17399978638
139 4.19999980927
140 4.23999977112
141 4.28700017929
142 4.3189997673
143 4.36100006104
144 4.38500022888
145 4.42999982834
146 4.46400022507
147 4.46400022507
148 4.49300003052
149 4.52899980545
150 4.53900003433
151 4.20499992371
152 4.30499982834
153 4.60300016403
154 3.27600002289
155 3.41899991035
156 4.70800018311
157 4.58199977875
158 4.53999996185
159 4.79799985886
160 4.82800006866
161 4.86600017548
162 4.90100002289
163 4.94299983978
164 4.95599985123
165 4.99599981308
166 5.01599979401
167 5.03999996185
168 3.14499998093
169 3.22600007057
170 3.37400007248
171 4.10500001907
172 4.92100000381
173 4.875
174 4.84999990463
175 4.83400011063
176 4.81500005722
177 4.83300018311
178 4.83699989319
179 4.85200023651
180 4.87099981308
181 4.91099977493
182 4.82899999619
183 5.30800008774
184 5.47499990463
185 5.47800016403
186 5.50099992752
187 5.52400016785
188 4.61100006104
189 4.58500003815
190 5.54600000381
191 5.59800004959
192 3.64800000191
193 3.52600002289
194 4.07899999619
195 4.06599998474
196 5.68499994278
197 5.71199989319
198 5.73699998856
199 5.76700019836
200 5.78000020981
201 5.82100009918
202 5.82600021362
203 5.83900022507
204 5.84600019455
205 5.86100006104
206 5.86899995804
207 5.87200021744
208 5.88700008392
209 5.90600013733
210 5.91699981689
211 5.92899990082
212 5.51800012589
213 5.10200023651
214 5.05200004578
215 5.03200006485
216 5.04300022125
217 5.04099988937
218 5.04899978638
219 5.03800010681
220 5.12599992752
221 5.71799993515
222 5.37799978256
223 5.23600006104
224 5.27799987793
225 5.35200023651
226 5.35200023651
227 5.35400009155
228 5.28700017929
229 5.3109998703
230 5.58699989319
231 5.992000103
232 6.18800020218
233 6.18200016022
234 6.21199989319
235 6.20200014114
236 6.21899986267
237 6.22800016403
238 6.22900009155
239 6.22399997711
240 6.22900009155
241 6.23299980164
242 6.23299980164
243 6.242000103
244 6.22300004959
245 6.24800014496
246 6.23799991608
247 6.23799991608
248 6.24499988556
249 6.26000022888
250 6.2389998436
251 6.25299978256
252 6.25099992752
253 6.26000022888
254 6.26200008392
255 6.28200006485
256 6.27899980545
257 6.26800012589
258 6.26499986649
259 6.25600004196
260 6.26300001144
261 6.23299980164
262 6.22700023651
263 6.23199987411
264 6.21799993515
265 6.22399997711
266 6.22200012207
267 6.22599983215
268 6.242000103
269 6.22399997711
270 6.21899986267
271 6.22399997711
272 6.20499992371
273 6.14200019836
274 5.84800004959
275 5.78900003433
276 5.7610001564
277 5.74800014496
278 5.70200014114
279 5.73699998856
280 5.73799991608
281 5.76399993896
282 5.80399990082
283 5.9439997673
284 6.08599996567
285 6.07999992371
286 6.07700014114
287 6.08099985123
288 6.06799983978
289 6.0560002327
290 6.02899980545
291 5.99499988556
292 5.98799991608
293 5.98699998856
294 5.95599985123
295 5.94000005722
296 5.93499994278
297 5.92500019073
298 5.90199995041
299 5.87599992752
300 5.87300014496
301 5.85200023651
302 5.83300018311
303 5.81699991226
304 5.8189997673
305 5.80100011826
306 5.78200006485
307 5.78200006485
308 5.75
309 5.72499990463
310 5.69600009918
311 5.65600013733
312 5.63500022888
313 5.63100004196
314 5.61999988556
315 5.58799982071
316 5.19000005722
317 4.89799976349
318 5.47700023651
319 5.50600004196
320 5.48299980164
321 5.44899988174
322 5.44999980927
323 5.42899990082
324 5.41699981689
325 5.34899997711
326 5.02099990845
327 5.30499982834
328 5.3060002327
329 4.37900018692
330 4.04600000381
331 4.11299991608
332 5.00099992752
333 5.16900014877
334 5.14300012589
335 5.11999988556
336 5.09899997711
337 5.06300020218
338 5.04899978638
339 5.02600002289
340 4.95100021362
341 4.81199979782
342 4.95800018311
343 4.93300008774
344 4.90999984741
345 4.87300014496
346 4.83900022507
347 4.70599985123
348 4.56199979782
349 4.73400020599
350 4.70699977875
351 4.6890001297
352 4.65899991989
353 4.62099981308
354 4.58599996567
355 4.55399990082
356 4.29899978638
357 4.36600017548
358 4.48699998856
359 4.46000003815
360 4.4439997673
361 4.4310002327
362 4.39300012589
363 4.36800003052
364 4.3060002327
365 4.27299976349
366 4.24399995804
367 4.20200014114
368 4.18200016022
369 4.14499998093
370 4.12200021744
371 4.09200000763
372 4.04799985886
373 4.03100013733
374 4.00199985504
375 3.97300004959
376 3.92600011826
377 3.90700006485
378 3.88899993896
379 3.84999990463
380 3.82800006866
381 3.72000002861
382 3.64400005341
383 3.6099998951
384 3.57399988174
385 3.53699994087
386 3.48699998856
387 3.47000002861
388 3.43499994278
389 3.40499997139
390 3.37599992752
391 3.32899999619
392 3.31500005722
393 3.29200005531
394 3.27699995041
395 3.27399992943
396 3.29399991035
397 3.33800005913
398 3.38599991798
399 3.40700006485
400 3.42899990082
401 3.46900010109
402 3.51900005341
403 3.56399989128
404 3.58400011063
405 3.64400005341
406 3.69199991226
407 3.70900011063
408 3.74499988556
409 3.79800009727
410 3.83999991417
411 3.88499999046
412 3.92000007629
413 3.98799991608
414 4.07000017166
415 4.12400007248
416 4.1939997673
417 4.24700021744
418 4.31599998474
419 4.3860001564
420 4.44600009918
421 4.53100013733
422 4.59299993515
423 4.67100000381
424 4.73699998856
425 4.82499980927
426 4.91599988937
427 5.02299976349
428 5.10200023651
429 5.21299982071
430 5.32399988174
431 5.42399978638
432 5.53000020981
433 5.63899993896
434 5.76800012589
435 5.88399982452
436 6.03299999237
437 6.16699981689
438 6.30900001526
439 6.45599985123
440 6.49800014496
441 6.61000013351
442 6.45100021362
443 3.06999993324
444 3.03900003433
445 3.05200004578
446 3.03699994087
447 3.02699995041
448 3.01099991798
449 3.02399992943
450 3.02099990845
451 3.00500011444
452 3.00200009346
453 2.97300004959
454 2.98000001907
455 2.97300004959
456 2.96799993515
457 2.96000003815
458 2.95199990273
459 2.96000003815
460 2.95900011063
461 2.93799996376
462 2.94499993324
463 2.94899988174
464 2.93600010872
465 2.9430000782
466 2.92300009727
467 2.91799998283
468 2.92600011826
469 2.91400003433
470 2.66899991035
471 2.65599989891
472 2.64400005341
473 2.65199995041
474 0.949999988079
475 0.72000002861
476 0.708999991417
477 0.941999971867
478 2.66899991035
479 2.64899992943
480 2.64800000191
481 2.65799999237
482 2.66799998283
483 2.65199995041
484 2.66199994087
485 2.66700005531
486 2.65599989891
487 2.67199993134
488 2.6740000248
489 2.68899989128
490 2.8220000267
491 2.9279999733
492 2.93799996376
493 2.9430000782
494 2.96099996567
495 2.97099995613
496 2.95799994469
497 2.97600007057
498 2.96499991417
499 2.96499991417
500 2.97099995613
501 2.97199988365
502 2.97699999809
503 3.0
504 2.98600006104
505 2.99399995804
506 3.01699995995
507 3.01399993896
508 3.03600001335
509 3.04200005531
510 3.04399991035
511 3.04099988937
512 3.04600000381
513 3.05599999428
514 3.08100008965
515 3.08999991417
516 3.10199999809
517 3.11400008202
518 3.09999990463
519 3.12299990654
520 3.14299988747
521 3.14599990845
522 3.15400004387
523 3.16700005531
524 0.926999986172
525 0.912999987602
526 0.913999974728
527 0.941999971867
528 3.05200004578
529 2.9960000515
530 2.93300008774
531 2.88599991798
532 2.82100009918
533 2.77999997139
534 2.74499988556
535 2.70000004768
536 2.94799995422
537 2.90400004387
538 0.0
539 0.0
540 0.0
