0 4.50299978256
1 4.42700004578
2 4.44799995422
3 4.44000005722
4 4.54099988937
5 4.65299987793
6 4.6890001297
7 4.70300006866
8 4.73299980164
9 4.76700019836
10 4.79199981689
11 4.8140001297
12 4.85699987411
13 4.89200019836
14 4.92999982834
15 4.92299985886
16 4.83699989319
17 4.85699987411
18 4.88800001144
19 4.97100019455
20 5.14499998093
21 5.18300008774
22 5.21999979019
23 5.26800012589
24 5.30800008774
25 5.34899997711
26 5.39699983597
27 5.44899988174
28 5.50699996948
29 5.55200004578
30 5.61199998856
31 5.63800001144
32 5.66099977493
33 0.0
34 17.1560001373
35 17.142999649
36 17.1509990692
37 0.0
38 0.0
39 0.0
40 17.2250003815
41 17.1660003662
42 17.0769996643
43 17.0130004883
44 16.5200004578
45 16.5510005951
46 16.5349998474
47 13.1599998474
48 13.0740003586
49 12.3260002136
50 11.9239997864
51 11.5880002975
52 11.5939998627
53 11.6300001144
54 11.6160001755
55 11.3400001526
56 11.0
57 10.4659996033
58 10.1079998016
59 8.34799957275
60 8.34000015259
61 8.19900035858
62 7.89300012589
63 7.625
64 7.44500017166
65 7.23699998856
66 7.07000017166
67 6.90899991989
68 6.79600000381
69 6.76599979401
70 6.79500007629
71 6.83699989319
72 6.85300016403
73 6.87699985504
74 6.80000019073
75 6.64200019836
76 6.52400016785
77 6.38700008392
78 6.27099990845
79 6.14699983597
80 5.22200012207
81 4.95900011063
82 4.86499977112
83 4.76200008392
84 4.65700006485
85 4.60200023651
86 4.53599977493
87 4.47700023651
88 4.41699981689
89 4.34200000763
90 4.25199985504
91 4.20100021362
92 4.16200017929
93 4.10699987411
94 4.03900003433
95 3.98900008202
96 3.93799996376
97 3.89899992943
98 3.82699990273
99 3.80100011826
100 3.76300001144
101 3.77500009537
102 3.80399990082
103 3.84400010109
104 3.8789999485
105 3.91100001335
106 3.94400000572
107 3.97300004959
108 3.9240000248
109 3.89100003242
110 3.83699989319
111 3.78500008583
112 3.74699997902
113 3.71600008011
114 3.69799995422
115 3.65700006485
116 3.63000011444
117 3.59500002861
118 3.57100009918
119 3.53699994087
120 3.50500011444
121 3.46000003815
122 3.42600011826
123 3.41400003433
124 3.41199994087
125 3.38599991798
126 3.4279999733
127 3.44799995422
128 3.50300002098
129 3.53500008583
130 3.57899999619
131 3.59999990463
132 3.65700006485
133 4.02899980545
134 4.07100009918
135 4.09800004959
136 4.10099983215
137 4.15000009537
138 4.16699981689
139 4.20399999619
140 4.25099992752
141 4.28299999237
142 4.3189997673
143 4.33500003815
144 4.38800001144
145 4.4279999733
146 4.46099996567
147 4.49300003052
148 4.51499986649
149 4.53399991989
150 4.54300022125
151 4.19199991226
152 4.31599998474
153 4.61000013351
154 3.26699995995
155 3.41799998283
156 4.70599985123
157 4.59399986267
158 4.56799983978
159 4.80900001526
160 4.83699989319
161 4.86800003052
162 4.89799976349
163 4.92299985886
164 4.95499992371
165 4.99599981308
166 5.02699995041
167 5.03999996185
168 3.14599990845
169 3.22000002861
170 3.375
171 4.10200023651
172 4.92199993134
173 4.87599992752
174 4.85900020599
175 4.84299993515
176 4.81799983978
177 4.82000017166
178 4.83400011063
179 4.85500001907
180 4.87699985504
181 4.89499998093
182 4.8220000267
183 5.33199977875
184 5.46099996567
185 5.47800016403
186 5.49900007248
187 5.51599979401
188 4.61000013351
189 4.58199977875
190 5.55499982834
191 5.58799982071
192 3.65300011635
193 3.51600003242
194 4.06500005722
195 4.04099988937
196 5.69500017166
197 5.72200012207
198 5.73699998856
199 5.75699996948
200 5.78100013733
201 5.81199979782
202 5.83199977875
203 5.8189997673
204 5.84600019455
205 5.85400009155
206 5.84700012207
207 5.87699985504
208 5.88800001144
209 5.90899991989
210 5.9310002327
211 5.94899988174
212 5.53900003433
213 5.08699989319
214 5.03000020981
215 5.05000019073
216 5.0529999733
217 5.04099988937
218 5.02699995041
219 5.02699995041
220 5.12699985504
221 5.74100017548
222 5.38999986649
223 5.23699998856
224 5.28800010681
225 5.36299991608
226 5.35300016403
227 5.34600019455
228 5.26999998093
229 5.30700016022
230 5.55399990082
231 6.01999998093
232 6.16699981689
233 6.17100000381
234 6.1890001297
235 6.19799995422
236 6.21899986267
237 6.23600006104
238 6.22499990463
239 6.22499990463
240 6.20900011063
241 6.23000001907
242 6.21899986267
243 6.23500013351
244 6.23000001907
245 6.21299982071
246 6.22700023651
247 6.257999897
248 6.26000022888
249 6.23299980164
250 6.23000001907
251 6.24900007248
252 6.25299978256
253 6.27299976349
254 6.29199981689
255 6.28700017929
256 6.2610001564
257 6.27199983597
258 6.26300001144
259 6.22900009155
260 6.22399997711
261 6.22399997711
262 6.22900009155
263 6.22800016403
264 6.21899986267
265 6.22399997711
266 6.21299982071
267 6.20900011063
268 6.21000003815
269 6.20599985123
270 6.20599985123
271 6.21099996567
272 6.21400022507
273 6.1360001564
274 5.84499979019
275 5.78399991989
276 5.74499988556
277 5.71700000763
278 5.71700000763
279 5.72200012207
280 5.74399995804
281 5.78200006485
282 5.8029999733
283 5.95900011063
284 6.09000015259
285 6.07899999619
286 6.08099985123
287 6.05800008774
288 6.05800008774
289 6.05200004578
290 6.03000020981
291 5.99499988556
292 6.00600004196
293 5.96700000763
294 5.97300004959
295 5.95399999619
296 5.92299985886
297 5.90500020981
298 5.88700008392
299 5.88199996948
300 5.84800004959
301 5.85599994659
302 5.84399986267
303 5.80900001526
304 5.79199981689
305 5.79300022125
306 5.78499984741
307 5.77099990845
308 5.74399995804
309 5.70499992371
310 5.70800018311
311 5.66800022125
312 5.66200017929
313 5.62200021744
314 5.60699987411
315 5.58500003815
316 5.21299982071
317 4.88999986649
318 5.47200012207
319 5.49100017548
320 5.48799991608
321 5.46700000763
322 5.46299982071
323 5.4310002327
324 5.41400003433
325 5.34399986267
326 5.03200006485
327 5.31699991226
328 5.30200004578
329 4.37599992752
330 4.03999996185
331 4.132999897
332 5.01900005341
333 5.15399980545
334 5.1360001564
335 5.12300014496
336 5.09200000763
337 5.06599998474
338 5.04400014877
339 5.02600002289
340 4.94099998474
341 4.80399990082
342 4.95499992371
343 4.93699979782
344 4.90700006485
345 4.87300014496
346 4.82600021362
347 4.70300006866
348 4.54199981689
349 4.742000103
350 4.69999980927
351 4.65799999237
352 4.632999897
353 4.62799978256
354 4.58699989319
355 4.5560002327
356 4.30800008774
357 4.37200021744
358 4.49100017548
359 4.46600008011
360 4.43800020218
361 4.39699983597
362 4.38700008392
363 4.35599994659
364 4.31699991226
365 4.28800010681
366 4.24399995804
367 4.22200012207
368 4.1810002327
369 4.13899993896
370 4.11199998856
371 4.0720000267
372 4.03999996185
373 4.03200006485
374 3.98900008202
375 3.96900010109
376 3.91300010681
377 3.90499997139
378 3.89100003242
379 3.86199998856
380 3.83699989319
381 3.69799995422
382 3.63599991798
383 3.60500001907
384 3.56599998474
385 3.52999997139
386 3.507999897
387 3.46099996567
388 3.42499995232
389 3.40400004387
390 3.35299992561
391 3.33699989319
392 3.29299998283
393 3.27800011635
394 3.26300001144
395 3.26099991798
396 3.29800009727
397 3.32299995422
398 3.35700011253
399 3.41499996185
400 3.4279999733
401 3.46799993515
402 3.50699996948
403 3.56100010872
404 3.59400010109
405 3.65000009537
406 3.68899989128
407 3.70900011063
408 3.73099994659
409 3.79399991035
410 3.83500003815
411 3.87800002098
412 3.95199990273
413 3.99499988556
414 4.0720000267
415 4.13199996948
416 4.18699979782
417 4.22900009155
418 4.31300020218
419 4.375
420 4.45100021362
421 4.51800012589
422 4.58799982071
423 4.65799999237
424 4.72700023651
425 4.8060002327
426 4.91300010681
427 5.01000022888
428 5.11199998856
429 5.19899988174
430 5.32000017166
431 5.41900014877
432 5.51200008392
433 5.64499998093
434 5.75500011444
435 5.88000011444
436 6.01300001144
437 6.16400003433
438 6.31699991226
439 6.48000001907
440 6.50400018692
441 6.6139998436
442 6.45200014114
443 3.09299993515
444 3.0490000248
445 3.03200006485
446 3.04800009727
447 3.02500009537
448 3.00300002098
449 3.00500011444
450 3.02300000191
451 3.00500011444
452 2.98399996758
453 2.98300004005
454 2.97199988365
455 2.99300003052
456 2.96399998665
457 2.95600008965
458 2.96700000763
459 2.95799994469
460 2.94899988174
461 2.93499994278
462 2.93700003624
463 2.93400001526
464 2.92700004578
465 2.92899990082
466 2.92600011826
467 2.92300009727
468 2.92300009727
469 2.91599988937
470 2.67000007629
471 2.64700007439
472 2.62400007248
473 2.64400005341
474 0.948000013828
475 0.709999978542
476 0.709999978542
477 0.930999994278
478 2.65100002289
479 2.66199994087
480 2.65199995041
481 2.6289999485
482 2.63599991798
483 2.65899991989
484 2.66899991035
485 2.66799998283
486 2.66899991035
487 2.66100001335
488 2.68099999428
489 2.68000006676
490 2.82899999619
491 2.92199993134
492 2.94099998474
493 2.9509999752
494 2.94400000572
495 2.94099998474
496 2.96099996567
497 2.95700001717
498 2.95499992371
499 2.95900011063
500 2.96600008011
501 2.97699999809
502 2.98799991608
503 2.99900007248
504 2.98399996758
505 2.99699997902
506 3.00999999046
507 3.01099991798
508 3.03500008583
509 3.03399991989
510 3.0490000248
511 3.0490000248
512 3.0720000267
513 3.06200003624
514 3.06100010872
515 3.08299994469
516 3.08899998665
517 3.10599994659
518 3.10599994659
519 3.11199998856
520 3.11999988556
521 3.14199995995
522 3.14800000191
523 3.18099999428
524 0.924000024796
525 0.913999974728
526 0.920000016689
527 0.958000004292
528 3.03600001335
529 2.98600006104
530 2.93600010872
531 2.88599991798
532 2.8220000267
533 2.77900004387
534 2.74499988556
535 2.71700000763
536 2.95799994469
537 2.91400003433
538 0.0
539 0.0
540 0.0
