0 4.50600004196
1 4.43200016022
2 4.4390001297
3 4.46500015259
4 4.54099988937
5 4.64599990845
6 4.6890001297
7 4.71500015259
8 4.73500013351
9 4.7610001564
10 4.8060002327
11 4.82800006866
12 4.86600017548
13 4.8860001564
14 4.92700004578
15 4.92600011826
16 4.84000015259
17 4.83699989319
18 4.88199996948
19 4.96500015259
20 5.14499998093
21 5.19500017166
22 5.22399997711
23 5.28100013733
24 5.30900001526
25 5.3639998436
26 5.41099977493
27 5.45300006866
28 5.50899982452
29 5.54199981689
30 5.59299993515
31 5.6360001564
32 5.66499996185
33 0.0
34 17.1410007477
35 17.1480007172
36 17.1550006866
37 0.0
38 0.0
39 0.0
40 17.236000061
41 17.1739997864
42 17.0650005341
43 16.9990005493
44 16.5279998779
45 16.5349998474
46 16.5219993591
47 13.1520004272
48 13.0830001831
49 12.3199996948
50 11.9090003967
51 11.5769996643
52 11.6029996872
53 11.625
54 11.6169996262
55 11.357000351
56 11.0039997101
57 10.4670000076
58 10.0819997787
59 8.33699989319
60 8.33199977875
61 8.20300006866
62 7.92500019073
63 7.63700008392
64 7.44799995422
65 7.23999977112
66 7.06199979782
67 6.90000009537
68 6.78700017929
69 6.77099990845
70 6.80200004578
71 6.83400011063
72 6.84100008011
73 6.87400007248
74 6.78900003433
75 6.64099979401
76 6.51300001144
77 6.39099979401
78 6.26599979401
79 6.16699981689
80 5.21999979019
81 4.97800016403
82 4.84700012207
83 4.77099990845
84 4.6939997673
85 4.61499977112
86 4.54799985886
87 4.46199989319
88 4.41400003433
89 4.32700014114
90 4.27899980545
91 4.20100021362
92 4.15899991989
93 4.10599994659
94 4.03000020981
95 3.99699997902
96 3.94499993324
97 3.8900001049
98 3.84200000763
99 3.79999995232
100 3.76699995995
101 3.79099988937
102 3.81599998474
103 3.84299993515
104 3.882999897
105 3.90400004387
106 3.95900011063
107 3.95199990273
108 3.92499995232
109 3.86599993706
110 3.83400011063
111 3.82399988174
112 3.75699996948
113 3.72799992561
114 3.68400001526
115 3.67000007629
116 3.62700009346
117 3.59699988365
118 3.57100009918
119 3.53200006485
120 3.492000103
121 3.47399997711
122 3.44899988174
123 3.4240000248
124 3.41199994087
125 3.38899993896
126 3.43499994278
127 3.45700001717
128 3.48099994659
129 3.52800011635
130 3.56200003624
131 3.61299991608
132 3.67499995232
133 4.01200008392
134 4.06300020218
135 4.09999990463
136 4.10699987411
137 4.13199996948
138 4.16200017929
139 4.21899986267
140 4.25500011444
141 4.28000020981
142 4.32700014114
143 4.35699987411
144 4.39200019836
145 4.42999982834
146 4.46600008011
147 4.48299980164
148 4.507999897
149 4.52799987793
150 4.54300022125
151 4.19600009918
152 4.32100009918
153 4.61199998856
154 3.27800011635
155 3.41400003433
156 4.70499992371
157 4.60900020599
158 4.55000019073
159 4.79199981689
160 4.84000015259
161 4.86000013351
162 4.88999986649
163 4.92100000381
164 4.96700000763
165 4.99499988556
166 5.01700019836
167 5.0560002327
168 3.16000008583
169 3.22600007057
170 3.37400007248
171 4.12200021744
172 4.90500020981
173 4.87099981308
174 4.85300016403
175 4.82999992371
176 4.8109998703
177 4.81500005722
178 4.84100008011
179 4.84499979019
180 4.88399982452
181 4.90799999237
182 4.80999994278
183 5.32000017166
184 5.47300004959
185 5.48600006104
186 5.50099992752
187 5.51599979401
188 4.59999990463
189 4.58300018311
190 5.57399988174
191 5.59200000763
192 3.63000011444
193 3.52500009537
194 4.08500003815
195 4.03100013733
196 5.6859998703
197 5.69500017166
198 5.72599983215
199 5.76300001144
200 5.78499984741
201 5.80200004578
202 5.8189997673
203 5.84700012207
204 5.85200023651
205 5.85599994659
206 5.87599992752
207 5.88100004196
208 5.89300012589
209 5.90899991989
210 5.93699979782
211 5.94299983978
212 5.49399995804
213 5.08500003815
214 5.03399991989
215 5.05000019073
216 5.05000019073
217 5.03399991989
218 5.03299999237
219 5.04500007629
220 5.12099981308
221 5.71400022507
222 5.38899993896
223 5.22900009155
224 5.28399991989
225 5.36100006104
226 5.35699987411
227 5.34000015259
228 5.28000020981
229 5.30700016022
230 5.5720000267
231 5.99399995804
232 6.17199993134
233 6.17700004578
234 6.19199991226
235 6.22300004959
236 6.22100019455
237 6.24599981308
238 6.22900009155
239 6.25099992752
240 6.22499990463
241 6.22599983215
242 6.22200012207
243 6.25400018692
244 6.22800016403
245 6.22399997711
246 6.24700021744
247 6.25099992752
248 6.23799991608
249 6.25500011444
250 6.23999977112
251 6.26599979401
252 6.26700019836
253 6.26800012589
254 6.26900005341
255 6.27899980545
256 6.25400018692
257 6.27199983597
258 6.26800012589
259 6.23400020599
260 6.23500013351
261 6.23999977112
262 6.23000001907
263 6.23699998856
264 6.21099996567
265 6.20900011063
266 6.23799991608
267 6.20499992371
268 6.20499992371
269 6.20499992371
270 6.20800018311
271 6.22700023651
272 6.21600008011
273 6.13399982452
274 5.84700012207
275 5.78900003433
276 5.77299976349
277 5.74300003052
278 5.73000001907
279 5.73199987411
280 5.73799991608
281 5.77699995041
282 5.81500005722
283 5.95300006866
284 6.09299993515
285 6.05800008774
286 6.0720000267
287 6.07100009918
288 6.06799983978
289 6.04899978638
290 6.03399991989
291 6.01300001144
292 5.99800014496
293 5.97399997711
294 5.96700000763
295 5.94799995422
296 5.90999984741
297 5.90000009537
298 5.89599990845
299 5.87799978256
300 5.87099981308
301 5.84700012207
302 5.83500003815
303 5.82700014114
304 5.82700014114
305 5.80200004578
306 5.78200006485
307 5.76800012589
308 5.73500013351
309 5.70399999619
310 5.68800020218
311 5.66599988937
312 5.64599990845
313 5.63100004196
314 5.61299991608
315 5.58199977875
316 5.18800020218
317 4.89499998093
318 5.46999979019
319 5.50500011444
320 5.47800016403
321 5.47499990463
322 5.45100021362
323 5.43699979782
324 5.41200017929
325 5.35400009155
326 5.01300001144
327 5.31599998474
328 5.30000019073
329 4.38000011444
330 4.06699991226
331 4.11600017548
332 5.04600000381
333 5.17000007629
334 5.14900016785
335 5.11000013351
336 5.09299993515
337 5.07499980927
338 5.04899978638
339 5.02699995041
340 4.94899988174
341 4.80999994278
342 4.95399999619
343 4.94299983978
344 4.90600013733
345 4.86899995804
346 4.84000015259
347 4.71000003815
348 4.57100009918
349 4.74599981308
350 4.6970000267
351 4.68800020218
352 4.64499998093
353 4.617000103
354 4.59000015259
355 4.56500005722
356 4.32499980927
357 4.35500001907
358 4.49700021744
359 4.45300006866
360 4.43699979782
361 4.40000009537
362 4.39099979401
363 4.34299993515
364 4.31199979782
365 4.28800010681
366 4.24300003052
367 4.21600008011
368 4.18800020218
369 4.14900016785
370 4.10599994659
371 4.07700014114
372 4.02899980545
373 4.01300001144
374 3.98300004005
375 3.96099996567
376 3.91799998283
377 3.89700007439
378 3.882999897
379 3.86500000954
380 3.82500004768
381 3.73000001907
382 3.63700008392
383 3.58699989319
384 3.54600000381
385 3.53099989891
386 3.492000103
387 3.46199989319
388 3.42100000381
389 3.41499996185
390 3.37599992752
391 3.34800004959
392 3.30999994278
393 3.27900004387
394 3.26099991798
395 3.27399992943
396 3.30100011826
397 3.34299993515
398 3.37299990654
399 3.40799999237
400 3.44600009918
401 3.48200011253
402 3.52099990845
403 3.55100011826
404 3.60899996758
405 3.64599990845
406 3.68099999428
407 3.73699998856
408 3.74399995804
409 3.78299999237
410 3.82500004768
411 3.86899995804
412 3.94000005722
413 3.99399995804
414 4.07000017166
415 4.11499977112
416 4.18200016022
417 4.25500011444
418 4.28499984741
419 4.37400007248
420 4.44299983978
421 4.51700019836
422 4.56599998474
423 4.67000007629
424 4.73199987411
425 4.81199979782
426 4.91300010681
427 5.007999897
428 5.11000013351
429 5.21299982071
430 5.30900001526
431 5.42100000381
432 5.52799987793
433 5.65299987793
434 5.76300001144
435 5.88800001144
436 6.01700019836
437 6.16599988937
438 6.31199979782
439 6.47499990463
440 6.507999897
441 6.61499977112
442 6.43300008774
443 3.07699990273
444 3.03999996185
445 3.02800011635
446 3.02099990845
447 3.01399993896
448 3.03500008583
449 3.01399993896
450 2.99699997902
451 2.9849998951
452 3.00900006294
453 2.97600007057
454 2.97799992561
455 2.96700000763
456 2.96900010109
457 2.97300004959
458 2.96900010109
459 2.95399999619
460 2.95300006866
461 2.96300005913
462 2.94499993324
463 2.9470000267
464 2.92700004578
465 2.93099999428
466 2.92300009727
467 2.93499994278
468 2.91799998283
469 2.91300010681
470 2.67100000381
471 2.65199995041
472 2.64400005341
473 2.65700006485
474 0.944999992847
475 0.705999970436
476 0.714999973774
477 0.931999981403
478 2.67499995232
479 2.64800000191
480 2.64599990845
481 2.65000009537
482 2.65799999237
483 2.65400004387
484 2.66499996185
485 2.65499997139
486 2.66599988937
487 2.67199993134
488 2.66799998283
489 2.69199991226
490 2.82999992371
491 2.93499994278
492 2.96099996567
493 2.93700003624
494 2.96099996567
495 2.94600009918
496 2.96700000763
497 2.97199988365
498 2.96199989319
499 2.96700000763
500 2.97000002861
501 2.98900008202
502 2.98000001907
503 2.97699999809
504 3.00099992752
505 3.01300001144
506 3.01600003242
507 3.007999897
508 3.02500009537
509 3.04299998283
510 3.04299998283
511 3.04800009727
512 3.07100009918
513 3.06399989128
514 3.07899999619
515 3.06900000572
516 3.07899999619
517 3.10800004005
518 3.12599992752
519 3.125
520 3.14700007439
521 3.14599990845
522 3.15100002289
523 3.16300010681
524 0.940999984741
525 0.911000013351
526 0.916999995708
527 0.963999986649
528 3.04600000381
529 2.99300003052
530 2.92199993134
531 2.87599992752
532 2.83100008965
533 2.78299999237
534 2.74499988556
535 2.72799992561
536 2.94600009918
537 2.92000007629
538 0.0
539 0.0
540 0.0
