0 0.920000016689
1 0.934000015259
2 4.45300006866
3 4.45800018311
4 4.54199981689
5 4.65899991989
6 4.66300010681
7 4.70399999619
8 4.74499988556
9 4.75500011444
10 4.78299999237
11 4.8189997673
12 4.86000013351
13 4.89799976349
14 4.92399978638
15 4.92500019073
16 4.84100008011
17 4.85699987411
18 4.88899993896
19 4.96500015259
20 5.13800001144
21 5.18699979782
22 5.21899986267
23 5.257999897
24 5.30499982834
25 5.35300016403
26 5.39900016785
27 5.45100021362
28 5.5
29 5.56199979782
30 5.59200000763
31 5.632999897
32 5.65600013733
33 0.0
34 17.1509990692
35 17.1420001984
36 17.1450004578
37 0.0
38 0.0
39 0.0
40 17.2420005798
41 17.1679992676
42 17.0650005341
43 17.0049991608
44 16.5359992981
45 16.547000885
46 16.5189990997
47 13.1520004272
48 13.0659999847
49 12.3299999237
50 11.9300003052
51 11.5740003586
52 11.5889997482
53 11.6160001755
54 11.6149997711
55 11.3389997482
56 10.9899997711
57 10.4619998932
58 10.095000267
59 8.35599994659
60 8.32999992371
61 8.19900035858
62 7.90100002289
63 7.62699985504
64 7.44899988174
65 7.2389998436
66 7.05800008774
67 6.89699983597
68 6.79600000381
69 6.78100013733
70 6.79099988937
71 6.82100009918
72 6.84999990463
73 6.86999988556
74 6.79500007629
75 6.64200019836
76 6.5110001564
77 6.38199996948
78 6.26300001144
79 6.13500022888
80 5.23400020599
81 4.95900011063
82 4.85699987411
83 4.77500009537
84 4.6859998703
85 4.60699987411
86 4.53299999237
87 4.46500015259
88 4.41300010681
89 4.32399988174
90 4.25
91 4.21600008011
92 4.16200017929
93 4.09899997711
94 4.03399991989
95 3.98900008202
96 3.9430000782
97 3.867000103
98 3.8220000267
99 3.78999996185
100 3.77200007439
101 3.80500006676
102 3.83100008965
103 3.84100008011
104 3.88899993896
105 3.90899991989
106 3.93300008774
107 3.95799994469
108 3.91799998283
109 3.88899993896
110 3.83899998665
111 3.79699993134
112 3.75
113 3.71900010109
114 3.68700003624
115 3.66400003433
116 3.64100003242
117 3.59699988365
118 3.56599998474
119 3.53699994087
120 3.51200008392
121 3.48200011253
122 3.43700003624
123 3.40599989891
124 3.38599991798
125 3.39299988747
126 3.42700004578
127 3.45300006866
128 3.49000000954
129 3.53399991989
130 3.56699991226
131 3.59599995613
132 3.64899992943
133 4.03000020981
134 4.06199979782
135 4.10200023651
136 4.11000013351
137 4.15600013733
138 4.15999984741
139 4.19199991226
140 4.23799991608
141 4.28000020981
142 4.3109998703
143 4.34399986267
144 4.39200019836
145 4.42600011826
146 4.47599983215
147 4.48299980164
148 4.50899982452
149 4.52899980545
150 4.53900003433
151 4.19600009918
152 4.28800010681
153 4.61299991608
154 3.25900006294
155 3.41700005531
156 4.69999980927
157 4.58400011063
158 4.54199981689
159 4.78999996185
160 4.82399988174
161 4.8639998436
162 4.90399980545
163 4.92500019073
164 4.95499992371
165 4.99399995804
166 5.01999998093
167 5.03800010681
168 3.13100004196
169 3.21399998665
170 3.36800003052
171 4.13700008392
172 4.90700006485
173 4.87699985504
174 4.84899997711
175 4.82700014114
176 4.81699991226
177 4.8220000267
178 4.82499980927
179 4.84200000763
180 4.875
181 4.89499998093
182 4.82800006866
183 5.3109998703
184 5.46899986267
185 5.48699998856
186 5.48699998856
187 5.5
188 4.60599994659
189 4.58199977875
190 5.5529999733
191 5.57999992371
192 3.63700008392
193 3.52300000191
194 4.06799983978
195 4.05200004578
196 5.68300008774
197 5.70300006866
198 5.74300003052
199 5.73699998856
200 5.76599979401
201 5.80700016022
202 5.82999992371
203 5.83400011063
204 5.84299993515
205 5.8639998436
206 5.87300014496
207 5.89300012589
208 5.90799999237
209 5.89900016785
210 5.91800022125
211 5.93800020218
212 5.51700019836
213 5.09100008011
214 5.02600002289
215 5.04600000381
216 5.04199981689
217 5.03299999237
218 5.02899980545
219 5.04799985886
220 5.12400007248
221 5.70900011063
222 5.40100002289
223 5.23400020599
224 5.28800010681
225 5.35500001907
226 5.34999990463
227 5.34700012207
228 5.27099990845
229 5.29400014877
230 5.56500005722
231 5.98600006104
232 6.16599988937
233 6.19000005722
234 6.19099998474
235 6.19299983978
236 6.23099994659
237 6.24700021744
238 6.21600008011
239 6.22599983215
240 6.22200012207
241 6.24300003052
242 6.22599983215
243 6.22200012207
244 6.23000001907
245 6.23699998856
246 6.22800016403
247 6.242000103
248 6.25500011444
249 6.2610001564
250 6.24399995804
251 6.26300001144
252 6.26800012589
253 6.27899980545
254 6.26200008392
255 6.26599979401
256 6.25699996948
257 6.25899982452
258 6.257999897
259 6.22900009155
260 6.25899982452
261 6.22200012207
262 6.20800018311
263 6.22300004959
264 6.23799991608
265 6.21500015259
266 6.21199989319
267 6.21999979019
268 6.21099996567
269 6.21299982071
270 6.22300004959
271 6.20900011063
272 6.19000005722
273 6.13399982452
274 5.85099983215
275 5.76999998093
276 5.73999977112
277 5.73600006104
278 5.73099994659
279 5.71799993515
280 5.75199985504
281 5.76000022888
282 5.81699991226
283 5.95900011063
284 6.09399986267
285 6.06500005722
286 6.07399988174
287 6.04500007629
288 6.04099988937
289 6.05399990082
290 6.04500007629
291 6.01200008392
292 5.98500013351
293 5.95499992371
294 5.94899988174
295 5.94799995422
296 5.92600011826
297 5.91400003433
298 5.89699983597
299 5.87599992752
300 5.86000013351
301 5.83500003815
302 5.82100009918
303 5.80499982834
304 5.80499982834
305 5.78100013733
306 5.78599977493
307 5.76800012589
308 5.73699998856
309 5.72399997711
310 5.70699977875
311 5.65999984741
312 5.65199995041
313 5.61100006104
314 5.59600019455
315 5.57000017166
316 5.19299983978
317 4.88800001144
318 5.48299980164
319 5.507999897
320 5.48199987411
321 5.46199989319
322 5.45200014114
323 5.42999982834
324 5.40199995041
325 5.34299993515
326 5.02899980545
327 5.3189997673
328 5.30200004578
329 4.39200019836
330 4.04699993134
331 4.132999897
332 5.03000020981
333 5.16200017929
334 5.13700008392
335 5.11100006104
336 5.09299993515
337 5.06500005722
338 5.04500007629
339 5.01800012589
340 4.95499992371
341 4.80499982834
342 4.96000003815
343 4.94099998474
344 4.91400003433
345 4.87300014496
346 4.84399986267
347 4.6939997673
348 4.55399990082
349 4.73500013351
350 4.70100021362
351 4.6779999733
352 4.65100002289
353 4.62599992752
354 4.58900022507
355 4.56500005722
356 4.31199979782
357 4.35900020599
358 4.48199987411
359 4.46199989319
360 4.44000005722
361 4.42000007629
362 4.39599990845
363 4.34399986267
364 4.3140001297
365 4.26700019836
366 4.24499988556
367 4.19299983978
368 4.16400003433
369 4.13899993896
370 4.11600017548
371 4.07600021362
372 4.0529999733
373 4.03100013733
374 3.99300003052
375 3.96300005913
376 3.93000006676
377 3.90400004387
378 3.867000103
379 3.84699988365
380 3.8259999752
381 3.72600007057
382 3.632999897
383 3.59699988365
384 3.56599998474
385 3.52999997139
386 3.49699997902
387 3.46399998665
388 3.41100001335
389 3.382999897
390 3.36999988556
391 3.34100008011
392 3.30900001526
393 3.28600001335
394 3.25200009346
395 3.27200007439
396 3.30200004578
397 3.33100008965
398 3.35299992561
399 3.40499997139
400 3.43799996376
401 3.48099994659
402 3.51399993896
403 3.56500005722
404 3.59500002861
405 3.64400005341
406 3.66199994087
407 3.71000003815
408 3.742000103
409 3.78800010681
410 3.81900000572
411 3.88100004196
412 3.93400001526
413 3.9849998951
414 4.03999996185
415 4.125
416 4.17700004578
417 4.242000103
418 4.32000017166
419 4.38000011444
420 4.45399999619
421 4.51300001144
422 4.59000015259
423 4.65700006485
424 4.73799991608
425 4.81199979782
426 4.90799999237
427 5.01700019836
428 5.10900020599
429 5.20900011063
430 5.30999994278
431 5.41599988937
432 5.51999998093
433 5.64300012589
434 5.7610001564
435 5.88500022888
436 6.02299976349
437 6.17700004578
438 6.31699991226
439 6.47499990463
440 6.48699998856
441 6.60099983215
442 6.43499994278
443 3.05900001526
444 3.0490000248
445 3.04800009727
446 3.04200005531
447 3.01399993896
448 3.00600004196
449 3.01799988747
450 3.01099991798
451 2.98900008202
452 2.98900008202
453 2.99399995804
454 2.97600007057
455 2.95700001717
456 2.96700000763
457 2.95199990273
458 2.96700000763
459 2.96000003815
460 2.93899989128
461 2.93899989128
462 2.94899988174
463 2.93700003624
464 2.92700004578
465 2.93000006676
466 2.94899988174
467 2.92300009727
468 2.92899990082
469 2.91300010681
470 2.65599989891
471 2.63800001144
472 2.64199995995
473 2.64599990845
474 0.941999971867
475 0.694000005722
476 0.717000007629
477 0.922999978065
478 2.64199995995
479 2.64400005341
480 2.64899992943
481 2.64400005341
482 2.65599989891
483 2.65499997139
484 2.65599989891
485 2.66899991035
486 2.66100001335
487 2.68099999428
488 2.65000009537
489 2.67499995232
490 2.8180000782
491 2.9430000782
492 2.93700003624
493 2.92700004578
494 2.93600010872
495 2.96700000763
496 2.94600009918
497 2.95499992371
498 2.95499992371
499 2.96000003815
500 2.98300004005
501 2.99000000954
502 2.98300004005
503 2.97699999809
504 3.00999999046
505 2.99499988556
506 3.01099991798
507 3.01200008392
508 3.01900005341
509 3.01999998093
510 3.0529999733
511 3.04699993134
512 3.03699994087
513 3.06399989128
514 3.05999994278
515 3.09200000763
516 3.08299994469
517 3.10400009155
518 3.12299990654
519 3.13100004196
520 3.13599991798
521 3.125
522 3.14499998093
523 3.16400003433
524 0.925999999046
525 0.908999979496
526 0.920000016689
527 0.949999988079
528 3.04699993134
529 2.97799992561
530 2.93000006676
531 2.87599992752
532 2.81500005722
533 2.79600000381
534 2.73099994659
535 2.72399997711
536 2.95499992371
537 2.91300010681
538 0.0
539 0.0
540 0.0
