0 4.51200008392
1 4.43400001526
2 4.46000003815
3 4.47300004959
4 4.53499984741
5 4.64799976349
6 4.68200016022
7 4.6970000267
8 4.72599983215
9 4.75400018692
10 4.78800010681
11 4.83300018311
12 4.85599994659
13 4.89699983597
14 4.90799999237
15 4.93400001526
16 4.82999992371
17 4.84600019455
18 4.87400007248
19 4.95900011063
20 5.13100004196
21 5.1810002327
22 5.22900009155
23 5.27500009537
24 5.31199979782
25 5.34600019455
26 5.40500020981
27 5.4470000267
28 5.50099992752
29 5.53999996185
30 5.59100008011
31 5.64499998093
32 5.66900014877
33 0.0
34 17.1529998779
35 17.142999649
36 17.1550006866
37 0.0
38 0.0
39 0.0
40 17.236000061
41 17.1679992676
42 17.0540008545
43 17.0079994202
44 16.5200004578
45 16.545999527
46 16.5219993591
47 13.1590003967
48 13.0760002136
49 12.3330001831
50 11.9350004196
51 11.5860004425
52 11.6029996872
53 11.623000145
54 11.5970001221
55 11.3529996872
56 11.001999855
57 10.468000412
58 10.1059999466
59 8.33699989319
60 8.33800029755
61 8.20699977875
62 7.92199993134
63 7.64499998093
64 7.45499992371
65 7.242000103
66 7.05700016022
67 6.90500020981
68 6.78700017929
69 6.77299976349
70 6.80100011826
71 6.83300018311
72 6.84999990463
73 6.87599992752
74 6.78999996185
75 6.64300012589
76 6.50500011444
77 6.40100002289
78 6.26599979401
79 6.15500020981
80 5.23999977112
81 4.96400022507
82 4.85799980164
83 4.75400018692
84 4.69099998474
85 4.59000015259
86 4.55000019073
87 4.48299980164
88 4.38100004196
89 4.31799983978
90 4.25899982452
91 4.21999979019
92 4.16099977493
93 4.10599994659
94 4.03599977493
95 3.99300003052
96 3.93300008774
97 3.89599990845
98 3.83999991417
99 3.78500008583
100 3.7650001049
101 3.78699994087
102 3.81299996376
103 3.85800004005
104 3.87800002098
105 3.90599989891
106 3.9509999752
107 3.96900010109
108 3.91700005531
109 3.8599998951
110 3.82399988174
111 3.78800010681
112 3.757999897
113 3.72900009155
114 3.69099998474
115 3.65000009537
116 3.62299990654
117 3.58200001717
118 3.55800008774
119 3.53600001335
120 3.49799990654
121 3.45900011063
122 3.43499994278
123 3.40499997139
124 3.38899993896
125 3.3789999485
126 3.42600011826
127 3.44400000572
128 3.49399995804
129 3.53099989891
130 3.56399989128
131 3.59899997711
132 3.65599989891
133 4.02299976349
134 4.07000017166
135 4.08599996567
136 4.11899995804
137 4.14300012589
138 4.16200017929
139 4.19099998474
140 4.26000022888
141 4.27400016785
142 4.31599998474
143 4.32499980927
144 4.38800001144
145 4.41699981689
146 4.46899986267
147 4.48999977112
148 4.51200008392
149 4.53599977493
150 4.53900003433
151 4.1890001297
152 4.29500007629
153 4.60200023651
154 3.26600003242
155 3.41899991035
156 4.70599985123
157 4.58900022507
158 4.5689997673
159 4.80200004578
160 4.82899999619
161 4.84999990463
162 4.88800001144
163 4.93300008774
164 4.95900011063
165 4.99499988556
166 5.01399993896
167 5.03700017929
168 3.16300010681
169 3.23099994659
170 3.3599998951
171 4.1360001564
172 4.91499996185
173 4.88199996948
174 4.83900022507
175 4.82999992371
176 4.8140001297
177 4.8220000267
178 4.82399988174
179 4.84899997711
180 4.87200021744
181 4.90199995041
182 4.82899999619
183 5.29699993134
184 5.46700000763
185 5.48999977112
186 5.49399995804
187 5.51200008392
188 4.617000103
189 4.57299995422
190 5.54899978638
191 5.57999992371
192 3.63899993896
193 3.51699995995
194 4.09299993515
195 4.03200006485
196 5.69099998474
197 5.70699977875
198 5.72499990463
199 5.73699998856
200 5.76999998093
201 5.80999994278
202 5.82600021362
203 5.84000015259
204 5.84600019455
205 5.84299993515
206 5.86899995804
207 5.87099981308
208 5.89300012589
209 5.90600013733
210 5.92100000381
211 5.9390001297
212 5.51900005341
213 5.09399986267
214 5.05000019073
215 5.03900003433
216 5.03800010681
217 5.02799987793
218 5.04300022125
219 5.02799987793
220 5.117000103
221 5.75699996948
222 5.39300012589
223 5.23799991608
224 5.27299976349
225 5.35699987411
226 5.35099983215
227 5.34000015259
228 5.26399993896
229 5.30800008774
230 5.57600021362
231 6.00299978256
232 6.15799999237
233 6.19299983978
234 6.19299983978
235 6.19500017166
236 6.21899986267
237 6.21199989319
238 6.22399997711
239 6.22100019455
240 6.24300003052
241 6.23299980164
242 6.23099994659
243 6.25199985504
244 6.22599983215
245 6.22700023651
246 6.22300004959
247 6.23199987411
248 6.24300003052
249 6.23999977112
250 6.24100017548
251 6.26900005341
252 6.25500011444
253 6.27899980545
254 6.28700017929
255 6.26900005341
256 6.26499986649
257 6.27299976349
258 6.25099992752
259 6.25299978256
260 6.25500011444
261 6.22300004959
262 6.21799993515
263 6.23299980164
264 6.21899986267
265 6.19500017166
266 6.24100017548
267 6.21099996567
268 6.21999979019
269 6.22700023651
270 6.21999979019
271 6.21199989319
272 6.19600009918
273 6.12400007248
274 5.86100006104
275 5.77600002289
276 5.75099992752
277 5.74700021744
278 5.72599983215
279 5.73500013351
280 5.75500011444
281 5.77400016785
282 5.8140001297
283 5.9390001297
284 6.08799982071
285 6.07499980927
286 6.0640001297
287 6.05399990082
288 6.05499982834
289 6.05800008774
290 6.04099988937
291 6.007999897
292 5.99100017548
293 5.96000003815
294 5.96000003815
295 5.95399999619
296 5.9310002327
297 5.90899991989
298 5.89799976349
299 5.86199998856
300 5.85400009155
301 5.84700012207
302 5.82899999619
303 5.80999994278
304 5.79799985886
305 5.79199981689
306 5.79199981689
307 5.78000020981
308 5.742000103
309 5.73099994659
310 5.69199991226
311 5.6859998703
312 5.65100002289
313 5.63100004196
314 5.59100008011
315 5.5689997673
316 5.22200012207
317 4.88800001144
318 5.47900009155
319 5.50199985504
320 5.48699998856
321 5.46700000763
322 5.45300006866
323 5.42000007629
324 5.41400003433
325 5.34200000763
326 5.02099990845
327 5.30800008774
328 5.29500007629
329 4.36299991608
330 4.03299999237
331 4.11000013351
332 5.01800012589
333 5.16599988937
334 5.14099979401
335 5.09800004959
336 5.09299993515
337 5.06799983978
338 5.03599977493
339 5.02500009537
340 4.94500017166
341 4.8189997673
342 4.95800018311
343 4.94000005722
344 4.90700006485
345 4.86899995804
346 4.8220000267
347 4.69500017166
348 4.5609998703
349 4.72399997711
350 4.70699977875
351 4.67100000381
352 4.65399980545
353 4.60699987411
354 4.59600019455
355 4.5609998703
356 4.31500005722
357 4.34600019455
358 4.48400020599
359 4.47200012207
360 4.43200016022
361 4.40799999237
362 4.38500022888
363 4.36600017548
364 4.30900001526
365 4.28900003433
366 4.24800014496
367 4.19199991226
368 4.15399980545
369 4.1360001564
370 4.12400007248
371 4.07399988174
372 4.04799985886
373 4.01900005341
374 4.0
375 3.94400000572
376 3.94000005722
377 3.90599989891
378 3.87700009346
379 3.84500002861
380 3.83899998665
381 3.71700000763
382 3.63700008392
383 3.60400009155
384 3.56299996376
385 3.52699995041
386 3.49000000954
387 3.44899988174
388 3.4279999733
389 3.39499998093
390 3.35199999809
391 3.34200000763
392 3.30500006676
393 3.29299998283
394 3.257999897
395 3.24499988556
396 3.28800010681
397 3.33999991417
398 3.37400007248
399 3.39299988747
400 3.44099998474
401 3.45900011063
402 3.50200009346
403 3.56200003624
404 3.58999991417
405 3.63000011444
406 3.6740000248
407 3.70199990273
408 3.72199988365
409 3.78999996185
410 3.82699990273
411 3.88100004196
412 3.94400000572
413 4.00699996948
414 4.0560002327
415 4.12599992752
416 4.17999982834
417 4.24900007248
418 4.31300020218
419 4.37799978256
420 4.44999980927
421 4.52899980545
422 4.59000015259
423 4.66200017929
424 4.74499988556
425 4.82299995422
426 4.91200017929
427 5.01599979401
428 5.11999988556
429 5.21400022507
430 5.31599998474
431 5.42299985886
432 5.52400016785
433 5.61800003052
434 5.75099992752
435 5.88100004196
436 6.01399993896
437 6.15199995041
438 6.31799983978
439 6.4470000267
440 6.50299978256
441 6.61000013351
442 6.43400001526
443 3.06599998474
444 3.05100011826
445 3.04500007629
446 3.02099990845
447 3.02800011635
448 3.00600004196
449 3.02300000191
450 2.99300003052
451 3.00300002098
452 2.97799992561
453 2.98300004005
454 2.96700000763
455 2.96399998665
456 2.96000003815
457 2.94899988174
458 2.96799993515
459 2.9509999752
460 2.9430000782
461 2.93600010872
462 2.9319999218
463 2.9279999733
464 2.93400001526
465 2.92700004578
466 2.93600010872
467 2.92300009727
468 2.92499995232
469 2.91100001335
470 2.66599988937
471 2.6289999485
472 2.63000011444
473 2.64800000191
474 0.940999984741
475 0.717999994755
476 0.695999979973
477 0.915000021458
478 2.65400004387
479 2.64800000191
480 2.66000008583
481 2.64599990845
482 2.65100002289
483 2.64499998093
484 2.65599989891
485 2.66199994087
486 2.66599988937
487 2.66899991035
488 2.67300009727
489 2.68700003624
490 2.81399989128
491 2.93099999428
492 2.95000004768
493 2.9509999752
494 2.94799995422
495 2.93300008774
496 2.95000004768
497 2.96799993515
498 2.95300006866
499 2.98000001907
500 2.96099996567
501 2.97499990463
502 2.97199988365
503 2.97499990463
504 2.98399996758
505 3.00600004196
506 3.00300002098
507 3.00300002098
508 3.007999897
509 3.03999996185
510 3.02800011635
511 3.05800008774
512 3.03900003433
513 3.06100010872
514 3.06399989128
515 3.09800004959
516 3.08500003815
517 3.09999990463
518 3.1099998951
519 3.10899996758
520 3.12400007248
521 3.15100002289
522 3.13800001144
523 3.18700003624
524 0.929000020027
525 0.915000021458
526 0.908999979496
527 0.958999991417
528 3.04600000381
529 2.98600006104
530 2.93099999428
531 2.87599992752
532 2.83999991417
533 2.77999997139
534 2.72799992561
535 2.71700000763
536 2.96000003815
537 2.92600011826
538 0.0
539 0.0
540 0.0
