0 4.51399993896
1 4.4390001297
2 4.42500019073
3 4.46600008011
4 4.52799987793
5 4.64799976349
6 4.67199993134
7 4.69899988174
8 4.7389998436
9 4.76300001144
10 4.78599977493
11 4.83599996567
12 4.86999988556
13 4.89799976349
14 4.92299985886
15 4.92199993134
16 4.83500003815
17 4.85699987411
18 4.87900018692
19 4.97300004959
20 5.14799976349
21 5.17600011826
22 5.21899986267
23 5.26800012589
24 5.31500005722
25 5.35799980164
26 5.39499998093
27 5.45200014114
28 5.49700021744
29 5.55200004578
30 5.59499979019
31 5.63999986649
32 5.69199991226
33 0.0
34 17.1599998474
35 17.1299991608
36 17.142999649
37 0.0
38 0.0
39 0.0
40 17.2430000305
41 17.1560001373
42 17.0699996948
43 17.0119991302
44 16.5149993896
45 16.5410003662
46 16.517999649
47 13.1619997025
48 13.0979995728
49 12.3339996338
50 11.954000473
51 11.5970001221
52 11.6009998322
53 11.6520004272
54 11.625
55 11.3409996033
56 11.0080003738
57 10.4589996338
58 10.1210002899
59 8.32100009918
60 8.33300018311
61 8.2110004425
62 7.91800022125
63 7.62200021744
64 7.45100021362
65 7.24700021744
66 7.0560002327
67 6.90299987793
68 6.79799985886
69 6.78000020981
70 6.81199979782
71 6.83099985123
72 6.84200000763
73 6.86100006104
74 6.79199981689
75 6.63000011444
76 6.507999897
77 6.38899993896
78 6.257999897
79 6.17000007629
80 5.23699998856
81 4.96999979019
82 4.84000015259
83 4.76700019836
84 4.67500019073
85 4.59800004959
86 4.54500007629
87 4.47300004959
88 4.40700006485
89 4.34399986267
90 4.27899980545
91 4.20399999619
92 4.13899993896
93 4.10300016403
94 4.02199983597
95 3.97799992561
96 3.94099998474
97 3.88100004196
98 3.84400010109
99 3.79999995232
100 3.76799988747
101 3.8029999733
102 3.80599999428
103 3.85700011253
104 3.8599998951
105 3.90300011635
106 3.92600011826
107 3.95700001717
108 3.92600011826
109 3.88599991798
110 3.8259999752
111 3.81699991226
112 3.76799988747
113 3.73300004005
114 3.68499994278
115 3.66499996185
116 3.61400008202
117 3.58400011063
118 3.56599998474
119 3.54299998283
120 3.48900008202
121 3.46099996567
122 3.44400000572
123 3.42300009727
124 3.40400004387
125 3.39700007439
126 3.4240000248
127 3.44400000572
128 3.49900007248
129 3.53900003433
130 3.57800006866
131 3.61299991608
132 3.66499996185
133 4.007999897
134 4.05800008774
135 4.08900022507
136 4.13000011444
137 4.15999984741
138 4.16400003433
139 4.21999979019
140 4.24399995804
141 4.26300001144
142 4.32700014114
143 4.35300016403
144 4.38100004196
145 4.42399978638
146 4.46999979019
147 4.49599981308
148 4.52199983597
149 4.54600000381
150 4.54899978638
151 4.18800020218
152 4.29199981689
153 4.49100017548
154 3.26799988747
155 3.41100001335
156 4.72300004959
157 4.61199998856
158 4.55900001526
159 4.80700016022
160 4.83099985123
161 4.86499977112
162 4.89499998093
163 4.92899990082
164 4.95900011063
165 5.00500011444
166 5.01399993896
167 5.02799987793
168 3.16499996185
169 3.20799994469
170 3.37400007248
171 4.11299991608
172 4.92000007629
173 4.88700008392
174 4.85500001907
175 4.84499979019
176 4.82000017166
177 4.82800006866
178 4.84000015259
179 4.84999990463
180 4.86299991608
181 4.90199995041
182 4.81599998474
183 5.32399988174
184 5.47599983215
185 5.47599983215
186 5.4889998436
187 5.50899982452
188 4.59000015259
189 4.56300020218
190 5.55999994278
191 5.59700012207
192 3.6400001049
193 3.52900004387
194 4.07899999619
195 4.05100011826
196 5.6970000267
197 5.71500015259
198 5.73400020599
199 5.75500011444
200 5.77899980545
201 5.79300022125
202 5.8029999733
203 5.82600021362
204 5.84800004959
205 5.84399986267
206 5.88100004196
207 5.87599992752
208 5.89499998093
209 5.91499996185
210 5.90299987793
211 5.94600009918
212 5.52600002289
213 5.09700012207
214 5.03000020981
215 5.04099988937
216 5.02600002289
217 5.05000019073
218 5.03299999237
219 5.04600000381
220 5.1139998436
221 5.69899988174
222 5.382999897
223 5.22300004959
224 5.27299976349
225 5.36800003052
226 5.35799980164
227 5.34800004959
228 5.26900005341
229 5.32600021362
230 5.58599996567
231 6.00600004196
232 6.1859998703
233 6.19600009918
234 6.21000003815
235 6.21500015259
236 6.21500015259
237 6.21199989319
238 6.22200012207
239 6.21899986267
240 6.23799991608
241 6.24300003052
242 6.22599983215
243 6.23099994659
244 6.23000001907
245 6.22100019455
246 6.22900009155
247 6.22599983215
248 6.24100017548
249 6.24900007248
250 6.24800014496
251 6.24300003052
252 6.26000022888
253 6.257999897
254 6.27099990845
255 6.28700017929
256 6.25299978256
257 6.24100017548
258 6.25299978256
259 6.25299978256
260 6.24300003052
261 6.23400020599
262 6.22399997711
263 6.23299980164
264 6.21700000763
265 6.21700000763
266 6.21600008011
267 6.21700000763
268 6.20100021362
269 6.21600008011
270 6.23000001907
271 6.22599983215
272 6.21899986267
273 6.12699985504
274 5.84800004959
275 5.79400014877
276 5.76000022888
277 5.73500013351
278 5.71999979019
279 5.72200012207
280 5.74100017548
281 5.78100013733
282 5.79799985886
283 5.95800018311
284 6.06699991226
285 6.07100009918
286 6.0720000267
287 6.07299995422
288 6.05800008774
289 6.06300020218
290 6.01900005341
291 6.01200008392
292 5.99800014496
293 5.96700000763
294 5.9439997673
295 5.92999982834
296 5.92000007629
297 5.90799999237
298 5.89699983597
299 5.88399982452
300 5.86999988556
301 5.84499979019
302 5.84499979019
303 5.81300020218
304 5.79400014877
305 5.78399991989
306 5.79400014877
307 5.76900005341
308 5.757999897
309 5.72599983215
310 5.68400001526
311 5.66900014877
312 5.64699983597
313 5.63199996948
314 5.59600019455
315 5.57100009918
316 5.18699979782
317 4.8860001564
318 5.47300004959
319 5.50600004196
320 5.48199987411
321 5.46400022507
322 5.45200014114
323 5.42600011826
324 5.40000009537
325 5.34600019455
326 5.02400016785
327 5.3189997673
328 5.29600000381
329 4.37099981308
330 4.04400014877
331 4.125
332 5.00899982452
333 5.16900014877
334 5.132999897
335 5.125
336 5.09000015259
337 5.0689997673
338 5.04400014877
339 5.01900005341
340 4.95599985123
341 4.80900001526
342 4.96199989319
343 4.93200016022
344 4.89599990845
345 4.86999988556
346 4.82600021362
347 4.70100021362
348 4.56699991226
349 4.73500013351
350 4.70100021362
351 4.68200016022
352 4.64300012589
353 4.61299991608
354 4.59800004959
355 4.55999994278
356 4.29199981689
357 4.34899997711
358 4.492000103
359 4.46199989319
360 4.44600009918
361 4.41599988937
362 4.39099979401
363 4.36299991608
364 4.32700014114
365 4.26599979401
366 4.2389998436
367 4.20300006866
368 4.18400001526
369 4.13800001144
370 4.11000013351
371 4.07299995422
372 4.06199979782
373 4.03000020981
374 3.9960000515
375 3.94899988174
376 3.92499995232
377 3.89700007439
378 3.88499999046
379 3.84999990463
380 3.82100009918
381 3.73099994659
382 3.63700008392
383 3.59599995613
384 3.5680000782
385 3.51799988747
386 3.48799991608
387 3.46399998665
388 3.43300008774
389 3.38700008392
390 3.375
391 3.34800004959
392 3.31699991226
393 3.27300000191
394 3.24699997902
395 3.25699996948
396 3.29200005531
397 3.31699991226
398 3.36599993706
399 3.40400004387
400 3.44400000572
401 3.48399996758
402 3.52200007439
403 3.55599999428
404 3.59899997711
405 3.63199996948
406 3.67899990082
407 3.71399998665
408 3.74799990654
409 3.79800009727
410 3.84699988365
411 3.87800002098
412 3.94899988174
413 3.97900009155
414 4.04400014877
415 4.12900018692
416 4.17000007629
417 4.24399995804
418 4.28999996185
419 4.382999897
420 4.45200014114
421 4.52199983597
422 4.59999990463
423 4.66400003433
424 4.73400020599
425 4.81199979782
426 4.89799976349
427 5.02199983597
428 5.11499977112
429 5.21500015259
430 5.32999992371
431 5.42600011826
432 5.52199983597
433 5.64900016785
434 5.74599981308
435 5.89099979401
436 6.01900005341
437 6.15999984741
438 6.30800008774
439 6.47200012207
440 6.5
441 6.60099983215
442 6.47200012207
443 3.0720000267
444 3.05100011826
445 3.04600000381
446 3.04299998283
447 3.03200006485
448 3.02500009537
449 2.99900007248
450 2.9960000515
451 3.00200009346
452 3.00500011444
453 3.0
454 2.96900010109
455 2.98600006104
456 2.97000002861
457 2.97000002861
458 2.95199990273
459 2.94899988174
460 2.94799995422
461 2.96099996567
462 2.9430000782
463 2.93600010872
464 2.93899989128
465 2.93700003624
466 2.9430000782
467 2.91499996185
468 2.91199994087
469 2.91199994087
470 2.66000008583
471 2.64199995995
472 2.64899992943
473 2.64700007439
474 0.944000005722
475 0.723999977112
476 0.717000007629
477 0.930999994278
478 2.65199995041
479 2.64599990845
480 2.64599990845
481 2.65000009537
482 2.65300011635
483 2.65000009537
484 2.66300010681
485 2.65799999237
486 2.66499996185
487 2.66499996185
488 2.67300009727
489 2.67199993134
490 2.84100008011
491 2.92100000381
492 2.94099998474
493 2.93000006676
494 2.93700003624
495 2.9470000267
496 2.94600009918
497 2.94499993324
498 2.96799993515
499 2.98200011253
500 2.97600007057
501 2.98600006104
502 2.97099995613
503 2.99799990654
504 3.0
505 3.01600003242
506 3.02399992943
507 3.00500011444
508 3.03699994087
509 3.03600001335
510 3.01999998093
511 3.04600000381
512 3.0529999733
513 3.0680000782
514 3.08800005913
515 3.0720000267
516 3.09100008011
517 3.10899996758
518 3.10700011253
519 3.125
520 3.13599991798
521 3.13199996948
522 3.16000008583
523 3.16899991035
524 0.92199999094
525 0.916999995708
526 0.916000008583
527 0.933000028133
528 3.04500007629
529 2.98600006104
530 2.93899989128
531 2.88199996948
532 2.82399988174
533 2.78600001335
534 2.73900008202
535 2.70799994469
536 2.97000002861
537 2.92600011826
538 0.0
539 0.0
540 0.0
