0 4.50699996948
1 4.43300008774
2 4.44600009918
3 4.47800016403
4 4.54099988937
5 4.65299987793
6 4.68699979782
7 4.71400022507
8 4.74300003052
9 4.77199983597
10 4.78499984741
11 4.82399988174
12 4.87200021744
13 4.90500020981
14 4.9310002327
15 4.92899990082
16 4.84600019455
17 4.86000013351
18 4.88100004196
19 4.96099996567
20 5.14699983597
21 5.1810002327
22 5.22499990463
23 5.27899980545
24 5.30900001526
25 5.34800004959
26 5.39200019836
27 5.45300006866
28 5.49900007248
29 5.54699993134
30 5.59200000763
31 5.65000009537
32 5.64300012589
33 0.0
34 17.138999939
35 17.1439990997
36 17.1529998779
37 0.0
38 0.0
39 0.0
40 17.2299995422
41 17.156999588
42 17.0729999542
43 16.9939994812
44 16.5289993286
45 16.5480003357
46 16.5259990692
47 13.1610002518
48 13.0679998398
49 12.3310003281
50 11.9280004501
51 11.5869998932
52 11.6079998016
53 11.611000061
54 11.6049995422
55 11.3549995422
56 10.9960002899
57 10.468000412
58 10.1049995422
59 8.33100032806
60 8.34399986267
61 8.1920003891
62 7.90899991989
63 7.63700008392
64 7.46199989319
65 7.24900007248
66 7.06599998474
67 6.89900016785
68 6.79600000381
69 6.76999998093
70 6.80700016022
71 6.82700014114
72 6.85400009155
73 6.87400007248
74 6.80100011826
75 6.64400005341
76 6.51999998093
77 6.38700008392
78 6.25899982452
79 6.13800001144
80 5.23099994659
81 4.96299982071
82 4.85799980164
83 4.76700019836
84 4.69000005722
85 4.60200023651
86 4.55100011826
87 4.4470000267
88 4.38100004196
89 4.32499980927
90 4.26900005341
91 4.23199987411
92 4.13999986649
93 4.10500001907
94 4.03599977493
95 3.99099993706
96 3.91499996185
97 3.89400005341
98 3.83100008965
99 3.78500008583
100 3.76300001144
101 3.78299999237
102 3.82399988174
103 3.85599994659
104 3.87700009346
105 3.92000007629
106 3.94400000572
107 3.9470000267
108 3.91100001335
109 3.86500000954
110 3.83100008965
111 3.79800009727
112 3.76699995995
113 3.72199988365
114 3.68099999428
115 3.66300010681
116 3.63599991798
117 3.59699988365
118 3.56699991226
119 3.52300000191
120 3.50500011444
121 3.46199989319
122 3.44199991226
123 3.42000007629
124 3.40799999237
125 3.38199996948
126 3.4319999218
127 3.45700001717
128 3.49099993706
129 3.52200007439
130 3.55100011826
131 3.60100007057
132 3.6740000248
133 4.03900003433
134 4.07700014114
135 4.09100008011
136 4.12900018692
137 4.16200017929
138 4.1939997673
139 4.1970000267
140 4.24399995804
141 4.27299976349
142 4.3220000267
143 4.35300016403
144 4.39400005341
145 4.39599990845
146 4.45499992371
147 4.492000103
148 4.51499986649
149 4.51200008392
150 4.55000019073
151 4.19299983978
152 4.30100011826
153 4.60900020599
154 3.25600004196
155 3.42700004578
156 4.71000003815
157 4.59800004959
158 4.55499982834
159 4.79699993134
160 4.8189997673
161 4.86199998856
162 4.90299987793
163 4.9279999733
164 4.95599985123
165 5.00299978256
166 5.01900005341
167 5.05000019073
168 3.12199997902
169 3.23200011253
170 3.36299991608
171 4.09600019455
172 4.92500019073
173 4.88100004196
174 4.83900022507
175 4.84100008011
176 4.81699991226
177 4.83400011063
178 4.83099985123
179 4.85599994659
180 4.87699985504
181 4.89699983597
182 4.82399988174
183 5.3220000267
184 5.46700000763
185 5.48000001907
186 5.50400018692
187 5.50199985504
188 4.60400009155
189 4.58500003815
190 5.5689997673
191 5.59499979019
192 3.64599990845
193 3.52800011635
194 4.0609998703
195 4.07600021362
196 5.67299985886
197 5.6939997673
198 5.73099994659
199 5.76999998093
200 5.79199981689
201 5.81799983978
202 5.8220000267
203 5.82700014114
204 5.84000015259
205 5.85400009155
206 5.867000103
207 5.89400005341
208 5.90500020981
209 5.92500019073
210 5.9310002327
211 5.93499994278
212 5.49499988556
213 5.08699989319
214 5.04899978638
215 5.04500007629
216 5.0529999733
217 5.03100013733
218 5.03599977493
219 5.03299999237
220 5.11899995804
221 5.73500013351
222 5.38100004196
223 5.23199987411
224 5.28299999237
225 5.35300016403
226 5.33599996567
227 5.34999990463
228 5.26399993896
229 5.32000017166
230 5.57700014114
231 5.99700021744
232 6.16400003433
233 6.18800020218
234 6.19899988174
235 6.21000003815
236 6.23500013351
237 6.2389998436
238 6.22399997711
239 6.21600008011
240 6.22100019455
241 6.21299982071
242 6.23199987411
243 6.22200012207
244 6.22399997711
245 6.23099994659
246 6.25500011444
247 6.23199987411
248 6.25500011444
249 6.25299978256
250 6.23799991608
251 6.26800012589
252 6.26900005341
253 6.25299978256
254 6.27199983597
255 6.27600002289
256 6.26200008392
257 6.27699995041
258 6.25
259 6.23099994659
260 6.22499990463
261 6.24599981308
262 6.23999977112
263 6.21999979019
264 6.23099994659
265 6.2389998436
266 6.22399997711
267 6.22300004959
268 6.21199989319
269 6.20599985123
270 6.21600008011
271 6.21700000763
272 6.21899986267
273 6.13800001144
274 5.84299993515
275 5.78200006485
276 5.74900007248
277 5.72800016403
278 5.71999979019
279 5.71799993515
280 5.73400020599
281 5.7610001564
282 5.81300020218
283 5.94899988174
284 6.09000015259
285 6.07700014114
286 6.05399990082
287 6.05499982834
288 6.04400014877
289 6.03399991989
290 6.03999996185
291 6.01999998093
292 5.99100017548
293 5.99100017548
294 5.96500015259
295 5.93300008774
296 5.92399978638
297 5.90700006485
298 5.90299987793
299 5.87400007248
300 5.84100008011
301 5.83199977875
302 5.84000015259
303 5.80399990082
304 5.82100009918
305 5.79400014877
306 5.78499984741
307 5.77699995041
308 5.72800016403
309 5.71799993515
310 5.69000005722
311 5.68200016022
312 5.65600013733
313 5.617000103
314 5.59800004959
315 5.57299995422
316 5.21799993515
317 4.89499998093
318 5.46600008011
319 5.49399995804
320 5.47599983215
321 5.47499990463
322 5.45900011063
323 5.41900014877
324 5.42100000381
325 5.34800004959
326 5.03399991989
327 5.31500005722
328 5.29300022125
329 4.37400007248
330 4.07399988174
331 4.12200021744
332 5.02600002289
333 5.16300010681
334 5.132999897
335 5.10300016403
336 5.09000015259
337 5.07499980927
338 5.04400014877
339 5.01599979401
340 4.93699979782
341 4.80700016022
342 4.95900011063
343 4.92999982834
344 4.91300010681
345 4.86899995804
346 4.83099985123
347 4.71600008011
348 4.57399988174
349 4.73299980164
350 4.70900011063
351 4.67299985886
352 4.63199996948
353 4.62099981308
354 4.58199977875
355 4.56699991226
356 4.30999994278
357 4.35699987411
358 4.49700021744
359 4.46000003815
360 4.42299985886
361 4.42399978638
362 4.38199996948
363 4.36199998856
364 4.31799983978
365 4.28399991989
366 4.22399997711
367 4.21600008011
368 4.18200016022
369 4.13800001144
370 4.09000015259
371 4.09200000763
372 4.04099988937
373 4.02699995041
374 3.99399995804
375 3.96499991417
376 3.91700005531
377 3.88899993896
378 3.86899995804
379 3.85199999809
380 3.80999994278
381 3.70199990273
382 3.61800003052
383 3.58999991417
384 3.56900000572
385 3.53500008583
386 3.48900008202
387 3.46300005913
388 3.42100000381
389 3.40199995041
390 3.36199998856
391 3.34500002861
392 3.29999995232
393 3.28299999237
394 3.27300000191
395 3.27099990845
396 3.30399990082
397 3.32399988174
398 3.37400007248
399 3.40799999237
400 3.43300008774
401 3.47699999809
402 3.5150001049
403 3.5680000782
404 3.60500001907
405 3.6400001049
406 3.68499994278
407 3.72900009155
408 3.73799991608
409 3.77500009537
410 3.83299994469
411 3.88899993896
412 3.93499994278
413 4.00299978256
414 4.06599998474
415 4.11600017548
416 4.17100000381
417 4.22499990463
418 4.30000019073
419 4.37400007248
420 4.44500017166
421 4.52699995041
422 4.59600019455
423 4.66699981689
424 4.74599981308
425 4.80499982834
426 4.91499996185
427 5.01499986649
428 5.10200023651
429 5.22200012207
430 5.3109998703
431 5.42500019073
432 5.53800010681
433 5.64499998093
434 5.75600004196
435 5.875
436 6.02299976349
437 6.16599988937
438 6.30000019073
439 6.48000001907
440 6.49599981308
441 6.59600019455
442 6.45599985123
443 3.08299994469
444 3.05800008774
445 3.02999997139
446 3.02300000191
447 3.01600003242
448 3.02300000191
449 3.02099990845
450 3.00699996948
451 3.00099992752
452 3.00200009346
453 2.97699999809
454 2.97199988365
455 2.96900010109
456 2.98600006104
457 2.95700001717
458 2.94899988174
459 2.94199991226
460 2.9430000782
461 2.93899989128
462 2.95300006866
463 2.93300008774
464 2.93400001526
465 2.94099998474
466 2.93600010872
467 2.92199993134
468 2.93499994278
469 2.91400003433
470 2.67199993134
471 2.65199995041
472 2.61500000954
473 2.65700006485
474 0.943000018597
475 0.721000015736
476 0.717000007629
477 0.926999986172
478 2.66000008583
479 2.6400001049
480 2.65100002289
481 2.62800002098
482 2.63599991798
483 2.65199995041
484 2.66000008583
485 2.65899991989
486 2.65100002289
487 2.6740000248
488 2.67300009727
489 2.6740000248
490 2.83899998665
491 2.93099999428
492 2.93400001526
493 2.94099998474
494 2.9470000267
495 2.94499993324
496 2.94099998474
497 2.96900010109
498 2.97099995613
499 2.97600007057
500 2.97300004959
501 2.97000002861
502 2.98200011253
503 2.98300004005
504 3.01399993896
505 3.01200008392
506 3.01399993896
507 3.00099992752
508 3.04200005531
509 3.02699995041
510 3.02900004387
511 3.03500008583
512 3.04399991035
513 3.07100009918
514 3.08500003815
515 3.08699989319
516 3.10299992561
517 3.09100008011
518 3.11199998856
519 3.125
520 3.125
521 3.15700006485
522 3.16000008583
523 3.17000007629
524 0.929000020027
525 0.912999987602
526 0.917999982834
527 0.941999971867
528 3.04299998283
529 2.98099994659
530 2.93400001526
531 2.867000103
532 2.83299994469
533 2.77200007439
534 2.73900008202
535 2.71900010109
536 2.96799993515
537 2.91300010681
538 0.0
539 0.0
540 0.0
