0 4.51700019836
1 4.42899990082
2 4.44299983978
3 4.46700000763
4 4.52299976349
5 4.65799999237
6 4.68499994278
7 4.72100019455
8 4.72800016403
9 4.77299976349
10 4.79300022125
11 4.82299995422
12 4.85300016403
13 4.89599990845
14 4.93200016022
15 4.94500017166
16 4.83599996567
17 4.84399986267
18 4.87900018692
19 4.97100019455
20 5.13999986649
21 5.1810002327
22 5.22900009155
23 5.27899980545
24 5.30800008774
25 5.35699987411
26 5.40199995041
27 5.4470000267
28 5.50400018692
29 5.53599977493
30 5.59100008011
31 5.6360001564
32 5.64799976349
33 0.0
34 17.1560001373
35 17.1490001678
36 17.1480007172
37 0.0
38 0.0
39 0.0
40 17.2409992218
41 17.1760005951
42 17.0699996948
43 17.0100002289
44 16.5370006561
45 16.5440006256
46 16.5249996185
47 13.1649999619
48 13.0869998932
49 12.3240003586
50 11.9479999542
51 11.5830001831
52 11.5900001526
53 11.625
54 11.6180000305
55 11.3620004654
56 11.0100002289
57 10.4659996033
58 10.107000351
59 8.31900024414
60 8.32600021362
61 8.19299983978
62 7.88700008392
63 7.61800003052
64 7.44000005722
65 7.23600006104
66 7.05700016022
67 6.90399980545
68 6.78499984741
69 6.77600002289
70 6.80800008774
71 6.81699991226
72 6.85300016403
73 6.86499977112
74 6.79799985886
75 6.64900016785
76 6.50600004196
77 6.38399982452
78 6.25699996948
79 6.15999984741
80 5.23600006104
81 4.96099996567
82 4.83900022507
83 4.76599979401
84 4.68800020218
85 4.60400009155
86 4.54799985886
87 4.47599983215
88 4.39799976349
89 4.33599996567
90 4.27199983597
91 4.20900011063
92 4.15299987793
93 4.08599996567
94 4.02099990845
95 3.98000001907
96 3.94000005722
97 3.89599990845
98 3.84800004959
99 3.79999995232
100 3.78699994087
101 3.7990000248
102 3.81999993324
103 3.82999992371
104 3.85899996758
105 3.89800000191
106 3.93099999428
107 3.96300005913
108 3.93300008774
109 3.89100003242
110 3.84400010109
111 3.81299996376
112 3.76600003242
113 3.73600006104
114 3.69799995422
115 3.66899991035
116 3.61199998856
117 3.58599996567
118 3.5680000782
119 3.53999996185
120 3.50600004196
121 3.47399997711
122 3.44499993324
123 3.4240000248
124 3.39100003242
125 3.38100004196
126 3.4240000248
127 3.4319999218
128 3.49499988556
129 3.52600002289
130 3.56399989128
131 3.61599993706
132 3.67000007629
133 4.01300001144
134 4.05900001526
135 4.09399986267
136 4.13100004196
137 4.16599988937
138 4.17999982834
139 4.22599983215
140 4.25899982452
141 4.27400016785
142 4.31799983978
143 4.32299995422
144 4.37699985504
145 4.41599988937
146 4.46500015259
147 4.47900009155
148 4.50699996948
149 4.53999996185
150 4.54600000381
151 4.20599985123
152 4.28599977493
153 0.0
154 3.26799988747
155 3.40400004387
156 4.70699977875
157 4.60400009155
158 4.56599998474
159 4.80499982834
160 4.83599996567
161 4.86499977112
162 4.89300012589
163 4.92399978638
164 4.96299982071
165 4.99700021744
166 5.02099990845
167 5.04300022125
168 3.13100004196
169 3.24499988556
170 3.36400008202
171 4.117000103
172 4.90999984741
173 4.87599992752
174 4.85300016403
175 4.82299995422
176 4.81199979782
177 4.82700014114
178 4.84000015259
179 4.85200023651
180 4.8639998436
181 4.90600013733
182 4.8060002327
183 5.33699989319
184 5.46099996567
185 5.48600006104
186 5.4889998436
187 5.51900005341
188 4.60200023651
189 4.56799983978
190 5.54899978638
191 5.59399986267
192 3.64199995995
193 3.52600002289
194 4.0689997673
195 4.03900003433
196 5.6970000267
197 5.73000001907
198 5.71799993515
199 5.76700019836
200 5.78800010681
201 5.8189997673
202 5.81699991226
203 5.82999992371
204 5.84100008011
205 5.84800004959
206 5.86199998856
207 5.88199996948
208 5.87900018692
209 5.91599988937
210 5.93300008774
211 5.94199991226
212 5.51000022888
213 5.08599996567
214 5.03299999237
215 5.04899978638
216 5.04600000381
217 5.03499984741
218 5.02699995041
219 5.03000020981
220 5.132999897
221 5.73699998856
222 5.3860001564
223 5.22900009155
224 5.27799987793
225 5.35200023651
226 5.34100008011
227 5.36000013351
228 5.26200008392
229 5.30700016022
230 5.55000019073
231 6.03000020981
232 6.15899991989
233 6.17899990082
234 6.20300006866
235 6.19999980927
236 6.23799991608
237 6.21899986267
238 6.23400020599
239 6.24100017548
240 6.22200012207
241 6.22599983215
242 6.23199987411
243 6.22300004959
244 6.24100017548
245 6.23000001907
246 6.22900009155
247 6.25400018692
248 6.25199985504
249 6.26000022888
250 6.26599979401
251 6.26200008392
252 6.25299978256
253 6.25400018692
254 6.2610001564
255 6.27099990845
256 6.26999998093
257 6.25099992752
258 6.25600004196
259 6.25199985504
260 6.25500011444
261 6.23500013351
262 6.21099996567
263 6.21999979019
264 6.21799993515
265 6.22100019455
266 6.21700000763
267 6.21099996567
268 6.20399999619
269 6.22900009155
270 6.21199989319
271 6.19999980927
272 6.22499990463
273 6.1139998436
274 5.83500003815
275 5.79899978638
276 5.77299976349
277 5.72200012207
278 5.72200012207
279 5.72900009155
280 5.75099992752
281 5.75600004196
282 5.80000019073
283 5.94500017166
284 6.07299995422
285 6.07600021362
286 6.0689997673
287 6.05399990082
288 6.05399990082
289 6.05000019073
290 6.04400014877
291 6.01300001144
292 5.99599981308
293 5.96000003815
294 5.94299983978
295 5.92000007629
296 5.93300008774
297 5.91200017929
298 5.89799976349
299 5.87599992752
300 5.85599994659
301 5.84000015259
302 5.84600019455
303 5.82399988174
304 5.78800010681
305 5.79400014877
306 5.78700017929
307 5.77899980545
308 5.74700021744
309 5.72300004959
310 5.69899988174
311 5.66400003433
312 5.64499998093
313 5.62200021744
314 5.59899997711
315 5.5609998703
316 5.21600008011
317 4.89400005341
318 5.492000103
319 5.50199985504
320 5.48000001907
321 5.45699977875
322 5.44600009918
323 5.44000005722
324 5.40799999237
325 5.33099985123
326 5.02400016785
327 5.3060002327
328 5.3109998703
329 4.35500001907
330 4.03700017929
331 4.10799980164
332 5.02199983597
333 5.15700006485
334 5.132999897
335 5.11499977112
336 5.08599996567
337 5.06300020218
338 5.04899978638
339 5.01499986649
340 4.9439997673
341 4.80999994278
342 4.95599985123
343 4.9390001297
344 4.90799999237
345 4.86499977112
346 4.83599996567
347 4.71899986267
348 4.55399990082
349 4.72200012207
350 4.69999980927
351 4.67899990082
352 4.64699983597
353 4.617000103
354 4.59800004959
355 4.55700016022
356 4.30399990082
357 4.367000103
358 4.48600006104
359 4.46099996567
360 4.4390001297
361 4.41800022125
362 4.39599990845
363 4.36100006104
364 4.31199979782
365 4.29400014877
366 4.25299978256
367 4.21799993515
368 4.17299985886
369 4.12799978256
370 4.08400011063
371 4.07800006866
372 4.05900001526
373 4.00899982452
374 3.9849998951
375 3.95799994469
376 3.93400001526
377 3.89700007439
378 3.88000011444
379 3.85299992561
380 3.81500005722
381 3.72399997711
382 3.625
383 3.59500002861
384 3.57699990273
385 3.53999996185
386 3.49399995804
387 3.45900011063
388 3.43400001526
389 3.40899991989
390 3.35700011253
391 3.33500003815
392 3.31100010872
393 3.27300000191
394 3.26200008392
395 3.27399992943
396 3.29800009727
397 3.34599995613
398 3.37700009346
399 3.40700006485
400 3.44400000572
401 3.49099993706
402 3.52099990845
403 3.53999996185
404 3.60199999809
405 3.64299988747
406 3.69099998474
407 3.70199990273
408 3.73200011253
409 3.77399992943
410 3.81699991226
411 3.87599992752
412 3.9240000248
413 3.98000001907
414 4.06699991226
415 4.13100004196
416 4.17999982834
417 4.24100017548
418 4.28800010681
419 4.36899995804
420 4.4390001297
421 4.51999998093
422 4.60200023651
423 4.66099977493
424 4.7389998436
425 4.80200004578
426 4.91099977493
427 5.01000022888
428 5.10500001907
429 5.22200012207
430 5.32000017166
431 5.42999982834
432 5.51300001144
433 5.64499998093
434 5.74900007248
435 5.89799976349
436 6.01700019836
437 6.16099977493
438 6.30399990082
439 6.46899986267
440 6.507999897
441 6.61600017548
442 6.46000003815
443 3.06100010872
444 3.04399991035
445 3.0490000248
446 3.02399992943
447 3.01300001144
448 3.00699996948
449 3.02200007439
450 3.01399993896
451 3.0039999485
452 2.98399996758
453 2.98799991608
454 2.99300003052
455 2.97300004959
456 2.98799991608
457 2.9509999752
458 2.97499990463
459 2.94799995422
460 2.97300004959
461 2.94400000572
462 2.9319999218
463 2.95799994469
464 2.94400000572
465 2.9279999733
466 2.91899991035
467 2.91799998283
468 2.91799998283
469 2.91300010681
470 2.67499995232
471 2.632999897
472 2.66400003433
473 2.63800001144
474 0.934000015259
475 0.699999988079
476 0.708000004292
477 0.921000003815
478 2.64899992943
479 2.65199995041
480 2.64499998093
481 2.64299988747
482 2.65100002289
483 2.63800001144
484 2.63800001144
485 2.65899991989
486 2.66499996185
487 2.65300011635
488 2.66499996185
489 2.6740000248
490 2.83800005913
491 2.92899990082
492 2.93600010872
493 2.94499993324
494 2.93600010872
495 2.95000004768
496 2.95000004768
497 2.9470000267
498 2.95399999619
499 2.97900009155
500 2.98099994659
501 2.96300005913
502 3.00099992752
503 2.98200011253
504 2.98699998856
505 3.00099992752
506 3.00500011444
507 3.00099992752
508 3.01200008392
509 3.01999998093
510 3.04200005531
511 3.03299999237
512 3.05399990082
513 3.05500006676
514 3.05999994278
515 3.09100008011
516 3.08599996567
517 3.10299992561
518 3.117000103
519 3.13000011444
520 3.12800002098
521 3.12700009346
522 3.15400004387
523 3.17499995232
524 0.931999981403
525 0.908999979496
526 0.922999978065
527 0.947000026703
528 3.04800009727
529 2.97000002861
530 2.93300008774
531 2.88400006294
532 2.84100008011
533 2.79099988937
534 2.73799991608
535 2.69600009918
536 2.95199990273
537 2.91700005531
538 0.0
539 0.0
540 0.0
