0 4.507999897
1 4.42600011826
2 4.43800020218
3 4.46600008011
4 4.53200006485
5 4.64799976349
6 4.68300008774
7 4.71000003815
8 4.72700023651
9 4.76200008392
10 4.79500007629
11 4.82800006866
12 4.86100006104
13 4.88199996948
14 4.91499996185
15 4.93800020218
16 4.83599996567
17 4.83500003815
18 4.89300012589
19 4.96500015259
20 5.15000009537
21 5.18400001526
22 5.22599983215
23 5.27199983597
24 5.31799983978
25 5.35400009155
26 5.39499998093
27 5.44899988174
28 5.49499988556
29 5.55000019073
30 5.57999992371
31 5.64400005341
32 5.65700006485
33 0.0
34 17.1469993591
35 17.1350002289
36 17.1550006866
37 0.0
38 0.0
39 0.0
40 17.2399997711
41 17.1660003662
42 17.0529994965
43 16.9950008392
44 16.5249996185
45 16.5349998474
46 16.5189990997
47 13.140999794
48 13.0769996643
49 12.3439998627
50 11.9259996414
51 11.5810003281
52 11.5979995728
53 11.6359996796
54 11.626999855
55 11.3459997177
56 10.9960002899
57 10.4670000076
58 10.1000003815
59 8.34000015259
60 8.34500026703
61 8.19400024414
62 7.91099977493
63 7.64099979401
64 7.44799995422
65 7.23099994659
66 7.07100009918
67 6.90299987793
68 6.79300022125
69 6.77600002289
70 6.79199981689
71 6.82100009918
72 6.85099983215
73 6.86800003052
74 6.79699993134
75 6.65000009537
76 6.52500009537
77 6.39799976349
78 6.24900007248
79 6.15199995041
80 5.23600006104
81 4.96600008011
82 4.84800004959
83 4.77199983597
84 4.68300008774
85 4.60400009155
86 4.53499984741
87 4.44999980927
88 4.40100002289
89 4.32800006866
90 4.26499986649
91 4.22100019455
92 4.14099979401
93 4.11800003052
94 4.05000019073
95 3.99399995804
96 3.94000005722
97 3.882999897
98 3.83599996567
99 3.77399992943
100 3.75600004196
101 3.79200005531
102 3.82399988174
103 3.85599994659
104 3.88400006294
105 3.91499996185
106 3.92899990082
107 3.93600010872
108 3.91199994087
109 3.89400005341
110 3.83999991417
111 3.8029999733
112 3.77300000191
113 3.73099994659
114 3.67700004578
115 3.67100000381
116 3.62400007248
117 3.60199999809
118 3.56599998474
119 3.51699995995
120 3.48900008202
121 3.46099996567
122 3.44600009918
123 3.42499995232
124 3.40100002289
125 3.38700008392
126 3.42499995232
127 3.44400000572
128 3.49699997902
129 3.50900006294
130 3.55900001526
131 3.61400008202
132 3.66400003433
133 4.02699995041
134 4.07600021362
135 4.10400009155
136 4.09999990463
137 4.132999897
138 4.17999982834
139 4.22900009155
140 4.24599981308
141 4.28299999237
142 4.32499980927
143 4.35900020599
144 4.36999988556
145 4.39599990845
146 4.46299982071
147 4.48699998856
148 4.50400018692
149 4.53200006485
150 4.53900003433
151 4.21199989319
152 4.30700016022
153 4.59700012207
154 3.24900007248
155 3.43700003624
156 4.71500015259
157 4.59399986267
158 4.55100011826
159 4.80399990082
160 4.83500003815
161 4.86299991608
162 4.88999986649
163 4.92000007629
164 4.95800018311
165 4.99399995804
166 5.02400016785
167 5.04300022125
168 3.11800003052
169 3.22799992561
170 3.382999897
171 4.12699985504
172 4.91300010681
173 4.88000011444
174 4.84399986267
175 4.84499979019
176 4.82000017166
177 4.83199977875
178 4.83699989319
179 4.85500001907
180 4.867000103
181 4.88800001144
182 4.81599998474
183 5.33599996567
184 5.45399999619
185 5.48199987411
186 5.50699996948
187 5.51300001144
188 4.60599994659
189 4.60200023651
190 5.57299995422
191 5.60900020599
192 3.64499998093
193 3.51699995995
194 4.06199979782
195 4.05800008774
196 5.6890001297
197 5.71999979019
198 5.74100017548
199 5.75400018692
200 5.79799985886
201 5.8060002327
202 5.82000017166
203 5.83599996567
204 5.85400009155
205 5.85099983215
206 5.867000103
207 5.88399982452
208 5.89799976349
209 5.89599990845
210 5.92999982834
211 5.93300008774
212 5.49800014496
213 5.11000013351
214 5.04899978638
215 5.04300022125
216 5.03000020981
217 5.05000019073
218 5.04099988937
219 5.04600000381
220 5.12400007248
221 5.72300004959
222 5.39900016785
223 5.21899986267
224 5.26399993896
225 5.33900022507
226 5.33599996567
227 5.33699989319
228 5.26900005341
229 5.29699993134
230 5.5720000267
231 6.00500011444
232 6.17299985886
233 6.1779999733
234 6.20499992371
235 6.19899988174
236 6.23699998856
237 6.22300004959
238 6.22800016403
239 6.22100019455
240 6.23999977112
241 6.22599983215
242 6.22599983215
243 6.22700023651
244 6.21999979019
245 6.24700021744
246 6.21999979019
247 6.22800016403
248 6.22100019455
249 6.23000001907
250 6.24100017548
251 6.26000022888
252 6.27500009537
253 6.26200008392
254 6.27600002289
255 6.27799987793
256 6.26499986649
257 6.23799991608
258 6.25099992752
259 6.23600006104
260 6.23799991608
261 6.24399995804
262 6.23600006104
263 6.23400020599
264 6.242000103
265 6.23000001907
266 6.21099996567
267 6.22100019455
268 6.20399999619
269 6.23600006104
270 6.21600008011
271 6.21799993515
272 6.21700000763
273 6.13399982452
274 5.85400009155
275 5.78599977493
276 5.76000022888
277 5.73500013351
278 5.71299982071
279 5.71600008011
280 5.74300003052
281 5.76499986649
282 5.80900001526
283 5.96099996567
284 6.08900022507
285 6.08199977875
286 6.0720000267
287 6.06599998474
288 6.04799985886
289 6.04600000381
290 6.03599977493
291 6.01900005341
292 5.99599981308
293 5.98400020599
294 5.94799995422
295 5.93300008774
296 5.91800022125
297 5.91599988937
298 5.90199995041
299 5.88700008392
300 5.85799980164
301 5.84800004959
302 5.83099985123
303 5.8220000267
304 5.8060002327
305 5.79500007629
306 5.77500009537
307 5.75199985504
308 5.757999897
309 5.72200012207
310 5.70399999619
311 5.67700004578
312 5.6360001564
313 5.625
314 5.60500001907
315 5.57600021362
316 5.21600008011
317 4.90199995041
318 5.45800018311
319 5.50099992752
320 5.48600006104
321 5.47200012207
322 5.4359998703
323 5.43300008774
324 5.41699981689
325 5.35200023651
326 5.02899980545
327 5.30100011826
328 5.28999996185
329 4.3860001564
330 4.07000017166
331 4.09700012207
332 5.02400016785
333 5.16800022125
334 5.13700008392
335 5.10099983215
336 5.09399986267
337 5.07100009918
338 5.03700017929
339 5.02899980545
340 4.94199991226
341 4.80900001526
342 4.95399999619
343 4.94199991226
344 4.89900016785
345 4.8639998436
346 4.84200000763
347 4.70699977875
348 4.55100011826
349 4.72300004959
350 4.70900011063
351 4.66400003433
352 4.64099979401
353 4.617000103
354 4.59399986267
355 4.57000017166
356 4.32499980927
357 4.37599992752
358 4.48600006104
359 4.44500017166
360 4.42500019073
361 4.4279999733
362 4.39300012589
363 4.35300016403
364 4.3140001297
365 4.29099988937
366 4.23699998856
367 4.21999979019
368 4.18699979782
369 4.11800003052
370 4.09399986267
371 4.07000017166
372 4.05800008774
373 4.01599979401
374 3.99099993706
375 3.94499993324
376 3.94099998474
377 3.90000009537
378 3.88899993896
379 3.86100006104
380 3.82899999619
381 3.71799993515
382 3.62199997902
383 3.61100006104
384 3.5759999752
385 3.52800011635
386 3.48300004005
387 3.46000003815
388 3.43000006676
389 3.40599989891
390 3.35500001907
391 3.32699990273
392 3.30399990082
393 3.27600002289
394 3.2539999485
395 3.26999998093
396 3.28500008583
397 3.33299994469
398 3.37299990654
399 3.39100003242
400 3.45000004768
401 3.47600007057
402 3.52699995041
403 3.56500005722
404 3.59599995613
405 3.64899992943
406 3.6819999218
407 3.72300004959
408 3.72600007057
409 3.77399992943
410 3.82500004768
411 3.882999897
412 3.94099998474
413 4.00500011444
414 4.0560002327
415 4.11199998856
416 4.16499996185
417 4.24900007248
418 4.32000017166
419 4.35500001907
420 4.42899990082
421 4.52600002289
422 4.59899997711
423 4.66699981689
424 4.73000001907
425 4.8060002327
426 4.90700006485
427 5.01599979401
428 5.10500001907
429 5.21299982071
430 5.31699991226
431 5.42299985886
432 5.52899980545
433 5.63700008392
434 5.75199985504
435 5.89200019836
436 6.01499986649
437 6.16499996185
438 6.32399988174
439 6.47700023651
440 6.50400018692
441 6.60599994659
442 6.45300006866
443 3.07800006866
444 3.04299998283
445 3.04299998283
446 3.03500008583
447 3.01699995995
448 3.02900004387
449 3.00699996948
450 2.992000103
451 3.0039999485
452 2.99499988556
453 2.97300004959
454 2.9849998951
455 2.98099994659
456 2.96000003815
457 2.96099996567
458 2.96399998665
459 2.93799996376
460 2.95499992371
461 2.93600010872
462 2.94499993324
463 2.93400001526
464 2.92700004578
465 2.95000004768
466 2.92300009727
467 2.91799998283
468 2.92100000381
469 2.90400004387
470 2.67100000381
471 2.64700007439
472 2.65899991989
473 2.6400001049
474 0.939999997616
475 0.698000013828
476 0.699000000954
477 0.927999973297
478 2.66700005531
479 2.64499998093
480 2.62400007248
481 2.63800001144
482 2.64899992943
483 2.6740000248
484 2.66100001335
485 2.65700006485
486 2.66599988937
487 2.66400003433
488 2.66199994087
489 2.65400004387
490 2.82100009918
491 2.93899989128
492 2.94600009918
493 2.95399999619
494 2.93400001526
495 2.94899988174
496 2.9509999752
497 2.94799995422
498 2.96700000763
499 2.96199989319
500 2.96300005913
501 2.98600006104
502 2.992000103
503 2.98099994659
504 3.01300001144
505 2.99499988556
506 2.99799990654
507 3.02399992943
508 3.01600003242
509 3.01900005341
510 3.04800009727
511 3.05999994278
512 3.04600000381
513 3.05500006676
514 3.06999993324
515 3.0680000782
516 3.09899997711
517 3.09100008011
518 3.12199997902
519 3.11999988556
520 3.13199996948
521 3.13400006294
522 3.14299988747
523 3.16499996185
524 0.929000020027
525 0.912999987602
526 0.925999999046
527 0.939999997616
528 3.04600000381
529 2.97199988365
530 2.93099999428
531 2.86899995804
532 2.83200001717
533 2.78299999237
534 2.7349998951
535 2.69899988174
536 2.94099998474
537 2.90599989891
538 0.0
539 0.0
540 0.0
