245 6.22200012207 0
244 6.23299980164 0
243 6.25400018692 0
242 6.22599983215 0
241 6.22800016403 0
240 6.23099994659 0
239 2.52699995041 1
238 2.51699995995 1
237 2.47099995613 1
236 2.34800004959 2
235 2.29500007629 2
234 2.28699994087 2
233 2.27300000191 2
232 2.27500009537 2
231 2.31100010872 2
230 2.28900003433 2
229 2.23900008202 2
228 2.22900009155 2
227 2.2539999485 2
226 2.2539999485 2
225 2.28500008583 2
224 2.27800011635 2
223 2.31999993324 2
222 2.3789999485 2
221 2.47900009155 2
220 2.46799993515 2
219 2.23300004005 3
218 2.0529999733 4
217 2.04399991035 4
216 2.00600004196 4
215 2.01399993896 4
214 2.01999998093 4
213 2.01799988747 4
212 2.01699995995 4
211 2.01699995995 4
210 2.02600002289 4
209 2.02099990845 4
208 2.02900004387 4
207 2.03099989891 4
206 2.02300000191 4
205 2.02600002289 4
204 2.03800010681 4
203 2.0150001049 4
202 2.02600002289 4
201 2.04299998283 4
200 2.05200004578 4
199 2.06599998474 4
198 5.72399997711 5
197 5.71299982071 5
196 5.68499994278 5
195 4.05100011826 6
194 4.07299995422 6
193 3.52600002289 7
192 3.64299988747 7
191 5.60200023651 8
190 5.55900001526 8
189 4.59999990463 9
188 4.61199998856 9
187 5.49599981308 10
186 5.49800014496 10
185 5.48199987411 10
