240 6.22800016403 0
239 2.52500009537 1
238 2.52699995041 1
237 2.45300006866 1
236 2.33299994469 2
235 2.30200004578 2
234 2.28699994087 2
233 2.27099990845 2
232 2.26099991798 2
231 2.30999994278 2
230 2.31200003624 2
229 2.26600003242 2
228 2.25099992752 2
227 2.25099992752 2
226 2.2460000515 2
225 2.27200007439 2
224 2.27399992943 2
223 2.29399991035 2
222 2.39199995995 2
221 2.48099994659 2
220 2.4960000515 2
219 2.22900009155 3
218 2.02200007439 4
217 2.0150001049 4
216 2.02399992943 4
215 2.01600003242 4
214 2.01900005341 4
213 2.0150001049 4
212 2.02600002289 4
211 2.01600003242 4
210 2.02099990845 4
209 2.02900004387 4
208 2.00600004196 4
207 2.00500011444 4
206 2.007999897 4
205 2.01999998093 4
204 2.03200006485 4
203 2.03800010681 4
202 2.03099989891 4
201 2.04399991035 4
200 2.05200004578 4
199 2.06200003624 4
198 5.72700023651 5
197 5.73099994659 5
196 5.69099998474 5
195 4.0720000267 6
194 4.06199979782 6
193 3.51799988747 7
192 3.65599989891 7
191 5.58799982071 8
190 5.55000019073 8
189 4.57399988174 9
188 4.59200000763 9
187 5.50899982452 10
