245 6.23099994659 0
244 6.23799991608 0
243 6.242000103 0
242 6.23400020599 0
241 6.22499990463 0
240 6.23199987411 0
239 2.52200007439 1
238 2.52999997139 1
237 2.4470000267 1
236 2.33100008965 2
235 2.30999994278 2
234 2.28299999237 2
233 2.27300000191 2
232 2.25999999046 2
231 2.31299996376 2
230 2.28500008583 2
229 2.23900008202 2
228 2.24799990654 2
227 2.26900005341 2
226 2.26099991798 2
225 2.26900005341 2
224 2.28600001335 2
223 2.30200004578 2
222 2.37800002098 2
221 2.47399997711 2
220 2.48799991608 2
219 2.20499992371 3
218 2.03999996185 4
217 2.02099990845 4
216 2.01799988747 4
215 2.02099990845 4
214 2.01099991798 4
213 2.00600004196 4
212 2.01600003242 4
211 2.00999999046 4
210 2.01300001144 4
209 2.02699995041 4
208 2.02399992943 4
207 2.02300000191 4
206 2.02699995041 4
205 2.02500009537 4
204 2.01300001144 4
203 2.04399991035 4
202 2.02099990845 4
201 2.04099988937 4
200 2.05399990082 4
199 2.07100009918 4
198 5.72499990463 5
197 5.70300006866 5
196 5.66900014877 5
195 4.04199981689 6
194 4.06500005722 6
193 3.52099990845 7
192 3.64700007439 7
191 5.59499979019 8
190 5.5640001297 8
189 4.57000017166 9
188 4.60200023651 9
187 5.49499988556 10
186 5.49800014496 10
185 5.46899986267 10
