242 6.22399997711 0
241 6.23099994659 0
240 6.24100017548 0
239 2.50099992752 1
238 2.51900005341 1
237 2.47199988365 1
236 2.34299993515 2
235 2.3180000782 2
234 2.30200004578 2
233 2.27200007439 2
232 2.27900004387 2
231 2.30599999428 2
230 2.27399992943 2
229 2.25999999046 2
228 2.23099994659 2
227 2.2650001049 2
226 2.27600002289 2
225 2.29200005531 2
224 2.27800011635 2
223 2.3180000782 2
222 2.3900001049 2
221 2.48900008202 2
220 2.49000000954 2
219 2.26099991798 3
218 2.04600000381 4
217 2.02600002289 4
216 2.01699995995 4
215 2.00999999046 4
214 2.02500009537 4
213 2.0 4
212 2.00300002098 4
211 2.0039999485 4
210 1.9960000515 4
209 2.01399993896 4
208 2.01699995995 4
207 2.0150001049 4
206 2.02699995041 4
205 2.02500009537 4
204 2.007999897 4
203 2.01300001144 4
202 2.03099989891 4
201 2.03099989891 4
200 2.03600001335 4
199 2.06399989128 4
198 5.73099994659 5
197 5.71000003815 5
196 5.67700004578 5
195 4.02899980545 6
194 4.05800008774 6
193 3.52699995041 7
192 3.65199995041 7
191 5.59600019455 8
190 5.57000017166 8
