240 6.23099994659 0
239 2.52699995041 1
238 2.52600002289 1
237 2.46099996567 1
236 2.3259999752 2
235 2.3069999218 2
234 2.28500008583 2
233 2.27500009537 2
232 2.26600003242 2
231 2.30999994278 2
230 2.28800010681 2
229 2.25699996948 2
228 2.24399995804 2
227 2.24000000954 2
226 2.2650001049 2
225 2.29399991035 2
224 2.2650001049 2
223 2.29399991035 2
222 2.38199996948 2
221 2.47199988365 2
220 2.48699998856 2
219 2.21600008011 3
218 2.04800009727 4
217 2.01799988747 4
216 2.03099989891 4
215 2.02099990845 4
214 2.00300002098 4
213 2.01900005341 4
212 2.0039999485 4
211 2.00600004196 4
210 2.00999999046 4
209 2.00900006294 4
208 2.01399993896 4
207 2.01799988747 4
206 2.02699995041 4
205 2.03699994087 4
204 2.02399992943 4
203 2.01799988747 4
202 2.03299999237 4
201 2.04600000381 4
200 2.07500004768 4
199 2.07899999619 4
198 5.73000001907 5
197 5.71400022507 5
196 5.68800020218 5
195 4.03999996185 6
194 4.0640001297 6
193 3.53299999237 7
192 3.64400005341 7
191 5.59000015259 8
190 5.5689997673 8
189 4.59299993515 9
188 4.59399986267 9
