240 6.23000001907 0
239 2.52300000191 1
238 2.51900005341 1
237 2.45399999619 1
236 2.34599995613 1
235 2.31500005722 1
234 2.28999996185 1
233 2.27699995041 1
232 2.26099991798 1
231 2.2990000248 1
230 2.3069999218 1
229 2.23699998856 1
228 2.22300004959 1
227 2.2650001049 1
226 2.28099989891 1
225 2.29299998283 1
224 2.28699994087 1
223 2.3029999733 1
222 2.37700009346 1
221 2.47099995613 1
220 2.47699999809 1
219 2.2009999752 2
218 2.00500011444 3
217 2.00999999046 3
216 2.02800011635 3
215 2.00900006294 3
214 2.01200008392 3
213 2.0 3
212 1.99800002575 3
211 2.02699995041 3
210 2.01900005341 3
209 2.00900006294 3
208 2.02600002289 3
207 2.02699995041 3
206 2.03299999237 3
205 2.03399991989 3
204 2.01799988747 3
203 2.01900005341 3
202 2.02200007439 3
201 2.03099989891 3
200 2.06599998474 3
199 2.08299994469 3
198 5.73999977112 4
197 5.69899988174 4
196 5.67399978638 4
195 4.02600002289 5
194 4.0640001297 5
193 3.51999998093 6
192 3.63599991798 6
191 5.59700012207 7
190 5.5720000267 7
189 4.57600021362 8
188 4.60099983215 8
