239 2.51600003242 0
238 2.51900005341 0
237 2.45000004768 0
236 2.3259999752 1
235 2.30599999428 1
234 2.26799988747 1
233 2.2650001049 1
232 2.26699995995 1
231 2.30100011826 1
230 2.27800011635 1
229 2.26900005341 1
228 2.24900007248 1
227 2.242000103 1
226 2.26600003242 1
225 2.26999998093 1
224 2.25999999046 1
223 2.28299999237 1
222 2.35700011253 1
221 2.47199988365 1
220 2.49300003052 1
219 2.21300005913 2
218 2.03500008583 3
217 2.00600004196 3
216 2.00600004196 3
215 2.00300002098 3
214 1.99300003052 3
213 1.99800002575 3
212 2.01200008392 3
211 2.01799988747 3
210 2.02500009537 3
209 2.02699995041 3
208 2.00200009346 3
207 2.03099989891 3
206 2.01200008392 3
205 2.00099992752 3
204 2.00699996948 3
203 2.02699995041 3
202 2.03800010681 3
201 2.0490000248 3
200 2.04999995232 3
199 2.07800006866 3
198 5.71700000763 4
197 5.69899988174 4
196 5.67700004578 4
195 4.03800010681 5
194 4.07299995422 5
193 3.51799988747 6
192 3.62299990654 6
191 5.57899999619 7
190 5.56300020218 7
189 4.57800006866 8
188 4.59600019455 8
