240 6.23199987411 0
239 2.51799988747 1
238 2.51399993896 1
237 2.45600008965 1
236 2.33100008965 2
235 2.2990000248 2
234 2.29299998283 2
233 2.2539999485 2
232 2.26799988747 2
231 2.2990000248 2
230 2.28299999237 2
229 2.24699997902 2
228 2.2349998951 2
227 2.22799992561 2
226 2.25200009346 2
225 2.27399992943 2
224 2.27600002289 2
223 2.3069999218 2
222 2.35599994659 2
221 2.46799993515 2
220 2.48000001907 2
219 2.22099995613 3
218 2.03699994087 4
217 2.007999897 4
216 2.00500011444 4
215 2.02300000191 4
214 2.01900005341 4
213 2.01900005341 4
212 2.007999897 4
211 2.0 4
210 2.00099992752 4
209 2.01999998093 4
208 2.02200007439 4
207 2.00699996948 4
206 2.02699995041 4
205 2.00900006294 4
204 2.01900005341 4
203 2.00900006294 4
202 2.01600003242 4
201 2.02600002289 4
200 2.03500008583 4
199 2.06399989128 4
198 5.73299980164 5
197 5.71700000763 5
196 5.69799995422 5
195 4.04300022125 6
194 4.0609998703 6
193 3.51399993896 7
192 3.63100004196 7
191 5.57899999619 8
190 5.55000019073 8
189 4.57700014114 9
188 4.58500003815 9
187 5.50600004196 10
186 5.49800014496 10
