240 6.22700023651 0
239 2.50699996948 1
238 2.52900004387 1
237 2.4470000267 1
236 2.34100008011 1
235 2.28999996185 1
234 2.27900004387 1
233 2.27600002289 1
232 2.25999999046 1
231 2.3069999218 1
230 2.28200006485 1
229 2.26200008392 1
228 2.2539999485 1
227 2.26399993896 1
226 2.25500011444 1
225 2.27699995041 1
224 2.28099989891 1
223 2.28800010681 1
222 2.35700011253 1
221 2.48000001907 2
220 2.48900008202 2
219 2.22300004959 3
218 2.03600001335 4
217 2.01699995995 4
216 2.00300002098 4
215 1.99199998379 4
214 2.01699995995 4
213 2.0 4
212 1.99800002575 4
211 2.0150001049 4
210 2.01200008392 4
209 2.00500011444 4
208 2.00099992752 4
207 2.01600003242 4
206 2.00600004196 4
205 2.01399993896 4
204 2.01099991798 4
203 2.03099989891 4
202 2.04099988937 4
201 2.04200005531 4
200 2.06500005722 4
199 2.07699990273 4
198 5.71999979019 5
197 5.69199991226 5
196 5.6779999733 5
195 4.03700017929 6
194 4.05800008774 6
193 3.52300000191 7
192 3.6400001049 7
191 5.59399986267 8
190 5.5529999733 8
189 4.55700016022 9
188 4.60500001907 9
187 5.50899982452 10
