240 6.23799991608 0
239 2.52200007439 1
238 2.51600003242 1
237 2.45000004768 1
236 2.31699991226 2
235 2.28200006485 2
234 2.27500009537 2
233 2.28600001335 2
232 2.25900006294 2
231 2.30200004578 2
230 2.28099989891 2
229 2.25900006294 2
228 2.23300004005 2
227 2.24399995804 2
226 2.2539999485 2
225 2.25999999046 2
224 2.28699994087 2
223 2.31900000572 2
222 2.38199996948 2
221 2.49300003052 2
220 2.47900009155 2
219 2.21399998665 3
218 2.03600001335 4
217 2.01999998093 4
216 2.02600002289 4
215 2.01399993896 4
214 2.01999998093 4
213 2.0 4
212 2.01099991798 4
211 1.99800002575 4
210 2.0150001049 4
209 2.01600003242 4
208 2.00600004196 4
207 2.02800011635 4
206 2.01799988747 4
205 2.03399991989 4
204 2.02399992943 4
203 2.02300000191 4
202 2.0150001049 4
201 2.04699993134 4
200 2.0490000248 4
199 2.06900000572 4
198 5.73999977112 5
197 5.70499992371 5
196 5.67500019073 5
195 4.03200006485 6
194 4.06500005722 6
193 3.51200008392 7
192 3.63599991798 7
191 5.57999992371 8
190 5.54600000381 8
189 4.57299995422 9
188 4.60200023651 9
187 5.51300001144 10
