246 6.21799993515 0
245 6.24900007248 0
244 6.22599983215 0
243 6.23400020599 0
242 6.23000001907 0
241 6.24800014496 0
240 6.23600006104 0
239 2.53099989891 1
238 2.51900005341 1
237 2.45499992371 1
236 2.32100009918 2
235 2.28600001335 2
234 2.30599999428 2
233 2.26300001144 2
232 2.27300000191 2
231 2.29800009727 2
230 2.29200005531 2
229 2.26300001144 2
228 2.22600007057 2
227 2.242000103 2
226 2.27800011635 2
225 2.29600000381 2
224 2.28500008583 2
223 2.29500007629 2
222 2.40199995041 2
221 2.48900008202 2
220 2.46000003815 2
219 2.20499992371 3
218 2.03800010681 4
217 2.00699996948 4
216 2.02800011635 4
215 2.02300000191 4
214 2.01300001144 4
213 2.00300002098 4
212 2.00900006294 4
211 2.00300002098 4
210 2.03399991989 4
209 2.03500008583 4
208 2.02500009537 4
207 2.01399993896 4
206 2.02500009537 4
205 2.03900003433 4
204 2.03900003433 4
203 2.02200007439 4
202 2.02500009537 4
201 2.04600000381 4
200 2.06599998474 4
199 2.09200000763 4
198 5.73600006104 5
197 5.71000003815 5
196 5.67500019073 5
195 4.03800010681 6
194 4.07299995422 6
193 3.52900004387 7
192 3.63899993896 7
191 5.59499979019 8
190 5.55900001526 8
189 4.57700014114 9
188 4.59600019455 9
187 5.50299978256 10
186 5.50099992752 10
185 5.48699998856 10
