243 6.22399997711 0
242 6.22700023651 0
241 6.24800014496 0
240 6.23400020599 0
239 2.53299999237 1
238 2.51300001144 1
237 2.45600008965 1
236 2.31200003624 2
235 2.28399991989 2
234 2.27399992943 2
233 2.27600002289 2
232 2.23900008202 2
231 2.30200004578 2
230 2.28600001335 2
229 2.2460000515 2
228 2.22499990463 2
227 2.2460000515 2
226 2.26200008392 2
225 2.26099991798 2
224 2.27600002289 2
223 2.28099989891 2
222 2.38899993896 2
221 2.48000001907 2
220 2.48900008202 2
219 2.21900010109 3
218 2.02600002289 4
217 2.01999998093 4
216 2.00600004196 4
215 2.00099992752 4
214 2.01999998093 4
213 2.01900005341 4
212 2.0150001049 4
211 2.01999998093 4
210 2.01399993896 4
209 2.00699996948 4
208 2.02300000191 4
207 2.02399992943 4
206 2.01699995995 4
205 2.02800011635 4
204 2.0150001049 4
203 2.02500009537 4
202 2.03500008583 4
201 2.04600000381 4
200 2.07100009918 4
199 2.0720000267 4
198 5.73299980164 5
197 5.70399999619 5
196 5.68400001526 5
195 4.03399991989 6
194 4.0609998703 6
193 3.52099990845 7
192 3.63499999046 7
191 5.58699989319 8
190 5.5529999733 8
