241 6.22399997711 0
240 6.23799991608 0
239 2.51799988747 1
238 2.51999998093 1
237 2.45300006866 1
236 2.34100008011 1
235 2.27500009537 1
234 2.27200007439 1
233 2.28800010681 1
232 2.26900005341 1
231 2.30200004578 1
230 2.28999996185 1
229 2.24300003052 1
228 2.23399996758 1
227 2.24000000954 1
226 2.242000103 1
225 2.26600003242 1
224 2.27200007439 1
223 2.29099988937 1
222 2.3789999485 1
221 2.47600007057 1
220 2.47699999809 1
219 2.22000002861 2
218 2.03900003433 3
217 2.0039999485 3
216 2.01399993896 3
215 2.01699995995 3
214 1.99699997902 3
213 2.0150001049 3
212 1.99800002575 3
211 2.00099992752 3
210 2.00600004196 3
209 2.007999897 3
208 2.00099992752 3
207 2.01900005341 3
206 2.02800011635 3
205 2.0039999485 3
204 2.02800011635 3
203 2.01999998093 3
202 2.03699994087 3
201 2.02699995041 3
200 2.05900001526 3
199 2.07399988174 3
198 5.73099994659 4
197 5.71799993515 4
196 5.6859998703 4
195 4.02400016785 5
194 4.06199979782 5
193 3.5150001049 6
192 3.63100004196 6
191 5.60599994659 7
190 5.54899978638 7
189 4.58199977875 8
