242 6.22599983215 0
241 6.22499990463 0
240 6.25099992752 0
239 2.52900004387 1
238 2.53099989891 1
237 2.44799995422 1
236 2.31699991226 2
235 2.29500007629 2
234 2.27800011635 2
233 2.27999997139 2
232 2.25500011444 2
231 2.32899999619 2
230 2.29600000381 2
229 2.2539999485 2
228 2.23900008202 2
227 2.26399993896 2
226 2.25500011444 2
225 2.27600002289 2
224 2.28200006485 2
223 2.29999995232 2
222 2.38199996948 2
221 2.48799991608 2
220 2.4849998951 2
219 2.23399996758 3
218 2.02900004387 4
217 2.01600003242 4
216 2.01200008392 4
215 2.00699996948 4
214 2.01099991798 4
213 2.01999998093 4
212 2.01999998093 4
211 1.99699997902 4
210 2.0 4
209 2.0039999485 4
208 2.00500011444 4
207 2.01999998093 4
206 2.01799988747 4
205 2.01600003242 4
204 2.03500008583 4
203 2.03399991989 4
202 2.03999996185 4
201 2.02399992943 4
200 2.04099988937 4
199 2.06299996376 4
198 5.72200012207 5
197 5.69099998474 5
196 5.69000005722 5
195 4.03000020981 6
194 4.05999994278 6
193 3.52099990845 7
192 3.62400007248 7
191 5.59299993515 8
190 5.55200004578 8
