240 6.22700023651 0
239 2.52600002289 1
238 2.52099990845 1
237 2.46600008011 1
236 2.33500003815 2
235 2.28800010681 2
234 2.28999996185 2
233 2.27699995041 2
232 2.2460000515 2
231 2.30100011826 2
230 2.29600000381 2
229 2.25699996948 2
228 2.24099993706 2
227 2.26200008392 2
226 2.26300001144 2
225 2.2650001049 2
224 2.27800011635 2
223 2.28800010681 2
222 2.36999988556 2
221 2.47300004959 2
220 2.48099994659 2
219 2.22699999809 3
218 2.01300001144 4
217 2.00500011444 4
216 1.99800002575 4
215 2.00200009346 4
214 2.00900006294 4
213 2.01799988747 4
212 1.9960000515 4
211 2.01600003242 4
210 2.02099990845 4
209 2.01799988747 4
208 2.00300002098 4
207 2.00699996948 4
206 2.007999897 4
205 2.01999998093 4
204 2.03099989891 4
203 2.01399993896 4
202 2.03699994087 4
201 2.0529999733 4
200 2.03600001335 4
199 2.07500004768 4
198 5.72300004959 5
197 5.70300006866 5
196 5.68300008774 5
195 4.03999996185 6
194 4.07700014114 6
193 3.52500009537 7
192 3.625 7
191 5.58900022507 8
190 5.55399990082 8
189 4.57499980927 9
188 4.60099983215 9
187 5.50899982452 10
