241 6.24900007248 0
240 6.24499988556 0
239 2.52500009537 1
238 2.52900004387 1
237 2.44499993324 1
236 2.33999991417 1
235 2.28200006485 1
234 2.28500008583 1
233 2.25900006294 1
232 2.26399993896 1
231 2.28900003433 1
230 2.29399991035 1
229 2.25 1
228 2.257999897 1
227 2.25900006294 1
226 2.257999897 1
225 2.27600002289 1
224 2.27800011635 1
223 2.29099988937 1
222 2.35800004005 1
221 2.49000000954 2
220 2.4849998951 2
219 2.22699999809 3
218 2.0490000248 4
217 2.01300001144 4
216 2.00200009346 4
215 2.0 4
214 2.0039999485 4
213 2.00999999046 4
212 2.02600002289 4
211 2.01999998093 4
210 2.0150001049 4
209 2.02800011635 4
208 2.02099990845 4
207 2.00900006294 4
206 2.02099990845 4
205 2.02800011635 4
204 2.02500009537 4
203 2.03600001335 4
202 2.03800010681 4
201 2.0529999733 4
200 2.0490000248 4
199 2.05999994278 4
198 5.71999979019 5
197 5.71500015259 5
196 5.68699979782 5
195 4.03000020981 6
194 4.06500005722 6
193 3.52399992943 7
192 3.63899993896 7
191 5.59000015259 8
