242 6.23400020599 0
241 6.22200012207 0
240 6.24300003052 0
239 2.51399993896 1
238 2.52300000191 1
237 2.45499992371 1
236 2.34400010109 1
235 2.31599998474 1
234 2.27999997139 1
233 2.28500008583 1
232 2.27699995041 1
231 2.29699993134 1
230 2.28900003433 1
229 2.24399995804 1
228 2.24699997902 1
227 2.25500011444 1
226 2.27500009537 1
225 2.26999998093 1
224 2.27399992943 1
223 2.31999993324 1
222 2.35800004005 1
221 2.47699999809 2
220 2.492000103 2
219 2.22000002861 3
218 2.04800009727 4
217 2.02800011635 4
216 2.00699996948 4
215 1.99800002575 4
214 2.00099992752 4
213 1.9960000515 4
212 2.02900004387 4
211 2.02099990845 4
210 2.00500011444 4
209 2.01699995995 4
208 2.02999997139 4
207 2.02600002289 4
206 2.01799988747 4
205 2.00699996948 4
204 2.0150001049 4
203 2.01799988747 4
202 2.03699994087 4
201 2.0490000248 4
200 2.06200003624 4
199 2.07999992371 4
198 5.71600008011 5
197 5.71299982071 5
196 5.67700004578 5
195 4.05100011826 6
194 4.07600021362 6
193 3.52399992943 7
192 3.64100003242 7
191 5.58500003815 8
190 5.55999994278 8
