239 2.53399991989 0
238 2.53099989891 0
237 2.45199990273 0
236 2.31900000572 1
235 2.28200006485 1
234 2.26799988747 1
233 2.28099989891 1
232 2.27800011635 1
231 2.30599999428 1
230 2.28099989891 1
229 2.25900006294 1
228 2.22699999809 1
227 2.23799991608 1
226 2.257999897 1
225 2.25999999046 1
224 2.29699993134 1
223 2.30599999428 1
222 2.38800001144 1
221 2.47399997711 1
220 2.48799991608 1
219 2.22099995613 2
218 2.03099989891 3
217 2.01900005341 3
216 2.00600004196 3
215 2.01600003242 3
214 2.01799988747 3
213 2.01900005341 3
212 2.02699995041 3
211 2.01699995995 3
210 2.01799988747 3
209 2.01799988747 3
208 2.02200007439 3
207 2.0039999485 3
206 2.01999998093 3
205 2.03099989891 3
204 2.0150001049 3
203 2.03999996185 3
202 2.03900003433 3
201 2.03099989891 3
200 2.04399991035 3
199 2.0680000782 3
198 5.72499990463 4
197 5.70599985123 4
196 5.69299983978 4
195 4.04099988937 5
194 4.07499980927 5
193 3.52200007439 6
192 3.63899993896 6
191 5.59399986267 7
190 5.56599998474 7
189 4.56500005722 8
188 4.59000015259 8
