239 2.52999997139 0
238 2.52699995041 0
237 2.45700001717 0
236 2.3220000267 1
235 2.28900003433 1
234 2.28800010681 1
233 2.26699995995 1
232 2.24300003052 1
231 2.29800009727 1
230 2.28299999237 1
229 2.25699996948 1
228 2.25300002098 1
227 2.26600003242 1
226 2.25500011444 1
225 2.27200007439 1
224 2.27699995041 1
223 2.28900003433 1
222 2.375 1
221 2.46700000763 1
220 2.492000103 1
219 2.22699999809 2
218 2.03999996185 3
217 2.02800011635 3
216 2.00699996948 3
215 2.01300001144 3
214 2.00200009346 3
213 2.00200009346 3
212 2.00600004196 3
211 2.02500009537 3
210 2.01600003242 3
209 2.02300000191 3
208 2.02500009537 3
207 2.0150001049 3
206 2.01399993896 3
205 2.00500011444 3
204 2.01200008392 3
203 2.03600001335 3
202 2.02399992943 3
201 2.02900004387 3
200 2.07399988174 3
199 2.07800006866 3
198 5.72599983215 4
197 5.69500017166 4
196 5.68800020218 4
195 4.03700017929 5
194 4.05800008774 5
193 3.52300000191 6
192 3.64499998093 6
191 5.59000015259 7
190 5.55399990082 7
189 4.58500003815 8
188 4.59200000763 8
