242 6.21999979019 0
241 6.22599983215 0
240 6.22700023651 0
239 2.52999997139 1
238 2.53500008583 1
237 2.45900011063 1
236 2.34200000763 2
235 2.31500005722 2
234 2.27500009537 2
233 2.27300000191 2
232 2.26200008392 2
231 2.32299995422 2
230 2.27699995041 2
229 2.25600004196 2
228 2.24099993706 2
227 2.26099991798 2
226 2.24799990654 2
225 2.28099989891 2
224 2.29699993134 2
223 2.30399990082 2
222 2.35899996758 2
221 2.48000001907 3
220 2.46000003815 3
219 2.22000002861 4
218 2.04500007629 5
217 2.02900004387 5
216 2.02099990845 5
215 2.01900005341 5
214 2.0150001049 5
213 2.00300002098 5
212 2.01699995995 5
211 2.00300002098 5
210 2.00500011444 5
209 2.00600004196 5
208 2.03099989891 5
207 2.02800011635 5
206 2.02399992943 5
205 2.01699995995 5
204 2.01600003242 5
203 2.02399992943 5
202 2.02500009537 5
201 2.04299998283 5
200 2.05399990082 5
199 2.08299994469 5
198 5.73299980164 6
197 5.69999980927 6
196 5.67100000381 6
195 4.02799987793 7
194 4.06699991226 7
193 3.52399992943 8
192 3.64299988747 8
191 5.59100008011 9
190 5.56199979782 9
