241 6.23400020599 0
240 6.24599981308 0
239 2.52900004387 1
238 2.53699994087 1
237 2.45499992371 1
236 2.33500003815 2
235 2.31699991226 2
234 2.28299999237 2
233 2.28099989891 2
232 2.28399991989 2
231 2.33200001717 2
230 2.2990000248 2
229 2.26399993896 2
228 2.25099992752 2
227 2.24799990654 2
226 2.26300001144 2
225 2.29600000381 2
224 2.28099989891 2
223 2.32399988174 2
222 2.41700005531 2
221 2.49799990654 2
220 2.5 2
219 2.20900011063 3
218 2.04600000381 4
217 2.03699994087 4
216 2.02099990845 4
215 2.02300000191 4
214 2.03200006485 4
213 2.02900004387 4
212 2.00900006294 4
211 2.00999999046 4
210 2.00900006294 4
209 2.02900004387 4
208 2.00300002098 4
207 2.03399991989 4
206 2.02600002289 4
205 2.03699994087 4
204 2.01900005341 4
203 2.03500008583 4
202 2.0490000248 4
201 2.03800010681 4
200 2.06599998474 4
199 2.06999993324 4
198 5.75500011444 5
197 5.71999979019 5
196 5.6939997673 5
195 4.06199979782 6
194 4.08400011063 6
193 3.52500009537 7
192 3.64599990845 7
191 5.59000015259 8
190 5.56699991226 8
189 4.58799982071 9
188 4.60799980164 9
187 5.51700019836 10
