239 2.53699994087 0
238 2.52699995041 0
237 2.45300006866 0
236 2.34100008011 0
235 2.28099989891 0
234 2.27099990845 0
233 2.27500009537 0
232 2.27399992943 0
231 2.3029999733 0
230 2.29200005531 0
229 2.25 0
228 2.23300004005 0
227 2.25200009346 0
226 2.24300003052 0
225 2.27600002289 0
224 2.27800011635 0
223 2.29999995232 0
222 2.35599994659 0
221 2.47300004959 1
220 2.48000001907 1
219 2.22199988365 2
218 2.02099990845 3
217 2.02800011635 3
216 2.0 3
215 2.00200009346 3
214 2.02699995041 3
213 2.00500011444 3
212 2.01699995995 3
211 1.9960000515 3
210 2.01900005341 3
209 2.00099992752 3
208 2.03299999237 3
207 2.00500011444 3
206 2.03699994087 3
205 2.03099989891 3
204 2.03600001335 3
203 2.02800011635 3
202 2.02399992943 3
201 2.03299999237 3
200 2.03800010681 3
199 2.06399989128 3
198 5.72499990463 4
197 5.71099996567 4
196 5.67399978638 4
195 4.04099988937 5
194 4.0609998703 5
193 3.52300000191 6
192 3.63599991798 6
191 5.58599996567 7
190 5.55000019073 7
189 4.57600021362 8
188 4.60099983215 8
