240 6.24700021744 0
239 2.51300001144 1
238 2.52800011635 1
237 2.45199990273 1
236 2.32399988174 2
235 2.30599999428 2
234 2.28299999237 2
233 2.27900004387 2
232 2.28299999237 2
231 2.3259999752 2
230 2.27900004387 2
229 2.2460000515 2
228 2.22699999809 2
227 2.23900008202 2
226 2.25200009346 2
225 2.26300001144 2
224 2.27200007439 2
223 2.27699995041 2
222 2.38100004196 2
221 2.48699998856 2
220 2.48699998856 2
219 2.2349998951 3
218 2.02900004387 4
217 2.00900006294 4
216 2.01600003242 4
215 2.02300000191 4
214 2.0039999485 4
213 2.01799988747 4
212 2.01799988747 4
211 2.01399993896 4
210 2.00200009346 4
209 2.02900004387 4
208 2.00900006294 4
207 2.00900006294 4
206 2.01099991798 4
205 2.01300001144 4
204 2.02999997139 4
203 2.02600002289 4
202 2.02600002289 4
201 2.02900004387 4
200 2.04099988937 4
199 2.06999993324 4
198 5.71700000763 5
197 5.68699979782 5
196 5.6970000267 5
195 4.04500007629 6
194 4.0640001297 6
193 3.52399992943 7
192 3.63899993896 7
191 5.58500003815 8
190 5.5609998703 8
189 4.56500005722 9
188 4.60099983215 9
187 5.51599979401 10
186 5.49800014496 10
