242 6.22900009155 0
241 6.21999979019 0
240 6.22399997711 0
239 2.51999998093 1
238 2.51200008392 1
237 2.4509999752 1
236 2.33899998665 1
235 2.27999997139 1
234 2.26999998093 1
233 2.27099990845 1
232 2.25999999046 1
231 2.29699993134 1
230 2.27800011635 1
229 2.24099993706 1
228 2.26399993896 1
227 2.24799990654 1
226 2.25500011444 1
225 2.26900005341 1
224 2.27300000191 1
223 2.31200003624 1
222 2.36199998856 1
221 2.47600007057 1
220 2.47499990463 1
219 2.20300006866 2
218 2.02999997139 3
217 2.03299999237 3
216 2.02099990845 3
215 2.01300001144 3
214 2.00500011444 3
213 2.01399993896 3
212 2.00300002098 3
211 2.02500009537 3
210 2.00600004196 3
209 2.02099990845 3
208 2.01099991798 3
207 2.007999897 3
206 2.02399992943 3
205 2.0150001049 3
204 2.0150001049 3
203 2.01799988747 3
202 2.02500009537 3
201 2.02699995041 3
200 2.06500005722 3
199 2.08200001717 3
198 5.73299980164 4
197 5.69799995422 4
196 5.67700004578 4
195 4.03200006485 5
194 4.06500005722 5
193 3.51600003242 6
192 3.64599990845 6
191 5.59399986267 7
190 5.55999994278 7
