246 6.22300004959 0
245 6.22200012207 0
244 6.22800016403 0
243 6.24800014496 0
242 6.2389998436 0
241 6.21999979019 0
240 6.22599983215 0
239 2.52800011635 1
238 2.53399991989 1
237 2.46700000763 1
236 2.31399989128 2
235 2.28600001335 2
234 2.28800010681 2
233 2.27200007439 2
232 2.26699995995 2
231 2.29200005531 2
230 2.28399991989 2
229 2.26699995995 2
228 2.23200011253 2
227 2.24399995804 2
226 2.26399993896 2
225 2.26799988747 2
224 2.26999998093 2
223 2.28800010681 2
222 2.37800002098 2
221 2.48300004005 2
220 2.48900008202 2
219 2.21499991417 3
218 2.01099991798 4
217 2.00600004196 4
216 2.0 4
215 2.0039999485 4
214 2.01300001144 4
213 2.01900005341 4
212 2.00999999046 4
211 2.02300000191 4
210 2.02699995041 4
209 2.01799988747 4
208 2.02600002289 4
207 2.01200008392 4
206 2.01300001144 4
205 2.02200007439 4
204 2.03299999237 4
203 2.02399992943 4
202 2.03500008583 4
201 2.0490000248 4
200 2.0529999733 4
199 2.0759999752 4
198 5.73099994659 5
197 5.70499992371 5
196 5.68300008774 5
195 4.03800010681 6
194 4.06699991226 6
193 3.51799988747 7
192 3.6400001049 7
191 5.5689997673 8
190 5.56199979782 8
189 4.58099985123 9
188 4.58300018311 9
187 5.51499986649 10
186 5.49800014496 10
185 5.48099994659 10
