242 6.22599983215 0
241 6.21899986267 0
240 6.22300004959 0
239 2.53200006485 1
238 2.53600001335 1
237 2.45700001717 1
236 2.34699988365 1
235 2.31500005722 1
234 2.28200006485 1
233 2.28699994087 1
232 2.27399992943 1
231 2.2990000248 1
230 2.28699994087 1
229 2.25999999046 1
228 2.26099991798 1
227 2.2539999485 1
226 2.27600002289 1
225 2.26999998093 1
224 2.28200006485 1
223 2.3029999733 1
222 2.40000009537 1
221 2.46700000763 1
220 2.48000001907 1
219 2.22300004959 2
218 2.03099989891 3
217 2.00500011444 3
216 2.01699995995 3
215 2.00099992752 3
214 2.00099992752 3
213 2.00999999046 3
212 2.01399993896 3
211 2.01399993896 3
210 2.01699995995 3
209 2.02600002289 3
208 2.01699995995 3
207 2.01900005341 3
206 2.00999999046 3
205 2.00699996948 3
204 2.0150001049 3
203 2.01399993896 3
202 2.02900004387 3
201 2.04299998283 3
200 2.06999993324 3
199 2.06299996376 3
198 5.75099992752 4
197 5.70200014114 4
196 5.6939997673 4
195 4.03599977493 5
194 4.06699991226 5
193 3.51999998093 6
192 3.65400004387 6
191 5.57399988174 7
190 5.54899978638 7
