245 6.23099994659 0
244 6.21600008011 0
243 6.23799991608 0
242 6.23400020599 0
241 6.23000001907 0
240 6.23299980164 0
239 2.52399992943 1
238 2.53099989891 1
237 2.45399999619 1
236 2.33699989319 2
235 2.28299999237 2
234 2.27200007439 2
233 2.27300000191 2
232 2.26699995995 2
231 2.3220000267 2
230 2.30399990082 2
229 2.24300003052 2
228 2.25600004196 2
227 2.25099992752 2
226 2.28200006485 2
225 2.27200007439 2
224 2.26200008392 2
223 2.3029999733 2
222 2.40199995041 2
221 2.48000001907 2
220 2.48200011253 2
219 2.22600007057 3
218 2.02099990845 4
217 2.01099991798 4
216 2.00200009346 4
215 2.01300001144 4
214 2.03200006485 4
213 2.02999997139 4
212 2.02600002289 4
211 1.99800002575 4
210 2.01300001144 4
209 2.007999897 4
208 2.02600002289 4
207 2.01699995995 4
206 2.00699996948 4
205 2.01600003242 4
204 2.02999997139 4
203 2.03399991989 4
202 2.03399991989 4
201 2.04999995232 4
200 2.04200005531 4
199 2.07699990273 4
198 5.72900009155 5
197 5.71500015259 5
196 5.67299985886 5
195 4.04400014877 6
194 4.06699991226 6
193 3.52800011635 7
192 3.632999897 7
191 5.59100008011 8
190 5.56300020218 8
189 4.56500005722 9
188 4.60099983215 9
187 5.51900005341 10
186 5.5 10
185 5.47399997711 10
