245 6.21999979019 0
244 6.23000001907 0
243 6.24800014496 0
242 6.2389998436 0
241 6.22900009155 0
240 6.23299980164 0
239 2.53399991989 1
238 2.507999897 1
237 2.44799995422 1
236 2.33200001717 2
235 2.29500007629 2
234 2.28600001335 2
233 2.25600004196 2
232 2.26600003242 2
231 2.29699993134 2
230 2.28600001335 2
229 2.24499988556 2
228 2.22900009155 2
227 2.25699996948 2
226 2.26799988747 2
225 2.28999996185 2
224 2.27600002289 2
223 2.29999995232 2
222 2.40199995041 2
221 2.47499990463 2
220 2.48000001907 2
219 2.19899988174 3
218 2.04500007629 4
217 2.00699996948 4
216 2.00300002098 4
215 2.02600002289 4
214 2.01600003242 4
213 2.0039999485 4
212 2.0039999485 4
211 2.007999897 4
210 2.007999897 4
209 2.01099991798 4
208 2.03500008583 4
207 2.02900004387 4
206 2.03200006485 4
205 2.03200006485 4
204 2.01699995995 4
203 2.01799988747 4
202 2.04399991035 4
201 2.03299999237 4
200 2.04099988937 4
199 2.08200001717 4
198 5.742000103 5
197 5.71199989319 5
196 5.69299983978 5
195 4.05100011826 6
194 4.08500003815 6
193 3.50699996948 7
192 3.64100003242 7
191 5.59000015259 8
190 5.5689997673 8
189 4.56199979782 9
188 4.60400009155 9
187 5.507999897 10
186 5.48699998856 10
185 5.48199987411 10
