240 6.22599983215 0
239 2.51699995995 1
238 2.52699995041 1
237 2.45600008965 1
236 2.31399989128 2
235 2.29200005531 2
234 2.27800011635 2
233 2.28099989891 2
232 2.26600003242 2
231 2.30800008774 2
230 2.28299999237 2
229 2.25999999046 2
228 2.24300003052 2
227 2.24799990654 2
226 2.25999999046 2
225 2.26099991798 2
224 2.27500009537 2
223 2.3180000782 2
222 2.39400005341 2
221 2.47799992561 2
220 2.47799992561 2
219 2.20900011063 3
218 2.02600002289 4
217 2.02399992943 4
216 2.00300002098 4
215 2.00900006294 4
214 2.02999997139 4
213 1.9960000515 4
212 2.01300001144 4
211 2.00300002098 4
210 2.02300000191 4
209 2.01099991798 4
208 2.02900004387 4
207 2.00699996948 4
206 2.00999999046 4
205 2.02300000191 4
204 2.01200008392 4
203 2.02200007439 4
202 2.02699995041 4
201 2.02900004387 4
200 2.0490000248 4
199 2.05999994278 4
198 5.74800014496 5
197 5.71700000763 5
196 5.69099998474 5
195 4.03200006485 6
194 4.0609998703 6
193 3.52200007439 7
192 3.63400006294 7
191 5.58199977875 8
190 5.5560002327 8
189 4.57399988174 9
188 4.61199998856 9
