240 6.23000001907 0
239 2.51799988747 1
238 2.52900004387 1
237 2.47099995613 1
236 2.32899999619 2
235 2.28600001335 2
234 2.30599999428 2
233 2.26300001144 2
232 2.24399995804 2
231 2.29699993134 2
230 2.27800011635 2
229 2.25 2
228 2.25500011444 2
227 2.25300002098 2
226 2.28299999237 2
225 2.28500008583 2
224 2.27200007439 2
223 2.29600000381 2
222 2.37599992752 2
221 2.47900009155 2
220 2.47199988365 2
219 2.23600006104 3
218 2.03500008583 4
217 2.00600004196 4
216 2.01799988747 4
215 2.007999897 4
214 2.01799988747 4
213 2.02300000191 4
212 2.0150001049 4
211 2.02600002289 4
210 2.02300000191 4
209 2.00200009346 4
208 2.02200007439 4
207 2.00200009346 4
206 2.01200008392 4
205 2.03099989891 4
204 2.01399993896 4
203 2.03399991989 4
202 2.04099988937 4
201 2.04399991035 4
200 2.06999993324 4
199 2.07399988174 4
198 5.7389998436 5
197 5.71999979019 5
196 5.68699979782 5
195 4.03900003433 6
194 4.06500005722 6
193 3.51200008392 7
192 3.63499999046 7
191 5.57600021362 8
190 5.5529999733 8
189 4.58099985123 9
188 4.59899997711 9
187 5.50600004196 10
