0 4.52699995041
1 4.42500019073
2 4.44199991226
3 4.46700000763
4 4.52699995041
5 4.65700006485
6 4.67500019073
7 4.71000003815
8 4.73400020599
9 4.75600004196
10 4.79199981689
11 4.82899999619
12 4.86000013351
13 4.90000009537
14 4.92100000381
15 4.9310002327
16 4.84700012207
17 4.85699987411
18 4.87099981308
19 4.96000003815
20 5.132999897
21 5.19000005722
22 5.22499990463
23 5.27099990845
24 5.31599998474
25 5.36600017548
26 5.40799999237
27 5.44099998474
28 5.50199985504
29 5.54899978638
30 5.58599996567
31 5.64400005341
32 5.63700008392
33 0.0
34 17.1469993591
35 17.1259994507
36 17.1630001068
37 0.0
38 0.0
39 0.0
40 17.2479991913
41 17.1770000458
42 17.061000824
43 16.9969997406
44 16.5259990692
45 16.5520000458
46 16.517999649
47 13.1669998169
48 13.0889997482
49 12.3489999771
50 11.9359998703
51 11.5830001831
52 11.6129999161
53 11.6350002289
54 11.6199998856
55 11.3389997482
56 11.0089998245
57 10.4610004425
58 10.0900001526
59 8.37399959564
60 8.33899974823
61 8.20699977875
62 7.91900014877
63 7.65000009537
64 7.43400001526
65 7.25400018692
66 7.07000017166
67 6.89300012589
68 6.78499984741
69 6.78100013733
70 6.80200004578
71 6.82499980927
72 6.85599994659
73 6.87799978256
74 6.79300022125
75 6.64499998093
76 6.51499986649
77 6.40000009537
78 6.26900005341
79 6.14400005341
80 5.22200012207
81 4.97599983215
82 4.86299991608
83 4.77199983597
84 4.67500019073
85 4.60699987411
86 4.54300022125
87 4.47599983215
88 4.40299987793
89 4.32999992371
90 4.27799987793
91 4.19500017166
92 4.16699981689
93 4.11499977112
94 4.03100013733
95 3.98099994659
96 3.92199993134
97 3.89400005341
98 3.82399988174
99 3.78800010681
100 3.77800011635
101 3.7990000248
102 3.81100010872
103 3.8599998951
104 3.87700009346
105 3.88700008392
106 3.9319999218
107 3.94899988174
108 3.92300009727
109 3.88599991798
110 3.84699988365
111 3.78800010681
112 3.77500009537
113 3.73900008202
114 3.69499993324
115 3.66000008583
116 3.62599992752
117 3.58599996567
118 3.56299996376
119 3.53999996185
120 3.507999897
121 3.47300004959
122 3.43499994278
123 3.41599988937
124 3.39700007439
125 3.40000009537
126 3.42300009727
127 3.45499992371
128 3.49300003052
129 3.53800010681
130 3.57500004768
131 3.617000103
132 3.66499996185
133 4.00199985504
134 4.06300020218
135 4.10400009155
136 4.12300014496
137 4.15999984741
138 4.16200017929
139 4.22100019455
140 4.24800014496
141 4.26200008392
142 4.3060002327
143 4.34399986267
144 4.38899993896
145 4.40500020981
146 4.46799993515
147 4.492000103
148 4.51300001144
149 4.53299999237
150 4.53900003433
151 4.19999980927
152 4.30000019073
153 4.60300016403
154 3.26300001144
155 3.40599989891
156 4.70300006866
157 4.60099983215
158 4.54799985886
159 4.79699993134
160 4.83799982071
161 4.86000013351
162 4.89900016785
163 4.93499994278
164 4.96799993515
165 4.98999977112
166 5.01000022888
167 5.04400014877
168 3.15599989891
169 3.22699999809
170 3.35599994659
171 4.1360001564
172 4.91800022125
173 4.87200021744
174 4.85400009155
175 4.82800006866
176 4.82299995422
177 4.82399988174
178 4.83099985123
179 4.84000015259
180 4.86499977112
181 4.90000009537
182 4.82299995422
183 5.31500005722
184 5.46799993515
185 5.47499990463
186 5.48699998856
187 5.51900005341
188 4.59499979019
189 4.57800006866
190 5.5609998703
191 5.59000015259
192 3.64499998093
193 3.52200007439
194 4.07299995422
195 4.05499982834
196 5.6859998703
197 5.71299982071
198 5.72100019455
199 5.74900007248
200 5.78700017929
201 5.8029999733
202 5.81599998474
203 5.83199977875
204 5.83799982071
205 5.85500001907
206 5.86999988556
207 5.875
208 5.89599990845
209 5.91599988937
210 5.9279999733
211 5.9439997673
212 5.95699977875
213 5.96000003815
214 5.97599983215
215 6.007999897
216 6.01300001144
217 6.03000020981
218 6.05999994278
219 6.07999992371
220 6.06599998474
221 6.08900022507
222 6.09899997711
223 6.08400011063
224 6.09700012207
225 6.11299991608
226 6.11999988556
227 6.12799978256
228 6.15000009537
229 6.15199995041
230 6.16800022125
231 6.15899991989
232 6.16200017929
233 6.18499994278
234 6.19600009918
235 6.21299982071
236 6.23600006104
237 6.22100019455
238 6.22599983215
239 6.22399997711
240 6.21999979019
241 6.22800016403
242 6.21199989319
243 6.21600008011
244 6.22800016403
245 6.24100017548
246 6.25400018692
247 6.24399995804
248 6.24700021744
249 6.24900007248
250 6.24399995804
251 6.24700021744
252 6.27199983597
253 6.26000022888
254 6.28900003433
255 6.26800012589
256 6.25400018692
257 6.26900005341
258 6.25699996948
259 6.23600006104
260 6.25299978256
261 6.23799991608
262 6.23500013351
263 6.23799991608
264 6.21500015259
265 6.22499990463
266 6.20900011063
267 6.20399999619
268 6.20800018311
269 6.21199989319
270 6.21600008011
271 6.21500015259
272 6.21899986267
273 6.11800003052
274 5.83099985123
275 5.76999998093
276 5.75299978256
277 5.73699998856
278 5.72399997711
279 5.71500015259
280 5.742000103
281 5.77099990845
282 5.8140001297
283 5.94099998474
284 6.08099985123
285 6.07299995422
286 6.0560002327
287 6.05100011826
288 6.06799983978
289 6.05700016022
290 6.02199983597
291 6.01900005341
292 6.0
293 5.96999979019
294 5.95300006866
295 5.92899990082
296 5.91800022125
297 5.90899991989
298 5.89099979401
299 5.85699987411
300 5.875
301 5.85900020599
302 5.83500003815
303 5.80900001526
304 5.8140001297
305 5.78499984741
306 5.78200006485
307 5.75699996948
308 2.07999992371
309 2.06900000572
310 2.04399991035
311 2.03800010681
312 2.0529999733
313 2.0490000248
314 2.02999997139
315 2.03999996185
316 2.04600000381
317 2.01799988747
318 2.01600003242
319 2.04299998283
320 2.01699995995
321 2.03099989891
322 2.01200008392
323 2.00699996948
324 2.01099991798
325 1.07799994946
326 0.894999980927
327 0.860000014305
328 0.855000019073
329 0.995000004768
330 2.13199996948
331 2.125
332 2.09999990463
333 2.06900000572
334 2.05100011826
335 2.08599996567
336 2.18000006676
337 2.22600007057
338 2.23900008202
339 2.21700000763
340 2.22600007057
341 2.22499990463
342 2.12800002098
343 2.08200001717
344 2.06699991226
345 2.0759999752
346 2.13100004196
347 2.14100003242
348 2.24499988556
349 4.74900007248
350 4.71199989319
351 4.67999982834
352 4.65899991989
353 4.62300014496
354 4.58400011063
355 4.5689997673
356 4.29799985886
357 4.35599994659
358 4.48299980164
359 4.45900011063
360 4.42000007629
361 4.39400005341
362 4.39300012589
363 4.35099983215
364 4.29699993134
365 4.28000020981
366 4.25600004196
367 4.19199991226
368 4.17299985886
369 4.12599992752
370 4.11999988556
371 4.09399986267
372 4.05499982834
373 4.00600004196
374 3.98600006104
375 3.9470000267
376 3.92600011826
377 3.90199995041
378 3.88000011444
379 3.84299993515
380 3.8220000267
381 3.71700000763
382 3.6400001049
383 3.60500001907
384 3.56299996376
385 3.51999998093
386 3.49000000954
387 3.46600008011
388 3.43400001526
389 3.382999897
390 3.36599993706
391 3.34299993515
392 3.29999995232
393 3.27399992943
394 3.24699997902
395 3.25300002098
396 3.29200005531
397 3.33699989319
398 3.3710000515
399 3.39800000191
400 3.44600009918
401 3.48799991608
402 3.50699996948
403 3.55999994278
404 3.59500002861
405 3.64400005341
406 3.68300008774
407 3.73399996758
408 3.73600006104
409 3.78200006485
410 3.8259999752
411 3.875
412 3.94400000572
413 3.98000001907
414 4.0609998703
415 4.12799978256
416 4.18400001526
417 4.25199985504
418 4.29300022125
419 4.37300014496
420 4.44000005722
421 4.53000020981
422 4.57100009918
423 4.66599988937
424 4.73500013351
425 4.82399988174
426 4.91900014877
427 5.01700019836
428 5.12300014496
429 5.20599985123
430 5.31799983978
431 5.4279999733
432 5.51399993896
433 5.64400005341
434 5.76599979401
435 5.88399982452
436 6.01700019836
437 6.16300010681
438 6.3189997673
439 6.48500013351
440 6.51300001144
441 6.61100006104
442 6.44000005722
443 3.07399988174
444 3.04299998283
445 3.02900004387
446 3.04099988937
447 3.02300000191
448 3.01300001144
449 3.01300001144
450 3.00699996948
451 3.00200009346
452 2.98699998856
453 2.9960000515
454 2.97099995613
455 2.97799992561
456 2.97099995613
457 2.9470000267
458 2.96600008011
459 2.95399999619
460 2.94799995422
461 2.96199989319
462 2.94199991226
463 2.93799996376
464 2.9319999218
465 2.93600010872
466 2.9279999733
467 2.92000007629
468 2.92199993134
469 2.91000008583
470 2.65100002289
471 2.63199996948
472 2.64100003242
473 2.64800000191
474 0.924000024796
475 0.694999992847
476 0.698000013828
477 0.93900001049
478 2.65599989891
479 2.63100004196
480 2.63599991798
481 2.65300011635
482 2.65300011635
483 2.65000009537
484 2.66000008583
485 2.66199994087
486 2.65199995041
487 2.66700005531
488 2.68300008774
489 2.6740000248
490 2.8220000267
491 2.95499992371
492 2.94000005722
493 2.93300008774
494 2.95499992371
495 2.94199991226
496 2.96199989319
497 2.96000003815
498 2.96099996567
499 2.96600008011
500 2.99000000954
501 2.96900010109
502 2.98200011253
503 2.98799991608
504 3.00200009346
505 3.00999999046
506 3.007999897
507 3.01099991798
508 3.01999998093
509 3.04200005531
510 3.04099988937
511 3.02999997139
512 3.04600000381
513 1.21899998188
514 1.27199995518
515 1.15600001812
516 1.16199994087
517 1.14699995518
518 1.12399995327
519 1.14800000191
520 1.12399995327
521 1.13199996948
522 1.14900004864
523 1.13900005817
524 1.00300002098
525 0.899999976158
526 0.912000000477
527 1.14400005341
528 1.1970000267
529 1.27400004864
530 1.24500000477
531 1.23000001907
532 1.22599995136
533 1.23099994659
534 1.24199998379
535 1.24199998379
536 1.23599994183
537 1.22500002384
538 1.23300004005
539 1.25600004196
540 1.28499996662
