0 4.51900005341
1 4.40899991989
2 4.45200014114
3 4.47599983215
4 4.54099988937
5 4.64900016785
6 4.67700004578
7 4.70699977875
8 4.74700021744
9 4.77199983597
10 4.79899978638
11 4.82600021362
12 4.87200021744
13 4.882999897
14 4.93200016022
15 4.9310002327
16 4.83699989319
17 4.84899997711
18 4.88899993896
19 4.97399997711
20 5.14599990845
21 5.18499994278
22 5.22599983215
23 5.27899980545
24 5.31300020218
25 5.36199998856
26 5.40899991989
27 5.45800018311
28 5.50299978256
29 5.55700016022
30 5.60799980164
31 5.65100002289
32 5.66699981689
33 0.0
34 17.1609992981
35 17.1760005951
36 17.3330001831
37 17.5279998779
38 0.0
39 0.0
40 17.3120002747
41 17.1800003052
42 17.0799999237
43 17.0069999695
44 16.5230007172
45 16.5310001373
46 16.5079994202
47 13.1440000534
48 13.0900001526
49 12.3389997482
50 11.9320001602
51 11.5839996338
52 11.6079998016
53 11.6199998856
54 11.6149997711
55 11.359000206
56 11.0059995651
57 10.4759998322
58 10.1169996262
59 8.34700012207
60 8.33399963379
61 8.20899963379
62 7.90600013733
63 7.62799978256
64 7.44799995422
65 7.23799991608
66 7.06799983978
67 6.90299987793
68 6.78800010681
69 6.78800010681
70 6.79600000381
71 6.83300018311
72 6.85099983215
73 6.87400007248
74 6.80800008774
75 6.64900016785
76 6.51800012589
77 6.40299987793
78 6.27299976349
79 6.15199995041
80 5.24700021744
81 4.96299982071
82 4.85799980164
83 4.78499984741
84 4.68699979782
85 4.60799980164
86 4.54699993134
87 4.48500013351
88 4.42000007629
89 4.31699991226
90 4.26900005341
91 4.22599983215
92 4.16099977493
93 4.10099983215
94 4.03399991989
95 3.97900009155
96 3.92899990082
97 3.89299988747
98 3.85500001907
99 3.78999996185
100 3.76900005341
101 3.77900004387
102 3.81699991226
103 3.84699988365
104 3.88899993896
105 3.91300010681
106 3.94199991226
107 3.96700000763
108 3.93799996376
109 3.89199995995
110 3.84599995613
111 3.79399991035
112 3.76200008392
113 3.742000103
114 3.70499992371
115 3.66700005531
116 3.632999897
117 3.58500003815
118 3.5569999218
119 3.53200006485
120 3.51200008392
121 3.46900010109
122 3.43099999428
123 3.40599989891
124 3.40700006485
125 3.38100004196
126 3.4319999218
127 3.46099996567
128 3.48200011253
129 3.53500008583
130 3.56200003624
131 3.60100007057
132 3.66199994087
133 4.03000020981
134 4.06699991226
135 4.09600019455
136 4.132999897
137 4.13399982452
138 4.19000005722
139 4.20300006866
140 4.25400018692
141 4.28599977493
142 4.33099985123
143 4.36600017548
144 4.40299987793
145 4.43300008774
146 4.46000003815
147 4.47900009155
148 4.51700019836
149 4.53399991989
150 4.56199979782
151 4.18699979782
152 4.28700017929
153 4.57000017166
154 3.27800011635
155 3.41100001335
156 4.70499992371
157 4.59499979019
158 4.55700016022
159 4.80700016022
160 4.82999992371
161 4.87200021744
162 4.88700008392
163 4.93699979782
164 4.96899986267
165 5.00199985504
166 5.01700019836
167 5.04500007629
168 3.12299990654
169 3.21499991417
170 3.37199997902
171 4.11000013351
172 4.92600011826
173 4.87900018692
174 4.85400009155
175 4.83400011063
176 4.81799983978
177 4.83900022507
178 4.84200000763
179 4.85900020599
180 4.875
181 4.90100002289
182 4.82299995422
183 5.3189997673
184 5.45900011063
185 5.48699998856
186 5.50299978256
187 5.51900005341
188 4.60799980164
189 4.57999992371
190 5.5720000267
191 5.59600019455
192 3.64800000191
193 3.52699995041
194 4.07000017166
195 4.05200004578
196 5.70399999619
197 5.71999979019
198 5.74300003052
199 5.76599979401
200 5.77299976349
201 5.82299995422
202 5.82399988174
203 5.81799983978
204 5.84200000763
205 5.85799980164
206 5.87900018692
207 5.882999897
208 5.89699983597
209 5.91900014877
210 5.9279999733
211 5.9310002327
212 5.94199991226
213 5.96099996567
214 5.98000001907
215 6.007999897
216 6.02799987793
217 6.04400014877
218 6.04199981689
219 6.06300020218
220 6.06699991226
221 6.08199977875
222 6.08799982071
223 6.09700012207
224 6.10799980164
225 6.12200021744
226 6.13100004196
227 6.13999986649
228 6.13800001144
229 6.13800001144
230 6.16499996185
231 6.17399978638
232 6.17199993134
233 6.1779999733
234 6.21099996567
235 6.21299982071
236 6.22200012207
237 6.22499990463
238 6.22200012207
239 6.23699998856
240 6.22499990463
241 6.23099994659
242 6.23299980164
243 6.23600006104
244 6.23999977112
245 6.23099994659
246 6.24100017548
247 6.25
248 6.23699998856
249 6.25699996948
250 6.26399993896
251 6.27500009537
252 6.26999998093
253 6.28399991989
254 6.28900003433
255 6.28000020981
256 6.24900007248
257 6.25
258 6.25699996948
259 6.25899982452
260 6.23799991608
261 6.24800014496
262 6.23999977112
263 6.24100017548
264 6.21500015259
265 6.21899986267
266 6.21999979019
267 6.21899986267
268 6.22800016403
269 6.21999979019
270 6.23500013351
271 6.22200012207
272 6.22399997711
273 6.13100004196
274 5.86299991608
275 5.79600000381
276 5.76599979401
277 5.74499988556
278 5.72399997711
279 5.73699998856
280 5.74599981308
281 5.76599979401
282 5.81500005722
283 5.95200014114
284 6.0689997673
285 6.07000017166
286 6.07299995422
287 6.08099985123
288 6.0560002327
289 6.06300020218
290 6.03000020981
291 6.01200008392
292 5.98999977112
293 5.98099994659
294 5.95200014114
295 5.94600009918
296 5.92999982834
297 5.91300010681
298 5.89699983597
299 5.88399982452
300 5.86000013351
301 5.85699987411
302 5.84800004959
303 5.81300020218
304 5.80399990082
305 5.79699993134
306 5.79199981689
307 5.78000020981
308 2.07999992371
309 2.08299994469
310 2.04699993134
311 2.03600001335
312 2.04299998283
313 2.05100011826
314 2.0529999733
315 2.03399991989
316 2.01999998093
317 2.04200005531
318 2.03500008583
319 2.01799988747
320 2.02699995041
321 2.02800011635
322 2.02399992943
323 2.00999999046
324 2.007999897
325 1.08599996567
326 0.889999985695
327 0.861999988556
328 0.879999995232
329 0.992999970913
330 2.39599990845
331 2.25500011444
332 2.18400001526
333 2.15700006485
334 2.15899991989
335 2.17000007629
336 2.2349998951
337 2.24099993706
338 2.25500011444
339 2.257999897
340 2.2650001049
341 2.23699998856
342 2.18499994278
343 2.15199995041
344 2.15300011635
345 2.242000103
346 2.28800010681
347 2.26999998093
348 2.26999998093
349 2.26300001144
350 2.29800009727
351 4.69000005722
352 4.64799976349
353 4.60599994659
354 4.58500003815
355 4.5640001297
356 4.31599998474
357 4.38000011444
358 4.49599981308
359 4.4470000267
360 4.44099998474
361 4.42000007629
362 4.39799976349
363 4.35799980164
364 4.32600021362
365 4.28299999237
366 4.25099992752
367 4.21199989319
368 4.1810002327
369 4.1360001564
370 4.12099981308
371 4.07399988174
372 4.06199979782
373 4.00299978256
374 3.98000001907
375 3.97099995613
376 3.93099999428
377 3.90899991989
378 3.87599992752
379 3.86599993706
380 3.82800006866
381 3.72799992561
382 3.64199995995
383 3.58500003815
384 3.55200004578
385 3.52800011635
386 3.50500011444
387 3.47000002861
388 3.44099998474
389 3.39400005341
390 3.37400007248
391 3.34899997711
392 3.31100010872
393 3.28999996185
394 3.25200009346
395 3.25699996948
396 3.3069999218
397 3.33899998665
398 3.36199998856
399 3.40300011635
400 3.44899988174
401 3.48699998856
402 3.52300000191
403 3.55900001526
404 3.60400009155
405 3.64899992943
406 3.6970000267
407 3.73099994659
408 3.74300003052
409 3.77699995041
410 3.82899999619
411 3.882999897
412 3.93700003624
413 3.99399995804
414 4.07700014114
415 4.12699985504
416 4.18300008774
417 4.23199987411
418 4.3189997673
419 4.37799978256
420 4.44500017166
421 4.52299976349
422 4.60599994659
423 4.67899990082
424 4.72399997711
425 4.80800008774
426 4.91400003433
427 5.02299976349
428 5.11499977112
429 5.21600008011
430 5.32399988174
431 5.41300010681
432 5.53299999237
433 5.64900016785
434 5.75
435 5.89200019836
436 6.01900005341
437 6.16499996185
438 6.31199979782
439 6.45599985123
440 6.5
441 6.61100006104
442 6.48199987411
443 3.07899999619
444 3.0569999218
445 3.04099988937
446 3.0569999218
447 3.02900004387
448 3.01300001144
449 3.01200008392
450 3.00600004196
451 2.9960000515
452 2.9960000515
453 2.98000001907
454 2.9849998951
455 2.97399997711
456 2.97300004959
457 2.95300006866
458 2.96799993515
459 2.95700001717
460 2.9509999752
461 2.94600009918
462 2.96099996567
463 2.9430000782
464 2.95199990273
465 2.93600010872
466 2.93099999428
467 2.93799996376
468 2.9279999733
469 2.91300010681
470 2.65599989891
471 2.64599990845
472 2.64499998093
473 2.63499999046
474 0.944000005722
475 0.70300000906
476 0.702000021935
477 0.929000020027
478 2.66300010681
479 2.63199996948
480 2.65300011635
481 2.63899993896
482 2.65700006485
483 2.66799998283
484 2.65599989891
485 2.66100001335
486 2.67499995232
487 2.67000007629
488 2.66400003433
489 2.6779999733
490 2.82500004768
491 2.95199990273
492 2.94499993324
493 2.93499994278
494 2.94799995422
495 2.95900011063
496 2.97199988365
497 2.97199988365
498 2.95600008965
499 2.97000002861
500 2.992000103
501 2.992000103
502 2.97399997711
503 2.9849998951
504 2.98600006104
505 3.01699995995
506 3.01999998093
507 3.01399993896
508 3.01999998093
509 1.41199994087
510 1.23699998856
511 1.125
512 1.11699998379
513 1.11600005627
514 1.125
515 1.11600005627
516 1.10399997234
517 1.10399997234
518 1.12300002575
519 1.125
520 1.12000000477
521 1.13399994373
522 1.13499999046
523 1.1590000391
524 1.00600004196
525 0.907000005245
526 0.92199999094
527 1.18200004101
528 1.23399996758
529 1.22500002384
530 1.23500001431
531 1.20399999619
532 1.22200000286
533 1.22599995136
534 1.20700001717
535 1.22000002861
536 1.22399997711
537 1.23099994659
538 1.25499999523
539 1.28999996185
540 3.53900003433
