0 4.51900005341
1 4.42700004578
2 4.45100021362
3 4.46000003815
4 4.52600002289
5 4.625
6 4.66599988937
7 4.70300006866
8 4.74700021744
9 4.76300001144
10 4.8060002327
11 4.8140001297
12 4.84700012207
13 4.89599990845
14 4.92100000381
15 4.92100000381
16 4.82999992371
17 4.84899997711
18 4.882999897
19 4.96500015259
20 5.13500022888
21 5.1859998703
22 5.22700023651
23 5.26499986649
24 5.30499982834
25 5.35699987411
26 5.40199995041
27 5.45399999619
28 5.49300003052
29 5.53800010681
30 5.59999990463
31 5.63999986649
32 5.66499996185
33 19.8880004883
34 17.1480007172
35 17.1650009155
36 17.466999054
37 17.5170001984
38 0.0
39 0.0
40 17.2810001373
41 17.1770000458
42 17.0569992065
43 16.9979991913
44 16.5170001984
45 16.5259990692
46 16.5170001984
47 13.138999939
48 13.0780000687
49 12.3229999542
50 11.9510002136
51 11.5939998627
52 11.6129999161
53 11.6180000305
54 11.6169996262
55 11.3529996872
56 11.0109996796
57 10.4630002975
58 10.123000145
59 8.31299972534
60 8.32299995422
61 8.19900035858
62 7.91800022125
63 7.6360001564
64 7.43499994278
65 7.23000001907
66 7.0609998703
67 6.90799999237
68 6.78800010681
69 6.76200008392
70 6.8109998703
71 6.82800006866
72 6.84499979019
73 6.867000103
74 6.79500007629
75 6.65299987793
76 6.51800012589
77 6.40399980545
78 6.25
79 6.15199995041
80 5.21999979019
81 4.96299982071
82 4.84499979019
83 4.76800012589
84 4.68200016022
85 4.60799980164
86 4.53800010681
87 4.47700023651
88 4.40700006485
89 4.32899999619
90 4.27299976349
91 4.22300004959
92 4.13700008392
93 4.09899997711
94 4.03499984741
95 3.97900009155
96 3.92300009727
97 3.88899993896
98 3.85299992561
99 3.79600000381
100 3.76300001144
101 3.79500007629
102 3.80599999428
103 3.85299992561
104 3.88000011444
105 3.91199994087
106 3.93499994278
107 3.96799993515
108 3.91300010681
109 3.87800002098
110 3.83899998665
111 3.78900003433
112 3.77600002289
113 3.71399998665
114 3.69799995422
115 3.64400005341
116 3.63400006294
117 3.58400011063
118 3.55999994278
119 3.52699995041
120 3.50099992752
121 3.47000002861
122 3.44899988174
123 3.41400003433
124 3.40300011635
125 3.39700007439
126 3.40300011635
127 3.44400000572
128 3.48699998856
129 3.53299999237
130 3.5680000782
131 3.60899996758
132 3.66400003433
133 4.02299976349
134 4.07100009918
135 4.09700012207
136 4.12400007248
137 4.1360001564
138 4.15700006485
139 4.19899988174
140 4.23799991608
141 4.27799987793
142 4.3140001297
143 4.35099983215
144 4.39499998093
145 4.41800022125
146 4.44500017166
147 4.48000001907
148 4.51300001144
149 4.51999998093
150 4.53599977493
151 4.1939997673
152 4.27899980545
153 4.61100006104
154 3.27699995041
155 3.39700007439
156 4.70599985123
157 4.59499979019
158 4.56799983978
159 4.78800010681
160 4.82800006866
161 4.85500001907
162 4.90399980545
163 4.92199993134
164 4.96400022507
165 4.99700021744
166 5.0110001564
167 5.04199981689
168 3.12800002098
169 3.21900010109
170 3.35899996758
171 4.10200023651
172 4.9279999733
173 4.88399982452
174 4.85699987411
175 4.82299995422
176 4.82100009918
177 4.83199977875
178 4.82800006866
179 4.84800004959
180 4.875
181 4.88999986649
182 4.8140001297
183 5.31300020218
184 5.46500015259
185 5.48000001907
186 5.49300003052
187 5.51800012589
188 4.58099985123
189 4.58699989319
190 5.56699991226
191 5.59899997711
192 3.63199996948
193 3.52099990845
194 4.0689997673
195 4.02699995041
196 5.67100000381
197 5.71099996567
198 5.73600006104
199 5.75099992752
200 5.78399991989
201 5.80000019073
202 5.81699991226
203 5.8189997673
204 5.82399988174
205 5.85799980164
206 5.87699985504
207 5.88199996948
208 5.90500020981
209 5.91499996185
210 5.91900014877
211 5.93200016022
212 5.94299983978
213 5.94899988174
214 5.97200012207
215 6.00199985504
216 6.0110001564
217 6.01499986649
218 6.05499982834
219 6.06699991226
220 6.07100009918
221 6.07299995422
222 6.08599996567
223 6.09000015259
224 6.10799980164
225 6.11000013351
226 6.12200021744
227 6.13199996948
228 6.14300012589
229 6.14599990845
230 6.14200019836
231 6.15500020981
232 6.17199993134
233 6.19199991226
234 6.18400001526
235 6.22200012207
236 6.22700023651
237 6.21899986267
238 6.21400022507
239 6.21500015259
240 6.21000003815
241 6.22499990463
242 6.21500015259
243 6.23099994659
244 6.25199985504
245 6.23699998856
246 6.24900007248
247 6.23099994659
248 6.22900009155
249 6.23699998856
250 6.25600004196
251 6.26000022888
252 6.27099990845
253 6.26900005341
254 6.27299976349
255 6.28100013733
256 6.242000103
257 6.24499988556
258 6.242000103
259 6.242000103
260 6.24800014496
261 6.24100017548
262 6.24300003052
263 6.20599985123
264 6.23500013351
265 6.21400022507
266 6.22499990463
267 6.20399999619
268 6.21299982071
269 6.21199989319
270 6.20800018311
271 6.23000001907
272 6.22499990463
273 6.12599992752
274 5.83300018311
275 5.77899980545
276 5.74800014496
277 5.73400020599
278 5.70900011063
279 5.70900011063
280 5.74499988556
281 5.77400016785
282 5.78299999237
283 5.94099998474
284 6.07100009918
285 6.07899999619
286 6.07600021362
287 6.0560002327
288 6.05700016022
289 6.05800008774
290 6.03800010681
291 6.01599979401
292 5.99700021744
293 5.97499990463
294 5.94299983978
295 5.91599988937
296 5.91900014877
297 5.90799999237
298 5.90299987793
299 5.88000011444
300 5.86600017548
301 5.84899997711
302 5.83699989319
303 5.81699991226
304 5.80399990082
305 5.78599977493
306 5.77299976349
307 5.77500009537
308 2.07399988174
309 2.0569999218
310 2.05599999428
311 2.03500008583
312 2.0490000248
313 2.02300000191
314 2.02200007439
315 2.03999996185
316 2.04099988937
317 2.01999998093
318 2.03800010681
319 2.02399992943
320 2.01399993896
321 2.0039999485
322 2.02600002289
323 2.02200007439
324 1.99699997902
325 1.0720000267
326 0.884999990463
327 0.856999993324
328 0.861999988556
329 0.987999975681
330 2.38100004196
331 2.25699996948
332 2.16700005531
333 2.14299988747
334 2.13499999046
335 2.16100001335
336 2.21499991417
337 2.2349998951
338 2.22900009155
339 2.22699999809
340 2.242000103
341 2.22900009155
342 2.18099999428
343 2.15300011635
344 2.16300010681
345 2.23699998856
346 2.28800010681
347 2.28099989891
348 2.27800011635
349 2.26999998093
350 2.28500008583
351 4.68400001526
352 4.625
353 4.62300014496
354 4.58500003815
355 4.54699993134
356 4.31699991226
357 4.34499979019
358 4.48600006104
359 4.46500015259
360 4.41499996185
361 4.42299985886
362 4.38100004196
363 4.34499979019
364 4.29300022125
365 4.25899982452
366 4.23799991608
367 4.20599985123
368 4.15999984741
369 4.13700008392
370 4.10699987411
371 4.08599996567
372 4.03299999237
373 4.02500009537
374 3.98099994659
375 3.96199989319
376 3.91599988937
377 3.90899991989
378 3.88000011444
379 3.84400010109
380 3.83500003815
381 3.69799995422
382 3.617000103
383 3.59999990463
384 3.5569999218
385 3.52900004387
386 3.48099994659
387 3.46099996567
388 3.43400001526
389 3.39800000191
390 3.36500000954
391 3.32399988174
392 3.30200004578
393 3.26699995995
394 3.24300003052
395 3.26399993896
396 3.3029999733
397 3.32399988174
398 3.36999988556
399 3.40100002289
400 3.43600010872
401 3.48699998856
402 3.51600003242
403 3.56399989128
404 3.59100008011
405 3.64100003242
406 3.68499994278
407 3.70199990273
408 3.72900009155
409 3.76699995995
410 3.82500004768
411 3.87800002098
412 3.91700005531
413 3.99699997902
414 4.06699991226
415 4.13000011444
416 4.17500019073
417 4.25400018692
418 4.28399991989
419 4.35699987411
420 4.44000005722
421 4.51599979401
422 4.5720000267
423 4.65700006485
424 4.73799991608
425 4.80000019073
426 4.91300010681
427 5.00199985504
428 5.10500001907
429 5.20100021362
430 5.31699991226
431 5.42100000381
432 5.52899980545
433 5.632999897
434 5.76900005341
435 5.88800001144
436 6.01700019836
437 6.15700006485
438 6.31500005722
439 6.47499990463
440 6.49900007248
441 6.60099983215
442 6.42600011826
443 3.08400011063
444 3.0490000248
445 3.03200006485
446 3.02699995041
447 3.01600003242
448 3.00200009346
449 3.01399993896
450 2.98900008202
451 2.99300003052
452 2.99699997902
453 2.99799990654
454 2.9849998951
455 2.96799993515
456 2.96900010109
457 2.97300004959
458 2.97300004959
459 2.93499994278
460 2.95700001717
461 2.95900011063
462 2.94400000572
463 2.93600010872
464 2.9279999733
465 2.92100000381
466 2.9470000267
467 2.90799999237
468 2.93000006676
469 2.90799999237
470 2.66899991035
471 2.63899993896
472 2.63400006294
473 2.63499999046
474 0.939999997616
475 0.711000025272
476 0.714999973774
477 0.929000020027
478 2.63700008392
479 2.64400005341
480 2.64299988747
481 2.64899992943
482 2.64599990845
483 2.65199995041
484 2.65700006485
485 2.66400003433
486 2.65899991989
487 2.66100001335
488 2.6740000248
489 2.66400003433
490 2.84699988365
491 2.92700004578
492 2.92499995232
493 2.94400000572
494 2.94400000572
495 2.96099996567
496 2.95900011063
497 2.94799995422
498 2.9470000267
499 2.95600008965
500 2.96399998665
501 2.96499991417
502 2.97499990463
503 2.99399995804
504 2.98900008202
505 3.00099992752
506 3.0039999485
507 3.01799988747
508 3.01300001144
509 3.03399991989
510 3.02099990845
511 1.39300000668
512 1.22500002384
513 1.22399997711
514 1.21899998188
515 1.20700001717
516 1.21899998188
517 1.21099996567
518 1.20700001717
519 1.21500003338
520 1.22699999809
521 1.21300005913
522 1.24899995327
523 1.22399997711
524 0.985000014305
525 0.902999997139
526 0.926999986172
527 1.19000005722
528 1.21000003815
529 1.20599997044
530 1.18299996853
531 1.19200003147
532 1.19299995899
533 1.19599997997
534 1.20000004768
535 1.19000005722
536 1.21300005913
537 1.21800005436
538 1.23399996758
539 1.30999994278
540 3.52699995041
