0 4.50500011444
1 4.43300008774
2 4.44899988174
3 4.46400022507
4 4.54199981689
5 4.65000009537
6 4.6859998703
7 4.71899986267
8 4.74800014496
9 4.76599979401
10 4.81500005722
11 4.82800006866
12 4.86600017548
13 4.89599990845
14 4.93499994278
15 4.92700004578
16 4.83900022507
17 4.84299993515
18 4.882999897
19 4.96199989319
20 5.13500022888
21 5.1859998703
22 5.22399997711
23 5.26499986649
24 5.32100009918
25 5.36199998856
26 5.41400003433
27 5.45300006866
28 5.49900007248
29 5.54799985886
30 5.60699987411
31 5.64799976349
32 5.66300010681
33 0.0
34 17.1539993286
35 16.1089992523
36 15.7869997025
37 15.7510004044
38 0.0
39 0.0
40 17.2399997711
41 17.1700000763
42 17.0769996643
43 17.0069999695
44 16.5230007172
45 16.5429992676
46 16.5219993591
47 13.1520004272
48 13.0819997787
49 12.3369998932
50 11.9499998093
51 11.5780000687
52 11.6079998016
53 11.6319999695
54 11.6330003738
55 11.359000206
56 11.0039997101
57 10.4639997482
58 10.1180000305
59 8.3360004425
60 8.34799957275
61 8.21500015259
62 7.91800022125
63 7.6360001564
64 7.45499992371
65 7.24300003052
66 7.0720000267
67 6.90899991989
68 6.79099988937
69 6.79099988937
70 6.79099988937
71 6.82600021362
72 6.85599994659
73 6.86800003052
74 6.78900003433
75 6.62900018692
76 6.50099992752
77 6.39699983597
78 6.27600002289
79 6.16400003433
80 5.23500013351
81 4.96600008011
82 4.85500001907
83 4.76800012589
84 4.69099998474
85 4.60799980164
86 4.52099990845
87 4.48500013351
88 4.41400003433
89 4.33799982071
90 4.27899980545
91 4.21500015259
92 4.17199993134
93 4.08799982071
94 4.02199983597
95 3.99099993706
96 3.93799996376
97 3.89899992943
98 3.83999991417
99 3.80599999428
100 3.77800011635
101 3.77800011635
102 3.82399988174
103 3.83899998665
104 3.88700008392
105 3.89499998093
106 3.93899989128
107 3.96799993515
108 3.92300009727
109 3.88400006294
110 3.84599995613
111 3.79600000381
112 3.75999999046
113 3.73399996758
114 3.69199991226
115 3.66799998283
116 3.63700008392
117 3.58200001717
118 3.57699990273
119 3.53999996185
120 3.51300001144
121 3.48000001907
122 3.4470000267
123 3.41499996185
124 3.40700006485
125 3.39299988747
126 3.42499995232
127 3.45499992371
128 3.492000103
129 3.53200006485
130 3.56299996376
131 3.62400007248
132 3.67000007629
133 4.02699995041
134 4.06699991226
135 4.10099983215
136 4.11999988556
137 4.15700006485
138 4.17999982834
139 4.21500015259
140 4.25500011444
141 4.26300001144
142 4.32499980927
143 4.32999992371
144 4.39699983597
145 4.40600013733
146 4.46099996567
147 4.50299978256
148 4.5110001564
149 4.53999996185
150 4.55000019073
151 4.19799995422
152 4.30100011826
153 4.53000020981
154 3.257999897
155 3.43499994278
156 4.72200012207
157 4.60699987411
158 4.55700016022
159 4.80900001526
160 4.84100008011
161 4.86999988556
162 4.89599990845
163 4.92399978638
164 4.97200012207
165 5.00099992752
166 5.02799987793
167 5.04199981689
168 3.132999897
169 3.21399998665
170 3.36100006104
171 4.10500001907
172 4.91900014877
173 4.882999897
174 4.84999990463
175 4.84000015259
176 4.83199977875
177 4.82600021362
178 4.83300018311
179 4.85099983215
180 4.86600017548
181 4.90799999237
182 4.82399988174
183 5.32800006866
184 5.46299982071
185 5.46799993515
186 5.50400018692
187 5.51200008392
188 4.60400009155
189 4.57299995422
190 5.5689997673
191 5.59499979019
192 3.64100003242
193 3.52600002289
194 4.05900001526
195 4.0529999733
196 5.69299983978
197 5.71400022507
198 5.75099992752
199 5.7610001564
200 5.78000020981
201 5.80700016022
202 5.81799983978
203 5.83900022507
204 5.85500001907
205 5.86100006104
206 5.87699985504
207 5.88199996948
208 5.88500022888
209 5.90700006485
210 5.9310002327
211 5.93400001526
212 5.96199989319
213 5.97399997711
214 5.97700023651
215 5.99399995804
216 6.01700019836
217 6.02299976349
218 6.03999996185
219 6.08199977875
220 6.08799982071
221 6.07499980927
222 6.09899997711
223 6.10500001907
224 6.10400009155
225 6.12300014496
226 6.10400009155
227 6.11199998856
228 6.13199996948
229 6.15399980545
230 6.16400003433
231 6.15600013733
232 6.17899990082
233 6.1890001297
234 6.21400022507
235 6.19500017166
236 6.2389998436
237 6.23199987411
238 6.23199987411
239 6.24499988556
240 6.23199987411
241 6.22399997711
242 6.23199987411
243 6.24800014496
244 6.21899986267
245 6.23400020599
246 6.23099994659
247 6.24399995804
248 6.242000103
249 6.24300003052
250 6.25500011444
251 6.24800014496
252 6.25199985504
253 6.26999998093
254 6.28000020981
255 6.27500009537
256 6.26900005341
257 6.24700021744
258 6.25199985504
259 6.26000022888
260 6.25600004196
261 6.24399995804
262 6.24800014496
263 6.23699998856
264 6.21600008011
265 6.23099994659
266 6.23600006104
267 6.21700000763
268 6.19799995422
269 6.22700023651
270 6.22900009155
271 6.21500015259
272 6.20399999619
273 6.14799976349
274 5.84499979019
275 5.80000019073
276 5.76499986649
277 5.73699998856
278 5.72900009155
279 5.72200012207
280 5.75400018692
281 5.76999998093
282 5.81199979782
283 5.95699977875
284 6.09299993515
285 6.08599996567
286 6.0640001297
287 6.04799985886
288 6.05800008774
289 6.04500007629
290 6.03900003433
291 6.01999998093
292 5.99300003052
293 5.98199987411
294 5.96400022507
295 5.9439997673
296 5.92500019073
297 5.90299987793
298 5.8860001564
299 5.87900018692
300 5.86999988556
301 5.86299991608
302 5.82399988174
303 5.82600021362
304 5.81599998474
305 5.79600000381
306 5.76900005341
307 5.77299976349
308 2.07699990273
309 2.07399988174
310 2.05599999428
311 2.04299998283
312 2.05399990082
313 2.02999997139
314 2.0490000248
315 2.03500008583
316 2.04600000381
317 2.04500007629
318 2.02200007439
319 2.02500009537
320 2.03399991989
321 2.01600003242
322 2.01300001144
323 2.00999999046
324 2.01799988747
325 1.0870000124
326 0.898000001907
327 0.862999975681
328 0.871999979019
329 1.01499998569
330 2.37599992752
331 2.24900007248
332 2.18099999428
333 2.15400004387
334 2.15000009537
335 2.18400001526
336 2.24000000954
337 2.24300003052
338 2.25
339 2.2349998951
340 2.26600003242
341 2.22499990463
342 2.16700005531
343 2.15700006485
344 2.16100001335
345 2.24300003052
346 2.27999997139
347 2.26999998093
348 2.25900006294
349 2.27200007439
350 2.30399990082
351 4.69099998474
352 4.66800022125
353 4.62400007248
354 4.59399986267
355 4.5529999733
356 4.3140001297
357 4.36899995804
358 4.48500013351
359 4.46899986267
360 4.44999980927
361 4.41400003433
362 4.39699983597
363 4.367000103
364 4.30100011826
365 4.28599977493
366 4.24800014496
367 4.21400022507
368 4.18400001526
369 4.13500022888
370 4.11899995804
371 4.08699989319
372 4.04600000381
373 4.02500009537
374 3.992000103
375 3.95300006866
376 3.9319999218
377 3.90799999237
378 3.875
379 3.86500000954
380 3.81500005722
381 3.72600007057
382 3.63700008392
383 3.60299992561
384 3.55500006676
385 3.53200006485
386 3.49300003052
387 3.46700000763
388 3.4430000782
389 3.39299988747
390 3.36899995804
391 3.35100007057
392 3.31299996376
393 3.26900005341
394 3.25999999046
395 3.27900004387
396 3.30100011826
397 3.34899997711
398 3.36599993706
399 3.39599990845
400 3.43600010872
401 3.46799993515
402 3.51099991798
403 3.55599999428
404 3.61100006104
405 3.63100004196
406 3.68700003624
407 3.72799992561
408 3.74399995804
409 3.77600002289
410 3.84400010109
411 3.88599991798
412 3.94400000572
413 3.99099993706
414 4.05499982834
415 4.13399982452
416 4.1890001297
417 4.23699998856
418 4.3060002327
419 4.37799978256
420 4.45499992371
421 4.52600002289
422 4.59399986267
423 4.65999984741
424 4.74100017548
425 4.8109998703
426 4.91800022125
427 5.01900005341
428 5.10799980164
429 5.22100019455
430 5.30700016022
431 5.42500019073
432 5.53499984741
433 5.64599990845
434 5.76599979401
435 5.87900018692
436 6.02199983597
437 6.16400003433
438 6.3140001297
439 6.47700023651
440 6.50099992752
441 6.61600017548
442 6.4390001297
443 3.08400011063
444 3.05500006676
445 3.04500007629
446 3.02099990845
447 3.02200007439
448 3.02300000191
449 3.02399992943
450 3.01699995995
451 2.99499988556
452 2.98200011253
453 2.98099994659
454 2.992000103
455 2.96900010109
456 2.95799994469
457 2.97300004959
458 2.9509999752
459 2.95199990273
460 2.95499992371
461 2.95399999619
462 2.95199990273
463 2.94600009918
464 2.94099998474
465 2.95199990273
466 2.93499994278
467 2.92600011826
468 2.92600011826
469 2.91899991035
470 2.65700006485
471 2.64899992943
472 2.65799999237
473 2.64800000191
474 0.953999996185
475 0.713999986649
476 0.709999978542
477 0.929000020027
478 2.65100002289
479 2.65599989891
480 2.64299988747
481 2.65100002289
482 2.65499997139
483 2.67300009727
484 2.66300010681
485 2.66300010681
486 2.66000008583
487 2.66100001335
488 2.67300009727
489 2.67899990082
490 2.82699990273
491 2.9470000267
492 2.93899989128
493 2.95199990273
494 2.95300006866
495 2.94400000572
496 2.94799995422
497 2.97699999809
498 2.97000002861
499 2.96499991417
500 2.97900009155
501 3.0
502 2.992000103
503 2.98600006104
504 2.99399995804
505 3.01099991798
506 3.0
507 3.03299999237
508 3.02300000191
509 1.38800001144
510 1.21899998188
511 1.14699995518
512 1.12800002098
513 1.12300002575
514 1.11699998379
515 1.09500002861
516 1.09800004959
517 1.10399997234
518 1.12300002575
519 1.12699997425
520 1.12999999523
521 1.13699996471
522 1.14600002766
523 1.14999997616
524 0.992999970913
525 0.903999984264
526 0.913999974728
527 1.19500005245
528 1.21300005913
529 1.23800003529
530 1.20700001717
531 1.22099995613
532 1.2120000124
533 1.2159999609
534 1.21700000763
535 1.22699999809
536 1.23000001907
537 1.23699998856
538 1.24800002575
539 1.29100000858
540 3.55800008774
