0 4.48400020599
1 4.40899991989
2 4.42000007629
3 4.46799993515
4 4.51000022888
5 4.66099977493
6 4.68300008774
7 4.71000003815
8 4.73000001907
9 4.76700019836
10 4.78900003433
11 4.82999992371
12 4.8639998436
13 4.88700008392
14 4.93499994278
15 4.93400001526
16 4.82499980927
17 4.85200023651
18 4.88100004196
19 4.97499990463
20 5.14300012589
21 5.18800020218
22 5.22599983215
23 5.27299976349
24 5.30999994278
25 5.36199998856
26 5.40600013733
27 5.45399999619
28 5.49800014496
29 5.53900003433
30 5.59499979019
31 5.65899991989
32 5.66200017929
33 0.0
34 17.1469993591
35 17.1520004272
36 17.1380004883
37 0.0
38 0.0
39 0.0
40 17.236000061
41 17.1660003662
42 17.0680007935
43 17.017999649
44 16.531999588
45 16.545999527
46 16.5049991608
47 13.1649999619
48 13.0939998627
49 12.3459997177
50 11.9580001831
51 11.5920000076
52 11.6040000916
53 11.6339998245
54 11.6319999695
55 11.3470001221
56 10.984000206
57 10.4689998627
58 10.1140003204
59 8.34300041199
60 8.34399986267
61 8.21300029755
62 7.92899990082
63 7.62799978256
64 7.4470000267
65 7.23999977112
66 7.06599998474
67 6.91800022125
68 6.79199981689
69 6.77500009537
70 6.8060002327
71 6.82899999619
72 6.86199998856
73 6.85900020599
74 6.78399991989
75 6.64099979401
76 6.51499986649
77 6.38100004196
78 6.25699996948
79 6.16200017929
80 5.22900009155
81 4.95800018311
82 4.84800004959
83 4.77400016785
84 4.67700004578
85 4.59499979019
86 4.52699995041
87 4.46799993515
88 4.41499996185
89 4.34000015259
90 4.27500009537
91 4.22700023651
92 4.16400003433
93 4.08699989319
94 4.01999998093
95 3.96700000763
96 3.92000007629
97 3.8710000515
98 3.84999990463
99 3.7990000248
100 3.77699995041
101 3.78500008583
102 3.82999992371
103 3.83800005913
104 3.86800003052
105 3.90599989891
106 3.94000005722
107 3.96000003815
108 3.92499995232
109 3.89599990845
110 3.83999991417
111 3.81100010872
112 3.76200008392
113 3.74000000954
114 3.6819999218
115 3.65300011635
116 3.62599992752
117 3.59899997711
118 3.56200003624
119 3.53099989891
120 3.507999897
121 3.47900009155
122 3.45600008965
123 3.40899991989
124 3.39700007439
125 3.39100003242
126 3.41599988937
127 3.45399999619
128 3.49000000954
129 3.52600002289
130 3.57699990273
131 3.61400008202
132 3.66599988937
133 4.01800012589
134 4.0720000267
135 4.09399986267
136 4.11499977112
137 4.16400003433
138 4.17399978638
139 4.19799995422
140 4.24100017548
141 4.26599979401
142 4.31699991226
143 4.34999990463
144 4.38100004196
145 4.42600011826
146 4.45699977875
147 4.48099994659
148 4.50099992752
149 4.53100013733
150 4.54899978638
151 4.20200014114
152 4.28999996185
153 4.6139998436
154 3.25600004196
155 3.40599989891
156 4.6970000267
157 4.59000015259
158 4.56799983978
159 4.78900003433
160 4.82700014114
161 4.867000103
162 4.89599990845
163 4.92500019073
164 4.95399999619
165 4.98600006104
166 5.01399993896
167 5.03299999237
168 3.15499997139
169 3.22900009155
170 3.3599998951
171 4.10599994659
172 4.92399978638
173 4.86499977112
174 4.85400009155
175 4.83400011063
176 4.81799983978
177 4.8189997673
178 4.84100008011
179 4.84700012207
180 4.87900018692
181 4.89400005341
182 4.81599998474
183 5.3189997673
184 5.46400022507
185 5.48299980164
186 5.50600004196
187 5.50199985504
188 4.60099983215
189 4.57700014114
190 5.57299995422
191 5.59000015259
192 3.64499998093
193 3.53900003433
194 4.06599998474
195 4.02699995041
196 5.67399978638
197 5.70800018311
198 5.73799991608
199 5.76800012589
200 5.78299999237
201 5.80399990082
202 5.82100009918
203 5.82299995422
204 5.83400011063
205 5.86100006104
206 5.85900020599
207 5.87900018692
208 5.90100002289
209 5.91200017929
210 5.91800022125
211 5.94000005722
212 5.95499992371
213 5.95800018311
214 5.99399995804
215 5.99800014496
216 6.01200008392
217 6.03800010681
218 6.03399991989
219 6.06599998474
220 6.07000017166
221 6.0689997673
222 6.07499980927
223 6.09299993515
224 6.11100006104
225 6.11800003052
226 6.11600017548
227 6.125
228 6.12400007248
229 6.13100004196
230 6.14599990845
231 6.16099977493
232 6.1779999733
233 6.18300008774
234 6.20399999619
235 6.19600009918
236 6.22800016403
237 6.20900011063
238 6.22599983215
239 6.21400022507
240 6.22300004959
241 6.23000001907
242 6.22900009155
243 6.24900007248
244 6.25199985504
245 6.23000001907
246 6.21999979019
247 6.23400020599
248 6.2389998436
249 6.23999977112
250 6.25600004196
251 6.26599979401
252 6.26999998093
253 6.27699995041
254 6.28399991989
255 6.26900005341
256 6.24900007248
257 6.24599981308
258 6.25
259 6.25199985504
260 6.25899982452
261 6.23500013351
262 6.24599981308
263 6.21400022507
264 6.20599985123
265 6.22599983215
266 6.21700000763
267 6.23799991608
268 6.21700000763
269 6.21700000763
270 6.22800016403
271 6.22900009155
272 6.22300004959
273 6.13199996948
274 5.84299993515
275 5.78399991989
276 5.76800012589
277 5.72300004959
278 5.72200012207
279 5.73600006104
280 5.74300003052
281 5.77400016785
282 5.80999994278
283 5.9470000267
284 6.08099985123
285 6.08500003815
286 6.06599998474
287 6.04400014877
288 6.05900001526
289 6.05800008774
290 6.03700017929
291 6.01999998093
292 5.99100017548
293 5.98600006104
294 5.95300006866
295 5.95200014114
296 5.91599988937
297 5.90999984741
298 5.88899993896
299 5.8860001564
300 5.86600017548
301 5.84700012207
302 5.82000017166
303 5.8109998703
304 5.8060002327
305 5.79899978638
306 5.78700017929
307 5.75400018692
308 2.08299994469
309 2.06699991226
310 2.04699993134
311 2.04099988937
312 2.05200004578
313 2.04399991035
314 2.05200004578
315 2.03600001335
316 2.03800010681
317 2.03600001335
318 2.01900005341
319 2.03699994087
320 2.01699995995
321 2.01699995995
322 2.00999999046
323 2.02699995041
324 1.99800002575
325 1.07500004768
326 0.89200001955
327 0.865000009537
328 0.870999991894
329 1.00300002098
330 2.11400008202
331 2.11899995804
332 2.10400009155
333 2.04699993134
334 2.07800006866
335 2.10100007057
336 2.18099999428
337 2.23699998856
338 2.24000000954
339 2.22399997711
340 2.2460000515
341 2.23900008202
342 2.14199995995
343 2.07399988174
344 2.06900000572
345 2.05900001526
346 2.11100006104
347 2.16499996185
348 2.23099994659
349 4.75400018692
350 4.71799993515
351 4.66900014877
352 4.63800001144
353 4.63100004196
354 4.57499980927
355 4.54500007629
356 4.32100009918
357 4.35500001907
358 4.48799991608
359 4.4470000267
360 4.43400001526
361 4.39599990845
362 4.37099981308
363 4.34600019455
364 4.31599998474
365 4.28000020981
366 4.25500011444
367 4.19299983978
368 4.17700004578
369 4.15100002289
370 4.10300016403
371 4.07899999619
372 4.02799987793
373 4.01000022888
374 3.99000000954
375 3.96499991417
376 3.91799998283
377 3.91000008583
378 3.8789999485
379 3.85400009155
380 3.82800006866
381 3.70600008965
382 3.62400007248
383 3.58599996567
384 3.5529999733
385 3.53900003433
386 3.49499988556
387 3.45600008965
388 3.42600011826
389 3.40100002289
390 3.36999988556
391 3.32100009918
392 3.29500007629
393 3.27699995041
394 3.25699996948
395 3.26300001144
396 3.28699994087
397 3.32699990273
398 3.3710000515
399 3.39499998093
400 3.44199991226
401 3.48200011253
402 3.5150001049
403 3.55500006676
404 3.59400010109
405 3.64100003242
406 3.68300008774
407 3.71600008011
408 3.72300004959
409 3.78600001335
410 3.83699989319
411 3.8789999485
412 3.93799996376
413 4.00299978256
414 4.0609998703
415 4.11100006104
416 4.18200016022
417 4.22599983215
418 4.32100009918
419 4.38500022888
420 4.45699977875
421 4.53100013733
422 4.59100008011
423 4.66800022125
424 4.72399997711
425 4.8140001297
426 4.91400003433
427 5.01599979401
428 5.12300014496
429 5.21999979019
430 5.3060002327
431 5.41699981689
432 5.53000020981
433 5.6360001564
434 5.76700019836
435 5.90399980545
436 6.01800012589
437 6.16599988937
438 6.32899999619
439 6.47499990463
440 6.49399995804
441 6.60200023651
442 6.45200014114
443 3.08800005913
444 3.0569999218
445 3.02500009537
446 3.02699995041
447 3.00699996948
448 3.00600004196
449 3.01900005341
450 2.99900007248
451 2.99300003052
452 2.99699997902
453 2.98000001907
454 2.96300005913
455 2.96399998665
456 2.96600008011
457 2.95700001717
458 2.96300005913
459 2.94600009918
460 2.94199991226
461 2.96499991417
462 2.94600009918
463 2.9319999218
464 2.93700003624
465 2.9319999218
466 2.93899989128
467 2.9240000248
468 2.91499996185
469 2.90599989891
470 2.64800000191
471 2.64100003242
472 2.64199995995
473 2.64499998093
474 0.930999994278
475 0.708000004292
476 0.705999970436
477 0.927999973297
478 2.64599990845
479 2.63599991798
480 2.64700007439
481 2.63400006294
482 2.64400005341
483 2.65799999237
484 2.65499997139
485 2.66000008583
486 2.64700007439
487 2.66400003433
488 2.67499995232
489 2.68099999428
490 2.83800005913
491 2.93799996376
492 2.9470000267
493 2.95700001717
494 2.96499991417
495 2.96099996567
496 2.95000004768
497 2.96199989319
498 2.95499992371
499 2.96099996567
500 2.96499991417
501 2.98799991608
502 2.97099995613
503 2.99799990654
504 2.99099993706
505 3.01099991798
506 3.01900005341
507 3.01999998093
508 3.03600001335
509 3.01799988747
510 3.03699994087
511 3.04200005531
512 3.07100009918
513 1.22200000286
514 1.27400004864
515 1.16700005531
516 1.16499996185
517 1.12800002098
518 1.15199995041
519 1.14199995995
520 1.14699995518
521 1.14300000668
522 1.13699996471
523 1.14600002766
524 0.996999979019
525 0.90600001812
526 0.920000016689
527 1.13499999046
528 1.21000003815
529 1.25100004673
530 1.24500000477
531 1.24199998379
532 1.23399996758
533 1.24800002575
534 1.21800005436
535 1.23300004005
536 1.23500001431
537 1.24899995327
538 1.24899995327
539 1.24000000954
540 1.29400002956
