0 4.51000022888
1 4.42100000381
2 4.4359998703
3 4.46400022507
4 4.52899980545
5 4.63999986649
6 4.67399978638
7 4.6970000267
8 4.72599983215
9 4.76000022888
10 4.79699993134
11 4.83300018311
12 4.86199998856
13 4.87900018692
14 4.91300010681
15 4.93699979782
16 4.83099985123
17 4.83900022507
18 4.88399982452
19 4.96400022507
20 5.13500022888
21 5.18200016022
22 5.22700023651
23 5.25600004196
24 5.31500005722
25 5.35799980164
26 5.40700006485
27 5.44099998474
28 5.49300003052
29 5.55000019073
30 5.57800006866
31 5.64400005341
32 5.68499994278
33 19.2390003204
34 17.1529998779
35 17.1359996796
36 17.5739994049
37 17.6119995117
38 0.0
39 0.0
40 17.2719993591
41 17.1779994965
42 17.0580005646
43 17.0149993896
44 16.5189990997
45 16.5400009155
46 16.5219993591
47 13.1619997025
48 13.0780000687
49 12.3310003281
50 11.9739999771
51 11.5769996643
52 11.5959997177
53 11.6330003738
54 11.6129999161
55 11.3389997482
56 11.0030002594
57 10.4549999237
58 10.1289997101
59 8.3360004425
60 8.34399986267
61 8.19099998474
62 7.92000007629
63 7.63399982452
64 7.44199991226
65 7.24700021744
66 7.04400014877
67 6.88800001144
68 6.77799987793
69 6.76999998093
70 6.79099988937
71 6.82600021362
72 6.84399986267
73 6.87799978256
74 6.78100013733
75 6.63000011444
76 6.51000022888
77 6.39699983597
78 6.27799987793
79 6.15199995041
80 5.25099992752
81 4.96400022507
82 4.84299993515
83 4.77699995041
84 4.66699981689
85 4.60699987411
86 4.54899978638
87 4.47599983215
88 4.41200017929
89 4.33900022507
90 4.26700019836
91 4.21199989319
92 4.15299987793
93 4.10900020599
94 4.02899980545
95 3.97900009155
96 3.93600010872
97 3.88400006294
98 3.83299994469
99 3.80200004578
100 3.76999998093
101 3.78500008583
102 3.8220000267
103 3.86400008202
104 3.87599992752
105 3.90199995041
106 3.93899989128
107 3.9509999752
108 3.91300010681
109 3.87800002098
110 3.84100008011
111 3.78900003433
112 3.75200009346
113 3.71900010109
114 3.67600011826
115 3.65599989891
116 3.60899996758
117 3.59800004959
118 3.55999994278
119 3.53399991989
120 3.49699997902
121 3.47399997711
122 3.43300008774
123 3.40199995041
124 3.39899992943
125 3.37400007248
126 3.41599988937
127 3.45399999619
128 3.49399995804
129 3.52999997139
130 3.57399988174
131 3.59299993515
132 3.6740000248
133 4.01999998093
134 4.05999994278
135 4.09999990463
136 4.11299991608
137 4.14900016785
138 4.16699981689
139 4.22599983215
140 4.24700021744
141 4.27699995041
142 4.29600000381
143 4.35200023651
144 4.35300016403
145 4.40799999237
146 4.44099998474
147 4.47300004959
148 4.51999998093
149 4.52699995041
150 4.54400014877
151 4.19199991226
152 4.29699993134
153 4.59800004959
154 3.27200007439
155 3.40300011635
156 4.71099996567
157 4.59499979019
158 4.5560002327
159 4.78700017929
160 4.84100008011
161 4.84999990463
162 4.88800001144
163 4.92999982834
164 4.95300006866
165 4.98299980164
166 5.01800012589
167 5.04799985886
168 3.13700008392
169 3.20799994469
170 3.3710000515
171 4.117000103
172 4.90999984741
173 4.86600017548
174 4.84399986267
175 4.82499980927
176 4.82000017166
177 4.80900001526
178 4.83199977875
179 4.83900022507
180 4.85799980164
181 4.89200019836
182 4.8140001297
183 5.3140001297
184 5.46500015259
185 5.48000001907
186 5.48699998856
187 5.50400018692
188 4.60900020599
189 4.58400011063
190 5.57299995422
191 5.57700014114
192 3.6400001049
193 3.50699996948
194 4.07399988174
195 4.03399991989
196 5.69500017166
197 5.70100021362
198 5.74499988556
199 5.76499986649
200 5.77500009537
201 5.8060002327
202 5.82299995422
203 5.8220000267
204 5.83500003815
205 5.85799980164
206 5.87300014496
207 5.86000013351
208 5.89799976349
209 5.91400003433
210 5.91099977493
211 5.94799995422
212 5.9279999733
213 5.97200012207
214 5.97800016403
215 6.0
216 5.99900007248
217 6.03000020981
218 6.05800008774
219 6.07600021362
220 6.0640001297
221 6.09000015259
222 6.08300018311
223 6.09800004959
224 6.08500003815
225 6.11600017548
226 6.11899995804
227 6.13000011444
228 6.12400007248
229 6.132999897
230 6.132999897
231 6.15399980545
232 6.17999982834
233 6.19199991226
234 6.1779999733
235 6.21000003815
236 6.22100019455
237 6.22200012207
238 6.21799993515
239 6.22399997711
240 6.22800016403
241 6.22900009155
242 6.21700000763
243 6.23699998856
244 6.22300004959
245 6.22499990463
246 6.25400018692
247 6.23600006104
248 6.23099994659
249 6.24900007248
250 6.25899982452
251 6.27199983597
252 6.26999998093
253 6.25
254 6.26999998093
255 6.27600002289
256 6.27099990845
257 6.25
258 6.25600004196
259 6.25400018692
260 6.25400018692
261 6.22800016403
262 6.22900009155
263 6.20200014114
264 6.21299982071
265 6.22300004959
266 6.21099996567
267 6.21099996567
268 6.21600008011
269 6.20399999619
270 6.20599985123
271 6.22700023651
272 6.20900011063
273 6.12300014496
274 5.84200000763
275 5.78399991989
276 5.75400018692
277 5.73799991608
278 5.72300004959
279 5.72499990463
280 5.74100017548
281 5.76399993896
282 5.8029999733
283 5.9279999733
284 6.07899999619
285 6.07700014114
286 6.07499980927
287 6.07000017166
288 6.04899978638
289 6.04600000381
290 6.02199983597
291 6.01900005341
292 6.00299978256
293 5.96700000763
294 5.96999979019
295 5.94500017166
296 5.93300008774
297 5.90299987793
298 5.8860001564
299 5.86999988556
300 5.83900022507
301 5.85599994659
302 5.83599996567
303 5.81599998474
304 5.80200004578
305 5.79600000381
306 5.79099988937
307 5.76800012589
308 2.08400011063
309 2.05800008774
310 2.0490000248
311 2.04800009727
312 2.02900004387
313 2.04099988937
314 2.02300000191
315 2.02300000191
316 2.03299999237
317 2.00900006294
318 2.01799988747
319 2.02900004387
320 2.03099989891
321 2.03299999237
322 2.01600003242
323 2.01900005341
324 2.01999998093
325 1.07299995422
326 0.898999989033
327 0.847000002861
328 0.855000019073
329 0.992999970913
330 2.39400005341
331 2.26300001144
332 2.15599989891
333 2.15000009537
334 2.13599991798
335 2.16899991035
336 2.22900009155
337 2.242000103
338 2.24000000954
339 2.22600007057
340 2.22799992561
341 2.20600008965
342 2.18300008774
343 2.14299988747
344 2.15300011635
345 2.24099993706
346 2.30500006676
347 2.28699994087
348 2.25500011444
349 2.24300003052
350 2.30200004578
351 4.66699981689
352 4.63399982452
353 4.61899995804
354 4.59100008011
355 4.54099988937
356 4.30900001526
357 4.37400007248
358 4.47200012207
359 4.4390001297
360 4.43300008774
361 4.41200017929
362 4.38899993896
363 4.34999990463
364 4.29300022125
365 4.28900003433
366 4.25199985504
367 4.21000003815
368 4.16200017929
369 4.12699985504
370 4.08900022507
371 4.07600021362
372 4.04699993134
373 4.01800012589
374 3.97699999809
375 3.96399998665
376 3.9279999733
377 3.91000008583
378 3.8710000515
379 3.84699988365
380 3.8180000782
381 3.70799994469
382 3.64700007439
383 3.60400009155
384 3.55200004578
385 3.53500008583
386 3.47900009155
387 3.46399998665
388 3.43499994278
389 3.40199995041
390 3.34599995613
391 3.33899998665
392 3.30999994278
393 3.27999997139
394 3.24499988556
395 3.26200008392
396 3.30599999428
397 3.32399988174
398 3.36299991608
399 3.39299988747
400 3.42300009727
401 3.48300004005
402 3.51600003242
403 3.54399991035
404 3.59299993515
405 3.6400001049
406 3.66300010681
407 3.70900011063
408 3.73799991608
409 3.78399991989
410 3.83400011063
411 3.89299988747
412 3.9319999218
413 3.98900008202
414 4.03999996185
415 4.11499977112
416 4.17700004578
417 4.2389998436
418 4.3109998703
419 4.37900018692
420 4.41699981689
421 4.51200008392
422 4.59399986267
423 4.65100002289
424 4.73400020599
425 4.80999994278
426 4.90100002289
427 5.00299978256
428 5.11199998856
429 5.20100021362
430 5.31500005722
431 5.40899991989
432 5.53200006485
433 5.63700008392
434 5.74900007248
435 5.88199996948
436 6.02400016785
437 6.16200017929
438 6.3109998703
439 6.47900009155
440 6.5
441 6.59200000763
442 6.47300004959
443 3.08400011063
444 3.04299998283
445 3.02200007439
446 3.03099989891
447 3.01099991798
448 3.0039999485
449 3.0
450 2.99399995804
451 2.99900007248
452 2.97300004959
453 2.97600007057
454 2.992000103
455 2.97900009155
456 2.96799993515
457 2.95900011063
458 2.96900010109
459 2.96300005913
460 2.94799995422
461 2.93600010872
462 2.94899988174
463 2.93300008774
464 2.93499994278
465 2.9240000248
466 2.93400001526
467 2.92899990082
468 2.91799998283
469 2.91100001335
470 2.64800000191
471 2.65000009537
472 2.63400006294
473 2.64299988747
474 0.95300000906
475 0.704999983311
476 0.707000017166
477 0.925000011921
478 2.66199994087
479 2.64700007439
480 2.64299988747
481 2.64599990845
482 2.65499997139
483 2.63199996948
484 2.6400001049
485 2.66799998283
486 2.66100001335
487 2.66700005531
488 2.6779999733
489 2.68400001526
490 2.83500003815
491 2.93799996376
492 2.92899990082
493 2.93099999428
494 2.94400000572
495 2.95399999619
496 2.94499993324
497 2.9509999752
498 2.94400000572
499 2.96600008011
500 2.97799992561
501 2.9849998951
502 2.97300004959
503 2.992000103
504 2.99799990654
505 3.00900006294
506 3.00500011444
507 3.00900006294
508 3.007999897
509 3.03299999237
510 3.04099988937
511 1.40299999714
512 1.24199998379
513 1.21500003338
514 1.22200000286
515 1.22599995136
516 1.22300004959
517 1.22300004959
518 1.19799995422
519 1.22000002861
520 1.24399995804
521 1.25
522 1.22599995136
523 1.25100004673
524 0.999000012875
525 0.90499997139
526 0.911000013351
527 1.18599998951
528 1.20799994469
529 1.20200002193
530 1.20899999142
531 1.19099998474
532 1.18799996376
533 1.20000004768
534 1.20200002193
535 1.21099996567
536 1.20000004768
537 1.22699999809
538 1.23099994659
539 1.31200003624
540 3.55100011826
