0 4.52099990845
1 4.43400001526
2 4.44999980927
3 4.46600008011
4 4.51499986649
5 4.66200017929
6 4.65600013733
7 4.70499992371
8 4.74100017548
9 4.75899982452
10 4.80499982834
11 4.82800006866
12 4.85500001907
13 4.89699983597
14 4.93499994278
15 4.94199991226
16 4.83699989319
17 4.85300016403
18 4.88500022888
19 4.96500015259
20 5.13199996948
21 5.18800020218
22 5.23099994659
23 5.27400016785
24 5.30700016022
25 5.35599994659
26 5.41300010681
27 5.45300006866
28 5.50400018692
29 5.54199981689
30 5.61299991608
31 5.63100004196
32 5.65799999237
33 0.0
34 17.1450004578
35 17.1399993896
36 17.1539993286
37 0.0
38 0.0
39 0.0
40 17.2409992218
41 17.1590003967
42 17.0699996948
43 17.013999939
44 16.5259990692
45 16.5410003662
46 16.5189990997
47 13.1680002213
48 13.0839996338
49 12.3280000687
50 11.9490003586
51 11.5880002975
52 11.5970001221
53 11.6210002899
54 11.6120004654
55 11.3350000381
56 11.0059995651
57 10.4770002365
58 10.1210002899
59 8.35999965668
60 8.34000015259
61 8.19400024414
62 7.90299987793
63 7.64499998093
64 7.44899988174
65 7.24800014496
66 7.05900001526
67 6.90799999237
68 6.79400014877
69 6.77699995041
70 6.79799985886
71 6.82600021362
72 6.84200000763
73 6.86299991608
74 6.79899978638
75 6.63500022888
76 6.50500011444
77 6.38399982452
78 6.26999998093
79 6.14799976349
80 5.24499988556
81 4.96899986267
82 4.85900020599
83 4.76800012589
84 4.67700004578
85 4.60900020599
86 4.53000020981
87 4.47700023651
88 4.38000011444
89 4.33400011063
90 4.27199983597
91 4.21400022507
92 4.16300010681
93 4.1139998436
94 4.05200004578
95 3.98399996758
96 3.94199991226
97 3.8900001049
98 3.84800004959
99 3.79699993134
100 3.75699996948
101 3.78999996185
102 3.82699990273
103 3.84699988365
104 3.85700011253
105 3.90300011635
106 3.93700003624
107 3.96099996567
108 3.89800000191
109 3.8710000515
110 3.83999991417
111 3.80599999428
112 3.76300001144
113 3.73699998856
114 3.69799995422
115 3.66100001335
116 3.62599992752
117 3.60100007057
118 3.55399990082
119 3.53999996185
120 3.49000000954
121 3.47399997711
122 3.45199990273
123 3.42100000381
124 3.40199995041
125 3.39199995995
126 3.42499995232
127 3.4470000267
128 3.5039999485
129 3.51600003242
130 3.57399988174
131 3.60299992561
132 3.67199993134
133 4.02400016785
134 4.06699991226
135 4.09200000763
136 4.11199998856
137 4.15100002289
138 4.17500019073
139 4.21700000763
140 4.25600004196
141 4.28399991989
142 4.3109998703
143 4.32100009918
144 4.38100004196
145 4.43300008774
146 4.46999979019
147 4.49300003052
148 4.51000022888
149 4.54099988937
150 4.54699993134
151 4.18800020218
152 4.29199981689
153 4.54099988937
154 3.28900003433
155 3.40899991989
156 4.71000003815
157 4.60699987411
158 4.5609998703
159 4.78999996185
160 4.82399988174
161 4.85300016403
162 4.8860001564
163 4.92299985886
164 4.96500015259
165 4.99300003052
166 5.02299976349
167 5.04300022125
168 3.14800000191
169 3.21799993515
170 3.36199998856
171 4.10699987411
172 4.91800022125
173 4.88500022888
174 4.85900020599
175 4.83599996567
176 4.8189997673
177 4.81199979782
178 4.82499980927
179 4.83799982071
180 4.86499977112
181 4.90500020981
182 4.81699991226
183 5.30000019073
184 5.45100021362
185 5.48299980164
186 5.50600004196
187 5.51999998093
188 4.60699987411
189 4.58099985123
190 5.5560002327
191 5.58799982071
192 3.63800001144
193 3.52399992943
194 4.07399988174
195 4.04500007629
196 5.70300006866
197 5.70300006866
198 5.72499990463
199 5.75500011444
200 5.78100013733
201 5.80200004578
202 5.82399988174
203 5.83900022507
204 5.84800004959
205 5.85599994659
206 5.86899995804
207 5.882999897
208 5.89300012589
209 5.89599990845
210 5.92899990082
211 5.92700004578
212 5.95800018311
213 5.96899986267
214 5.98299980164
215 5.99499988556
216 6.01700019836
217 6.03299999237
218 6.04799985886
219 6.06799983978
220 6.07899999619
221 6.07000017166
222 6.09499979019
223 6.09999990463
224 6.09600019455
225 6.09700012207
226 6.11999988556
227 6.12799978256
228 6.13899993896
229 6.14900016785
230 6.17199993134
231 6.16499996185
232 6.18400001526
233 6.16499996185
234 6.20599985123
235 6.20100021362
236 6.21400022507
237 6.22499990463
238 6.23299980164
239 6.21899986267
240 6.21799993515
241 6.23099994659
242 6.21999979019
243 6.22200012207
244 6.21999979019
245 6.23000001907
246 6.22700023651
247 6.24900007248
248 6.25899982452
249 6.2610001564
250 6.24399995804
251 6.24300003052
252 6.25600004196
253 6.26300001144
254 6.27699995041
255 6.27699995041
256 6.27099990845
257 6.25199985504
258 6.2389998436
259 6.25299978256
260 6.22800016403
261 6.24599981308
262 6.22399997711
263 6.23500013351
264 6.2389998436
265 6.21999979019
266 6.24100017548
267 6.21999979019
268 6.23600006104
269 6.20699977875
270 6.20900011063
271 6.21999979019
272 6.21600008011
273 6.14099979401
274 5.85300016403
275 5.78999996185
276 5.7610001564
277 5.73999977112
278 5.71299982071
279 5.72800016403
280 5.73400020599
281 5.76900005341
282 5.80499982834
283 5.95200014114
284 6.08799982071
285 6.08500003815
286 6.0720000267
287 6.04799985886
288 6.03999996185
289 6.04199981689
290 6.03200006485
291 6.01000022888
292 6.00299978256
293 5.97499990463
294 5.95800018311
295 5.9390001297
296 5.93499994278
297 5.90899991989
298 5.89900016785
299 5.87099981308
300 5.86800003052
301 5.85900020599
302 5.84100008011
303 5.80900001526
304 5.80399990082
305 5.79400014877
306 5.78499984741
307 5.757999897
308 2.0680000782
309 2.07100009918
310 2.06200003624
311 2.04600000381
312 2.04200005531
313 2.05200004578
314 2.03299999237
315 2.02500009537
316 2.03299999237
317 2.03699994087
318 2.0150001049
319 2.02399992943
320 2.02999997139
321 2.01999998093
322 2.03399991989
323 2.00600004196
324 2.00300002098
325 1.07299995422
326 0.908999979496
327 0.861999988556
328 0.85799998045
329 1.00199997425
330 2.09800004959
331 2.10800004005
332 2.06999993324
333 2.07500004768
334 2.07299995422
335 2.07500004768
336 2.19899988174
337 2.25
338 2.23099994659
339 2.21600008011
340 2.23699998856
341 2.21600008011
342 2.14100003242
343 2.07699990273
344 2.0759999752
345 2.07299995422
346 2.09899997711
347 2.14100003242
348 2.21799993515
349 4.74599981308
350 4.71500015259
351 4.6890001297
352 4.65299987793
353 4.63100004196
354 4.59200000763
355 4.55700016022
356 4.32600021362
357 4.34600019455
358 4.47800016403
359 4.46199989319
360 4.44199991226
361 4.42299985886
362 4.40000009537
363 4.36899995804
364 4.30100011826
365 4.28399991989
366 4.25600004196
367 4.19000005722
368 4.17500019073
369 4.14499998093
370 4.10599994659
371 4.07800006866
372 4.0560002327
373 4.02699995041
374 3.99300003052
375 3.95600008965
376 3.93000006676
377 3.89499998093
378 3.86899995804
379 3.84899997711
380 3.83100008965
381 3.71700000763
382 3.63400006294
383 3.60199999809
384 3.56500005722
385 3.53299999237
386 3.47799992561
387 3.46700000763
388 3.43400001526
389 3.40799999237
390 3.36999988556
391 3.33400011063
392 3.3029999733
393 3.29399991035
394 3.26699995995
395 3.25200009346
396 3.28500008583
397 3.33299994469
398 3.35599994659
399 3.41000008583
400 3.44400000572
401 3.48399996758
402 3.52200007439
403 3.5490000248
404 3.58500003815
405 3.63100004196
406 3.67499995232
407 3.73300004005
408 3.73399996758
409 3.77099990845
410 3.83999991417
411 3.87199997902
412 3.94099998474
413 4.00400018692
414 4.06599998474
415 4.11800003052
416 4.17999982834
417 4.24900007248
418 4.31699991226
419 4.35599994659
420 4.4359998703
421 4.51900005341
422 4.58400011063
423 4.65999984741
424 4.72200012207
425 4.82100009918
426 4.90299987793
427 5.01200008392
428 5.11499977112
429 5.20699977875
430 5.32100009918
431 5.4279999733
432 5.51499986649
433 5.64099979401
434 5.76200008392
435 5.89900016785
436 6.01499986649
437 6.16099977493
438 6.30800008774
439 6.47200012207
440 6.50400018692
441 6.61100006104
442 6.47900009155
443 3.08999991417
444 3.0490000248
445 3.03099989891
446 3.01999998093
447 3.03399991989
448 3.01699995995
449 2.99900007248
450 2.99099993706
451 2.99099993706
452 3.00099992752
453 2.99799990654
454 2.97699999809
455 2.97799992561
456 2.96099996567
457 2.97900009155
458 2.96600008011
459 2.94600009918
460 2.94199991226
461 2.94099998474
462 2.93499994278
463 2.93000006676
464 2.93300008774
465 2.93600010872
466 2.94400000572
467 2.93099999428
468 2.91700005531
469 2.91499996185
470 2.68600010872
471 2.65499997139
472 2.62299990654
473 2.65000009537
474 0.93900001049
475 0.704999983311
476 0.705999970436
477 0.940999984741
478 2.66100001335
479 2.64899992943
480 2.65300011635
481 2.65599989891
482 2.65599989891
483 2.65899991989
484 2.67499995232
485 2.66499996185
486 2.66199994087
487 2.6740000248
488 2.68300008774
489 2.67199993134
490 2.81900000572
491 2.93400001526
492 2.94400000572
493 2.93499994278
494 2.95199990273
495 2.94799995422
496 2.95600008965
497 2.94600009918
498 2.96600008011
499 2.96000003815
500 2.96799993515
501 2.97000002861
502 2.992000103
503 2.97499990463
504 2.98900008202
505 2.99099993706
506 2.99399995804
507 3.02900004387
508 3.02800011635
509 3.04399991035
510 3.04099988937
511 3.05200004578
512 3.04600000381
513 1.21700000763
514 1.28199994564
515 1.16600000858
516 1.16400003433
517 1.14300000668
518 1.13900005817
519 1.13499999046
520 1.12000000477
521 1.1289999485
522 1.14300000668
523 1.13699996471
524 1.00499999523
525 0.912999987602
526 0.921000003815
527 1.14900004864
528 1.21700000763
529 1.26300001144
530 1.24699997902
531 1.2460000515
532 1.23000001907
533 1.24699997902
534 1.21800005436
535 1.23099994659
536 1.23899996281
537 1.24399995804
538 1.24800002575
539 1.25600004196
540 1.27499997616
