0 4.52099990845
1 4.4359998703
2 4.42399978638
3 4.47300004959
4 4.53999996185
5 4.64400005341
6 4.69299983978
7 4.71600008011
8 4.73099994659
9 4.76700019836
10 4.79799985886
11 4.84100008011
12 4.85799980164
13 4.90700006485
14 4.92700004578
15 4.93300008774
16 4.82800006866
17 4.84100008011
18 4.87799978256
19 4.96899986267
20 5.14400005341
21 5.1779999733
22 5.23299980164
23 5.26399993896
24 5.3189997673
25 5.35900020599
26 5.40399980545
27 5.46199989319
28 5.49800014496
29 5.55499982834
30 5.60900020599
31 5.63800001144
32 5.67999982834
33 0.0
34 17.156999588
35 17.1459999084
36 17.1520004272
37 0.0
38 0.0
39 0.0
40 17.2479991913
41 17.1770000458
42 17.063999176
43 16.9979991913
44 16.5370006561
45 16.5359992981
46 16.5249996185
47 13.1420001984
48 13.0989999771
49 12.3310003281
50 11.9469995499
51 11.6059999466
52 11.6040000916
53 11.6309995651
54 11.6300001144
55 11.3360004425
56 10.9849996567
57 10.4619998932
58 10.1180000305
59 8.32800006866
60 8.34500026703
61 8.19699954987
62 7.90899991989
63 7.63800001144
64 7.45800018311
65 7.23799991608
66 7.06199979782
67 6.90899991989
68 6.79199981689
69 6.78900003433
70 6.80200004578
71 6.8220000267
72 6.85699987411
73 6.87200021744
74 6.8029999733
75 6.65000009537
76 6.50600004196
77 6.382999897
78 6.26700019836
79 6.15199995041
80 5.22499990463
81 4.97100019455
82 4.87099981308
83 4.77500009537
84 4.68300008774
85 4.60900020599
86 4.54899978638
87 4.48199987411
88 4.39799976349
89 4.33699989319
90 4.25600004196
91 4.22599983215
92 4.16300010681
93 4.11199998856
94 4.04300022125
95 3.99399995804
96 3.94400000572
97 3.89499998093
98 3.84299993515
99 3.79399991035
100 3.77399992943
101 3.78500008583
102 3.83400011063
103 3.85599994659
104 3.88100004196
105 3.91700005531
106 3.9430000782
107 3.95199990273
108 3.91100001335
109 3.8900001049
110 3.83899998665
111 3.80500006676
112 3.77900004387
113 3.7349998951
114 3.68799996376
115 3.66700005531
116 3.62299990654
117 3.59899997711
118 3.56999993324
119 3.52399992943
120 3.49300003052
121 3.47600007057
122 3.45300006866
123 3.42499995232
124 3.41599988937
125 3.39199995995
126 3.42899990082
127 3.45499992371
128 3.4960000515
129 3.52200007439
130 3.5680000782
131 3.61400008202
132 3.66700005531
133 4.02799987793
134 4.07100009918
135 4.09100008011
136 4.10500001907
137 4.16900014877
138 4.18699979782
139 4.22399997711
140 4.257999897
141 4.29699993134
142 4.32800006866
143 4.34600019455
144 4.39300012589
145 4.42299985886
146 4.46700000763
147 4.49700021744
148 4.51000022888
149 4.51300001144
150 4.54300022125
151 4.21000003815
152 4.29699993134
153 4.5
154 3.27800011635
155 3.40899991989
156 4.71500015259
157 4.60599994659
158 4.56799983978
159 4.79600000381
160 4.83500003815
161 4.86000013351
162 4.90799999237
163 4.93200016022
164 4.96799993515
165 4.99700021744
166 5.02899980545
167 5.04199981689
168 3.15499997139
169 3.21099996567
170 3.35899996758
171 4.10900020599
172 4.91800022125
173 4.875
174 4.85900020599
175 4.84000015259
176 4.81500005722
177 4.81699991226
178 4.84299993515
179 4.84200000763
180 4.87799978256
181 4.90399980545
182 4.81699991226
183 5.31799983978
184 5.46700000763
185 5.48299980164
186 5.50500011444
187 5.52500009537
188 4.60400009155
189 4.57499980927
190 5.5640001297
191 5.59800004959
192 3.64299988747
193 3.52600002289
194 4.07600021362
195 4.0529999733
196 5.69199991226
197 5.71500015259
198 5.73299980164
199 5.75099992752
200 5.78299999237
201 5.79400014877
202 5.82299995422
203 5.83199977875
204 5.85200023651
205 5.84600019455
206 5.86999988556
207 5.88800001144
208 5.89400005341
209 5.88899993896
210 5.92000007629
211 5.93499994278
212 5.96199989319
213 5.97599983215
214 5.99499988556
215 5.98999977112
216 6.00699996948
217 6.02299976349
218 6.05900001526
219 6.06699991226
220 6.07100009918
221 6.07899999619
222 6.09999990463
223 6.10500001907
224 6.10300016403
225 6.11800003052
226 6.12699985504
227 6.12799978256
228 6.14699983597
229 6.15299987793
230 6.17000007629
231 6.16699981689
232 6.18699979782
233 6.1890001297
234 6.20100021362
235 6.20200014114
236 6.21899986267
237 6.23199987411
238 6.22700023651
239 6.24100017548
240 6.23299980164
241 6.22499990463
242 6.23299980164
243 6.22700023651
244 6.21700000763
245 6.23500013351
246 6.23999977112
247 6.24300003052
248 6.25699996948
249 6.2610001564
250 6.24900007248
251 6.26200008392
252 6.25199985504
253 6.25299978256
254 6.28599977493
255 6.27799987793
256 6.25299978256
257 6.26200008392
258 6.26700019836
259 6.25600004196
260 6.25500011444
261 6.22300004959
262 6.23299980164
263 6.23699998856
264 6.22200012207
265 6.20399999619
266 6.23999977112
267 6.21500015259
268 6.21899986267
269 6.21500015259
270 6.23099994659
271 6.20800018311
272 6.20900011063
273 6.13399982452
274 5.85300016403
275 5.78599977493
276 5.76000022888
277 5.74700021744
278 5.73000001907
279 5.71700000763
280 5.74499988556
281 5.75600004196
282 5.8060002327
283 5.95200014114
284 6.09700012207
285 6.09299993515
286 6.0720000267
287 6.07499980927
288 6.04300022125
289 6.03800010681
290 6.03200006485
291 6.01999998093
292 6.00099992752
293 5.98600006104
294 5.95200014114
295 5.95399999619
296 5.91499996185
297 5.90600013733
298 5.90100002289
299 5.88100004196
300 5.8639998436
301 5.85200023651
302 5.84499979019
303 5.83199977875
304 5.81699991226
305 5.80100011826
306 5.78499984741
307 5.75600004196
308 2.08500003815
309 2.05599999428
310 2.0680000782
311 2.05399990082
312 2.0529999733
313 2.02800011635
314 2.02900004387
315 2.04200005531
316 2.04200005531
317 2.03099989891
318 2.03800010681
319 2.03900003433
320 2.01799988747
321 2.03399991989
322 2.01399993896
323 2.01600003242
324 2.00600004196
325 1.08000004292
326 0.893999993801
327 0.85900002718
328 0.873000025749
329 1.00699996948
330 2.28200006485
331 2.23799991608
332 2.16300010681
333 2.14299988747
334 2.13599991798
335 2.15000009537
336 2.22199988365
337 2.23699998856
338 2.24699997902
339 2.25099992752
340 2.22300004959
341 2.19400000572
342 2.14800000191
343 2.13899993896
344 2.14700007439
345 2.24399995804
346 2.30599999428
347 2.25200009346
348 2.25099992752
349 2.26200008392
350 2.33100008965
351 4.67999982834
352 4.65899991989
353 4.61800003052
354 4.59600019455
355 4.5640001297
356 4.31300020218
357 4.36100006104
358 4.48000001907
359 4.46400022507
360 4.43800020218
361 4.41200017929
362 4.40399980545
363 4.36600017548
364 4.33099985123
365 4.28399991989
366 4.25600004196
367 4.19099998474
368 4.1890001297
369 4.14599990845
370 4.11000013351
371 4.07700014114
372 4.04699993134
373 4.01800012589
374 3.97199988365
375 3.95900011063
376 3.93899989128
377 3.90199995041
378 3.86199998856
379 3.84699988365
380 3.83299994469
381 3.72600007057
382 3.63199996948
383 3.59999990463
384 3.5759999752
385 3.53600001335
386 3.492000103
387 3.44899988174
388 3.42700004578
389 3.40899991989
390 3.37700009346
391 3.34299993515
392 3.30900001526
393 3.28699994087
394 3.27600002289
395 3.26999998093
396 3.28299999237
397 3.33400011063
398 3.38199996948
399 3.41300010681
400 3.44799995422
401 3.47699999809
402 3.51600003242
403 3.55100011826
404 3.60899996758
405 3.64299988747
406 3.68499994278
407 3.72399997711
408 3.742000103
409 3.77300000191
410 3.83999991417
411 3.88499999046
412 3.91799998283
413 3.99300003052
414 4.06199979782
415 4.12300014496
416 4.17399978638
417 4.23600006104
418 4.3029999733
419 4.36100006104
420 4.44500017166
421 4.53499984741
422 4.59399986267
423 4.67500019073
424 4.73500013351
425 4.82399988174
426 4.91800022125
427 5.02199983597
428 5.11499977112
429 5.22200012207
430 5.32600021362
431 5.41800022125
432 5.53499984741
433 5.64799976349
434 5.76399993896
435 5.90500020981
436 6.01599979401
437 6.16800022125
438 6.31799983978
439 6.48600006104
440 6.51200008392
441 6.62200021744
442 6.46099996567
443 3.08699989319
444 3.04699993134
445 3.04099988937
446 3.02300000191
447 3.01799988747
448 3.02900004387
449 3.02099990845
450 2.9849998951
451 3.00099992752
452 2.99399995804
453 2.97499990463
454 2.98799991608
455 2.96799993515
456 2.98000001907
457 2.97300004959
458 2.96799993515
459 2.95300006866
460 2.95600008965
461 2.95600008965
462 2.93799996376
463 2.93499994278
464 2.93300008774
465 2.9430000782
466 2.93000006676
467 2.93099999428
468 2.92100000381
469 2.92700004578
470 2.65499997139
471 2.65199995041
472 2.63899993896
473 2.65499997139
474 0.944999992847
475 0.712000012398
476 0.708000004292
477 0.922999978065
478 2.65899991989
479 2.65199995041
480 2.65400004387
481 2.63400006294
482 2.64700007439
483 2.65400004387
484 2.65100002289
485 2.67700004578
486 2.65000009537
487 2.68700003624
488 2.68799996376
489 2.67100000381
490 2.8259999752
491 2.93300008774
492 2.94600009918
493 2.93700003624
494 2.96099996567
495 2.94000005722
496 2.95000004768
497 2.95600008965
498 2.98000001907
499 2.97099995613
500 2.96700000763
501 2.97600007057
502 2.99900007248
503 2.9849998951
504 2.98099994659
505 3.00099992752
506 3.0039999485
507 3.02500009537
508 3.01900005341
509 1.39600002766
510 1.23500001431
511 1.13100004196
512 1.1210000515
513 1.12000000477
514 1.125
515 1.11399996281
516 1.12199997902
517 1.10599994659
518 1.12199997902
519 1.12999999523
520 1.13900005817
521 1.12199997902
522 1.13699996471
523 1.17499995232
524 0.989000022411
525 0.90499997139
526 0.922999978065
527 1.20000004768
528 1.24800002575
529 1.22300004959
530 1.21300005913
531 1.23399996758
532 1.22500002384
533 1.22500002384
534 1.21099996567
535 1.21399998665
536 1.22300004959
537 1.23300004005
538 1.25100004673
539 1.28600001335
540 3.54200005531
