0 4.51800012589
1 4.42899990082
2 4.44299983978
3 4.46700000763
4 4.53100013733
5 4.65899991989
6 4.67199993134
7 4.70100021362
8 4.72900009155
9 4.76300001144
10 4.79699993134
11 4.83599996567
12 4.86000013351
13 4.90399980545
14 4.9279999733
15 4.9279999733
16 4.84899997711
17 4.84800004959
18 4.88199996948
19 4.96600008011
20 5.14099979401
21 5.17999982834
22 5.22800016403
23 5.26700019836
24 5.31300020218
25 5.35900020599
26 5.40500020981
27 5.4359998703
28 5.49100017548
29 5.55499982834
30 5.58300018311
31 5.64099979401
32 5.67000007629
33 20.4990005493
34 17.1480007172
35 17.1630001068
36 17.3530006409
37 0.0
38 0.0
39 0.0
40 17.2439994812
41 17.1630001068
42 17.0669994354
43 17.0079994202
44 16.5259990692
45 16.5410003662
46 16.531999588
47 13.1680002213
48 13.0749998093
49 12.3299999237
50 11.9510002136
51 11.5749998093
52 11.5989999771
53 11.625
54 11.623000145
55 11.3509998322
56 10.9899997711
57 10.4659996033
58 10.1190004349
59 8.34200000763
60 8.34700012207
61 8.20600032806
62 7.92600011826
63 7.632999897
64 7.45499992371
65 7.24399995804
66 7.0609998703
67 6.90799999237
68 6.78700017929
69 6.76599979401
70 6.80000019073
71 6.82399988174
72 6.83599996567
73 6.85699987411
74 6.78499984741
75 6.62099981308
76 6.50299978256
77 6.38199996948
78 6.26700019836
79 6.16200017929
80 5.22599983215
81 4.96000003815
82 4.85099983215
83 4.76900005341
84 4.67399978638
85 4.59700012207
86 4.53999996185
87 4.47800016403
88 4.40799999237
89 4.33400011063
90 4.25600004196
91 4.21000003815
92 4.14799976349
93 4.08500003815
94 4.01700019836
95 3.97199988365
96 3.93600010872
97 3.8900001049
98 3.84299993515
99 3.78900003433
100 3.75300002098
101 3.77600002289
102 3.80999994278
103 3.82399988174
104 3.86599993706
105 3.89299988747
106 3.9319999218
107 3.9470000267
108 3.91899991035
109 3.87700009346
110 3.84800004959
111 3.7990000248
112 3.7650001049
113 3.71300005913
114 3.70000004768
115 3.66199994087
116 3.61999988556
117 3.59400010109
118 3.54999995232
119 3.51399993896
120 3.50600004196
121 3.47699999809
122 3.4470000267
123 3.40100002289
124 3.38700008392
125 3.39899992943
126 3.42000007629
127 3.45900011063
128 3.492000103
129 3.53500008583
130 3.56699991226
131 3.60599994659
132 3.64599990845
133 4.02299976349
134 4.05999994278
135 4.08900022507
136 4.12200021744
137 4.13899993896
138 4.18300008774
139 4.22499990463
140 4.25500011444
141 4.27299976349
142 4.30200004578
143 4.35099983215
144 4.38000011444
145 4.42999982834
146 4.46899986267
147 4.46899986267
148 4.50299978256
149 4.52600002289
150 4.54199981689
151 4.18200016022
152 4.30200004578
153 4.58099985123
154 3.25999999046
155 3.41000008583
156 4.70499992371
157 4.59600019455
158 4.5560002327
159 4.78700017929
160 4.82999992371
161 4.85599994659
162 4.882999897
163 4.92100000381
164 4.96400022507
165 5.0
166 5.02699995041
167 5.02899980545
168 3.13800001144
169 3.21900010109
170 3.34999990463
171 4.10799980164
172 4.91699981689
173 4.86100006104
174 4.85699987411
175 4.82499980927
176 4.81199979782
177 4.81500005722
178 4.83599996567
179 4.83799982071
180 4.87200021744
181 4.90700006485
182 4.81500005722
183 5.32100009918
184 5.45699977875
185 5.47200012207
186 5.5
187 5.51900005341
188 4.60799980164
189 4.57700014114
190 5.56500005722
191 5.59000015259
192 3.632999897
193 3.50900006294
194 4.0640001297
195 4.04199981689
196 5.67899990082
197 5.69299983978
198 5.73099994659
199 5.74100017548
200 5.78299999237
201 5.8140001297
202 5.8060002327
203 5.81599998474
204 5.82800006866
205 5.85400009155
206 5.85699987411
207 5.87900018692
208 5.90799999237
209 5.90100002289
210 5.92100000381
211 5.93300008774
212 5.9470000267
213 5.94999980927
214 5.96600008011
215 5.98199987411
216 6.01800012589
217 6.03499984741
218 6.05399990082
219 6.07600021362
220 6.07399988174
221 6.07100009918
222 6.08500003815
223 6.08300018311
224 6.08199977875
225 6.11499977112
226 6.12400007248
227 6.13000011444
228 6.14200019836
229 6.15000009537
230 6.15000009537
231 6.14300012589
232 6.1810002327
233 6.19299983978
234 6.20300006866
235 6.20699977875
236 6.20300006866
237 6.22300004959
238 6.22800016403
239 6.21299982071
240 6.21799993515
241 6.21700000763
242 6.22200012207
243 6.22300004959
244 6.22100019455
245 6.23000001907
246 6.23400020599
247 6.21899986267
248 6.23199987411
249 6.24300003052
250 6.23500013351
251 6.25199985504
252 6.26700019836
253 6.27400016785
254 6.28299999237
255 6.27899980545
256 6.25899982452
257 6.257999897
258 6.25600004196
259 6.23000001907
260 6.2389998436
261 6.23999977112
262 6.23600006104
263 6.24100017548
264 6.22100019455
265 6.20200014114
266 6.21400022507
267 6.20800018311
268 6.21899986267
269 6.20900011063
270 6.20399999619
271 6.22200012207
272 6.19999980927
273 6.13700008392
274 5.82999992371
275 5.77400016785
276 5.74700021744
277 5.72599983215
278 5.71199989319
279 5.72599983215
280 5.74499988556
281 5.76200008392
282 5.82000017166
283 5.94299983978
284 6.07800006866
285 6.05200004578
286 6.05399990082
287 6.05000019073
288 6.0640001297
289 6.04799985886
290 6.03599977493
291 6.01000022888
292 5.98999977112
293 5.97900009155
294 5.95200014114
295 5.92600011826
296 5.91699981689
297 5.90600013733
298 5.8860001564
299 5.88399982452
300 5.86199998856
301 5.84000015259
302 5.83799982071
303 5.82100009918
304 5.79099988937
305 5.79099988937
306 5.78200006485
307 5.77099990845
308 2.06699991226
309 2.0529999733
310 2.05500006676
311 2.03299999237
312 2.03099989891
313 2.04200005531
314 2.03500008583
315 2.04699993134
316 2.03500008583
317 2.01200008392
318 2.03999996185
319 2.03299999237
320 2.01600003242
321 2.00999999046
322 2.00900006294
323 2.01799988747
324 2.01999998093
325 1.07500004768
326 0.887000024319
327 0.862999975681
328 0.869000017643
329 0.985000014305
330 2.38100004196
331 2.24799990654
332 2.16799998283
333 2.1289999485
334 2.15199995041
335 2.16899991035
336 2.21700000763
337 2.242000103
338 2.24000000954
339 2.22900009155
340 2.25300002098
341 2.2349998951
342 2.1819999218
343 2.14599990845
344 2.16000008583
345 2.21600008011
346 2.28699994087
347 2.2539999485
348 2.257999897
349 2.26399993896
350 2.28900003433
351 4.6859998703
352 4.64499998093
353 4.62699985504
354 4.59600019455
355 4.54199981689
356 4.30800008774
357 4.37400007248
358 4.48000001907
359 4.46199989319
360 4.44299983978
361 4.42399978638
362 4.38999986649
363 4.35200023651
364 4.32100009918
365 4.28900003433
366 4.23600006104
367 4.21600008011
368 4.17899990082
369 4.13700008392
370 4.117000103
371 4.07899999619
372 4.03999996185
373 4.00699996948
374 3.96600008011
375 3.95499992371
376 3.93700003624
377 3.882999897
378 3.87800002098
379 3.85400009155
380 3.83299994469
381 3.71099996567
382 3.63100004196
383 3.58999991417
384 3.54699993134
385 3.53699994087
386 3.48600006104
387 3.45499992371
388 3.43700003624
389 3.40199995041
390 3.367000103
391 3.34200000763
392 3.31200003624
393 3.28699994087
394 3.24399995804
395 3.25099992752
396 3.29299998283
397 3.32999992371
398 3.36800003052
399 3.40899991989
400 3.44000005722
401 3.47799992561
402 3.5039999485
403 3.54699993134
404 3.57999992371
405 3.64700007439
406 3.68899989128
407 3.72699999809
408 3.73799991608
409 3.78299999237
410 3.81699991226
411 3.88400006294
412 3.92300009727
413 3.9960000515
414 4.06500005722
415 4.125
416 4.17899990082
417 4.23400020599
418 4.28999996185
419 4.367000103
420 4.44099998474
421 4.51499986649
422 4.59600019455
423 4.64400005341
424 4.73299980164
425 4.80200004578
426 4.90399980545
427 5.02699995041
428 5.11600017548
429 5.19299983978
430 5.30999994278
431 5.40799999237
432 5.53100013733
433 5.6360001564
434 5.76200008392
435 5.88199996948
436 6.01700019836
437 6.15500020981
438 6.31199979782
439 6.47599983215
440 6.51200008392
441 6.59899997711
442 6.45200014114
443 3.06500005722
444 3.05200004578
445 3.03999996185
446 3.01900005341
447 3.03099989891
448 3.01799988747
449 3.01200008392
450 3.0
451 2.98300004005
452 2.9849998951
453 2.99000000954
454 2.97199988365
455 2.96099996567
456 2.97799992561
457 2.97000002861
458 2.94899988174
459 2.95000004768
460 2.94600009918
461 2.94400000572
462 2.9319999218
463 2.92499995232
464 2.93300008774
465 2.94199991226
466 2.92300009727
467 2.91300010681
468 2.91799998283
469 2.91700005531
470 2.65499997139
471 2.64899992943
472 2.63000011444
473 2.6400001049
474 0.925999999046
475 0.712999999523
476 0.711000025272
477 0.917999982834
478 2.66300010681
479 2.64800000191
480 2.64199995995
481 2.64700007439
482 2.65199995041
483 2.65700006485
484 2.66000008583
485 2.65100002289
486 2.65899991989
487 2.67700004578
488 2.6740000248
489 2.65700006485
490 2.82299995422
491 2.94499993324
492 2.93000006676
493 2.94400000572
494 2.93799996376
495 2.96000003815
496 2.96900010109
497 2.95000004768
498 2.96600008011
499 2.96199989319
500 2.96000003815
501 2.97000002861
502 2.97900009155
503 2.97900009155
504 2.98200011253
505 2.99099993706
506 2.99399995804
507 3.01799988747
508 3.02500009537
509 3.03699994087
510 3.04500007629
511 1.36899995804
512 1.22899997234
513 1.21000003815
514 1.21700000763
515 1.20599997044
516 1.21399998665
517 1.21000003815
518 1.21399998665
519 1.20500004292
520 1.19099998474
521 1.2120000124
522 1.24500000477
523 1.22899997234
524 0.992999970913
525 0.902999997139
526 0.912999987602
527 1.18900001049
528 1.22699999809
529 1.18499994278
530 1.19099998474
531 1.19599997997
532 1.18400001526
533 1.20000004768
534 1.20299994946
535 1.19400000572
536 1.20599997044
537 1.19799995422
538 1.21800005436
539 1.28699994087
540 3.54800009727
