0 4.52799987793
1 4.4310002327
2 4.45900011063
3 4.47200012207
4 4.53900003433
5 4.65399980545
6 4.67999982834
7 4.70300006866
8 4.7389998436
9 4.76700019836
10 4.79600000381
11 4.84700012207
12 4.86199998856
13 4.90399980545
14 4.92000007629
15 4.94099998474
16 4.84899997711
17 4.8639998436
18 4.87599992752
19 4.96500015259
20 5.15399980545
21 5.18699979782
22 5.21999979019
23 5.25899982452
24 5.31699991226
25 5.36499977112
26 5.40399980545
27 5.46099996567
28 5.49599981308
29 5.55700016022
30 5.60099983215
31 5.64400005341
32 5.68200016022
33 0.0
34 15.0690002441
35 15.0360002518
36 15.0419998169
37 15.0959997177
38 0.0
39 0.0
40 17.2280006409
41 17.1749992371
42 17.0709991455
43 17.0079994202
44 16.5230007172
45 16.5370006561
46 16.5270004272
47 13.1590003967
48 13.0710000992
49 12.3260002136
50 11.9449996948
51 11.6029996872
52 11.6149997711
53 11.6319999695
54 11.6339998245
55 11.3579998016
56 11.0089998245
57 10.4659996033
58 10.1140003204
59 8.34000015259
60 8.34399986267
61 8.20400047302
62 7.92199993134
63 7.64699983597
64 7.45100021362
65 7.25
66 7.05700016022
67 6.91099977493
68 6.79199981689
69 6.78800010681
70 6.8189997673
71 6.82100009918
72 6.84999990463
73 6.875
74 6.80999994278
75 6.63899993896
76 6.51200008392
77 6.3860001564
78 6.28299999237
79 6.14499998093
80 5.22900009155
81 4.96400022507
82 4.85699987411
83 4.77199983597
84 4.67700004578
85 4.60900020599
86 4.5529999733
87 4.48000001907
88 4.40000009537
89 4.34299993515
90 4.28999996185
91 4.20900011063
92 4.14099979401
93 4.09999990463
94 4.03599977493
95 3.98300004005
96 3.94199991226
97 3.89199995995
98 3.82399988174
99 3.79399991035
100 3.76999998093
101 3.78099989891
102 3.83699989319
103 3.83699989319
104 3.89199995995
105 3.91799998283
106 3.94099998474
107 3.97099995613
108 3.91300010681
109 3.88199996948
110 3.84699988365
111 3.81399989128
112 3.75500011444
113 3.72099995613
114 3.70399999619
115 3.66000008583
116 3.62700009346
117 3.59400010109
118 3.56599998474
119 3.54500007629
120 3.51300001144
121 3.46000003815
122 3.45799994469
123 3.42300009727
124 3.40499997139
125 3.3900001049
126 3.43700003624
127 3.45799994469
128 3.4960000515
129 3.53500008583
130 3.56500005722
131 3.59500002861
132 3.66899991035
133 4.02500009537
134 4.06500005722
135 4.08300018311
136 4.125
137 4.16200017929
138 4.17600011826
139 4.21700000763
140 4.26499986649
141 4.28200006485
142 4.32600021362
143 4.35799980164
144 4.40399980545
145 4.40299987793
146 4.47499990463
147 4.4889998436
148 4.50899982452
149 4.52799987793
150 4.53800010681
151 4.21299982071
152 4.30000019073
153 4.60300016403
154 3.28200006485
155 3.4319999218
156 4.71600008011
157 4.58799982071
158 4.56300020218
159 4.79699993134
160 4.84200000763
161 4.87300014496
162 4.89099979401
163 4.92399978638
164 4.96400022507
165 4.99499988556
166 5.02299976349
167 5.05000019073
168 3.13700008392
169 3.23600006104
170 3.37199997902
171 4.12900018692
172 4.91200017929
173 4.88500022888
174 4.84899997711
175 4.83599996567
176 4.83300018311
177 4.82299995422
178 4.84700012207
179 4.84100008011
180 4.86100006104
181 4.90799999237
182 4.8189997673
183 5.3189997673
184 5.47599983215
185 5.46700000763
186 5.49900007248
187 5.52299976349
188 4.60200023651
189 4.57999992371
190 5.56500005722
191 5.58300018311
192 3.64400005341
193 3.51600003242
194 4.06500005722
195 4.04099988937
196 5.68400001526
197 5.71500015259
198 5.73400020599
199 5.757999897
200 5.78399991989
201 5.79099988937
202 5.81599998474
203 5.84399986267
204 5.85599994659
205 5.85599994659
206 5.8639998436
207 5.88000011444
208 5.89300012589
209 5.89699983597
210 5.90799999237
211 5.92899990082
212 5.94199991226
213 5.97900009155
214 5.99499988556
215 6.00600004196
216 6.02199983597
217 6.03800010681
218 6.03599977493
219 6.06699991226
220 6.0689997673
221 6.08099985123
222 6.10099983215
223 6.10599994659
224 6.09800004959
225 6.11600017548
226 6.12300014496
227 6.11100006104
228 6.13199996948
229 6.14599990845
230 6.15399980545
231 6.17500019073
232 6.18400001526
233 6.19500017166
234 6.1939997673
235 6.19799995422
236 6.21799993515
237 6.22399997711
238 6.22700023651
239 6.23400020599
240 6.22300004959
241 6.22700023651
242 6.2389998436
243 6.23099994659
244 6.25199985504
245 6.23600006104
246 6.23600006104
247 6.23299980164
248 6.25199985504
249 6.26000022888
250 6.26499986649
251 6.25899982452
252 6.25600004196
253 6.28399991989
254 6.27199983597
255 6.26999998093
256 6.27500009537
257 6.27400016785
258 6.26300001144
259 6.25400018692
260 6.22800016403
261 6.2389998436
262 6.23600006104
263 6.24300003052
264 6.21899986267
265 6.21600008011
266 6.22100019455
267 6.23299980164
268 6.21799993515
269 6.20399999619
270 6.21000003815
271 6.23699998856
272 6.21500015259
273 6.15000009537
274 5.85300016403
275 5.79300022125
276 5.77600002289
277 5.72599983215
278 5.73199987411
279 5.73000001907
280 5.74900007248
281 5.75899982452
282 5.8060002327
283 5.95599985123
284 6.09299993515
285 6.07999992371
286 6.05399990082
287 6.07600021362
288 6.0640001297
289 6.03299999237
290 6.02099990845
291 6.02299976349
292 5.99900007248
293 5.98000001907
294 5.96600008011
295 5.94500017166
296 5.92999982834
297 5.91200017929
298 5.89900016785
299 5.88100004196
300 5.86899995804
301 5.85900020599
302 5.84000015259
303 5.83300018311
304 5.8140001297
305 5.79899978638
306 5.78299999237
307 5.76499986649
308 2.07800006866
309 2.07399988174
310 2.04299998283
311 2.0490000248
312 2.04500007629
313 2.04600000381
314 2.02999997139
315 2.04800009727
316 2.02200007439
317 2.03800010681
318 2.04500007629
319 2.03500008583
320 2.01999998093
321 2.02300000191
322 2.01699995995
323 2.03299999237
324 2.00300002098
325 1.08000004292
326 0.90600001812
327 0.866999983788
328 0.875999987125
329 0.995000004768
330 2.35100007057
331 2.24000000954
332 2.15799999237
333 2.15199995041
334 2.15300011635
335 2.17600011826
336 2.24000000954
337 2.23799991608
338 2.2650001049
339 2.23300004005
340 2.26099991798
341 2.21700000763
342 2.17100000381
343 2.13800001144
344 2.17499995232
345 2.24000000954
346 2.2990000248
347 2.27999997139
348 2.2460000515
349 2.26699995995
350 2.31500005722
351 4.68699979782
352 4.64499998093
353 4.63199996948
354 4.59800004959
355 4.56300020218
356 4.30999994278
357 4.34700012207
358 4.48600006104
359 4.46799993515
360 4.42199993134
361 4.41400003433
362 4.39099979401
363 4.36000013351
364 4.31699991226
365 4.26800012589
366 4.25
367 4.20300006866
368 4.17199993134
369 4.14300012589
370 4.09899997711
371 4.08799982071
372 4.05800008774
373 4.02199983597
374 3.99399995804
375 3.95499992371
376 3.92000007629
377 3.89899992943
378 3.88899993896
379 3.85400009155
380 3.82500004768
381 3.72499990463
382 3.64499998093
383 3.59899997711
384 3.56599998474
385 3.53600001335
386 3.48399996758
387 3.46300005913
388 3.43600010872
389 3.41000008583
390 3.367000103
391 3.33400011063
392 3.31399989128
393 3.28500008583
394 3.27200007439
395 3.27800011635
396 3.29200005531
397 3.33500003815
398 3.36899995804
399 3.41000008583
400 3.4470000267
401 3.48600006104
402 3.51900005341
403 3.54800009727
404 3.58800005913
405 3.632999897
406 3.68899989128
407 3.71399998665
408 3.74300003052
409 3.79099988937
410 3.83299994469
411 3.867000103
412 3.93300008774
413 4.00099992752
414 4.06799983978
415 4.11499977112
416 4.19099998474
417 4.24900007248
418 4.31799983978
419 4.37200021744
420 4.43400001526
421 4.51800012589
422 4.58699989319
423 4.66599988937
424 4.7389998436
425 4.8029999733
426 4.90500020981
427 5.02899980545
428 5.11999988556
429 5.20900011063
430 5.32100009918
431 5.42299985886
432 5.53800010681
433 5.65100002289
434 5.77600002289
435 5.89599990845
436 6.02500009537
437 6.15899991989
438 6.32100009918
439 6.48000001907
440 6.50299978256
441 6.60900020599
442 6.4470000267
443 3.08400011063
444 3.0529999733
445 3.03399991989
446 3.03600001335
447 3.04200005531
448 3.00300002098
449 3.01600003242
450 3.01600003242
451 3.007999897
452 3.00300002098
453 2.98099994659
454 2.97099995613
455 2.96900010109
456 2.98200011253
457 2.98099994659
458 2.95399999619
459 2.96000003815
460 2.9509999752
461 2.9430000782
462 2.94000005722
463 2.94899988174
464 2.93300008774
465 2.92600011826
466 2.92899990082
467 2.92700004578
468 2.92499995232
469 2.91400003433
470 2.67899990082
471 2.63000011444
472 2.64400005341
473 2.65499997139
474 0.934000015259
475 0.712000012398
476 0.712999999523
477 0.929000020027
478 2.67499995232
479 2.63499999046
480 2.632999897
481 2.64700007439
482 2.66100001335
483 2.64899992943
484 2.66000008583
485 2.67000007629
486 2.66899991035
487 2.67700004578
488 2.66899991035
489 2.6819999218
490 2.83599996567
491 2.92899990082
492 2.9509999752
493 2.94400000572
494 2.96399998665
495 2.94199991226
496 2.96600008011
497 2.95600008965
498 2.96700000763
499 2.98099994659
500 2.97099995613
501 2.97000002861
502 2.98099994659
503 2.98900008202
504 3.01300001144
505 2.9960000515
506 3.01099991798
507 3.00500011444
508 3.04099988937
509 1.36800003052
510 1.20399999619
511 1.13999998569
512 1.13300001621
513 1.13699996471
514 1.11099994183
515 1.1210000515
516 1.12300002575
517 1.11800003052
518 1.09700000286
519 1.11500000954
520 1.12600004673
521 1.14300000668
522 1.12699997425
523 1.15600001812
524 0.990999996662
525 0.913999974728
526 0.922999978065
527 1.18900001049
528 1.24199998379
529 1.22899997234
530 1.23199999332
531 1.19799995422
532 1.20899999142
533 1.22800004482
534 1.22300004959
535 1.21899998188
536 1.21000003815
537 1.23300004005
538 1.24100005627
539 1.27999997139
540 3.55900001526
