0 4.51000022888
1 4.4279999733
2 4.46099996567
3 4.47900009155
4 4.54500007629
5 4.65700006485
6 4.6859998703
7 4.72200012207
8 4.73799991608
9 4.76200008392
10 4.79699993134
11 4.8220000267
12 4.86299991608
13 4.89200019836
14 4.92999982834
15 4.91900014877
16 4.84800004959
17 4.84899997711
18 4.88000011444
19 4.95599985123
20 5.14400005341
21 5.1939997673
22 5.23699998856
23 5.26499986649
24 5.31699991226
25 5.36100006104
26 5.41300010681
27 5.45200014114
28 5.50099992752
29 5.54099988937
30 5.59999990463
31 5.64499998093
32 5.66599988937
33 0.0
34 17.1660003662
35 16.591999054
36 16.3299999237
37 16.3360004425
38 16.436000824
39 0.0
40 17.2369995117
41 17.1679992676
42 17.0750007629
43 17.0069999695
44 16.5200004578
45 16.5440006256
46 16.5279998779
47 13.1590003967
48 13.0869998932
49 12.3280000687
50 11.9219999313
51 11.5920000076
52 11.6140003204
53 11.6370000839
54 11.6199998856
55 11.3500003815
56 10.9829998016
57 10.470000267
58 10.125
59 8.32699966431
60 8.36200046539
61 8.19799995422
62 7.92100000381
63 7.63700008392
64 7.44099998474
65 7.24499988556
66 7.0560002327
67 6.89400005341
68 6.78800010681
69 6.79099988937
70 6.79699993134
71 6.84200000763
72 6.85699987411
73 6.87900018692
74 6.80100011826
75 6.65000009537
76 6.52799987793
77 6.39900016785
78 6.27500009537
79 6.15600013733
80 5.22900009155
81 4.96700000763
82 4.85300016403
83 4.77699995041
84 4.68400001526
85 4.61600017548
86 4.53200006485
87 4.48000001907
88 4.41099977493
89 4.33599996567
90 4.27299976349
91 4.21400022507
92 4.15899991989
93 4.09399986267
94 4.04600000381
95 3.97799992561
96 3.9319999218
97 3.89700007439
98 3.83800005913
99 3.8029999733
100 3.77399992943
101 3.77800011635
102 3.82299995422
103 3.85500001907
104 3.88199996948
105 3.91199994087
106 3.93600010872
107 3.95700001717
108 3.91199994087
109 3.875
110 3.85899996758
111 3.78800010681
112 3.76799988747
113 3.73300004005
114 3.69899988174
115 3.66100001335
116 3.63499999046
117 3.59800004959
118 3.56699991226
119 3.53299999237
120 3.50300002098
121 3.47699999809
122 3.44400000572
123 3.42199993134
124 3.40599989891
125 3.40000009537
126 3.43899989128
127 3.45900011063
128 3.5039999485
129 3.52399992943
130 3.5720000267
131 3.60299992561
132 3.67000007629
133 4.03399991989
134 4.06599998474
135 4.08400011063
136 4.12200021744
137 4.14699983597
138 4.18699979782
139 4.21999979019
140 4.257999897
141 4.28700017929
142 4.33300018311
143 4.34899997711
144 4.38899993896
145 4.4279999733
146 4.46199989319
147 4.48400020599
148 4.52899980545
149 4.54300022125
150 4.55000019073
151 4.21500015259
152 4.28700017929
153 4.55399990082
154 3.28299999237
155 3.41599988937
156 4.71799993515
157 4.6139998436
158 4.5529999733
159 4.79199981689
160 4.83300018311
161 4.87200021744
162 4.89400005341
163 4.92600011826
164 4.96999979019
165 4.99599981308
166 5.02099990845
167 5.04400014877
168 3.16799998283
169 3.22099995613
170 3.3599998951
171 4.11499977112
172 4.92600011826
173 4.88800001144
174 4.85699987411
175 4.84800004959
176 4.82299995422
177 4.82499980927
178 4.84200000763
179 4.84100008011
180 4.87200021744
181 4.90199995041
182 4.83199977875
183 5.31699991226
184 5.46500015259
185 5.49399995804
186 5.50500011444
187 5.51700019836
188 4.60900020599
189 4.57499980927
190 5.55999994278
191 5.59000015259
192 3.63599991798
193 3.53299999237
194 4.09999990463
195 4.05999994278
196 5.6939997673
197 5.71799993515
198 5.74100017548
199 5.77500009537
200 5.78100013733
201 5.8029999733
202 5.82299995422
203 5.84899997711
204 5.83599996567
205 5.86299991608
206 5.86800003052
207 5.88999986649
208 5.89200019836
209 5.90999984741
210 5.92600011826
211 5.94199991226
212 5.93400001526
213 5.98299980164
214 5.98099994659
215 5.99100017548
216 6.007999897
217 6.01999998093
218 6.05499982834
219 6.08099985123
220 6.09100008011
221 6.09399986267
222 6.09399986267
223 6.08699989319
224 6.10699987411
225 6.12300014496
226 6.12400007248
227 6.13800001144
228 6.14200019836
229 6.15999984741
230 6.15299987793
231 6.17000007629
232 6.16400003433
233 6.17899990082
234 6.19600009918
235 6.21600008011
236 6.22700023651
237 6.22300004959
238 6.22700023651
239 6.22700023651
240 6.23400020599
241 6.2389998436
242 6.22399997711
243 6.22700023651
244 6.23699998856
245 6.23799991608
246 6.26000022888
247 6.24100017548
248 6.24300003052
249 6.25899982452
250 6.27500009537
251 6.25699996948
252 6.25299978256
253 6.27699995041
254 6.26599979401
255 6.28299999237
256 6.27799987793
257 6.26200008392
258 6.24599981308
259 6.2610001564
260 6.242000103
261 6.23699998856
262 6.22700023651
263 6.21600008011
264 6.22100019455
265 6.22399997711
266 6.21199989319
267 6.22499990463
268 6.21199989319
269 6.22300004959
270 6.21500015259
271 6.21899986267
272 6.22499990463
273 6.14400005341
274 5.85300016403
275 5.78200006485
276 5.757999897
277 5.74100017548
278 5.73799991608
279 5.72300004959
280 5.74300003052
281 5.77600002289
282 5.81599998474
283 5.94899988174
284 6.10099983215
285 6.06500005722
286 6.08400011063
287 6.06699991226
288 6.05700016022
289 6.0640001297
290 6.04300022125
291 6.02099990845
292 5.99599981308
293 5.97599983215
294 5.94999980927
295 5.93300008774
296 5.91800022125
297 5.91900014877
298 5.89599990845
299 5.882999897
300 5.84800004959
301 5.83799982071
302 5.84000015259
303 5.80700016022
304 5.80000019073
305 5.79799985886
306 5.79500007629
307 5.77600002289
308 2.08400011063
309 2.06500005722
310 2.0490000248
311 2.03500008583
312 2.04299998283
313 2.04699993134
314 2.03099989891
315 2.04800009727
316 2.02900004387
317 2.03900003433
318 2.02699995041
319 2.03099989891
320 2.01799988747
321 2.01399993896
322 2.02900004387
323 2.02600002289
324 2.01600003242
325 1.08000004292
326 0.89200001955
327 0.856000006199
328 0.879000008106
329 1.00999999046
330 2.375
331 2.23699998856
332 2.14700007439
333 2.12700009346
334 2.15799999237
335 2.18499994278
336 2.21300005913
337 2.2460000515
338 2.2460000515
339 2.23399996758
340 2.2349998951
341 2.24399995804
342 2.1779999733
343 2.15300011635
344 2.16400003433
345 2.22499990463
346 2.30999994278
347 2.27900004387
348 2.26200008392
349 2.28800010681
350 2.3180000782
351 4.68300008774
352 4.64799976349
353 4.61299991608
354 4.59299993515
355 4.57299995422
356 4.32700014114
357 4.37099981308
358 4.5
359 4.46199989319
360 4.4359998703
361 4.41900014877
362 4.38899993896
363 4.36100006104
364 4.3220000267
365 4.28900003433
366 4.23099994659
367 4.22100019455
368 4.1859998703
369 4.13700008392
370 4.11000013351
371 4.08199977875
372 4.03800010681
373 4.02799987793
374 3.99799990654
375 3.96700000763
376 3.93600010872
377 3.91400003433
378 3.875
379 3.85100007057
380 3.82800006866
381 3.71099996567
382 3.63000011444
383 3.59100008011
384 3.57399988174
385 3.53999996185
386 3.49699997902
387 3.46700000763
388 3.4319999218
389 3.39700007439
390 3.3710000515
391 3.34800004959
392 3.30200004578
393 3.28399991989
394 3.27300000191
395 3.28200006485
396 3.28800010681
397 3.3259999752
398 3.38100004196
399 3.38899993896
400 3.43600010872
401 3.48200011253
402 3.52099990845
403 3.55800008774
404 3.60299992561
405 3.65799999237
406 3.6740000248
407 3.72499990463
408 3.74499988556
409 3.78699994087
410 3.84200000763
411 3.88899993896
412 3.94600009918
413 3.99799990654
414 4.04600000381
415 4.12300014496
416 4.19099998474
417 4.24100017548
418 4.30900001526
419 4.36100006104
420 4.46099996567
421 4.52299976349
422 4.59999990463
423 4.65600013733
424 4.72700023651
425 4.81799983978
426 4.90500020981
427 5.02299976349
428 5.11999988556
429 5.21600008011
430 5.31699991226
431 5.42199993134
432 5.52799987793
433 5.63999986649
434 5.76399993896
435 5.89300012589
436 6.03399991989
437 6.17000007629
438 6.3220000267
439 6.47399997711
440 6.50500011444
441 6.59600019455
442 6.44199991226
443 3.07800006866
444 3.04299998283
445 3.05500006676
446 3.02300000191
447 3.02600002289
448 3.01900005341
449 3.02999997139
450 3.02200007439
451 3.01600003242
452 2.9960000515
453 2.99900007248
454 2.97499990463
455 2.9849998951
456 2.97099995613
457 2.96499991417
458 2.96000003815
459 2.97499990463
460 2.9430000782
461 2.94899988174
462 2.95600008965
463 2.95600008965
464 2.93400001526
465 2.92300009727
466 2.92499995232
467 2.92700004578
468 2.91599988937
469 2.90799999237
470 2.67199993134
471 2.65000009537
472 2.62599992752
473 2.65700006485
474 0.938000023365
475 0.712999999523
476 0.723999977112
477 0.92199999094
478 2.65799999237
479 2.65100002289
480 2.65300011635
481 2.64800000191
482 2.64199995995
483 2.64700007439
484 2.67600011826
485 2.67000007629
486 2.6740000248
487 2.66899991035
488 2.69099998474
489 2.67700004578
490 2.8259999752
491 2.94199991226
492 2.9509999752
493 2.95199990273
494 2.97000002861
495 2.94899988174
496 2.94899988174
497 2.95399999619
498 2.95700001717
499 2.97699999809
500 2.97000002861
501 2.97099995613
502 2.97799992561
503 2.99699997902
504 2.98399996758
505 2.99900007248
506 3.0
507 3.0039999485
508 3.04099988937
509 1.42499995232
510 1.22599995136
511 1.14800000191
512 1.11000001431
513 1.13499999046
514 1.10300004482
515 1.11399996281
516 1.11899995804
517 1.10199999809
518 1.11500000954
519 1.10199999809
520 1.12600004673
521 1.11399996281
522 1.13999998569
523 1.16499996185
524 0.987999975681
525 0.910000026226
526 0.922999978065
527 1.19900000095
528 1.23899996281
529 1.20700001717
530 1.23099994659
531 1.23099994659
532 1.20899999142
533 1.22099995613
534 1.20000004768
535 1.23099994659
536 1.22399997711
537 1.23000001907
538 1.24199998379
539 1.28600001335
540 3.53099989891
