0 4.50099992752
1 4.42700004578
2 4.44299983978
3 4.46899986267
4 4.53700017929
5 4.65100002289
6 4.68200016022
7 4.69799995422
8 4.72700023651
9 4.76200008392
10 4.81300020218
11 4.83300018311
12 4.85900020599
13 4.89699983597
14 4.9390001297
15 4.91900014877
16 4.83099985123
17 4.84700012207
18 4.87599992752
19 4.96700000763
20 5.14699983597
21 5.1939997673
22 5.23600006104
23 5.26900005341
24 5.31699991226
25 5.36600017548
26 5.41099977493
27 5.44099998474
28 5.49700021744
29 5.5560002327
30 5.59399986267
31 5.66099977493
32 5.65899991989
33 0.0
34 17.1550006866
35 17.1299991608
36 17.156999588
37 0.0
38 0.0
39 0.0
40 17.2119998932
41 17.1739997864
42 17.0709991455
43 17.0189990997
44 16.5380001068
45 16.5410003662
46 16.5300006866
47 13.1560001373
48 13.0850000381
49 12.3299999237
50 11.9630002975
51 11.5900001526
52 11.6009998322
53 11.6350002289
54 11.6219997406
55 11.3380002975
56 10.9969997406
57 10.4630002975
58 10.1020002365
59 8.32800006866
60 8.35000038147
61 8.1920003891
62 7.92999982834
63 7.65000009537
64 7.44500017166
65 7.24499988556
66 7.07000017166
67 6.90399980545
68 6.79099988937
69 6.77199983597
70 6.80100011826
71 6.81199979782
72 6.84600019455
73 6.88000011444
74 6.78900003433
75 6.632999897
76 6.52199983597
77 6.39599990845
78 6.25699996948
79 6.14799976349
80 5.21799993515
81 4.97100019455
82 4.84899997711
83 4.77099990845
84 4.68400001526
85 4.59999990463
86 4.55000019073
87 4.47300004959
88 4.40899991989
89 4.34800004959
90 4.27199983597
91 4.21999979019
92 4.15999984741
93 4.117000103
94 4.03599977493
95 3.96799993515
96 3.93600010872
97 3.87800002098
98 3.85400009155
99 3.80200004578
100 3.77300000191
101 3.80100011826
102 3.80500006676
103 3.83400011063
104 3.88700008392
105 3.91100001335
106 3.94099998474
107 3.95499992371
108 3.92300009727
109 3.89100003242
110 3.83999991417
111 3.80200004578
112 3.76099991798
113 3.73399996758
114 3.69199991226
115 3.66799998283
116 3.63000011444
117 3.58299994469
118 3.57299995422
119 3.53699994087
120 3.50300002098
121 3.45799994469
122 3.43099999428
123 3.41400003433
124 3.40000009537
125 3.39100003242
126 3.43400001526
127 3.45700001717
128 3.49799990654
129 3.53600001335
130 3.56299996376
131 3.617000103
132 3.65799999237
133 4.03000020981
134 4.0720000267
135 4.09899997711
136 4.12699985504
137 4.13899993896
138 4.19000005722
139 4.21799993515
140 4.24100017548
141 4.28000020981
142 4.32100009918
143 4.36100006104
144 4.39900016785
145 4.42600011826
146 4.47599983215
147 4.49499988556
148 4.50699996948
149 4.53299999237
150 4.55499982834
151 4.19799995422
152 4.30100011826
153 4.52199983597
154 3.25200009346
155 3.43799996376
156 4.71700000763
157 4.59800004959
158 4.5689997673
159 4.79899978638
160 4.82800006866
161 4.85699987411
162 4.88399982452
163 4.9310002327
164 4.96799993515
165 4.99499988556
166 5.01800012589
167 5.05200004578
168 3.1400001049
169 3.22600007057
170 3.37299990654
171 4.09800004959
172 4.91800022125
173 4.87599992752
174 4.84700012207
175 4.84299993515
176 4.82800006866
177 4.81300020218
178 4.83300018311
179 4.84899997711
180 4.88000011444
181 4.90899991989
182 4.82000017166
183 5.32000017166
184 5.46500015259
185 5.47100019455
186 5.50299978256
187 5.51599979401
188 4.61000013351
189 4.58300018311
190 5.56199979782
191 5.59700012207
192 3.63800001144
193 3.52600002289
194 4.06799983978
195 4.0529999733
196 5.69600009918
197 5.71099996567
198 5.74300003052
199 5.75899982452
200 5.78499984741
201 5.80999994278
202 5.81799983978
203 5.83799982071
204 5.84899997711
205 5.86100006104
206 5.86199998856
207 5.88100004196
208 5.89499998093
209 5.89799976349
210 5.91599988937
211 5.93200016022
212 5.95399999619
213 5.96099996567
214 5.98299980164
215 5.99900007248
216 6.01000022888
217 6.03100013733
218 6.03599977493
219 6.06699991226
220 6.08400011063
221 6.08900022507
222 6.07499980927
223 6.09600019455
224 6.11899995804
225 6.11899995804
226 6.11600017548
227 6.13800001144
228 6.13100004196
229 6.15100002289
230 6.16499996185
231 6.17600011826
232 6.1810002327
233 6.18400001526
234 6.21299982071
235 6.21899986267
236 6.22900009155
237 6.22900009155
238 6.21999979019
239 6.22700023651
240 6.23099994659
241 6.22599983215
242 6.2389998436
243 6.23099994659
244 6.25
245 6.23500013351
246 6.24700021744
247 6.23600006104
248 6.25500011444
249 6.24900007248
250 6.26900005341
251 6.26300001144
252 6.25500011444
253 6.26399993896
254 6.26900005341
255 6.28299999237
256 6.27400016785
257 6.25299978256
258 6.27099990845
259 6.25600004196
260 6.24900007248
261 6.23500013351
262 6.25199985504
263 6.22499990463
264 6.24399995804
265 6.20900011063
266 6.23999977112
267 6.22399997711
268 6.21000003815
269 6.21000003815
270 6.21199989319
271 6.21500015259
272 6.21899986267
273 6.14099979401
274 5.84499979019
275 5.78700017929
276 5.75299978256
277 5.73299980164
278 5.72599983215
279 5.73000001907
280 5.757999897
281 5.77099990845
282 5.8109998703
283 5.95499992371
284 6.07899999619
285 6.08099985123
286 6.07299995422
287 6.06500005722
288 6.04699993134
289 6.04400014877
290 6.02899980545
291 6.02299976349
292 5.99599981308
293 5.98199987411
294 5.95499992371
295 5.92700004578
296 5.92299985886
297 5.90199995041
298 5.8860001564
299 5.88800001144
300 5.86600017548
301 5.84299993515
302 5.84200000763
303 5.82999992371
304 5.81199979782
305 5.79400014877
306 5.77400016785
307 5.77500009537
308 2.0720000267
309 2.06500005722
310 2.05900001526
311 2.03699994087
312 2.05599999428
313 2.02500009537
314 2.03200006485
315 2.02999997139
316 2.03600001335
317 2.01900005341
318 2.03200006485
319 2.03399991989
320 2.01999998093
321 2.02999997139
322 2.00900006294
323 2.00999999046
324 2.01300001144
325 1.0759999752
326 0.888000011444
327 0.860000014305
328 0.882000029087
329 0.999000012875
330 2.25900006294
331 2.2009999752
332 2.10299992561
333 2.04200005531
334 2.00600004196
335 1.98699998856
336 2.00300002098
337 2.04699993134
338 2.16199994087
339 2.23699998856
340 2.13899993896
341 2.00500011444
342 2.00300002098
343 1.99699997902
344 2.01699995995
345 2.16300010681
346 2.21099996567
347 2.16899991035
348 2.20300006866
349 2.24399995804
350 4.72200012207
351 4.6890001297
352 4.63100004196
353 4.61800003052
354 4.57700014114
355 4.55200004578
356 4.30000019073
357 4.34999990463
358 4.49800014496
359 4.45499992371
360 4.43699979782
361 4.40700006485
362 4.40199995041
363 4.36299991608
364 4.3109998703
365 4.26800012589
366 4.24100017548
367 4.21299982071
368 4.15899991989
369 4.14400005341
370 4.1139998436
371 4.09100008011
372 4.03800010681
373 4.01999998093
374 3.98399996758
375 3.94799995422
376 3.92000007629
377 3.90599989891
378 3.88000011444
379 3.84400010109
380 3.81900000572
381 3.71499991417
382 3.63800001144
383 3.60599994659
384 3.56599998474
385 3.51799988747
386 3.4960000515
387 3.46799993515
388 3.43899989128
389 3.39400005341
390 3.36899995804
391 3.32299995422
392 3.31500005722
393 3.29200005531
394 3.25099992752
395 3.25699996948
396 3.30900001526
397 3.33599996567
398 3.36800003052
399 3.40300011635
400 3.4470000267
401 3.47000002861
402 3.50300002098
403 3.5529999733
404 3.59999990463
405 3.64100003242
406 3.69099998474
407 3.71900010109
408 3.7460000515
409 3.78800010681
410 3.81999993324
411 3.87700009346
412 3.93300008774
413 4.0
414 4.05999994278
415 4.10300016403
416 4.1859998703
417 4.23699998856
418 4.31599998474
419 4.36299991608
420 4.45900011063
421 4.51900005341
422 4.58799982071
423 4.66900014877
424 4.72399997711
425 4.81699991226
426 4.91400003433
427 5.02500009537
428 5.11499977112
429 5.20699977875
430 5.32100009918
431 5.42399978638
432 5.53200006485
433 5.65100002289
434 5.77899980545
435 5.882999897
436 6.02400016785
437 6.16300010681
438 6.32600021362
439 6.45599985123
440 6.50099992752
441 6.60099983215
442 6.44999980927
443 3.07999992371
444 3.0490000248
445 3.03999996185
446 3.04600000381
447 3.01799988747
448 3.00500011444
449 3.01600003242
450 2.99900007248
451 2.99799990654
452 2.9960000515
453 2.97900009155
454 2.98399996758
455 2.97399997711
456 2.96700000763
457 2.9509999752
458 2.96399998665
459 2.95300006866
460 2.95300006866
461 2.94499993324
462 2.95199990273
463 2.9279999733
464 2.94499993324
465 2.9470000267
466 2.94199991226
467 2.91799998283
468 2.91700005531
469 2.91000008583
470 2.66700005531
471 2.6400001049
472 2.64100003242
473 2.65199995041
474 0.93599998951
475 0.705999970436
476 0.708999991417
477 0.929000020027
478 2.66000008583
479 2.64800000191
480 2.64199995995
481 2.66400003433
482 2.65700006485
483 2.65199995041
484 2.66300010681
485 2.67000007629
486 2.66700005531
487 2.66700005531
488 2.65899991989
489 2.66700005531
490 2.82899999619
491 2.93499994278
492 2.9279999733
493 2.93799996376
494 2.93799996376
495 2.96799993515
496 2.95199990273
497 2.97600007057
498 2.98600006104
499 2.98399996758
500 2.96799993515
501 2.97699999809
502 2.98200011253
503 3.00300002098
504 3.0
505 3.01699995995
506 2.99900007248
507 1.26699995995
508 1.10399997234
509 1.08899998665
510 1.07000005245
511 1.07299995422
512 1.05200004578
513 1.06900000572
514 1.0529999733
515 1.06299996376
516 1.07299995422
517 1.05099999905
518 1.06299996376
519 1.08800005913
520 1.10599994659
521 1.10899996758
522 1.28100001812
523 3.1740000248
524 0.943000018597
525 0.912999987602
526 0.929000020027
527 1.15299999714
528 1.20700001717
529 1.1779999733
530 1.18700003624
531 1.16900002956
532 1.18900001049
533 1.19599997997
534 1.18499994278
535 1.18799996376
536 1.18799996376
537 1.21700000763
538 1.28100001812
539 0.0
540 0.0
