0 4.50400018692
1 4.40600013733
2 4.45300006866
3 4.47200012207
4 4.53599977493
5 4.65199995041
6 4.67199993134
7 4.70499992371
8 4.73400020599
9 4.77500009537
10 4.80399990082
11 4.82299995422
12 4.85799980164
13 4.89499998093
14 4.93200016022
15 4.9310002327
16 4.83300018311
17 4.84899997711
18 4.867000103
19 4.96199989319
20 5.15000009537
21 5.17500019073
22 5.23099994659
23 5.26499986649
24 5.30100011826
25 5.34999990463
26 5.40899991989
27 5.45200014114
28 5.5
29 5.53599977493
30 5.58799982071
31 5.63999986649
32 5.6890001297
33 0.0
34 17.1550006866
35 17.1529998779
36 17.142999649
37 0.0
38 0.0
39 0.0
40 17.2409992218
41 17.1749992371
42 17.0709991455
43 16.9990005493
44 16.533000946
45 16.531999588
46 16.5200004578
47 13.1490001678
48 13.0900001526
49 12.3409996033
50 11.9420003891
51 11.6009998322
52 11.6049995422
53 11.6190004349
54 11.6149997711
55 11.3310003281
56 10.9829998016
57 10.4519996643
58 10.1049995422
59 8.32299995422
60 8.34300041199
61 8.20699977875
62 7.92899990082
63 7.64900016785
64 7.43400001526
65 7.23000001907
66 7.0609998703
67 6.90100002289
68 6.79699993134
69 6.76999998093
70 6.79500007629
71 6.82700014114
72 6.85900020599
73 6.88100004196
74 6.78399991989
75 6.65000009537
76 6.51700019836
77 6.37900018692
78 6.26599979401
79 6.15100002289
80 5.21700000763
81 4.96799993515
82 4.84700012207
83 4.76499986649
84 4.68800020218
85 4.59499979019
86 4.53999996185
87 4.47599983215
88 4.41200017929
89 4.33699989319
90 4.25299978256
91 4.21299982071
92 4.15500020981
93 4.10699987411
94 4.04400014877
95 3.98300004005
96 3.93400001526
97 3.87299990654
98 3.84200000763
99 3.80599999428
100 3.77099990845
101 3.79500007629
102 3.81500005722
103 3.84899997711
104 3.87700009346
105 3.91300010681
106 3.93000006676
107 3.95700001717
108 3.91799998283
109 3.867000103
110 3.84699988365
111 3.80999994278
112 3.77600002289
113 3.73300004005
114 3.69899988174
115 3.65599989891
116 3.63199996948
117 3.59899997711
118 3.55999994278
119 3.53600001335
120 3.49000000954
121 3.47499990463
122 3.43899989128
123 3.42300009727
124 3.39700007439
125 3.39199995995
126 3.43000006676
127 3.45600008965
128 3.492000103
129 3.53299999237
130 3.56699991226
131 3.60100007057
132 3.67300009727
133 4.01499986649
134 4.0720000267
135 4.07800006866
136 4.10500001907
137 4.14300012589
138 4.19000005722
139 4.21600008011
140 4.25699996948
141 4.28999996185
142 4.32000017166
143 4.35699987411
144 4.37300014496
145 4.40399980545
146 4.46199989319
147 4.48500013351
148 4.51399993896
149 4.53399991989
150 4.52400016785
151 4.21199989319
152 4.3140001297
153 4.59899997711
154 3.25999999046
155 3.40799999237
156 4.70900011063
157 4.60200023651
158 4.56500005722
159 4.79600000381
160 4.83799982071
161 4.86499977112
162 4.88700008392
163 4.92399978638
164 4.94999980927
165 4.99599981308
166 5.02199983597
167 5.04300022125
168 3.15300011635
169 3.21199989319
170 3.35899996758
171 4.10200023651
172 4.91699981689
173 4.882999897
174 4.85099983215
175 4.84299993515
176 4.8189997673
177 4.8109998703
178 4.82499980927
179 4.83199977875
180 4.87099981308
181 4.89900016785
182 4.8060002327
183 5.32499980927
184 5.45399999619
185 5.47900009155
186 5.507999897
187 5.51599979401
188 4.59200000763
189 4.56199979782
190 5.55399990082
191 5.58900022507
192 3.62800002098
193 3.51300001144
194 4.06599998474
195 4.04099988937
196 5.70100021362
197 5.70800018311
198 5.72599983215
199 5.76200008392
200 5.77899980545
201 5.80999994278
202 5.81799983978
203 5.84299993515
204 5.85099983215
205 5.84200000763
206 5.86499977112
207 5.88199996948
208 5.8860001564
209 5.88700008392
210 5.91800022125
211 5.94000005722
212 5.96000003815
213 5.96700000763
214 5.98500013351
215 5.99499988556
216 6.01900005341
217 6.02199983597
218 6.05000019073
219 6.07000017166
220 6.07899999619
221 6.08099985123
222 6.09499979019
223 6.09600019455
224 6.09700012207
225 6.10900020599
226 6.10200023651
227 6.11800003052
228 6.14200019836
229 6.15700006485
230 6.16599988937
231 6.17399978638
232 6.1810002327
233 6.18699979782
234 6.21000003815
235 6.20200014114
236 6.20599985123
237 6.23299980164
238 6.22399997711
239 6.22499990463
240 6.22100019455
241 6.22300004959
242 6.23799991608
243 6.21700000763
244 6.22499990463
245 6.23299980164
246 6.24800014496
247 6.23500013351
248 6.22700023651
249 6.24700021744
250 6.24399995804
251 6.24499988556
252 6.27799987793
253 6.26200008392
254 6.27400016785
255 6.27500009537
256 6.26700019836
257 6.26900005341
258 6.25500011444
259 6.23999977112
260 6.22900009155
261 6.22100019455
262 6.24100017548
263 6.21700000763
264 6.21299982071
265 6.21000003815
266 6.23199987411
267 6.22100019455
268 6.20599985123
269 6.21500015259
270 6.21500015259
271 6.20800018311
272 6.21299982071
273 6.11600017548
274 5.85400009155
275 5.79099988937
276 5.73199987411
277 5.7389998436
278 5.72499990463
279 5.72499990463
280 5.73299980164
281 5.76700019836
282 5.80700016022
283 5.95200014114
284 6.08900022507
285 6.08500003815
286 6.0720000267
287 6.04400014877
288 6.04199981689
289 6.04099988937
290 6.02799987793
291 6.01700019836
292 6.00899982452
293 5.98600006104
294 5.96899986267
295 5.9390001297
296 5.90700006485
297 5.90700006485
298 5.8860001564
299 5.88399982452
300 5.87300014496
301 5.85900020599
302 5.83699989319
303 5.82100009918
304 5.80700016022
305 5.78999996185
306 5.77600002289
307 5.76800012589
308 2.07899999619
309 2.04699993134
310 2.05500006676
311 2.0490000248
312 2.04299998283
313 2.03099989891
314 2.02699995041
315 2.02399992943
316 2.02800011635
317 2.03500008583
318 2.01699995995
319 2.03999996185
320 2.03500008583
321 2.03399991989
322 2.007999897
323 2.03500008583
324 2.00600004196
325 1.06900000572
326 0.888000011444
327 0.861000001431
328 0.878000020981
329 0.989000022411
330 2.132999897
331 2.10400009155
332 2.07299995422
333 2.07100009918
334 2.06900000572
335 2.08100008965
336 2.20499992371
337 2.24799990654
338 2.22300004959
339 2.22300004959
340 2.21799993515
341 2.23300004005
342 2.14499998093
343 2.09800004959
344 2.07399988174
345 2.08999991417
346 2.13000011444
347 2.14599990845
348 2.26099991798
349 4.74800014496
350 4.71500015259
351 4.68200016022
352 4.63199996948
353 4.625
354 4.59899997711
355 4.5529999733
356 4.31799983978
357 4.3639998436
358 4.49399995804
359 4.46400022507
360 4.42700004578
361 4.42299985886
362 4.40199995041
363 4.34800004959
364 4.31599998474
365 4.2610001564
366 4.22399997711
367 4.20699977875
368 4.1779999733
369 4.14400005341
370 4.10799980164
371 4.0609998703
372 4.03700017929
373 4.02500009537
374 3.98200011253
375 3.94199991226
376 3.93799996376
377 3.89499998093
378 3.86299991608
379 3.85400009155
380 3.82800006866
381 3.71199989319
382 3.63000011444
383 3.60500001907
384 3.55900001526
385 3.51699995995
386 3.48699998856
387 3.46799993515
388 3.42700004578
389 3.40899991989
390 3.36100006104
391 3.33100008965
392 3.31100010872
393 3.27800011635
394 3.26399993896
395 3.25099992752
396 3.29699993134
397 3.33599996567
398 3.37199997902
399 3.39100003242
400 3.4430000782
401 3.4849998951
402 3.5150001049
403 3.55500006676
404 3.58999991417
405 3.64100003242
406 3.69400000572
407 3.73300004005
408 3.757999897
409 3.78500008583
410 3.8220000267
411 3.88599991798
412 3.9319999218
413 4.00099992752
414 4.04899978638
415 4.12699985504
416 4.17500019073
417 4.24900007248
418 4.3189997673
419 4.37099981308
420 4.44000005722
421 4.51800012589
422 4.59700012207
423 4.66099977493
424 4.7389998436
425 4.80100011826
426 4.90500020981
427 5.02699995041
428 5.10900020599
429 5.21299982071
430 5.30700016022
431 5.41300010681
432 5.53000020981
433 5.64300012589
434 5.78100013733
435 5.88500022888
436 6.02299976349
437 6.15000009537
438 6.3140001297
439 6.47399997711
440 6.49800014496
441 6.61800003052
442 6.47399997711
443 3.06699991226
444 3.04500007629
445 3.03200006485
446 3.03900003433
447 3.02800011635
448 3.0
449 3.007999897
450 3.01799988747
451 2.98399996758
452 3.0039999485
453 2.98900008202
454 2.98200011253
455 2.98600006104
456 2.97600007057
457 2.95499992371
458 2.96099996567
459 2.9509999752
460 2.94499993324
461 2.94199991226
462 2.95499992371
463 2.93700003624
464 2.95199990273
465 2.93400001526
466 2.93000006676
467 2.91199994087
468 2.92499995232
469 2.92100000381
470 2.66899991035
471 2.62700009346
472 2.64100003242
473 2.65100002289
474 0.929000020027
475 0.704999983311
476 0.699000000954
477 0.935000002384
478 2.65199995041
479 2.62800002098
480 2.63899993896
481 2.66000008583
482 2.65400004387
483 2.65700006485
484 2.65100002289
485 2.65300011635
486 2.66100001335
487 2.66499996185
488 2.65700006485
489 2.67899990082
490 2.82399988174
491 2.94899988174
492 2.93000006676
493 2.9509999752
494 2.95799994469
495 2.96300005913
496 2.95000004768
497 2.95399999619
498 2.96399998665
499 2.96499991417
500 2.98300004005
501 2.98000001907
502 2.98099994659
503 2.99499988556
504 2.98699998856
505 2.992000103
506 3.00099992752
507 3.00999999046
508 3.02900004387
509 3.04699993134
510 3.03200006485
511 3.03699994087
512 3.04999995232
513 1.49500000477
514 1.24699997902
515 1.16600000858
516 1.15999996662
517 1.14900004864
518 1.13800001144
519 1.12699997425
520 1.15699994564
521 1.13100004196
522 1.14499998093
523 1.14600002766
524 0.977999985218
525 0.912999987602
526 0.930000007153
527 1.15100002289
528 1.2009999752
529 1.27799999714
530 1.25600004196
531 1.2460000515
532 1.24399995804
533 1.23099994659
534 1.24000000954
535 1.23199999332
536 1.24399995804
537 1.23399996758
538 1.23800003529
539 1.25199997425
540 1.29700005054
