0 4.51000022888
1 4.43499994278
2 4.44600009918
3 4.46799993515
4 4.50400018692
5 4.65000009537
6 4.67100000381
7 4.70900011063
8 4.72900009155
9 4.76599979401
10 4.79600000381
11 4.83400011063
12 4.86800003052
13 4.89200019836
14 4.93400001526
15 4.92399978638
16 4.82600021362
17 4.84700012207
18 4.89400005341
19 4.96000003815
20 5.14599990845
21 5.19299983978
22 5.23000001907
23 5.26800012589
24 5.30999994278
25 5.36600017548
26 5.41499996185
27 5.44799995422
28 5.50299978256
29 5.55100011826
30 5.60799980164
31 5.63000011444
32 5.65600013733
33 0.0
34 17.1620006561
35 17.1590003967
36 17.1469993591
37 0.0
38 0.0
39 0.0
40 17.2460002899
41 17.1639995575
42 17.0709991455
43 17.0100002289
44 16.5200004578
45 16.5359992981
46 16.5100002289
47 13.1610002518
48 13.0970001221
49 12.3310003281
50 11.9499998093
51 11.5830001831
52 11.607000351
53 11.6309995651
54 11.6309995651
55 11.345000267
56 10.9960002899
57 10.4650001526
58 10.111000061
59 8.34000015259
60 8.33300018311
61 8.20300006866
62 7.91200017929
63 7.64900016785
64 7.44099998474
65 7.23400020599
66 7.06199979782
67 6.90199995041
68 6.79699993134
69 6.79099988937
70 6.8109998703
71 6.82499980927
72 6.8639998436
73 6.87699985504
74 6.79199981689
75 6.63199996948
76 6.51200008392
77 6.382999897
78 6.26700019836
79 6.14400005341
80 5.23600006104
81 4.96600008011
82 4.85300016403
83 4.75699996948
84 4.67899990082
85 4.60900020599
86 4.53999996185
87 4.46600008011
88 4.39400005341
89 4.34800004959
90 4.27299976349
91 4.21999979019
92 4.16800022125
93 4.09800004959
94 4.01999998093
95 3.97699999809
96 3.93799996376
97 3.90100002289
98 3.83999991417
99 3.80999994278
100 3.76999998093
101 3.80999994278
102 3.83200001717
103 3.83899998665
104 3.86400008202
105 3.89899992943
106 3.92899990082
107 3.94000005722
108 3.92700004578
109 3.89100003242
110 3.85500001907
111 3.80999994278
112 3.7650001049
113 3.72399997711
114 3.68099999428
115 3.65599989891
116 3.63000011444
117 3.59599995613
118 3.5680000782
119 3.53500008583
120 3.49099993706
121 3.48600006104
122 3.44600009918
123 3.40799999237
124 3.41199994087
125 3.38599991798
126 3.42000007629
127 3.46000003815
128 3.48099994659
129 3.53200006485
130 3.55599999428
131 3.59899997711
132 3.6740000248
133 4.02500009537
134 4.0609998703
135 4.09399986267
136 4.12799978256
137 4.15700006485
138 4.19099998474
139 4.21299982071
140 4.26000022888
141 4.27199983597
142 4.3140001297
143 4.35300016403
144 4.39799976349
145 4.40899991989
146 4.46999979019
147 4.48400020599
148 4.48799991608
149 4.52500009537
150 4.53399991989
151 4.21600008011
152 4.29600000381
153 4.57100009918
154 3.26799988747
155 3.43300008774
156 4.71600008011
157 4.59100008011
158 4.54899978638
159 4.79799985886
160 4.83199977875
161 4.867000103
162 4.90500020981
163 4.92700004578
164 4.96600008011
165 5.00199985504
166 5.01999998093
167 5.04300022125
168 3.14299988747
169 3.22199988365
170 3.35599994659
171 4.11199998856
172 4.9310002327
173 4.87599992752
174 4.84800004959
175 4.83500003815
176 4.82299995422
177 4.80999994278
178 4.83199977875
179 4.84700012207
180 4.87099981308
181 4.90100002289
182 4.8189997673
183 5.31599998474
184 5.45699977875
185 5.492000103
186 5.50400018692
187 5.52899980545
188 4.60500001907
189 4.57800006866
190 5.55200004578
191 5.59499979019
192 3.63599991798
193 3.52500009537
194 4.06799983978
195 4.05800008774
196 5.69500017166
197 5.72100019455
198 5.71799993515
199 5.74300003052
200 5.78800010681
201 5.8140001297
202 5.83500003815
203 5.83900022507
204 5.84299993515
205 5.84100008011
206 5.85500001907
207 5.87699985504
208 5.90700006485
209 5.91499996185
210 5.92399978638
211 5.93699979782
212 5.9470000267
213 5.96700000763
214 5.96400022507
215 5.99800014496
216 6.01999998093
217 6.03700017929
218 6.05700016022
219 6.05800008774
220 6.08400011063
221 6.07299995422
222 6.09000015259
223 6.09899997711
224 6.09399986267
225 6.12099981308
226 6.11299991608
227 6.12200021744
228 6.13999986649
229 6.15799999237
230 6.15000009537
231 6.15100002289
232 6.18699979782
233 6.18400001526
234 6.20200014114
235 6.22100019455
236 6.21400022507
237 6.23199987411
238 6.23099994659
239 6.22300004959
240 6.20900011063
241 6.21400022507
242 6.23099994659
243 6.23600006104
244 6.23999977112
245 6.23500013351
246 6.23600006104
247 6.23199987411
248 6.24700021744
249 6.25199985504
250 6.24300003052
251 6.26999998093
252 6.27199983597
253 6.28100013733
254 6.28599977493
255 6.28000020981
256 6.27099990845
257 6.26000022888
258 6.24399995804
259 6.24399995804
260 6.24499988556
261 6.23999977112
262 6.22200012207
263 6.22100019455
264 6.23699998856
265 6.21500015259
266 6.21600008011
267 6.23400020599
268 6.22100019455
269 6.21400022507
270 6.21299982071
271 6.21199989319
272 6.19199991226
273 6.14400005341
274 5.85699987411
275 5.77799987793
276 5.75199985504
277 5.73500013351
278 5.70699977875
279 5.72399997711
280 5.7389998436
281 5.77099990845
282 5.8140001297
283 5.95100021362
284 6.07600021362
285 6.07899999619
286 6.05900001526
287 6.05000019073
288 6.0609998703
289 6.05399990082
290 6.03599977493
291 6.01900005341
292 6.00600004196
293 5.96099996567
294 5.95900011063
295 5.93200016022
296 5.91300010681
297 5.90600013733
298 5.89699983597
299 5.87699985504
300 5.86899995804
301 5.84499979019
302 5.84499979019
303 5.81799983978
304 5.79699993134
305 5.78700017929
306 5.78000020981
307 5.76499986649
308 2.0759999752
309 2.07399988174
310 2.0529999733
311 2.03500008583
312 2.03399991989
313 2.02999997139
314 2.02699995041
315 2.0490000248
316 2.02900004387
317 2.04600000381
318 2.04600000381
319 2.01900005341
320 2.0150001049
321 2.02600002289
322 2.03299999237
323 2.02399992943
324 2.02800011635
325 1.08200001717
326 0.89099997282
327 0.865000009537
328 0.861999988556
329 0.991999983788
330 2.12599992752
331 2.12199997902
332 2.08899998665
333 2.06500005722
334 2.04800009727
335 2.10500001907
336 2.18700003624
337 2.23300004005
338 2.23699998856
339 2.24000000954
340 2.24399995804
341 2.22499990463
342 2.14400005341
343 2.10599994659
344 2.06900000572
345 2.08999991417
346 2.12800002098
347 2.16199994087
348 2.21600008011
349 4.75500011444
350 4.69799995422
351 4.66200017929
352 4.65700006485
353 4.617000103
354 4.58699989319
355 4.55399990082
356 4.29699993134
357 4.37900018692
358 4.47900009155
359 4.46899986267
360 4.45200014114
361 4.42999982834
362 4.40299987793
363 4.34700012207
364 4.3060002327
365 4.29400014877
366 4.23199987411
367 4.20800018311
368 4.1890001297
369 4.15600013733
370 4.11600017548
371 4.08599996567
372 4.05000019073
373 4.03299999237
374 3.98900008202
375 3.95199990273
376 3.93799996376
377 3.90700006485
378 3.88100004196
379 3.84500002861
380 3.82800006866
381 3.72300004959
382 3.63899993896
383 3.60299992561
384 3.54999995232
385 3.52200007439
386 3.49399995804
387 3.46600008011
388 3.4319999218
389 3.39599990845
390 3.36100006104
391 3.33400011063
392 3.31699991226
393 3.28800010681
394 3.25
395 3.25999999046
396 3.30200004578
397 3.34299993515
398 3.35299992561
399 3.39299988747
400 3.4470000267
401 3.48399996758
402 3.52300000191
403 3.54200005531
404 3.60299992561
405 3.64599990845
406 3.69199991226
407 3.73200011253
408 3.75099992752
409 3.78200006485
410 3.82699990273
411 3.8900001049
412 3.94400000572
413 4.00199985504
414 4.05999994278
415 4.11499977112
416 4.18800020218
417 4.25099992752
418 4.29099988937
419 4.375
420 4.44600009918
421 4.51599979401
422 4.58799982071
423 4.66900014877
424 4.74900007248
425 4.80499982834
426 4.91599988937
427 5.01300001144
428 5.11499977112
429 5.21299982071
430 5.31799983978
431 5.41599988937
432 5.53700017929
433 5.64400005341
434 5.76200008392
435 5.88899993896
436 6.02699995041
437 6.17199993134
438 6.31799983978
439 6.46999979019
440 6.50299978256
441 6.61000013351
442 6.48099994659
443 3.10400009155
444 3.05200004578
445 3.0529999733
446 3.04699993134
447 3.04200005531
448 3.03099989891
449 3.0039999485
450 2.99900007248
451 2.98699998856
452 3.00600004196
453 2.992000103
454 2.97499990463
455 2.97600007057
456 2.992000103
457 2.96199989319
458 2.95600008965
459 2.95300006866
460 2.94799995422
461 2.95900011063
462 2.93400001526
463 2.94099998474
464 2.93700003624
465 2.94199991226
466 2.92899990082
467 2.92499995232
468 2.92700004578
469 2.91499996185
470 2.67499995232
471 2.6289999485
472 2.63899993896
473 2.65199995041
474 0.941999971867
475 0.709999978542
476 0.70300000906
477 0.930999994278
478 2.67199993134
479 2.64899992943
480 2.64100003242
481 2.65599989891
482 2.66499996185
483 2.65700006485
484 2.66000008583
485 2.65199995041
486 2.67600011826
487 2.66000008583
488 2.67100000381
489 2.65799999237
490 2.8259999752
491 2.93400001526
492 2.93799996376
493 2.93700003624
494 2.94099998474
495 2.94600009918
496 2.95700001717
497 2.96700000763
498 2.95900011063
499 2.97000002861
500 2.97699999809
501 2.99699997902
502 2.97399997711
503 2.99399995804
504 2.99900007248
505 2.99399995804
506 3.01600003242
507 1.14199995995
508 1.21800005436
509 1.09500002861
510 1.06900000572
511 1.0529999733
512 1.06900000572
513 1.05700004101
514 1.05900001526
515 1.05099999905
516 1.05400002003
517 1.06299996376
518 1.0870000124
519 1.09300005436
520 1.10500001907
521 1.12600004673
522 1.26600003242
523 3.17499995232
524 0.941999971867
525 0.917999982834
526 0.917999982834
527 1.13300001621
528 1.16700005531
529 1.13399994373
530 1.14100003242
531 1.13900005817
532 1.15400004387
533 1.14699995518
534 1.13699996471
535 1.14100003242
536 1.15499997139
537 1.1590000391
538 1.16999995708
539 1.19799995422
540 1.23800003529
