0 4.52099990845
1 4.40899991989
2 4.45800018311
3 4.4470000267
4 4.53299999237
5 4.66499996185
6 4.67600011826
7 4.71500015259
8 4.7389998436
9 4.77699995041
10 4.80900001526
11 4.83799982071
12 4.85500001907
13 4.90299987793
14 4.94099998474
15 4.9390001297
16 4.84200000763
17 4.85500001907
18 4.89200019836
19 4.96099996567
20 5.14699983597
21 5.1890001297
22 5.23299980164
23 5.27099990845
24 5.31199979782
25 5.36499977112
26 5.39099979401
27 5.45499992371
28 5.50600004196
29 5.54300022125
30 5.60200023651
31 5.62599992752
32 5.65700006485
33 0.0
34 17.1420001984
35 17.172000885
36 17.0970001221
37 16.9449996948
38 16.9300003052
39 17.0090007782
40 17.2549991608
41 17.1760005951
42 17.0690002441
43 17.0009994507
44 16.5359992981
45 16.547000885
46 16.5219993591
47 13.1680002213
48 13.0959997177
49 12.3319997787
50 11.920999527
51 11.5970001221
52 11.6120004654
53 11.6260004044
54 11.6309995651
55 11.343000412
56 11.001999855
57 10.4619998932
58 10.109000206
59 8.30200004578
60 8.35000038147
61 8.18700027466
62 7.91099977493
63 7.6360001564
64 7.46000003815
65 7.24800014496
66 7.07499980927
67 6.90299987793
68 6.79300022125
69 6.79600000381
70 6.79600000381
71 6.82899999619
72 6.84700012207
73 6.87699985504
74 6.79199981689
75 6.64300012589
76 6.50500011444
77 6.3860001564
78 6.26599979401
79 6.15500020981
80 5.22800016403
81 4.96999979019
82 4.84999990463
83 4.76700019836
84 4.67399978638
85 4.58599996567
86 4.54799985886
87 4.45499992371
88 4.41400003433
89 4.33900022507
90 4.27899980545
91 4.23099994659
92 4.14400005341
93 4.09000015259
94 4.03999996185
95 3.9849998951
96 3.92199993134
97 3.875
98 3.82500004768
99 3.79200005531
100 3.77800011635
101 3.80200004578
102 3.81200003624
103 3.8599998951
104 3.87800002098
105 3.89100003242
106 3.93600010872
107 3.94099998474
108 3.92499995232
109 3.88700008392
110 3.85199999809
111 3.81100010872
112 3.7460000515
113 3.71499991417
114 3.69899988174
115 3.66700005531
116 3.63400006294
117 3.59299993515
118 3.5680000782
119 3.53999996185
120 3.50500011444
121 3.48399996758
122 3.4509999752
123 3.42499995232
124 3.41300010681
125 3.39299988747
126 3.42000007629
127 3.45600008965
128 3.49699997902
129 3.53699994087
130 3.57299995422
131 3.59400010109
132 3.67000007629
133 4.007999897
134 4.06599998474
135 4.08900022507
136 4.12300014496
137 4.14300012589
138 4.19500017166
139 4.20800018311
140 4.23099994659
141 4.28499984741
142 4.32499980927
143 4.33099985123
144 4.40000009537
145 4.4310002327
146 4.47399997711
147 4.49499988556
148 4.49300003052
149 4.52699995041
150 4.54799985886
151 4.19299983978
152 4.32399988174
153 4.51499986649
154 3.26799988747
155 3.41300010681
156 4.72200012207
157 4.59899997711
158 4.54199981689
159 4.79699993134
160 4.83799982071
161 4.86600017548
162 4.89499998093
163 4.9390001297
164 4.96199989319
165 5.00699996948
166 5.03000020981
167 5.04699993134
168 3.15499997139
169 3.23699998856
170 3.36500000954
171 4.10799980164
172 4.91900014877
173 4.88199996948
174 4.84399986267
175 4.83099985123
176 4.82399988174
177 4.8189997673
178 4.83599996567
179 4.85799980164
180 4.87699985504
181 4.91099977493
182 4.81199979782
183 5.32899999619
184 5.47599983215
185 5.47900009155
186 5.49900007248
187 5.52099990845
188 4.60500001907
189 4.5689997673
190 5.5640001297
191 5.59100008011
192 3.64299988747
193 3.52800011635
194 4.0689997673
195 4.05100011826
196 5.6890001297
197 5.69999980927
198 5.742000103
199 5.76200008392
200 5.77600002289
201 5.79099988937
202 5.8220000267
203 5.82899999619
204 5.85099983215
205 5.83799982071
206 5.86299991608
207 5.88500022888
208 5.88999986649
209 5.91599988937
210 5.93300008774
211 5.94000005722
212 5.9470000267
213 5.95200014114
214 5.98199987411
215 5.99700021744
216 6.01999998093
217 6.04699993134
218 6.05900001526
219 6.07700014114
220 6.07000017166
221 6.07600021362
222 6.09100008011
223 6.09200000763
224 6.10599994659
225 6.12300014496
226 6.10799980164
227 6.13199996948
228 6.13899993896
229 6.13999986649
230 6.17100000381
231 6.17199993134
232 6.17700004578
233 6.18699979782
234 6.21799993515
235 6.20699977875
236 6.23199987411
237 6.22700023651
238 6.21700000763
239 6.21999979019
240 6.22399997711
241 6.22900009155
242 6.23299980164
243 6.25099992752
244 6.24700021744
245 6.23600006104
246 6.22399997711
247 6.25400018692
248 6.25299978256
249 6.26499986649
250 6.24100017548
251 6.26200008392
252 6.28200006485
253 6.28100013733
254 6.28399991989
255 6.25899982452
256 6.25600004196
257 6.24900007248
258 6.25899982452
259 6.24100017548
260 6.24100017548
261 6.24900007248
262 6.24399995804
263 6.22599983215
264 6.23699998856
265 6.21700000763
266 6.2389998436
267 6.22599983215
268 6.21400022507
269 6.21600008011
270 6.23999977112
271 6.21199989319
272 6.20399999619
273 6.13399982452
274 5.85799980164
275 5.77099990845
276 5.742000103
277 5.72200012207
278 5.73500013351
279 5.73400020599
280 5.75500011444
281 5.76700019836
282 5.80399990082
283 5.96600008011
284 6.0689997673
285 6.06199979782
286 6.0609998703
287 6.0529999733
288 6.06500005722
289 6.06199979782
290 6.03599977493
291 6.0110001564
292 5.98299980164
293 5.97900009155
294 5.95699977875
295 5.94199991226
296 5.92299985886
297 5.91400003433
298 5.90700006485
299 5.87400007248
300 5.867000103
301 5.84999990463
302 5.82299995422
303 5.83799982071
304 5.81300020218
305 5.80399990082
306 5.79300022125
307 5.76800012589
308 2.06500005722
309 2.05399990082
310 2.04500007629
311 2.05100011826
312 2.04800009727
313 2.05200004578
314 2.05500006676
315 2.04600000381
316 2.03800010681
317 2.02800011635
318 2.03399991989
319 2.04500007629
320 2.03099989891
321 2.04200005531
322 2.03299999237
323 2.01600003242
324 2.01900005341
325 1.07099997997
326 0.908999979496
327 0.850000023842
328 0.85900002718
329 0.989000022411
330 2.367000103
331 2.27200007439
332 2.1819999218
333 2.14800000191
334 2.13199996948
335 2.18799996376
336 2.22199988365
337 2.2539999485
338 2.24799990654
339 2.25900006294
340 2.24300003052
341 2.23200011253
342 2.17600011826
343 2.1400001049
344 2.16700005531
345 2.23799991608
346 2.30399990082
347 2.28699994087
348 2.28099989891
349 2.26999998093
350 2.30599999428
351 4.6779999733
352 4.65000009537
353 4.62599992752
354 4.59399986267
355 4.55200004578
356 4.29500007629
357 4.375
358 4.49900007248
359 4.44600009918
360 4.45200014114
361 4.40500020981
362 4.39099979401
363 4.36999988556
364 4.32299995422
365 4.29199981689
366 4.25500011444
367 4.21199989319
368 4.16099977493
369 4.125
370 4.09000015259
371 4.08799982071
372 4.0560002327
373 4.01700019836
374 3.99699997902
375 3.97099995613
376 3.93099999428
377 3.90100002289
378 3.89700007439
379 3.84299993515
380 3.83699989319
381 3.71199989319
382 3.625
383 3.60800004005
384 3.5759999752
385 3.5150001049
386 3.5039999485
387 3.46600008011
388 3.42700004578
389 3.40899991989
390 3.36299991608
391 3.33699989319
392 3.29999995232
393 3.28900003433
394 3.25300002098
395 3.27300000191
396 3.30100011826
397 3.34599995613
398 3.37700009346
399 3.40599989891
400 3.44199991226
401 3.47199988365
402 3.52600002289
403 3.55399990082
404 3.60199999809
405 3.64800000191
406 3.67199993134
407 3.71099996567
408 3.74099993706
409 3.78999996185
410 3.83999991417
411 3.89199995995
412 3.94199991226
413 3.98600006104
414 4.0689997673
415 4.11999988556
416 4.17899990082
417 4.23999977112
418 4.32000017166
419 4.38800001144
420 4.45100021362
421 4.49399995804
422 4.59100008011
423 4.65799999237
424 4.74700021744
425 4.80900001526
426 4.92299985886
427 5.01800012589
428 5.11299991608
429 5.20499992371
430 5.32000017166
431 5.41099977493
432 5.53999996185
433 5.64400005341
434 5.76499986649
435 5.89400005341
436 6.02899980545
437 6.16699981689
438 6.31199979782
439 6.47599983215
440 6.50400018692
441 6.60699987411
442 6.5
443 3.1099998951
444 3.04999995232
445 3.04200005531
446 3.03200006485
447 3.03099989891
448 3.03299999237
449 3.02600002289
450 3.02099990845
451 2.99300003052
452 2.98699998856
453 2.97699999809
454 2.97399997711
455 2.98699998856
456 2.97000002861
457 2.96399998665
458 2.96499991417
459 2.96300005913
460 2.9430000782
461 2.9470000267
462 2.95300006866
463 2.93300008774
464 2.94199991226
465 2.9279999733
466 2.93600010872
467 2.9319999218
468 2.92100000381
469 2.91100001335
470 2.67600011826
471 2.63199996948
472 2.64700007439
473 2.66400003433
474 0.949999988079
475 0.712999999523
476 0.71899998188
477 0.930999994278
478 2.67199993134
479 2.65499997139
480 2.65799999237
481 2.65000009537
482 2.63599991798
483 2.64700007439
484 2.66199994087
485 2.66300010681
486 2.67600011826
487 2.66599988937
488 2.67899990082
489 2.67600011826
490 2.83400011063
491 2.9279999733
492 2.95199990273
493 2.95700001717
494 2.95600008965
495 2.94899988174
496 2.94499993324
497 2.95000004768
498 2.95600008965
499 2.98300004005
500 2.98200011253
501 2.97600007057
502 2.992000103
503 3.0
504 2.9960000515
505 3.00300002098
506 3.0039999485
507 3.00900006294
508 3.03200006485
509 1.41499996185
510 1.22599995136
511 1.125
512 1.13800001144
513 1.12000000477
514 1.13399994373
515 1.10300004482
516 1.10899996758
517 1.12199997902
518 1.10800004005
519 1.125
520 1.11800003052
521 1.13699996471
522 1.13999998569
523 1.16600000858
524 0.990000009537
525 0.907999992371
526 0.93900001049
527 1.19099998474
528 1.24899995327
529 1.21399998665
530 1.21000003815
531 1.21300005913
532 1.2120000124
533 1.2159999609
534 1.2009999752
535 1.21500003338
536 1.21000003815
537 1.22699999809
538 1.24100005627
539 1.28100001812
540 3.51799988747
