0 4.50899982452
1 4.43200016022
2 4.45200014114
3 4.46899986267
4 4.52699995041
5 4.65100002289
6 4.68800020218
7 4.70800018311
8 4.73500013351
9 4.76599979401
10 4.80100011826
11 4.83699989319
12 4.85400009155
13 4.88899993896
14 4.94299983978
15 4.93400001526
16 4.83900022507
17 4.86299991608
18 4.87400007248
19 4.96400022507
20 5.14699983597
21 5.1859998703
22 5.21199989319
23 5.26399993896
24 5.30900001526
25 5.36100006104
26 5.39400005341
27 5.4439997673
28 5.50400018692
29 5.56300020218
30 5.59399986267
31 5.63999986649
32 5.65999984741
33 0.0
34 17.1550006866
35 17.1539993286
36 17.0170001984
37 16.795999527
38 16.7759990692
39 17.0249996185
40 17.2269992828
41 17.186000824
42 17.0750007629
43 17.0130004883
44 16.531999588
45 16.5480003357
46 16.5249996185
47 13.1750001907
48 13.0850000381
49 12.3210000992
50 11.9479999542
51 11.593000412
52 11.6000003815
53 11.6370000839
54 11.625
55 11.3559999466
56 10.9890003204
57 10.4709997177
58 10.1149997711
59 8.35499954224
60 8.34799957275
61 8.19699954987
62 7.93200016022
63 7.65199995041
64 7.45100021362
65 7.25299978256
66 7.06199979782
67 6.90199995041
68 6.78800010681
69 6.78000020981
70 6.8140001297
71 6.82899999619
72 6.86199998856
73 6.875
74 6.80100011826
75 6.63000011444
76 6.5110001564
77 6.38500022888
78 6.27299976349
79 6.14400005341
80 5.23099994659
81 4.98000001907
82 4.86899995804
83 4.77299976349
84 4.68699979782
85 4.60099983215
86 4.53800010681
87 4.46700000763
88 4.41099977493
89 4.33599996567
90 4.27799987793
91 4.23000001907
92 4.16900014877
93 4.10599994659
94 4.04899978638
95 3.97000002861
96 3.91400003433
97 3.88599991798
98 3.83999991417
99 3.80599999428
100 3.77399992943
101 3.79500007629
102 3.82899999619
103 3.85100007057
104 3.86899995804
105 3.91599988937
106 3.9240000248
107 3.96900010109
108 3.92700004578
109 3.89199995995
110 3.84599995613
111 3.81900000572
112 3.77099990845
113 3.72300004959
114 3.68499994278
115 3.66000008583
116 3.6289999485
117 3.58899998665
118 3.5720000267
119 3.52099990845
120 3.48900008202
121 3.47600007057
122 3.43899989128
123 3.42499995232
124 3.40700006485
125 3.40700006485
126 3.43000006676
127 3.44400000572
128 3.4960000515
129 3.53900003433
130 3.56999993324
131 3.61400008202
132 3.67499995232
133 4.01499986649
134 4.07800006866
135 4.09200000763
136 4.12099981308
137 4.16200017929
138 4.18200016022
139 4.21500015259
140 4.23199987411
141 4.28900003433
142 4.30499982834
143 4.35799980164
144 4.39099979401
145 4.43400001526
146 4.47300004959
147 4.48400020599
148 4.507999897
149 4.52699995041
150 4.55800008774
151 4.1970000267
152 4.31599998474
153 4.61899995804
154 3.26699995995
155 3.42899990082
156 4.70699977875
157 4.59200000763
158 4.54300022125
159 4.80100011826
160 4.83400011063
161 4.86999988556
162 4.89599990845
163 4.93699979782
164 4.95100021362
165 5.00299978256
166 5.02500009537
167 5.03700017929
168 3.14199995995
169 3.22000002861
170 3.38000011444
171 4.11499977112
172 4.92299985886
173 4.88500022888
174 4.85099983215
175 4.84299993515
176 4.8189997673
177 4.82700014114
178 4.83099985123
179 4.85699987411
180 4.88000011444
181 4.91499996185
182 4.80900001526
183 5.33900022507
184 5.47300004959
185 5.48199987411
186 5.5
187 5.51300001144
188 4.59499979019
189 4.58500003815
190 5.56699991226
191 5.59999990463
192 3.6400001049
193 3.52900004387
194 4.07399988174
195 4.04099988937
196 5.70300006866
197 5.70100021362
198 5.72900009155
199 5.76399993896
200 5.79099988937
201 5.80900001526
202 5.82499980927
203 5.83099985123
204 5.84200000763
205 5.85099983215
206 5.87300014496
207 5.89099979401
208 5.90500020981
209 5.91300010681
210 5.91499996185
211 5.94999980927
212 5.96199989319
213 5.96500015259
214 5.98400020599
215 5.992000103
216 6.03100013733
217 6.04600000381
218 6.0529999733
219 6.0560002327
220 6.09100008011
221 6.07299995422
222 6.10099983215
223 6.09999990463
224 6.11600017548
225 6.11899995804
226 6.12699985504
227 6.13899993896
228 6.14200019836
229 6.14300012589
230 6.16499996185
231 6.17899990082
232 6.19099998474
233 6.18400001526
234 6.21000003815
235 6.22100019455
236 6.23199987411
237 6.23099994659
238 6.22100019455
239 6.21500015259
240 6.22399997711
241 6.23400020599
242 6.23199987411
243 6.23099994659
244 6.25299978256
245 6.23500013351
246 6.242000103
247 6.23500013351
248 6.23699998856
249 6.25199985504
250 6.26599979401
251 6.25899982452
252 6.28000020981
253 6.28299999237
254 6.28599977493
255 6.257999897
256 6.2610001564
257 6.27099990845
258 6.25
259 6.26399993896
260 6.24100017548
261 6.22499990463
262 6.23500013351
263 6.24300003052
264 6.22900009155
265 6.22900009155
266 6.21600008011
267 6.23000001907
268 6.21700000763
269 6.21700000763
270 6.21799993515
271 6.21799993515
272 6.20100021362
273 6.1360001564
274 5.84200000763
275 5.78100013733
276 5.76900005341
277 5.7389998436
278 5.73400020599
279 5.72599983215
280 5.75099992752
281 5.77500009537
282 5.80499982834
283 5.95499992371
284 6.09299993515
285 6.0689997673
286 6.07399988174
287 6.06699991226
288 6.04199981689
289 6.05399990082
290 6.02699995041
291 6.007999897
292 5.99800014496
293 5.95699977875
294 5.95599985123
295 5.95599985123
296 5.92899990082
297 5.91200017929
298 5.88100004196
299 5.88000011444
300 5.86600017548
301 5.85099983215
302 5.83099985123
303 5.8189997673
304 5.81199979782
305 5.80700016022
306 5.78900003433
307 5.77699995041
308 2.06999993324
309 2.06299996376
310 2.04600000381
311 2.05200004578
312 2.0529999733
313 2.05399990082
314 2.04200005531
315 2.03699994087
316 2.04500007629
317 2.02200007439
318 2.02300000191
319 2.01699995995
320 2.02699995041
321 2.03999996185
322 2.02800011635
323 2.00900006294
324 2.03099989891
325 1.07799994946
326 0.894999980927
327 0.856999993324
328 0.874000012875
329 0.990000009537
330 2.37800002098
331 2.26099991798
332 2.1819999218
333 2.16000008583
334 2.13599991798
335 2.18099999428
336 2.21499991417
337 2.25699996948
338 2.24699997902
339 2.23099994659
340 2.24900007248
341 2.23900008202
342 2.17700004578
343 2.13000011444
344 2.14199995995
345 2.23200011253
346 2.30399990082
347 2.26399993896
348 2.257999897
349 2.26300001144
350 2.29500007629
351 4.69199991226
352 4.66099977493
353 4.61499977112
354 4.61100006104
355 4.55999994278
356 4.31699991226
357 4.37699985504
358 4.48999977112
359 4.46500015259
360 4.43800020218
361 4.42299985886
362 4.40600013733
363 4.36600017548
364 4.30399990082
365 4.28900003433
366 4.25699996948
367 4.22100019455
368 4.17999982834
369 4.125
370 4.11199998856
371 4.0689997673
372 4.06199979782
373 4.02500009537
374 3.98799991608
375 3.9509999752
376 3.93799996376
377 3.90700006485
378 3.88199996948
379 3.84500002861
380 3.81299996376
381 3.70700001717
382 3.64199995995
383 3.60400009155
384 3.57100009918
385 3.52600002289
386 3.49900007248
387 3.46499991417
388 3.4430000782
389 3.40400004387
390 3.35599994659
391 3.33400011063
392 3.31399989128
393 3.29500007629
394 3.26300001144
395 3.257999897
396 3.29399991035
397 3.33999991417
398 3.35599994659
399 3.40599989891
400 3.44799995422
401 3.48600006104
402 3.52200007439
403 3.56299996376
404 3.60899996758
405 3.65100002289
406 3.69600009918
407 3.72000002861
408 3.73600006104
409 3.79399991035
410 3.83699989319
411 3.89299988747
412 3.94000005722
413 3.9960000515
414 4.04400014877
415 4.11499977112
416 4.18499994278
417 4.24700021744
418 4.28900003433
419 4.37900018692
420 4.45100021362
421 4.53399991989
422 4.57899999619
423 4.66400003433
424 4.72900009155
425 4.80700016022
426 4.92399978638
427 5.02899980545
428 5.1139998436
429 5.21700000763
430 5.32399988174
431 5.42299985886
432 5.52799987793
433 5.64200019836
434 5.76300001144
435 5.89200019836
436 6.02299976349
437 6.17100000381
438 6.32399988174
439 6.44899988174
440 6.5
441 6.59999990463
442 6.49800014496
443 3.09800004959
444 3.05500006676
445 3.04600000381
446 3.02500009537
447 3.02399992943
448 3.01099991798
449 3.0039999485
450 3.00200009346
451 3.00600004196
452 2.98300004005
453 2.98600006104
454 2.98399996758
455 2.96300005913
456 2.97099995613
457 2.96399998665
458 2.97799992561
459 2.95000004768
460 2.95199990273
461 2.93899989128
462 2.94400000572
463 2.94199991226
464 2.9319999218
465 2.9279999733
466 2.94000005722
467 2.92600011826
468 2.91499996185
469 2.91400003433
470 2.67100000381
471 2.65899991989
472 2.63000011444
473 2.65000009537
474 0.948000013828
475 0.702000021935
476 0.717000007629
477 0.92199999094
478 2.64800000191
479 2.65300011635
480 2.64700007439
481 2.65300011635
482 2.65199995041
483 2.66799998283
484 2.66799998283
485 2.66899991035
486 2.67000007629
487 2.67100000381
488 2.67199993134
489 2.6819999218
490 2.82899999619
491 2.95399999619
492 2.93000006676
493 2.93600010872
494 2.95700001717
495 2.96600008011
496 2.95600008965
497 2.96499991417
498 2.97699999809
499 2.98200011253
500 2.97900009155
501 2.98300004005
502 2.97499990463
503 2.98000001907
504 3.00699996948
505 2.992000103
506 3.01300001144
507 3.01699995995
508 3.02099990845
509 1.43099999428
510 1.21700000763
511 1.13900005817
512 1.14199995995
513 1.1289999485
514 1.11399996281
515 1.12600004673
516 1.11600005627
517 1.11699998379
518 1.12999999523
519 1.12999999523
520 1.13699996471
521 1.12800002098
522 1.12399995327
523 1.14699995518
524 0.995000004768
525 0.910000026226
526 0.925000011921
527 1.19299995899
528 1.24100005627
529 1.23599994183
530 1.20299994946
531 1.23399996758
532 1.2159999609
533 1.22099995613
534 1.22699999809
535 1.22599995136
536 1.21099996567
537 1.23099994659
538 1.23599994183
539 1.27600002289
540 3.53500008583
