0 4.51999998093
1 4.42000007629
2 4.44099998474
3 4.45399999619
4 4.52500009537
5 4.64499998093
6 4.66800022125
7 4.69899988174
8 4.73299980164
9 4.76200008392
10 4.80200004578
11 4.8220000267
12 4.85699987411
13 4.88100004196
14 4.92000007629
15 4.92999982834
16 4.84600019455
17 4.84299993515
18 4.88700008392
19 4.96299982071
20 5.14599990845
21 5.1859998703
22 5.23099994659
23 5.2610001564
24 5.3140001297
25 5.35200023651
26 5.39200019836
27 5.45599985123
28 5.49599981308
29 5.54699993134
30 5.60099983215
31 5.64699983597
32 5.66400003433
33 18.6650009155
34 17.1779994965
35 17.142999649
36 17.7129993439
37 17.7259998322
38 0.0
39 0.0
40 17.327999115
41 17.1800003052
42 17.0489997864
43 16.9939994812
44 16.517999649
45 16.5289993286
46 16.5259990692
47 13.1470003128
48 13.0850000381
49 12.3240003586
50 11.9510002136
51 11.5830001831
52 11.6029996872
53 11.6190004349
54 11.6210002899
55 11.3459997177
56 11.0030002594
57 10.482000351
58 10.1219997406
59 8.32499980927
60 8.32900047302
61 8.19799995422
62 7.89799976349
63 7.63899993896
64 7.44000005722
65 7.23600006104
66 7.05800008774
67 6.89900016785
68 6.78900003433
69 6.76599979401
70 6.79199981689
71 6.8109998703
72 6.84000015259
73 6.87400007248
74 6.78599977493
75 6.63399982452
76 6.50699996948
77 6.38199996948
78 6.26300001144
79 6.13700008392
80 5.24399995804
81 4.96700000763
82 4.85099983215
83 4.76700019836
84 4.6810002327
85 4.59499979019
86 4.53999996185
87 4.47599983215
88 4.38000011444
89 4.33199977875
90 4.25199985504
91 4.21299982071
92 4.15600013733
93 4.09200000763
94 4.03700017929
95 3.98099994659
96 3.93400001526
97 3.88499999046
98 3.83699989319
99 3.78800010681
100 3.77399992943
101 3.78099989891
102 3.80999994278
103 3.84699988365
104 3.875
105 3.89499998093
106 3.93400001526
107 3.94899988174
108 3.9279999733
109 3.86299991608
110 3.82399988174
111 3.79800009727
112 3.76900005341
113 3.7349998951
114 3.6930000782
115 3.65700006485
116 3.61400008202
117 3.59699988365
118 3.55800008774
119 3.53600001335
120 3.4849998951
121 3.46300005913
122 3.43600010872
123 3.4240000248
124 3.39400005341
125 3.38599991798
126 3.40499997139
127 3.44600009918
128 3.4960000515
129 3.52500009537
130 3.57399988174
131 3.60899996758
132 3.66400003433
133 4.02400016785
134 4.07700014114
135 4.08199977875
136 4.09800004959
137 4.13500022888
138 4.17700004578
139 4.21099996567
140 4.24700021744
141 4.28399991989
142 4.3029999733
143 4.35500001907
144 4.35599994659
145 4.41499996185
146 4.45800018311
147 4.50199985504
148 4.50099992752
149 4.54099988937
150 4.55000019073
151 4.19500017166
152 4.28800010681
153 4.58300018311
154 3.26600003242
155 3.40499997139
156 4.70399999619
157 4.60200023651
158 4.55399990082
159 4.80700016022
160 4.83199977875
161 4.84700012207
162 4.89099979401
163 4.92500019073
164 4.96299982071
165 4.99900007248
166 5.01999998093
167 5.03599977493
168 3.12400007248
169 3.21199989319
170 3.36199998856
171 4.09200000763
172 4.90600013733
173 4.88199996948
174 4.84499979019
175 4.82700014114
176 4.80200004578
177 4.80200004578
178 4.83099985123
179 4.83400011063
180 4.86199998856
181 4.89300012589
182 4.81799983978
183 5.30999994278
184 5.46099996567
185 5.46500015259
186 5.49300003052
187 5.5110001564
188 4.60500001907
189 4.57700014114
190 5.56199979782
191 5.57000017166
192 3.63199996948
193 3.52600002289
194 4.07299995422
195 4.03299999237
196 5.70100021362
197 5.70599985123
198 5.73400020599
199 5.74900007248
200 5.78700017929
201 5.79799985886
202 5.81599998474
203 5.81599998474
204 5.84700012207
205 5.85699987411
206 5.87200021744
207 5.88500022888
208 5.88999986649
209 5.89599990845
210 5.92600011826
211 5.92500019073
212 5.9359998703
213 5.96799993515
214 5.97599983215
215 6.007999897
216 6.01399993896
217 6.03299999237
218 6.04400014877
219 6.0720000267
220 6.08300018311
221 6.09499979019
222 6.09700012207
223 6.09499979019
224 6.10699987411
225 6.117000103
226 6.12099981308
227 6.11499977112
228 6.1139998436
229 6.13500022888
230 6.14900016785
231 6.16599988937
232 6.16300010681
233 6.1890001297
234 6.20499992371
235 6.22100019455
236 6.23199987411
237 6.21000003815
238 6.22100019455
239 6.22499990463
240 6.22200012207
241 6.22300004959
242 6.23299980164
243 6.22800016403
244 6.22200012207
245 6.23000001907
246 6.24700021744
247 6.25
248 6.23400020599
249 6.24700021744
250 6.25500011444
251 6.26900005341
252 6.26999998093
253 6.25
254 6.28100013733
255 6.28100013733
256 6.27199983597
257 6.26399993896
258 6.24800014496
259 6.22800016403
260 6.24700021744
261 6.2389998436
262 6.23299980164
263 6.20900011063
264 6.22200012207
265 6.21799993515
266 6.22100019455
267 6.20499992371
268 6.22399997711
269 6.20100021362
270 6.20900011063
271 6.19899988174
272 6.19500017166
273 6.13100004196
274 5.84000015259
275 5.76399993896
276 5.74700021744
277 5.73699998856
278 5.70699977875
279 5.72800016403
280 5.72599983215
281 5.75899982452
282 5.8060002327
283 5.93800020218
284 6.09000015259
285 6.07600021362
286 6.06699991226
287 6.0609998703
288 6.06199979782
289 6.04799985886
290 6.02299976349
291 6.01999998093
292 5.97900009155
293 5.97100019455
294 5.96500015259
295 5.94099998474
296 5.92700004578
297 5.91200017929
298 5.87599992752
299 5.86600017548
300 5.85599994659
301 5.82800006866
302 5.82999992371
303 5.81599998474
304 5.81799983978
305 5.79699993134
306 5.76700019836
307 5.76999998093
308 2.07699990273
309 2.0529999733
310 2.04099988937
311 2.04200005531
312 2.04800009727
313 2.02800011635
314 2.03399991989
315 2.03399991989
316 2.03200006485
317 2.03800010681
318 2.007999897
319 2.00699996948
320 2.02099990845
321 2.03200006485
322 2.02600002289
323 2.01600003242
324 2.00900006294
325 1.07099997997
326 0.884999990463
327 0.84500002861
328 0.865000009537
329 0.98400002718
330 2.36500000954
331 2.25600004196
332 2.16899991035
333 2.15000009537
334 2.13000011444
335 2.17600011826
336 2.20399999619
337 2.257999897
338 2.22300004959
339 2.23300004005
340 2.23600006104
341 2.21600008011
342 2.18499994278
343 2.13400006294
344 2.13599991798
345 2.23300004005
346 2.30399990082
347 2.26399993896
348 2.26399993896
349 2.25300002098
350 2.29200005531
351 4.6859998703
352 4.64699983597
353 4.62400007248
354 4.58699989319
355 4.55999994278
356 4.3109998703
357 4.37200021744
358 4.46500015259
359 4.44299983978
360 4.43699979782
361 4.40999984741
362 4.37599992752
363 4.33199977875
364 4.3140001297
365 4.27400016785
366 4.25500011444
367 4.21299982071
368 4.1810002327
369 4.13899993896
370 4.10599994659
371 4.0529999733
372 4.03599977493
373 4.01999998093
374 3.99000000954
375 3.96199989319
376 3.9279999733
377 3.91000008583
378 3.85700011253
379 3.85100007057
380 3.81999993324
381 3.70300006866
382 3.61999988556
383 3.60700011253
384 3.54600000381
385 3.53500008583
386 3.50200009346
387 3.4470000267
388 3.41300010681
389 3.39199995995
390 3.37299990654
391 3.32299995422
392 3.28900003433
393 3.27600002289
394 3.25900006294
395 3.26600003242
396 3.2990000248
397 3.33899998665
398 3.36999988556
399 3.41199994087
400 3.42199993134
401 3.46900010109
402 3.51099991798
403 3.56399989128
404 3.60100007057
405 3.6210000515
406 3.6819999218
407 3.72000002861
408 3.72499990463
409 3.76399993896
410 3.82899999619
411 3.88599991798
412 3.93099999428
413 3.97699999809
414 4.05800008774
415 4.11600017548
416 4.15999984741
417 4.242000103
418 4.31500005722
419 4.36999988556
420 4.42100000381
421 4.52500009537
422 4.59499979019
423 4.64499998093
424 4.71899986267
425 4.8060002327
426 4.90199995041
427 5.01300001144
428 5.11299991608
429 5.20800018311
430 5.30700016022
431 5.42299985886
432 5.53800010681
433 5.63500022888
434 5.76300001144
435 5.8860001564
436 6.01800012589
437 6.15999984741
438 6.29899978638
439 6.47599983215
440 6.49900007248
441 6.60900020599
442 6.46400022507
443 3.0759999752
444 3.05200004578
445 3.04099988937
446 3.01600003242
447 3.02399992943
448 3.00699996948
449 3.02099990845
450 2.99499988556
451 3.0039999485
452 2.97399997711
453 2.96600008011
454 2.98300004005
455 2.97699999809
456 2.96000003815
457 2.95700001717
458 2.97199988365
459 2.96199989319
460 2.9430000782
461 2.94099998474
462 2.94899988174
463 2.9319999218
464 2.92899990082
465 2.92600011826
466 2.93000006676
467 2.93600010872
468 2.91899991035
469 2.90599989891
470 2.65300011635
471 2.62199997902
472 2.62199997902
473 2.64700007439
474 0.940999984741
475 0.685000002384
476 0.713999986649
477 0.930999994278
478 2.64100003242
479 2.632999897
480 2.6400001049
481 2.63000011444
482 2.64199995995
483 2.65199995041
484 2.66300010681
485 2.65100002289
486 2.66000008583
487 2.66499996185
488 2.66799998283
489 2.6779999733
490 2.84200000763
491 2.9319999218
492 2.93000006676
493 2.9470000267
494 2.95199990273
495 2.95300006866
496 2.94499993324
497 2.94099998474
498 2.96000003815
499 2.97499990463
500 2.97399997711
501 2.97000002861
502 2.99300003052
503 2.97199988365
504 2.99399995804
505 2.99000000954
506 2.99900007248
507 3.01999998093
508 3.03200006485
509 3.03200006485
510 3.02600002289
511 1.56099998951
512 1.31400001049
513 1.25
514 1.27100002766
515 1.26400005817
516 1.23699998856
517 1.23599994183
518 1.25199997425
519 1.26499998569
520 1.25800001621
521 1.27900004387
522 1.28999996185
523 1.29200005531
524 0.994000017643
525 0.90499997139
526 0.916999995708
527 1.15699994564
528 1.20899999142
529 1.21700000763
530 1.20799994469
531 1.20299994946
532 1.20599997044
533 1.20599997044
534 1.20700001717
535 1.21700000763
536 1.20399999619
537 1.23300004005
538 1.28199994564
539 0.0
540 0.0
