0 4.51800012589
1 4.43200016022
2 4.41599988937
3 4.45399999619
4 4.53200006485
5 4.64400005341
6 4.67600011826
7 4.6970000267
8 4.74599981308
9 4.76599979401
10 4.79600000381
11 4.83300018311
12 4.85699987411
13 4.89300012589
14 4.92000007629
15 4.92000007629
16 4.84299993515
17 4.84000015259
18 4.882999897
19 4.97499990463
20 5.13899993896
21 5.17500019073
22 5.23400020599
23 5.27600002289
24 5.3109998703
25 5.36000013351
26 5.39699983597
27 5.45399999619
28 5.50099992752
29 5.53200006485
30 5.60699987411
31 5.65399980545
32 5.67600011826
33 0.0
34 17.1539993286
35 17.1459999084
36 17.1490001678
37 0.0
38 0.0
39 0.0
40 17.2369995117
41 17.1779994965
42 17.0559997559
43 17.0
44 16.5300006866
45 16.5359992981
46 16.517999649
47 13.1719999313
48 13.0799999237
49 12.3420000076
50 11.9709997177
51 11.5939998627
52 11.6020002365
53 11.6339998245
54 11.6140003204
55 11.3559999466
56 10.982000351
57 10.4650001526
58 10.1079998016
59 8.33899974823
60 8.33800029755
61 8.2110004425
62 7.92000007629
63 7.63100004196
64 7.44899988174
65 7.23099994659
66 7.05700016022
67 6.89400005341
68 6.79699993134
69 6.78599977493
70 6.79300022125
71 6.83500003815
72 6.84100008011
73 6.867000103
74 6.79400014877
75 6.63199996948
76 6.50099992752
77 6.39099979401
78 6.26700019836
79 6.14799976349
80 5.24300003052
81 4.96099996567
82 4.84700012207
83 4.76200008392
84 4.6859998703
85 4.60500001907
86 4.54500007629
87 4.46500015259
88 4.38999986649
89 4.33099985123
90 4.257999897
91 4.19899988174
92 4.1360001564
93 4.10900020599
94 4.03100013733
95 3.98000001907
96 3.93600010872
97 3.89499998093
98 3.83800005913
99 3.79800009727
100 3.76999998093
101 3.77399992943
102 3.81599998474
103 3.83599996567
104 3.87599992752
105 3.91000008583
106 3.94099998474
107 3.96600008011
108 3.91799998283
109 3.89499998093
110 3.83599996567
111 3.81500005722
112 3.75600004196
113 3.71499991417
114 3.70799994469
115 3.65899991989
116 3.62400007248
117 3.59400010109
118 3.56500005722
119 3.53800010681
120 3.50300002098
121 3.46000003815
122 3.4430000782
123 3.40499997139
124 3.38599991798
125 3.38700008392
126 3.42199993134
127 3.45799994469
128 3.49099993706
129 3.52500009537
130 3.57699990273
131 3.60700011253
132 3.66199994087
133 4.02500009537
134 4.0720000267
135 4.09600019455
136 4.11600017548
137 4.13500022888
138 4.16800022125
139 4.21299982071
140 4.26000022888
141 4.26999998093
142 4.3220000267
143 4.35300016403
144 4.39699983597
145 4.40799999237
146 4.44199991226
147 4.47700023651
148 4.50699996948
149 4.53100013733
150 4.55200004578
151 4.18699979782
152 4.31300020218
153 4.61899995804
154 3.2650001049
155 3.40799999237
156 4.71000003815
157 4.59499979019
158 4.56599998474
159 4.80100011826
160 4.83599996567
161 4.85099983215
162 4.90000009537
163 4.92000007629
164 4.94899988174
165 4.99599981308
166 5.00899982452
167 5.04199981689
168 3.15300011635
169 3.21399998665
170 3.35899996758
171 4.11499977112
172 4.92399978638
173 4.87699985504
174 4.84499979019
175 4.83199977875
176 4.82000017166
177 4.83099985123
178 4.83699989319
179 4.84800004959
180 4.86499977112
181 4.90100002289
182 4.80999994278
183 5.32499980927
184 5.46899986267
185 5.48799991608
186 5.50500011444
187 5.51800012589
188 4.60099983215
189 4.58699989319
190 5.56500005722
191 5.58699989319
192 3.64700007439
193 3.52800011635
194 4.06199979782
195 4.05700016022
196 5.69199991226
197 5.71799993515
198 5.72700023651
199 5.77400016785
200 5.78000020981
201 5.80800008774
202 5.81699991226
203 5.82899999619
204 5.83699989319
205 5.85599994659
206 5.88000011444
207 5.87699985504
208 5.90199995041
209 5.89699983597
210 5.91599988937
211 5.92999982834
212 5.95200014114
213 5.98199987411
214 5.98699998856
215 6.00699996948
216 6.02699995041
217 6.04099988937
218 6.05100011826
219 6.07299995422
220 6.0689997673
221 6.06599998474
222 6.09800004959
223 6.09999990463
224 6.10900020599
225 6.09499979019
226 6.11000013351
227 6.13199996948
228 6.12900018692
229 6.15399980545
230 6.15000009537
231 6.16400003433
232 6.17899990082
233 6.16900014877
234 6.20699977875
235 6.19500017166
236 6.21199989319
237 6.23099994659
238 6.22300004959
239 6.22499990463
240 6.22200012207
241 6.23400020599
242 6.23299980164
243 6.24700021744
244 6.23199987411
245 6.25699996948
246 6.22599983215
247 6.25
248 6.2389998436
249 6.25099992752
250 6.24800014496
251 6.26200008392
252 6.27299976349
253 6.28000020981
254 6.26700019836
255 6.26399993896
256 6.27099990845
257 6.2610001564
258 6.24700021744
259 6.24499988556
260 6.25400018692
261 6.24499988556
262 6.242000103
263 6.23500013351
264 6.242000103
265 6.22800016403
266 6.21500015259
267 6.23000001907
268 6.21000003815
269 6.21799993515
270 6.23699998856
271 6.21199989319
272 6.22399997711
273 6.125
274 5.84399986267
275 5.78499984741
276 5.75699996948
277 5.73999977112
278 5.71000003815
279 5.73299980164
280 5.742000103
281 5.74599981308
282 5.79500007629
283 5.94299983978
284 6.0640001297
285 6.0689997673
286 6.0689997673
287 6.0609998703
288 6.06300020218
289 6.04799985886
290 6.02600002289
291 6.01200008392
292 5.97900009155
293 5.96600008011
294 5.95499992371
295 5.95200014114
296 5.92899990082
297 5.90899991989
298 5.90100002289
299 5.87099981308
300 5.86499977112
301 5.84399986267
302 5.83799982071
303 5.81599998474
304 5.80800008774
305 5.80000019073
306 5.77699995041
307 5.75699996948
308 2.07500004768
309 2.07299995422
310 2.04099988937
311 2.03399991989
312 2.03500008583
313 2.02399992943
314 2.03600001335
315 2.03900003433
316 2.02699995041
317 2.04099988937
318 2.02399992943
319 2.01699995995
320 2.00699996948
321 2.01799988747
322 2.03500008583
323 2.02600002289
324 2.01900005341
325 1.06500005722
326 0.89200001955
327 0.860000014305
328 0.865999996662
329 0.999000012875
330 2.09999990463
331 2.10899996758
332 2.09400010109
333 2.07299995422
334 2.07100009918
335 2.08599996567
336 2.17499995232
337 2.25
338 2.22900009155
339 2.23099994659
340 2.23399996758
341 2.22399997711
342 2.125
343 2.09100008011
344 2.0529999733
345 2.06200003624
346 2.10700011253
347 2.14899992943
348 2.25999999046
349 4.75199985504
350 4.71500015259
351 4.67700004578
352 4.63899993896
353 4.60500001907
354 4.60400009155
355 4.56799983978
356 4.32700014114
357 4.35699987411
358 4.48600006104
359 4.45699977875
360 4.4470000267
361 4.41900014877
362 4.37799978256
363 4.36899995804
364 4.30800008774
365 4.29500007629
366 4.25600004196
367 4.20599985123
368 4.1779999733
369 4.15000009537
370 4.11299991608
371 4.08099985123
372 4.05100011826
373 4.02299976349
374 3.97900009155
375 3.94600009918
376 3.93899989128
377 3.90499997139
378 3.8789999485
379 3.86100006104
380 3.8259999752
381 3.71199989319
382 3.62599992752
383 3.59699988365
384 3.56200003624
385 3.52399992943
386 3.50300002098
387 3.46600008011
388 3.43099999428
389 3.39100003242
390 3.375
391 3.34200000763
392 3.3029999733
393 3.2650001049
394 3.26399993896
395 3.27300000191
396 3.30800008774
397 3.33100008965
398 3.3599998951
399 3.40899991989
400 3.44499993324
401 3.48099994659
402 3.51099991798
403 3.54800009727
404 3.60899996758
405 3.64499998093
406 3.68600010872
407 3.70700001717
408 3.72300004959
409 3.77099990845
410 3.83100008965
411 3.88100004196
412 3.94400000572
413 3.99499988556
414 4.06500005722
415 4.13000011444
416 4.16800022125
417 4.22300004959
418 4.31199979782
419 4.36899995804
420 4.4390001297
421 4.52299976349
422 4.59700012207
423 4.66200017929
424 4.71700000763
425 4.80399990082
426 4.90700006485
427 5.02799987793
428 5.10799980164
429 5.19899988174
430 5.3220000267
431 5.42100000381
432 5.53200006485
433 5.64599990845
434 5.76399993896
435 5.88500022888
436 6.01399993896
437 6.16200017929
438 6.31300020218
439 6.48000001907
440 6.49499988556
441 6.60300016403
442 6.48799991608
443 3.09400010109
444 3.04600000381
445 3.0529999733
446 3.03600001335
447 3.02200007439
448 3.00999999046
449 3.01200008392
450 2.99300003052
451 2.99399995804
452 2.9849998951
453 2.97699999809
454 2.97499990463
455 2.97799992561
456 2.96099996567
457 2.96300005913
458 2.95900011063
459 2.9509999752
460 2.95700001717
461 2.9319999218
462 2.93899989128
463 2.94199991226
464 2.93700003624
465 2.93700003624
466 2.92000007629
467 2.92600011826
468 2.92700004578
469 2.91000008583
470 2.65300011635
471 2.632999897
472 2.64800000191
473 2.65899991989
474 0.925999999046
475 0.690999984741
476 0.717000007629
477 0.940999984741
478 2.65000009537
479 2.65100002289
480 2.64899992943
481 2.64199995995
482 2.6400001049
483 2.65700006485
484 2.65300011635
485 2.66199994087
486 2.65799999237
487 2.65799999237
488 2.66799998283
489 2.67899990082
490 2.82299995422
491 2.94099998474
492 2.93300008774
493 2.93300008774
494 2.95300006866
495 2.94899988174
496 2.94899988174
497 2.94499993324
498 2.95700001717
499 2.97900009155
500 2.96399998665
501 2.97699999809
502 2.97099995613
503 2.99000000954
504 2.98900008202
505 2.99300003052
506 3.00600004196
507 3.01399993896
508 3.01300001144
509 3.04200005531
510 3.03699994087
511 3.04699993134
512 3.05200004578
513 1.21899998188
514 1.26900005341
515 1.1629999876
516 1.15499997139
517 1.14199995995
518 1.13499999046
519 1.11800003052
520 1.13499999046
521 1.14199995995
522 1.14800000191
523 1.14800000191
524 0.990000009537
525 0.907999992371
526 0.902000010014
527 1.14600002766
528 1.22399997711
529 1.25199997425
530 1.26300001144
531 1.25
532 1.24500000477
533 1.24100005627
534 1.23000001907
535 1.23800003529
536 1.23899996281
537 1.24000000954
538 1.26300001144
539 1.25699996948
540 1.28900003433
