0 4.51800012589
1 4.42600011826
2 4.43300008774
3 4.44600009918
4 4.51999998093
5 4.65100002289
6 4.6890001297
7 4.71099996567
8 4.73199987411
9 4.77699995041
10 4.80200004578
11 4.82999992371
12 4.85799980164
13 4.90100002289
14 4.92000007629
15 4.93300008774
16 4.83799982071
17 4.85400009155
18 4.89799976349
19 4.96700000763
20 5.13100004196
21 5.18699979782
22 5.22599983215
23 5.27400016785
24 5.3140001297
25 5.35699987411
26 5.38999986649
27 5.44299983978
28 5.492000103
29 5.55000019073
30 5.59899997711
31 5.63100004196
32 5.67000007629
33 0.0
34 17.142999649
35 17.1289997101
36 17.1529998779
37 0.0
38 0.0
39 0.0
40 17.236000061
41 17.1639995575
42 17.0729999542
43 17.0189990997
44 16.5410003662
45 16.5429992676
46 16.5200004578
47 13.1599998474
48 13.0920000076
49 12.3149995804
50 11.9399995804
51 11.5810003281
52 11.6079998016
53 11.6300001144
54 11.6239995956
55 11.3520002365
56 10.9960002899
57 10.4849996567
58 10.1099996567
59 8.28999996185
60 8.33500003815
61 8.18999958038
62 7.91300010681
63 7.62900018692
64 7.45200014114
65 7.23999977112
66 7.06199979782
67 6.90399980545
68 6.78800010681
69 6.76800012589
70 6.80000019073
71 6.83799982071
72 6.84800004959
73 6.87099981308
74 6.78800010681
75 6.64300012589
76 6.50600004196
77 6.38700008392
78 6.26399993896
79 6.14200019836
80 5.2389998436
81 4.96700000763
82 4.84999990463
83 4.76800012589
84 4.68499994278
85 4.60699987411
86 4.53700017929
87 4.47800016403
88 4.41400003433
89 4.33500003815
90 4.27500009537
91 4.21799993515
92 4.16900014877
93 4.10699987411
94 4.03100013733
95 3.98600006104
96 3.93400001526
97 3.88599991798
98 3.83899998665
99 3.78399991989
100 3.76099991798
101 3.79399991035
102 3.82399988174
103 3.84100008011
104 3.87800002098
105 3.90199995041
106 3.92199993134
107 3.94099998474
108 3.90199995041
109 3.88899993896
110 3.83800005913
111 3.80100011826
112 3.76600003242
113 3.72900009155
114 3.70300006866
115 3.65899991989
116 3.63000011444
117 3.59500002861
118 3.54800009727
119 3.5150001049
120 3.50300002098
121 3.48000001907
122 3.43600010872
123 3.42700004578
124 3.41000008583
125 3.39400005341
126 3.42600011826
127 3.46099996567
128 3.492000103
129 3.52099990845
130 3.56999993324
131 3.61100006104
132 3.67300009727
133 4.02299976349
134 4.07299995422
135 4.07899999619
136 4.11199998856
137 4.16200017929
138 4.17999982834
139 4.20399999619
140 4.26000022888
141 4.28800010681
142 4.31799983978
143 4.34000015259
144 4.3860001564
145 4.42100000381
146 4.46899986267
147 4.48400020599
148 4.49599981308
149 4.53900003433
150 4.54699993134
151 4.19299983978
152 4.29899978638
153 4.60699987411
154 3.27800011635
155 3.40300011635
156 4.71999979019
157 4.59299993515
158 4.5529999733
159 4.80399990082
160 4.82899999619
161 4.87200021744
162 4.88700008392
163 4.92299985886
164 4.96099996567
165 4.99599981308
166 5.02400016785
167 5.03000020981
168 3.12800002098
169 3.22000002861
170 3.367000103
171 4.11499977112
172 4.90600013733
173 4.87099981308
174 4.85099983215
175 4.84100008011
176 4.81799983978
177 4.82499980927
178 4.83300018311
179 4.85099983215
180 4.86499977112
181 4.90100002289
182 4.80900001526
183 5.32100009918
184 5.46099996567
185 5.48099994659
186 5.50299978256
187 5.51300001144
188 4.59499979019
189 4.56500005722
190 5.5640001297
191 5.58599996567
192 3.63899993896
193 3.52500009537
194 4.06599998474
195 4.04799985886
196 5.69000005722
197 5.71600008011
198 5.71500015259
199 5.76200008392
200 5.78399991989
201 5.79099988937
202 5.81500005722
203 5.84200000763
204 5.84700012207
205 5.85500001907
206 5.86899995804
207 5.87300014496
208 5.89400005341
209 5.8860001564
210 5.90999984741
211 5.94000005722
212 5.95399999619
213 5.96600008011
214 5.992000103
215 5.99800014496
216 6.01399993896
217 6.03700017929
218 6.05900001526
219 6.05900001526
220 6.06799983978
221 6.09200000763
222 6.10400009155
223 6.09899997711
224 6.11199998856
225 6.09600019455
226 6.10099983215
227 6.11000013351
228 6.132999897
229 6.13999986649
230 6.15199995041
231 6.15999984741
232 6.18400001526
233 6.19199991226
234 6.19099998474
235 6.19500017166
236 6.21600008011
237 6.21700000763
238 6.22700023651
239 6.21299982071
240 6.23699998856
241 6.21199989319
242 6.24300003052
243 6.22499990463
244 6.22300004959
245 6.22100019455
246 6.2389998436
247 6.23299980164
248 6.24499988556
249 6.242000103
250 6.24900007248
251 6.26200008392
252 6.25199985504
253 6.27400016785
254 6.26800012589
255 6.27099990845
256 6.27099990845
257 6.25899982452
258 6.26200008392
259 6.23400020599
260 6.24700021744
261 6.23699998856
262 6.23600006104
263 6.21600008011
264 6.22399997711
265 6.22200012207
266 6.20200014114
267 6.21600008011
268 6.21899986267
269 6.20699977875
270 6.20300006866
271 6.21799993515
272 6.21700000763
273 6.125
274 5.83599996567
275 5.79300022125
276 5.76700019836
277 5.73699998856
278 5.71199989319
279 5.72100019455
280 5.74399995804
281 5.76999998093
282 5.78800010681
283 5.94199991226
284 6.08699989319
285 6.07399988174
286 6.0560002327
287 6.07600021362
288 6.05999994278
289 6.04500007629
290 6.01800012589
291 6.00099992752
292 5.9889998436
293 5.97599983215
294 5.96700000763
295 5.94600009918
296 5.92299985886
297 5.92000007629
298 5.89200019836
299 5.85699987411
300 5.875
301 5.85599994659
302 5.83799982071
303 5.82499980927
304 5.81599998474
305 5.80100011826
306 5.78100013733
307 5.76999998093
308 2.07999992371
309 2.07299995422
310 2.06299996376
311 2.03999996185
312 2.04399991035
313 2.03900003433
314 2.03399991989
315 2.02099990845
316 2.02399992943
317 2.02399992943
318 2.02699995041
319 2.02999997139
320 2.01600003242
321 2.02200007439
322 2.02200007439
323 2.02099990845
324 2.00300002098
325 1.06500005722
326 0.880999982357
327 0.860000014305
328 0.861000001431
329 0.998000025749
330 2.10400009155
331 2.11899995804
332 2.08899998665
333 2.04699993134
334 2.05900001526
335 2.07999992371
336 2.18600010872
337 2.24300003052
338 2.25099992752
339 2.242000103
340 2.22799992561
341 2.20799994469
342 2.15000009537
343 2.08200001717
344 2.08500003815
345 2.09100008011
346 2.11199998856
347 2.16700005531
348 2.26300001144
349 4.74100017548
350 4.69500017166
351 4.6779999733
352 4.64799976349
353 4.60300016403
354 4.59299993515
355 4.56699991226
356 4.28900003433
357 4.36299991608
358 4.47200012207
359 4.44099998474
360 4.43800020218
361 4.40100002289
362 4.38399982452
363 4.35400009155
364 4.32399988174
365 4.27899980545
366 4.25299978256
367 4.20200014114
368 4.16300010681
369 4.12599992752
370 4.09399986267
371 4.07499980927
372 4.04500007629
373 4.01999998093
374 3.98000001907
375 3.96799993515
376 3.9430000782
377 3.89800000191
378 3.8599998951
379 3.83899998665
380 3.82899999619
381 3.70900011063
382 3.63000011444
383 3.60199999809
384 3.55800008774
385 3.53200006485
386 3.49499988556
387 3.46900010109
388 3.42600011826
389 3.40100002289
390 3.35599994659
391 3.34100008011
392 3.31500005722
393 3.28500008583
394 3.25300002098
395 3.2539999485
396 3.29999995232
397 3.33599996567
398 3.34899997711
399 3.40100002289
400 3.44400000572
401 3.48000001907
402 3.51900005341
403 3.55999994278
404 3.60400009155
405 3.64599990845
406 3.66599988937
407 3.72300004959
408 3.73000001907
409 3.79600000381
410 3.83400011063
411 3.8710000515
412 3.94000005722
413 3.99699997902
414 4.03999996185
415 4.11499977112
416 4.1970000267
417 4.24399995804
418 4.3189997673
419 4.37900018692
420 4.4439997673
421 4.49499988556
422 4.59499979019
423 4.66499996185
424 4.72900009155
425 4.82299995422
426 4.90600013733
427 5.01900005341
428 5.10400009155
429 5.21299982071
430 5.31199979782
431 5.41400003433
432 5.52299976349
433 5.64499998093
434 5.74100017548
435 5.88100004196
436 6.01900005341
437 6.16200017929
438 6.31300020218
439 6.47300004959
440 6.48999977112
441 6.59999990463
442 6.47300004959
443 3.06999993324
444 3.04399991035
445 3.04099988937
446 3.04500007629
447 3.02699995041
448 3.01099991798
449 3.00999999046
450 2.992000103
451 3.007999897
452 2.99799990654
453 2.97799992561
454 2.98600006104
455 2.96900010109
456 2.95799994469
457 2.96199989319
458 2.95300006866
459 2.94799995422
460 2.94400000572
461 2.94400000572
462 2.93499994278
463 2.94400000572
464 2.93600010872
465 2.92000007629
466 2.91899991035
467 2.91799998283
468 2.92100000381
469 2.91700005531
470 2.67700004578
471 2.65100002289
472 2.63499999046
473 2.64199995995
474 0.93599998951
475 0.703999996185
476 0.709999978542
477 0.916999995708
478 2.65700006485
479 2.64499998093
480 2.64700007439
481 2.65199995041
482 2.67300009727
483 2.66199994087
484 2.65300011635
485 2.65899991989
486 2.66199994087
487 2.67000007629
488 2.68000006676
489 2.66199994087
490 2.82899999619
491 2.93899989128
492 2.93099999428
493 2.95000004768
494 2.92899990082
495 2.96900010109
496 2.96700000763
497 2.95499992371
498 2.94600009918
499 2.96399998665
500 2.98600006104
501 2.992000103
502 2.99099993706
503 2.98000001907
504 2.98399996758
505 3.01799988747
506 3.02200007439
507 3.01300001144
508 3.02399992943
509 3.01699995995
510 3.02699995041
511 3.06399989128
512 3.05399990082
513 1.21300005913
514 1.25600004196
515 1.17200005054
516 1.15600001812
517 1.15199995041
518 1.14199995995
519 1.125
520 1.13999998569
521 1.14300000668
522 1.13499999046
523 1.13399994373
524 1.0
525 0.902000010014
526 0.912999987602
527 1.15699994564
528 1.22699999809
529 1.27300000191
530 1.24699997902
531 1.25300002098
532 1.24500000477
533 1.21800005436
534 1.23899996281
535 1.22899997234
536 1.23399996758
537 1.25100004673
538 1.25899994373
539 1.26300001144
540 1.28499996662
