0 4.51599979401
1 4.42899990082
2 4.45599985123
3 4.47200012207
4 4.53599977493
5 4.65899991989
6 4.68699979782
7 4.70100021362
8 4.73199987411
9 4.77099990845
10 4.79300022125
11 4.82299995422
12 4.85599994659
13 4.90199995041
14 4.91900014877
15 4.94099998474
16 4.82800006866
17 4.85900020599
18 4.88500022888
19 4.95900011063
20 5.14400005341
21 5.18499994278
22 5.22499990463
23 5.26700019836
24 5.3189997673
25 5.35400009155
26 5.40399980545
27 5.45599985123
28 5.50400018692
29 5.53499984741
30 5.60099983215
31 5.63000011444
32 5.67399978638
33 0.0
34 17.1590003967
35 17.1369991302
36 17.1450004578
37 0.0
38 0.0
39 0.0
40 17.2439994812
41 17.1779994965
42 17.0739994049
43 17.0039997101
44 16.517999649
45 16.5450000763
46 16.5039997101
47 13.1780004501
48 13.0699996948
49 12.3549995422
50 11.9569997787
51 11.5860004425
52 11.6149997711
53 11.6239995956
54 11.611000061
55 11.3470001221
56 10.9989995956
57 10.4589996338
58 10.126999855
59 8.36800003052
60 8.32699966431
61 8.20100021362
62 7.88800001144
63 7.63000011444
64 7.43300008774
65 7.24100017548
66 7.0720000267
67 6.90799999237
68 6.79400014877
69 6.77799987793
70 6.78800010681
71 6.82399988174
72 6.85200023651
73 6.87699985504
74 6.79199981689
75 6.65199995041
76 6.51499986649
77 6.39099979401
78 6.26200008392
79 6.14799976349
80 5.2389998436
81 4.97499990463
82 4.85099983215
83 4.76900005341
84 4.68800020218
85 4.61100006104
86 4.54199981689
87 4.47800016403
88 4.41300010681
89 4.32299995422
90 4.26999998093
91 4.22100019455
92 4.16599988937
93 4.10699987411
94 4.03100013733
95 3.98600006104
96 3.93799996376
97 3.8710000515
98 3.85400009155
99 3.79500007629
100 3.75300002098
101 3.77999997139
102 3.81900000572
103 3.84800004959
104 3.87299990654
105 3.90100002289
106 3.93000006676
107 3.95499992371
108 3.9240000248
109 3.88000011444
110 3.82899999619
111 3.78900003433
112 3.76900005341
113 3.73600006104
114 3.6930000782
115 3.67300009727
116 3.62299990654
117 3.59599995613
118 3.55999994278
119 3.53600001335
120 3.51699995995
121 3.45799994469
122 3.43899989128
123 3.42300009727
124 3.40599989891
125 3.3900001049
126 3.42300009727
127 3.45399999619
128 3.49499988556
129 3.51999998093
130 3.56399989128
131 3.61100006104
132 3.67199993134
133 4.03200006485
134 4.07100009918
135 4.07999992371
136 4.10699987411
137 4.15399980545
138 4.1890001297
139 4.21899986267
140 4.24800014496
141 4.26399993896
142 4.3189997673
143 4.35799980164
144 4.39799976349
145 4.40799999237
146 4.46500015259
147 4.492000103
148 4.50299978256
149 4.50400018692
150 4.54899978638
151 4.21299982071
152 4.30100011826
153 4.59100008011
154 3.25699996948
155 3.42300009727
156 4.71099996567
157 4.60599994659
158 4.55499982834
159 4.8029999733
160 4.82899999619
161 4.8639998436
162 4.88999986649
163 4.92100000381
164 4.95200014114
165 5.00199985504
166 5.02400016785
167 5.03700017929
168 3.17199993134
169 3.22499990463
170 3.37299990654
171 4.09800004959
172 4.91499996185
173 4.88199996948
174 4.85599994659
175 4.84200000763
176 4.8140001297
177 4.82000017166
178 4.82100009918
179 4.84499979019
180 4.86299991608
181 4.89699983597
182 4.8140001297
183 5.32000017166
184 5.45800018311
185 5.46899986267
186 5.49399995804
187 5.51300001144
188 4.60599994659
189 4.58300018311
190 5.5560002327
191 5.59100008011
192 3.65100002289
193 3.51999998093
194 4.06699991226
195 4.05499982834
196 5.69099998474
197 5.71700000763
198 5.73600006104
199 5.75199985504
200 5.77699995041
201 5.80200004578
202 5.8189997673
203 5.84000015259
204 5.84700012207
205 5.8639998436
206 5.88100004196
207 5.86000013351
208 5.88199996948
209 5.89599990845
210 5.92399978638
211 5.93400001526
212 5.95300006866
213 5.96999979019
214 5.99300003052
215 6.00299978256
216 6.02099990845
217 6.03200006485
218 6.04300022125
219 6.05999994278
220 6.07899999619
221 6.09600019455
222 6.09000015259
223 6.10300016403
224 6.09899997711
225 6.09800004959
226 6.09700012207
227 6.13199996948
228 6.13899993896
229 6.15700006485
230 6.16099977493
231 6.1779999733
232 6.18800020218
233 6.19199991226
234 6.19999980927
235 6.20399999619
236 6.22399997711
237 6.22800016403
238 6.23000001907
239 6.23799991608
240 6.22900009155
241 6.21999979019
242 6.22399997711
243 6.22900009155
244 6.25099992752
245 6.22399997711
246 6.23400020599
247 6.22800016403
248 6.23199987411
249 6.23000001907
250 6.25099992752
251 6.24800014496
252 6.27600002289
253 6.26399993896
254 6.26700019836
255 6.28100013733
256 6.27500009537
257 6.26900005341
258 6.242000103
259 6.24700021744
260 6.25400018692
261 6.24599981308
262 6.22700023651
263 6.23099994659
264 6.22700023651
265 6.21099996567
266 6.21999979019
267 6.21400022507
268 6.20900011063
269 6.21400022507
270 6.22399997711
271 6.20599985123
272 6.22200012207
273 6.13999986649
274 5.84499979019
275 5.79600000381
276 5.75899982452
277 5.71600008011
278 5.72300004959
279 5.72100019455
280 5.73799991608
281 5.75600004196
282 5.78800010681
283 5.95800018311
284 6.09200000763
285 6.08500003815
286 6.08199977875
287 6.05499982834
288 6.04699993134
289 6.04400014877
290 6.03999996185
291 6.01200008392
292 5.99700021744
293 5.98299980164
294 5.96700000763
295 5.94500017166
296 5.92299985886
297 5.89699983597
298 5.89599990845
299 5.87799978256
300 5.86999988556
301 5.85799980164
302 5.83199977875
303 5.83300018311
304 5.80800008774
305 5.79899978638
306 5.77899980545
307 5.77299976349
308 2.07800006866
309 2.05599999428
310 2.05500006676
311 2.03399991989
312 2.0529999733
313 2.03600001335
314 2.02699995041
315 2.02200007439
316 2.03600001335
317 2.03900003433
318 2.01600003242
319 2.01099991798
320 2.02300000191
321 2.02999997139
322 2.03299999237
323 2.01200008392
324 2.00099992752
325 1.07500004768
326 0.908999979496
327 0.853999972343
328 0.879000008106
329 1.0
330 2.09800004959
331 2.11199998856
332 2.07800006866
333 2.04999995232
334 2.04399991035
335 2.08400011063
336 2.20199990273
337 2.25600004196
338 2.22900009155
339 2.22000002861
340 2.22099995613
341 2.23799991608
342 2.125
343 2.08100008965
344 2.05900001526
345 2.09100008011
346 2.11500000954
347 2.16700005531
348 2.25699996948
349 4.75600004196
350 4.70900011063
351 4.69000005722
352 4.65399980545
353 4.617000103
354 4.60099983215
355 4.56799983978
356 4.32000017166
357 4.34800004959
358 4.48299980164
359 4.46099996567
360 4.43800020218
361 4.42100000381
362 4.39799976349
363 4.3639998436
364 4.30800008774
365 4.27899980545
366 4.23699998856
367 4.20499992371
368 4.17299985886
369 4.15100002289
370 4.11899995804
371 4.08099985123
372 4.05900001526
373 4.03299999237
374 3.98000001907
375 3.96099996567
376 3.92899990082
377 3.89299988747
378 3.87199997902
379 3.85899996758
380 3.83400011063
381 3.72300004959
382 3.64100003242
383 3.60599994659
384 3.56999993324
385 3.51900005341
386 3.50200009346
387 3.46399998665
388 3.43000006676
389 3.40100002289
390 3.37599992752
391 3.32999992371
392 3.30800008774
393 3.29299998283
394 3.26300001144
395 3.25300002098
396 3.28999996185
397 3.32800006866
398 3.38000011444
399 3.41100001335
400 3.43400001526
401 3.47799992561
402 3.52399992943
403 3.5490000248
404 3.58500003815
405 3.64899992943
406 3.69499993324
407 3.71000003815
408 3.72799992561
409 3.77999997139
410 3.83800005913
411 3.86800003052
412 3.9430000782
413 3.98099994659
414 4.06500005722
415 4.11899995804
416 4.17899990082
417 4.257999897
418 4.30399990082
419 4.35500001907
420 4.44799995422
421 4.51700019836
422 4.59700012207
423 4.66900014877
424 4.72399997711
425 4.80999994278
426 4.91200017929
427 5.00899982452
428 5.10599994659
429 5.21299982071
430 5.31500005722
431 5.42399978638
432 5.52799987793
433 5.64799976349
434 5.76399993896
435 5.89400005341
436 6.03299999237
437 6.15500020981
438 6.31199979782
439 6.46899986267
440 6.51200008392
441 6.59600019455
442 6.45599985123
443 3.07399988174
444 3.05900001526
445 3.04099988937
446 3.03900003433
447 3.02300000191
448 3.01999998093
449 2.99699997902
450 2.9960000515
451 2.98699998856
452 2.97699999809
453 2.99099993706
454 2.97199988365
455 2.96799993515
456 2.98699998856
457 2.95700001717
458 2.95399999619
459 2.95300006866
460 2.94799995422
461 2.93899989128
462 2.94499993324
463 2.93499994278
464 2.94199991226
465 2.92899990082
466 2.92700004578
467 2.92300009727
468 2.92700004578
469 2.91100001335
470 2.67100000381
471 2.63100004196
472 2.64400005341
473 2.64899992943
474 0.924000024796
475 0.690999984741
476 0.694999992847
477 0.936999976635
478 2.64700007439
479 2.64199995995
480 2.63000011444
481 2.63800001144
482 2.66100001335
483 2.6740000248
484 2.66199994087
485 2.65799999237
486 2.66300010681
487 2.66499996185
488 2.67000007629
489 2.68300008774
490 2.82299995422
491 2.92600011826
492 2.9509999752
493 2.92899990082
494 2.9470000267
495 2.96300005913
496 2.96700000763
497 2.96499991417
498 2.95399999619
499 2.96199989319
500 2.97699999809
501 2.99000000954
502 2.99300003052
503 2.98200011253
504 3.007999897
505 2.99300003052
506 3.01699995995
507 3.0150001049
508 3.02300000191
509 3.02099990845
510 3.04299998283
511 3.02699995041
512 3.04999995232
513 1.47800004482
514 1.25600004196
515 1.13999998569
516 1.14800000191
517 1.14100003242
518 1.14800000191
519 1.14300000668
520 1.13499999046
521 1.13399994373
522 1.14300000668
523 1.14499998093
524 0.98299998045
525 0.896000027657
526 0.925999999046
527 1.14999997616
528 1.19500005245
529 1.26400005817
530 1.2460000515
531 1.24500000477
532 1.21800005436
533 1.24100005627
534 1.23099994659
535 1.24100005627
536 1.23899996281
537 1.25
538 1.23099994659
539 1.23500001431
540 1.29100000858
