0 4.51000022888
1 4.42299985886
2 4.4390001297
3 4.47800016403
4 4.53399991989
5 4.65600013733
6 4.67999982834
7 4.69600009918
8 4.72300004959
9 4.77099990845
10 4.78599977493
11 4.83599996567
12 4.86499977112
13 4.89099979401
14 4.92500019073
15 4.92999982834
16 4.84200000763
17 4.84000015259
18 4.8639998436
19 4.96299982071
20 5.132999897
21 5.17899990082
22 5.23299980164
23 5.25899982452
24 5.30999994278
25 5.35900020599
26 5.40899991989
27 5.44799995422
28 5.49599981308
29 5.54099988937
30 5.59100008011
31 5.65600013733
32 5.65999984741
33 21.1439990997
34 17.1609992981
35 17.1749992371
36 17.2749996185
37 17.2950000763
38 17.2730007172
39 17.2689990997
40 17.218000412
41 17.1930007935
42 17.0709991455
43 17.013999939
44 16.5289993286
45 16.5400009155
46 16.5119991302
47 13.1730003357
48 13.0769996643
49 12.3389997482
50 11.9689998627
51 11.5830001831
52 11.6099996567
53 11.6040000916
54 11.6099996567
55 11.3500003815
56 10.9910001755
57 10.4729995728
58 10.1149997711
59 8.33399963379
60 8.32499980927
61 8.21000003815
62 7.90000009537
63 7.64300012589
64 7.4390001297
65 7.23400020599
66 7.04899978638
67 6.8860001564
68 6.78599977493
69 6.78800010681
70 6.79799985886
71 6.82600021362
72 6.85400009155
73 6.85799980164
74 6.78100013733
75 6.64300012589
76 6.50500011444
77 6.38700008392
78 6.26200008392
79 6.15100002289
80 5.22399997711
81 4.96999979019
82 4.85300016403
83 4.76200008392
84 4.66699981689
85 4.60500001907
86 4.53200006485
87 4.46000003815
88 4.41300010681
89 4.32499980927
90 4.27600002289
91 4.23000001907
92 4.14099979401
93 4.09100008011
94 4.02500009537
95 3.97499990463
96 3.93799996376
97 3.88700008392
98 3.8259999752
99 3.79600000381
100 3.77200007439
101 3.78999996185
102 3.81999993324
103 3.84899997711
104 3.86299991608
105 3.89700007439
106 3.93000006676
107 3.94099998474
108 3.91700005531
109 3.86199998856
110 3.85299992561
111 3.78500008583
112 3.77500009537
113 3.72600007057
114 3.69000005722
115 3.65799999237
116 3.62599992752
117 3.57999992371
118 3.56200003624
119 3.52999997139
120 3.5039999485
121 3.46900010109
122 3.43700003624
123 3.42300009727
124 3.40000009537
125 3.38400006294
126 3.4279999733
127 3.43700003624
128 3.47300004959
129 3.51300001144
130 3.5720000267
131 3.60899996758
132 3.67899990082
133 4.00400018692
134 4.04400014877
135 4.10599994659
136 4.11499977112
137 4.14799976349
138 4.18400001526
139 4.21899986267
140 4.25299978256
141 4.2610001564
142 4.32000017166
143 4.33599996567
144 4.38899993896
145 4.42500019073
146 4.46099996567
147 4.48699998856
148 4.507999897
149 4.53100013733
150 4.55200004578
151 4.19199991226
152 4.29899978638
153 4.57299995422
154 3.257999897
155 3.40899991989
156 4.71799993515
157 4.59800004959
158 4.55499982834
159 4.78900003433
160 4.82700014114
161 4.85599994659
162 4.90000009537
163 4.92299985886
164 4.96500015259
165 5.00099992752
166 5.02099990845
167 5.03299999237
168 3.17300009727
169 3.20399999619
170 3.3710000515
171 4.09999990463
172 4.91499996185
173 4.87099981308
174 4.867000103
175 4.84399986267
176 4.82299995422
177 4.81599998474
178 4.81500005722
179 4.84000015259
180 4.86000013351
181 4.90799999237
182 4.82600021362
183 5.29699993134
184 5.46799993515
185 5.46600008011
186 5.49499988556
187 5.50600004196
188 4.60699987411
189 4.56500005722
190 5.55900001526
191 5.57999992371
192 3.632999897
193 3.52399992943
194 4.07600021362
195 4.06199979782
196 5.69500017166
197 5.69199991226
198 5.72100019455
199 5.75199985504
200 5.78499984741
201 5.79500007629
202 5.82499980927
203 5.83099985123
204 5.85699987411
205 5.8639998436
206 5.86499977112
207 5.88100004196
208 5.87900018692
209 5.90600013733
210 5.91400003433
211 5.93499994278
212 5.95200014114
213 5.95800018311
214 5.99800014496
215 6.00600004196
216 6.01800012589
217 6.01700019836
218 6.05800008774
219 6.0720000267
220 6.0689997673
221 6.07700014114
222 6.08500003815
223 6.09100008011
224 6.09999990463
225 6.11100006104
226 6.10599994659
227 6.10400009155
228 6.12599992752
229 6.14799976349
230 6.15399980545
231 6.17000007629
232 6.17299985886
233 6.18499994278
234 6.20399999619
235 6.21299982071
236 6.19999980927
237 6.22700023651
238 6.22399997711
239 6.22100019455
240 6.23600006104
241 6.21799993515
242 6.21400022507
243 6.22100019455
244 6.21799993515
245 6.21700000763
246 6.22499990463
247 6.2389998436
248 6.23699998856
249 6.26000022888
250 6.26599979401
251 6.26599979401
252 6.24499988556
253 6.25299978256
254 6.27600002289
255 6.26300001144
256 6.26700019836
257 6.25299978256
258 6.25899982452
259 6.25699996948
260 6.24700021744
261 6.21600008011
262 6.22100019455
263 6.21299982071
264 6.21400022507
265 6.21899986267
266 6.21799993515
267 6.22200012207
268 6.22900009155
269 6.20499992371
270 6.20300006866
271 6.20900011063
272 6.21700000763
273 6.12099981308
274 5.83799982071
275 5.78499984741
276 5.75199985504
277 5.73699998856
278 5.72800016403
279 5.71600008011
280 5.74100017548
281 5.75899982452
282 5.80100011826
283 5.95200014114
284 6.08199977875
285 6.07499980927
286 6.07499980927
287 6.06599998474
288 6.0529999733
289 6.04400014877
290 6.01800012589
291 6.007999897
292 5.97599983215
293 5.96999979019
294 5.95900011063
295 5.94600009918
296 5.9310002327
297 5.90700006485
298 5.89699983597
299 5.875
300 5.84499979019
301 5.83400011063
302 5.83199977875
303 5.81300020218
304 5.80800008774
305 5.8029999733
306 5.77899980545
307 5.76000022888
308 2.04800009727
309 2.04399991035
310 2.05100011826
311 2.0529999733
312 2.05100011826
313 2.03999996185
314 2.03500008583
315 2.04699993134
316 2.02200007439
317 2.01300001144
318 2.02999997139
319 2.01399993896
320 2.02300000191
321 2.02099990845
322 2.00900006294
323 2.02900004387
324 2.02999997139
325 1.06799995899
326 0.888000011444
327 0.847000002861
328 0.85900002718
329 0.989000022411
330 2.39599990845
331 2.26200008392
332 2.17199993134
333 2.15199995041
334 2.14899992943
335 2.15599989891
336 2.23699998856
337 2.25500011444
338 2.24499988556
339 2.21900010109
340 2.25999999046
341 2.21499991417
342 2.18000006676
343 2.14199995995
344 2.13599991798
345 2.22600007057
346 2.30900001526
347 2.26600003242
348 2.24300003052
349 2.25900006294
350 2.29099988937
351 4.6810002327
352 4.64200019836
353 4.62599992752
354 4.58799982071
355 4.56300020218
356 4.31799983978
357 4.33900022507
358 4.48000001907
359 4.45800018311
360 4.42899990082
361 4.40799999237
362 4.37200021744
363 4.35500001907
364 4.3140001297
365 4.27799987793
366 4.23999977112
367 4.21500015259
368 4.17600011826
369 4.13899993896
370 4.10400009155
371 4.05999994278
372 4.04699993134
373 4.01000022888
374 3.98300004005
375 3.96700000763
376 3.94099998474
377 3.90799999237
378 3.88599991798
379 3.84800004959
380 3.81100010872
381 3.72300004959
382 3.61899995804
383 3.59899997711
384 3.55800008774
385 3.53600001335
386 3.492000103
387 3.44000005722
388 3.41000008583
389 3.39700007439
390 3.36800003052
391 3.32699990273
392 3.29299998283
393 3.28800010681
394 3.24900007248
395 3.27399992943
396 3.29999995232
397 3.33299994469
398 3.36800003052
399 3.40400004387
400 3.4279999733
401 3.45900011063
402 3.50600004196
403 3.55599999428
404 3.60299992561
405 3.625
406 3.68400001526
407 3.73099994659
408 3.73200011253
409 3.77600002289
410 3.81900000572
411 3.88700008392
412 3.93799996376
413 3.99799990654
414 4.06500005722
415 4.12799978256
416 4.16599988937
417 4.23000001907
418 4.3140001297
419 4.38399982452
420 4.42000007629
421 4.51700019836
422 4.58799982071
423 4.66099977493
424 4.72599983215
425 4.80499982834
426 4.89599990845
427 5.01399993896
428 5.10500001907
429 5.21000003815
430 5.31500005722
431 5.41800022125
432 5.52899980545
433 5.63700008392
434 5.76300001144
435 5.88500022888
436 6.00099992752
437 6.15700006485
438 6.31300020218
439 6.47399997711
440 6.49100017548
441 6.59800004959
442 6.43699979782
443 3.10400009155
444 3.03999996185
445 3.0529999733
446 3.04200005531
447 3.03500008583
448 3.00900006294
449 3.00900006294
450 2.99099993706
451 2.99900007248
452 2.99399995804
453 2.99499988556
454 2.97300004959
455 2.98699998856
456 2.97199988365
457 2.95199990273
458 2.9509999752
459 2.96199989319
460 2.9430000782
461 2.93400001526
462 2.93799996376
463 2.9279999733
464 2.93600010872
465 2.93000006676
466 2.91300010681
467 2.93099999428
468 2.92000007629
469 2.90700006485
470 2.66499996185
471 2.65700006485
472 2.61500000954
473 2.64499998093
474 0.940999984741
475 0.700999975204
476 0.694000005722
477 0.924000024796
478 2.65100002289
479 2.64400005341
480 2.6289999485
481 2.64400005341
482 2.65000009537
483 2.65199995041
484 2.65199995041
485 2.66400003433
486 2.66499996185
487 2.66100001335
488 2.66899991035
489 2.67300009727
490 2.82100009918
491 2.93000006676
492 2.93899989128
493 2.93400001526
494 2.94400000572
495 2.9509999752
496 2.9509999752
497 2.96300005913
498 2.95300006866
499 2.96900010109
500 2.98000001907
501 2.98900008202
502 2.9849998951
503 2.97600007057
504 2.9849998951
505 2.99499988556
506 3.00600004196
507 3.00099992752
508 3.01200008392
509 3.01799988747
510 3.03399991989
511 1.375
512 1.23899996281
513 1.2159999609
514 1.21800005436
515 1.21700000763
516 1.19900000095
517 1.21399998665
518 1.21099996567
519 1.19099998474
520 1.20299994946
521 1.20599997044
522 1.23399996758
523 1.25100004673
524 0.990999996662
525 0.894999980927
526 0.920000016689
527 1.18099999428
528 1.22500002384
529 1.20599997044
530 1.2120000124
531 1.20700001717
532 1.2009999752
533 1.19099998474
534 1.21500003338
535 1.19299995899
536 1.2120000124
537 1.21899998188
538 1.24000000954
539 1.30400002003
540 3.52200007439
