0 4.50600004196
1 4.44199991226
2 4.4279999733
3 4.46400022507
4 4.52699995041
5 4.65600013733
6 4.66900014877
7 4.69299983978
8 4.72700023651
9 4.75299978256
10 4.79899978638
11 4.82800006866
12 4.85599994659
13 4.882999897
14 4.93400001526
15 4.93200016022
16 4.84100008011
17 4.83400011063
18 4.88700008392
19 4.96700000763
20 5.14499998093
21 5.18200016022
22 5.21600008011
23 5.25699996948
24 5.31199979782
25 5.35900020599
26 5.40700006485
27 5.44999980927
28 5.50199985504
29 5.54500007629
30 5.57899999619
31 5.64200019836
32 5.66599988937
33 18.0709991455
34 17.4950008392
35 17.2689990997
36 18.063999176
37 17.7859992981
38 17.767999649
39 0.0
40 17.3020000458
41 17.1849994659
42 17.0659999847
43 17.0060005188
44 16.5310001373
45 16.5240001678
46 16.5249996185
47 13.170999527
48 13.0749998093
49 12.3269996643
50 11.9230003357
51 11.5909996033
52 11.5989999771
53 11.6309995651
54 11.6260004044
55 11.3509998322
56 10.982000351
57 10.4899997711
58 10.1219997406
59 8.33100032806
60 8.33699989319
61 8.19900035858
62 7.92199993134
63 7.65399980545
64 7.44600009918
65 7.24900007248
66 7.06500005722
67 6.90799999237
68 6.79400014877
69 6.77799987793
70 6.78399991989
71 6.82600021362
72 6.85699987411
73 6.86199998856
74 6.78999996185
75 6.63700008392
76 6.5110001564
77 6.37599992752
78 6.25899982452
79 6.15799999237
80 5.21999979019
81 4.95599985123
82 4.86299991608
83 4.75899982452
84 4.66800022125
85 4.59200000763
86 4.52799987793
87 4.47800016403
88 4.41499996185
89 4.30999994278
90 4.27400016785
91 4.22300004959
92 4.15299987793
93 4.09600019455
94 4.01399993896
95 3.97000002861
96 3.92499995232
97 3.88899993896
98 3.83100008965
99 3.79299998283
100 3.76600003242
101 3.78099989891
102 3.8259999752
103 3.84999990463
104 3.85899996758
105 3.90100002289
106 3.94000005722
107 3.95900011063
108 3.92199993134
109 3.89100003242
110 3.84200000763
111 3.8029999733
112 3.76600003242
113 3.72000002861
114 3.68899989128
115 3.64199995995
116 3.61999988556
117 3.59599995613
118 3.5680000782
119 3.53099989891
120 3.49799990654
121 3.47300004959
122 3.44400000572
123 3.40899991989
124 3.40000009537
125 3.39100003242
126 3.41300010681
127 3.45700001717
128 3.4849998951
129 3.52800011635
130 3.5680000782
131 3.6099998951
132 3.65899991989
133 4.03700017929
134 4.06300020218
135 4.09000015259
136 4.12599992752
137 4.16099977493
138 4.17899990082
139 4.21000003815
140 4.23099994659
141 4.27600002289
142 4.31500005722
143 4.34999990463
144 4.38999986649
145 4.40999984741
146 4.45100021362
147 4.47700023651
148 4.51999998093
149 4.51800012589
150 4.53900003433
151 4.18499994278
152 4.28900003433
153 4.52699995041
154 3.25699996948
155 3.40499997139
156 4.69899988174
157 4.60200023651
158 4.53599977493
159 4.78800010681
160 4.82999992371
161 4.85900020599
162 4.89400005341
163 4.94000005722
164 4.95599985123
165 4.9889998436
166 5.01399993896
167 5.04300022125
168 3.15000009537
169 3.21399998665
170 3.3710000515
171 4.1360001564
172 4.90500020981
173 4.87300014496
174 4.83400011063
175 4.82499980927
176 4.83300018311
177 4.82000017166
178 4.83400011063
179 4.84499979019
180 4.867000103
181 4.90600013733
182 4.8109998703
183 5.3029999733
184 5.46500015259
185 5.48400020599
186 5.4889998436
187 5.51800012589
188 4.59800004959
189 4.56599998474
190 5.55399990082
191 5.59100008011
192 3.64100003242
193 3.52900004387
194 4.06699991226
195 4.03299999237
196 5.67999982834
197 5.70800018311
198 5.71700000763
199 5.74900007248
200 5.757999897
201 5.8060002327
202 5.79899978638
203 5.82999992371
204 5.83799982071
205 5.84499979019
206 5.84899997711
207 5.88000011444
208 5.88999986649
209 5.91400003433
210 5.91599988937
211 5.93800020218
212 5.94600009918
213 5.96400022507
214 5.97599983215
215 5.97800016403
216 6.00400018692
217 6.01300001144
218 6.04699993134
219 6.07399988174
220 6.08500003815
221 6.09499979019
222 6.07000017166
223 6.09399986267
224 6.09999990463
225 6.10699987411
226 6.12099981308
227 6.12599992752
228 6.13000011444
229 6.14200019836
230 6.15799999237
231 6.14799976349
232 6.15999984741
233 6.19299983978
234 6.20499992371
235 6.21999979019
236 6.21700000763
237 6.24599981308
238 6.21899986267
239 6.22300004959
240 6.23099994659
241 6.21400022507
242 6.21099996567
243 6.22200012207
244 6.22599983215
245 6.25299978256
246 6.22300004959
247 6.2389998436
248 6.23999977112
249 6.24599981308
250 6.242000103
251 6.242000103
252 6.26599979401
253 6.27500009537
254 6.27600002289
255 6.28000020981
256 6.27099990845
257 6.26700019836
258 6.23299980164
259 6.24300003052
260 6.22499990463
261 6.22700023651
262 6.23500013351
263 6.21799993515
264 6.23400020599
265 6.22599983215
266 6.21700000763
267 6.20499992371
268 6.21700000763
269 6.21199989319
270 6.21600008011
271 6.21199989319
272 6.21199989319
273 6.14400005341
274 5.83500003815
275 5.77600002289
276 5.76700019836
277 5.73699998856
278 5.69999980927
279 5.71199989319
280 5.74700021744
281 5.77299976349
282 5.80900001526
283 5.95699977875
284 6.08900022507
285 6.07600021362
286 6.04500007629
287 6.04699993134
288 6.04799985886
289 6.04699993134
290 6.03800010681
291 6.01000022888
292 6.00099992752
293 5.97499990463
294 5.96000003815
295 5.9390001297
296 5.92899990082
297 5.88700008392
298 5.90100002289
299 5.86899995804
300 5.86000013351
301 5.86000013351
302 5.83900022507
303 5.81599998474
304 5.81599998474
305 5.8029999733
306 5.76200008392
307 5.76200008392
308 2.0529999733
309 2.06399989128
310 2.05100011826
311 2.05200004578
312 2.02800011635
313 2.04099988937
314 2.01699995995
315 2.04099988937
316 2.04299998283
317 2.02999997139
318 2.04200005531
319 2.02500009537
320 2.02800011635
321 2.03500008583
322 2.00500011444
323 2.00099992752
324 2.01600003242
325 1.07400000095
326 0.894999980927
327 0.852999985218
328 0.853999972343
329 0.995999991894
330 2.38800001144
331 2.23900008202
332 2.16000008583
333 2.14199995995
334 2.15499997139
335 2.18499994278
336 2.23300004005
337 2.2460000515
338 2.23799991608
339 2.22499990463
340 2.24000000954
341 2.22900009155
342 2.17600011826
343 2.13199996948
344 2.16799998283
345 2.22600007057
346 2.30399990082
347 2.26300001144
348 2.26300001144
349 2.25500011444
350 2.29299998283
351 4.68499994278
352 4.63399982452
353 4.62799978256
354 4.59299993515
355 4.55800008774
356 4.30800008774
357 4.36999988556
358 4.48099994659
359 4.46000003815
360 4.44299983978
361 4.41499996185
362 4.39900016785
363 4.34499979019
364 4.32600021362
365 4.26800012589
366 4.23000001907
367 4.22200012207
368 4.15399980545
369 4.15100002289
370 4.117000103
371 4.07899999619
372 4.05200004578
373 4.02400016785
374 3.99699997902
375 3.95199990273
376 3.91799998283
377 3.90499997139
378 3.86800003052
379 3.85599994659
380 3.82399988174
381 3.71700000763
382 3.63000011444
383 3.59299993515
384 3.5680000782
385 3.51399993896
386 3.49799990654
387 3.45499992371
388 3.41700005531
389 3.40499997139
390 3.37299990654
391 3.33400011063
392 3.29200005531
393 3.26999998093
394 3.27200007439
395 3.27099990845
396 3.29099988937
397 3.31699991226
398 3.36599993706
399 3.40599989891
400 3.44400000572
401 3.47699999809
402 3.52699995041
403 3.55200004578
404 3.58899998665
405 3.625
406 3.68300008774
407 3.73099994659
408 3.74399995804
409 3.78200006485
410 3.82999992371
411 3.87199997902
412 3.91799998283
413 3.98900008202
414 4.05800008774
415 4.11499977112
416 4.17600011826
417 4.22100019455
418 4.30800008774
419 4.37900018692
420 4.44799995422
421 4.51499986649
422 4.60099983215
423 4.66900014877
424 4.72499990463
425 4.8189997673
426 4.91699981689
427 5.01200008392
428 5.10599994659
429 5.20399999619
430 5.3109998703
431 5.41200017929
432 5.53499984741
433 5.63199996948
434 5.76000022888
435 5.89799976349
436 6.01300001144
437 6.16599988937
438 6.31300020218
439 6.45900011063
440 6.48999977112
441 6.60400009155
442 6.46099996567
443 3.05800008774
444 3.03600001335
445 3.02699995041
446 3.04200005531
447 3.00600004196
448 3.03099989891
449 3.00699996948
450 3.00999999046
451 2.9849998951
452 2.98399996758
453 2.98200011253
454 2.97000002861
455 2.97300004959
456 2.96499991417
457 2.96399998665
458 2.96600008011
459 2.95799994469
460 2.93000006676
461 2.9470000267
462 2.9430000782
463 2.94799995422
464 2.93000006676
465 2.92700004578
466 2.92100000381
467 2.9279999733
468 2.91799998283
469 2.90599989891
470 2.65700006485
471 2.61899995804
472 2.63599991798
473 2.64599990845
474 0.927999973297
475 0.702000021935
476 0.708000004292
477 0.93900001049
478 2.66100001335
479 2.64599990845
480 2.64700007439
481 2.64899992943
482 2.65799999237
483 2.63499999046
484 2.63800001144
485 2.65700006485
486 2.66300010681
487 2.65400004387
488 2.67100000381
489 2.68600010872
490 2.83100008965
491 2.92100000381
492 2.93300008774
493 2.94000005722
494 2.95000004768
495 2.94799995422
496 2.94499993324
497 2.95199990273
498 2.95900011063
499 2.96900010109
500 2.96600008011
501 2.9849998951
502 2.98000001907
503 2.98600006104
504 2.98300004005
505 2.99399995804
506 2.99000000954
507 3.00099992752
508 1.29600000381
509 1.30599999428
510 1.18400001526
511 1.18299996853
512 1.18599998951
513 1.15600001812
514 1.17100000381
515 1.17200005054
516 1.16199994087
517 1.17499995232
518 1.17499995232
519 1.16900002956
520 1.19500005245
521 1.19299995899
522 1.2539999485
523 1.38300001621
524 0.916000008583
525 0.907999992371
526 0.925000011921
527 1.19900000095
528 1.21099996567
529 1.21500003338
530 1.20000004768
531 1.20899999142
532 1.21000003815
533 1.19299995899
534 1.19900000095
535 1.20799994469
536 1.23399996758
537 1.23300004005
538 1.26499998569
539 1.30700004101
540 3.55100011826
