0 4.51700019836
1 4.43499994278
2 4.45200014114
3 4.46500015259
4 4.53200006485
5 4.64699983597
6 4.67500019073
7 4.69899988174
8 4.7389998436
9 4.75600004196
10 4.79600000381
11 4.83799982071
12 4.84600019455
13 4.8860001564
14 4.92899990082
15 4.92199993134
16 4.83099985123
17 4.85400009155
18 4.87900018692
19 4.96799993515
20 5.13500022888
21 5.18300008774
22 5.22399997711
23 5.25699996948
24 5.31500005722
25 5.34000015259
26 5.40100002289
27 5.43800020218
28 5.50099992752
29 5.55100011826
30 5.59999990463
31 5.632999897
32 5.65999984741
33 21.7709999084
34 17.1469993591
35 17.1660003662
36 17.232000351
37 17.2479991913
38 17.2350006104
39 17.2420005798
40 17.2390003204
41 17.188999176
42 17.0680007935
43 17.0
44 16.5310001373
45 16.5289993286
46 16.5160007477
47 13.1630001068
48 13.0729999542
49 12.3269996643
50 11.9600000381
51 11.579000473
52 11.5920000076
53 11.6160001755
54 11.6169996262
55 11.3400001526
56 10.9930000305
57 10.4659996033
58 10.1169996262
59 8.32400035858
60 8.33399963379
61 8.20400047302
62 7.88899993896
63 7.64799976349
64 7.45699977875
65 7.23000001907
66 7.04699993134
67 6.89599990845
68 6.78100013733
69 6.77699995041
70 6.79500007629
71 6.82499980927
72 6.84899997711
73 6.87200021744
74 6.78999996185
75 6.64200019836
76 6.51300001144
77 6.39400005341
78 6.2610001564
79 6.14599990845
80 5.21199989319
81 4.97499990463
82 4.84899997711
83 4.76599979401
84 4.69000005722
85 4.60500001907
86 4.54400014877
87 4.47399997711
88 4.41099977493
89 4.33300018311
90 4.27500009537
91 4.19299983978
92 4.15700006485
93 4.11100006104
94 4.03499984741
95 3.98099994659
96 3.91599988937
97 3.88800001144
98 3.84500002861
99 3.78800010681
100 3.76300001144
101 3.76099991798
102 3.80999994278
103 3.85199999809
104 3.86999988556
105 3.91000008583
106 3.93099999428
107 3.95600008965
108 3.92199993134
109 3.88100004196
110 3.83999991417
111 3.80999994278
112 3.75
113 3.72699999809
114 3.67499995232
115 3.66000008583
116 3.62299990654
117 3.59400010109
118 3.56399989128
119 3.52900004387
120 3.50600004196
121 3.47600007057
122 3.42100000381
123 3.40300011635
124 3.40300011635
125 3.39199995995
126 3.4240000248
127 3.4470000267
128 3.49099993706
129 3.53200006485
130 3.56999993324
131 3.6099998951
132 3.66000008583
133 4.02299976349
134 4.0640001297
135 4.09200000763
136 4.12799978256
137 4.13999986649
138 4.17000007629
139 4.20100021362
140 4.25199985504
141 4.27600002289
142 4.32100009918
143 4.33699989319
144 4.38700008392
145 4.42299985886
146 4.4359998703
147 4.47100019455
148 4.50600004196
149 4.53299999237
150 4.54799985886
151 4.17899990082
152 4.31500005722
153 4.61299991608
154 3.27500009537
155 3.39299988747
156 4.71600008011
157 4.59399986267
158 4.55999994278
159 4.79300022125
160 4.82899999619
161 4.875
162 4.90299987793
163 4.91800022125
164 4.96899986267
165 4.99300003052
166 5.01200008392
167 5.03599977493
168 3.15300011635
169 3.21700000763
170 3.34599995613
171 4.13100004196
172 4.90199995041
173 4.87799978256
174 4.84100008011
175 4.83900022507
176 4.80999994278
177 4.82600021362
178 4.83400011063
179 4.85699987411
180 4.87599992752
181 4.88899993896
182 4.81199979782
183 5.30499982834
184 5.45900011063
185 5.48400020599
186 5.50199985504
187 5.50899982452
188 4.60400009155
189 4.57899999619
190 5.5640001297
191 5.58400011063
192 3.63800001144
193 3.51600003242
194 4.05999994278
195 4.03999996185
196 5.66699981689
197 5.71799993515
198 5.72499990463
199 5.75500011444
200 5.79099988937
201 5.81799983978
202 5.8189997673
203 5.82100009918
204 5.84000015259
205 5.84100008011
206 5.85799980164
207 5.88199996948
208 5.88399982452
209 5.89300012589
210 5.91400003433
211 5.92999982834
212 5.94500017166
213 5.94099998474
214 5.98799991608
215 5.99800014496
216 6.01599979401
217 6.0529999733
218 6.05999994278
219 6.08099985123
220 6.08099985123
221 6.07000017166
222 6.08300018311
223 6.08199977875
224 6.09899997711
225 6.11100006104
226 6.11100006104
227 6.13100004196
228 6.14200019836
229 6.12699985504
230 6.16499996185
231 6.15399980545
232 6.1810002327
233 6.18800020218
234 6.19199991226
235 6.20499992371
236 6.22300004959
237 6.2389998436
238 6.21799993515
239 6.21799993515
240 6.20800018311
241 6.22599983215
242 6.21899986267
243 6.25400018692
244 6.21799993515
245 6.23699998856
246 6.22300004959
247 6.25099992752
248 6.23099994659
249 6.24900007248
250 6.25199985504
251 6.26000022888
252 6.25899982452
253 6.25600004196
254 6.26800012589
255 6.27600002289
256 6.24700021744
257 6.257999897
258 6.23600006104
259 6.23500013351
260 6.24100017548
261 6.24900007248
262 6.20900011063
263 6.2389998436
264 6.22900009155
265 6.23000001907
266 6.21099996567
267 6.21000003815
268 6.22200012207
269 6.21199989319
270 6.20599985123
271 6.19799995422
272 6.22200012207
273 6.13700008392
274 5.84800004959
275 5.77199983597
276 5.75099992752
277 5.73799991608
278 5.71500015259
279 5.71899986267
280 5.73699998856
281 5.76499986649
282 5.80200004578
283 5.94899988174
284 6.0689997673
285 6.05499982834
286 6.05900001526
287 6.05900001526
288 6.05499982834
289 6.05000019073
290 6.02899980545
291 6.01300001144
292 6.0
293 5.97200012207
294 5.95900011063
295 5.92399978638
296 5.92199993134
297 5.89799976349
298 5.89900016785
299 5.86000013351
300 5.85400009155
301 5.84299993515
302 5.83400011063
303 5.82100009918
304 5.80999994278
305 5.78100013733
306 5.78499984741
307 5.76999998093
308 2.05800008774
309 2.06500005722
310 2.04999995232
311 2.03699994087
312 2.04500007629
313 2.02800011635
314 2.02800011635
315 2.01999998093
316 2.03500008583
317 2.03200006485
318 2.01699995995
319 2.00999999046
320 2.01099991798
321 2.01399993896
322 2.00900006294
323 2.01399993896
324 2.01999998093
325 1.07500004768
326 0.884000003338
327 0.853999972343
328 0.873000025749
329 0.990000009537
330 2.38000011444
331 2.2539999485
332 2.16899991035
333 2.14400005341
334 2.15400004387
335 2.18600010872
336 2.20300006866
337 2.25300002098
338 2.23600006104
339 2.22699999809
340 2.22900009155
341 2.23799991608
342 2.16599988937
343 2.11999988556
344 2.16400003433
345 2.242000103
346 2.27699995041
347 2.27500009537
348 2.26099991798
349 2.26799988747
350 2.29600000381
351 4.6810002327
352 4.65299987793
353 4.63000011444
354 4.58599996567
355 4.53999996185
356 4.29400014877
357 4.35099983215
358 4.49499988556
359 4.46899986267
360 4.44000005722
361 4.42199993134
362 4.39900016785
363 4.34899997711
364 4.30399990082
365 4.25699996948
366 4.22300004959
367 4.21999979019
368 4.17000007629
369 4.13999986649
370 4.10699987411
371 4.07899999619
372 4.03700017929
373 4.0110001564
374 3.98300004005
375 3.96099996567
376 3.91899991035
377 3.88499999046
378 3.88499999046
379 3.84699988365
380 3.82800006866
381 3.70600008965
382 3.632999897
383 3.59800004959
384 3.56399989128
385 3.52699995041
386 3.48000001907
387 3.45000004768
388 3.43099999428
389 3.40100002289
390 3.36800003052
391 3.33699989319
392 3.30200004578
393 3.28600001335
394 3.257999897
395 3.2650001049
396 3.2990000248
397 3.31999993324
398 3.36999988556
399 3.38499999046
400 3.43400001526
401 3.47099995613
402 3.52300000191
403 3.54200005531
404 3.58699989319
405 3.62299990654
406 3.68600010872
407 3.72799992561
408 3.74099993706
409 3.79099988937
410 3.84100008011
411 3.86500000954
412 3.92600011826
413 3.98799991608
414 4.05499982834
415 4.11499977112
416 4.18800020218
417 4.21999979019
418 4.28900003433
419 4.38399982452
420 4.45499992371
421 4.52099990845
422 4.58900022507
423 4.65899991989
424 4.73199987411
425 4.8140001297
426 4.89200019836
427 5.01999998093
428 5.10400009155
429 5.21199989319
430 5.31199979782
431 5.42700004578
432 5.50500011444
433 5.62300014496
434 5.76700019836
435 5.89799976349
436 6.02199983597
437 6.16300010681
438 6.30000019073
439 6.46999979019
440 6.49300003052
441 6.6139998436
442 6.4279999733
443 3.08599996567
444 3.03999996185
445 3.04200005531
446 3.02399992943
447 3.00999999046
448 3.03099989891
449 3.02399992943
450 2.992000103
451 2.98900008202
452 2.9849998951
453 2.97799992561
454 2.97799992561
455 2.96099996567
456 2.96399998665
457 2.98300004005
458 2.95499992371
459 2.94400000572
460 2.93700003624
461 2.9470000267
462 2.94000005722
463 2.93700003624
464 2.93799996376
465 2.93000006676
466 2.9279999733
467 2.91899991035
468 2.91499996185
469 2.91000008583
470 2.66899991035
471 2.64700007439
472 2.63499999046
473 2.63599991798
474 0.939999997616
475 0.70300000906
476 0.717000007629
477 0.92199999094
478 2.64800000191
479 2.64199995995
480 2.63599991798
481 2.64700007439
482 2.63199996948
483 2.63800001144
484 2.64599990845
485 2.66100001335
486 2.66100001335
487 2.6740000248
488 2.66799998283
489 2.6819999218
490 2.8180000782
491 2.93300008774
492 2.92600011826
493 2.94499993324
494 2.9509999752
495 2.95600008965
496 2.93799996376
497 2.95000004768
498 2.95499992371
499 2.95700001717
500 2.97499990463
501 2.98000001907
502 2.97300004959
503 2.99699997902
504 2.99300003052
505 3.01300001144
506 3.01600003242
507 3.01300001144
508 3.01799988747
509 3.02699995041
510 3.03200006485
511 1.41100001335
512 1.26400005817
513 1.20899999142
514 1.22699999809
515 1.21700000763
516 1.21099996567
517 1.19900000095
518 1.21899998188
519 1.2120000124
520 1.22200000286
521 1.22899997234
522 1.22099995613
523 1.23000001907
524 0.987999975681
525 0.910000026226
526 0.903999984264
527 1.16999995708
528 1.22599995136
529 1.20200002193
530 1.2009999752
531 1.20700001717
532 1.18599998951
533 1.19400000572
534 1.18400001526
535 1.20399999619
536 1.2120000124
537 1.23000001907
538 1.24899995327
539 1.30400002003
540 3.53200006485
