0 4.51700019836
1 4.42299985886
2 4.44600009918
3 4.45399999619
4 4.52799987793
5 4.65600013733
6 4.68699979782
7 4.69999980927
8 4.73699998856
9 4.757999897
10 4.78700017929
11 4.82499980927
12 4.86899995804
13 4.89900016785
14 4.9279999733
15 4.9359998703
16 4.84899997711
17 4.84700012207
18 4.87599992752
19 4.96400022507
20 5.14699983597
21 5.18699979782
22 5.22300004959
23 5.27400016785
24 5.3109998703
25 5.36199998856
26 5.40399980545
27 5.44600009918
28 5.48999977112
29 5.55200004578
30 5.59000015259
31 5.62400007248
32 5.65899991989
33 0.0
34 17.1560001373
35 17.1350002289
36 17.1420001984
37 0.0
38 0.0
39 0.0
40 17.2199993134
41 17.1760005951
42 17.0720005035
43 17.0160007477
44 16.5249996185
45 16.5359992981
46 16.5270004272
47 13.1490001678
48 13.0880002975
49 12.343000412
50 11.9560003281
51 11.5830001831
52 11.595000267
53 11.6300001144
54 11.6239995956
55 11.3400001526
56 10.9770002365
57 10.4580001831
58 10.1140003204
59 8.35799980164
60 8.35599994659
61 8.21199989319
62 7.92500019073
63 7.64300012589
64 7.4470000267
65 7.24599981308
66 7.0609998703
67 6.90999984741
68 6.79899978638
69 6.78000020981
70 6.79400014877
71 6.82700014114
72 6.84700012207
73 6.86899995804
74 6.78499984741
75 6.62900018692
76 6.50899982452
77 6.38399982452
78 6.28100013733
79 6.16599988937
80 5.23199987411
81 4.96899986267
82 4.85200023651
83 4.76399993896
84 4.67600011826
85 4.61199998856
86 4.53399991989
87 4.48099994659
88 4.41300010681
89 4.34800004959
90 4.28399991989
91 4.22499990463
92 4.15500020981
93 4.08599996567
94 4.04199981689
95 3.98300004005
96 3.93899989128
97 3.89499998093
98 3.84899997711
99 3.79699993134
100 3.78600001335
101 3.79500007629
102 3.8069999218
103 3.85100007057
104 3.89400005341
105 3.90899991989
106 3.93600010872
107 3.96099996567
108 3.9279999733
109 3.8900001049
110 3.84299993515
111 3.79600000381
112 3.77099990845
113 3.73099994659
114 3.6970000267
115 3.66300010681
116 3.63100004196
117 3.60100007057
118 3.54999995232
119 3.53800010681
120 3.50099992752
121 3.47600007057
122 3.4470000267
123 3.40400004387
124 3.39899992943
125 3.39899992943
126 3.43099999428
127 3.45700001717
128 3.4960000515
129 3.53399991989
130 3.56900000572
131 3.617000103
132 3.65199995041
133 4.02600002289
134 4.06799983978
135 4.10099983215
136 4.11299991608
137 4.14799976349
138 4.16499996185
139 4.1970000267
140 4.24700021744
141 4.29199981689
142 4.31500005722
143 4.34800004959
144 4.39400005341
145 4.43400001526
146 4.46400022507
147 4.47200012207
148 4.50600004196
149 4.53999996185
150 4.55000019073
151 4.1890001297
152 4.30000019073
153 4.61199998856
154 3.27699995041
155 3.39800000191
156 4.70499992371
157 4.60099983215
158 4.55399990082
159 4.8029999733
160 4.83400011063
161 4.85699987411
162 4.89799976349
163 4.91699981689
164 4.96400022507
165 4.99900007248
166 5.01599979401
167 5.04500007629
168 3.14400005341
169 3.21499991417
170 3.35899996758
171 4.12300014496
172 4.91900014877
173 4.87900018692
174 4.84600019455
175 4.83799982071
176 4.81599998474
177 4.8109998703
178 4.82999992371
179 4.85300016403
180 4.87900018692
181 4.8860001564
182 4.80999994278
183 5.30000019073
184 5.47399997711
185 5.47700023651
186 5.50099992752
187 5.49800014496
188 4.59299993515
189 4.57499980927
190 5.5720000267
191 5.61000013351
192 3.64700007439
193 3.51999998093
194 4.06500005722
195 4.04300022125
196 5.69000005722
197 5.71500015259
198 5.742000103
199 5.74900007248
200 5.79300022125
201 5.80200004578
202 5.83099985123
203 5.83099985123
204 5.83300018311
205 5.86100006104
206 5.86199998856
207 5.87699985504
208 5.90100002289
209 5.90199995041
210 5.92199993134
211 5.9470000267
212 5.9359998703
213 5.96000003815
214 5.98400020599
215 6.01300001144
216 6.02199983597
217 6.04400014877
218 6.05700016022
219 6.05999994278
220 6.0720000267
221 6.08400011063
222 6.08799982071
223 6.10599994659
224 6.10400009155
225 6.11800003052
226 6.125
227 6.13800001144
228 6.13000011444
229 6.14499998093
230 6.16400003433
231 6.16800022125
232 6.17999982834
233 6.18699979782
234 6.17999982834
235 6.21799993515
236 6.21899986267
237 6.21500015259
238 6.22300004959
239 6.22100019455
240 6.21700000763
241 6.22300004959
242 6.22700023651
243 6.22700023651
244 6.23299980164
245 6.21500015259
246 6.22599983215
247 6.22599983215
248 6.24900007248
249 6.25
250 6.26200008392
251 6.26499986649
252 6.27199983597
253 6.27199983597
254 6.28700017929
255 6.27899980545
256 6.25
257 6.24700021744
258 6.25899982452
259 6.25299978256
260 6.23600006104
261 6.23299980164
262 6.24100017548
263 6.21700000763
264 6.21999979019
265 6.21899986267
266 6.21000003815
267 6.21899986267
268 6.22499990463
269 6.20300006866
270 6.23099994659
271 6.21999979019
272 6.21000003815
273 6.13000011444
274 5.84600019455
275 5.8029999733
276 5.73999977112
277 5.73000001907
278 5.73199987411
279 5.72100019455
280 5.74499988556
281 5.76599979401
282 5.81300020218
283 5.9470000267
284 6.09100008011
285 6.08400011063
286 6.07800006866
287 6.06199979782
288 6.0640001297
289 6.04099988937
290 6.03000020981
291 6.007999897
292 6.0
293 5.96199989319
294 5.95800018311
295 5.9390001297
296 5.92500019073
297 5.91599988937
298 5.90399980545
299 5.86299991608
300 5.84999990463
301 5.84700012207
302 5.81799983978
303 5.81599998474
304 5.79500007629
305 5.8029999733
306 5.77199983597
307 5.78399991989
308 2.06999993324
309 2.05800008774
310 2.03999996185
311 2.04399991035
312 2.04399991035
313 2.0529999733
314 2.03299999237
315 2.03699994087
316 2.02200007439
317 2.02099990845
318 2.04299998283
319 2.03600001335
320 2.01200008392
321 2.02600002289
322 2.03200006485
323 2.01200008392
324 2.00900006294
325 1.07299995422
326 0.897000014782
327 0.856999993324
328 0.884999990463
329 0.998000025749
330 2.12199997902
331 2.12199997902
332 2.09599995613
333 2.0720000267
334 2.04399991035
335 2.06999993324
336 2.18000006676
337 2.24799990654
338 2.24300003052
339 2.22099995613
340 2.25600004196
341 2.24300003052
342 2.14700007439
343 2.06100010872
344 2.05200004578
345 2.06900000572
346 2.11500000954
347 2.13599991798
348 2.26799988747
349 4.75500011444
350 4.70699977875
351 4.67999982834
352 4.65500020981
353 4.62900018692
354 4.60099983215
355 4.55499982834
356 4.31799983978
357 4.37400007248
358 4.49599981308
359 4.46299982071
360 4.41800022125
361 4.41400003433
362 4.40100002289
363 4.35200023651
364 4.3029999733
365 4.28299999237
366 4.22599983215
367 4.21500015259
368 4.18200016022
369 4.13800001144
370 4.10200023651
371 4.07899999619
372 4.03499984741
373 4.02099990845
374 3.97499990463
375 3.96099996567
376 3.9319999218
377 3.91499996185
378 3.882999897
379 3.84599995613
380 3.8069999218
381 3.70399999619
382 3.632999897
383 3.61100006104
384 3.5680000782
385 3.53500008583
386 3.50699996948
387 3.46099996567
388 3.44000005722
389 3.40700006485
390 3.37599992752
391 3.32299995422
392 3.29999995232
393 3.28900003433
394 3.26900005341
395 3.26699995995
396 3.28299999237
397 3.33200001717
398 3.34999990463
399 3.40199995041
400 3.42700004578
401 3.47600007057
402 3.51799988747
403 3.55999994278
404 3.59400010109
405 3.64400005341
406 3.6819999218
407 3.72900009155
408 3.72000002861
409 3.78299999237
410 3.83699989319
411 3.88199996948
412 3.94400000572
413 4.00099992752
414 4.05900001526
415 4.09899997711
416 4.18300008774
417 4.24800014496
418 4.31300020218
419 4.382999897
420 4.44299983978
421 4.52400016785
422 4.59499979019
423 4.66599988937
424 4.72100019455
425 4.80900001526
426 4.90899991989
427 5.02099990845
428 5.11199998856
429 5.21999979019
430 5.31500005722
431 5.42999982834
432 5.52699995041
433 5.64099979401
434 5.76700019836
435 5.882999897
436 6.01700019836
437 6.17700004578
438 6.3109998703
439 6.47900009155
440 6.50899982452
441 6.59999990463
442 6.46299982071
443 3.06100010872
444 3.04299998283
445 3.04500007629
446 3.03500008583
447 3.04299998283
448 3.00099992752
449 3.01799988747
450 3.01799988747
451 2.98300004005
452 3.0039999485
453 2.98900008202
454 2.97799992561
455 2.97300004959
456 2.98200011253
457 2.97099995613
458 2.95000004768
459 2.97199988365
460 2.9509999752
461 2.94099998474
462 2.93300008774
463 2.93300008774
464 2.9430000782
465 2.92600011826
466 2.93600010872
467 2.91499996185
468 2.91499996185
469 2.90799999237
470 2.64800000191
471 2.65799999237
472 2.65300011635
473 2.63899993896
474 0.925999999046
475 0.698000013828
476 0.70300000906
477 0.930999994278
478 2.66400003433
479 2.6289999485
480 2.64700007439
481 2.65400004387
482 2.65799999237
483 2.65799999237
484 2.66199994087
485 2.66400003433
486 2.65199995041
487 2.65599989891
488 2.67600011826
489 2.67199993134
490 2.81999993324
491 2.93499994278
492 2.93600010872
493 2.9319999218
494 2.94000005722
495 2.9470000267
496 2.9509999752
497 2.96700000763
498 2.96600008011
499 2.96099996567
500 2.97600007057
501 2.97900009155
502 2.98300004005
503 2.97900009155
504 3.00500011444
505 2.98900008202
506 3.00500011444
507 3.01300001144
508 3.02699995041
509 3.02099990845
510 3.04299998283
511 3.05100011826
512 3.06999993324
513 1.46500003338
514 1.25
515 1.15600001812
516 1.15699994564
517 1.14499998093
518 1.13800001144
519 1.12699997425
520 1.14800000191
521 1.11800003052
522 1.15699994564
523 1.14499998093
524 0.981000006199
525 0.907000005245
526 0.920000016689
527 1.15100002289
528 1.22800004482
529 1.25899994373
530 1.24899995327
531 1.24899995327
532 1.23699998856
533 1.22500002384
534 1.21800005436
535 1.23099994659
536 1.24500000477
537 1.24100005627
538 1.24899995327
539 1.26400005817
540 1.2990000248
