0 4.5110001564
1 4.43300008774
2 4.4439997673
3 4.47499990463
4 4.53499984741
5 4.65899991989
6 4.68699979782
7 4.71299982071
8 4.73400020599
9 4.76999998093
10 4.79500007629
11 4.83699989319
12 4.86899995804
13 4.89699983597
14 4.9359998703
15 4.94600009918
16 4.82899999619
17 4.84999990463
18 4.88500022888
19 4.96400022507
20 5.13500022888
21 5.18499994278
22 5.23299980164
23 5.26200008392
24 5.30100011826
25 5.35799980164
26 5.41300010681
27 5.44799995422
28 5.49499988556
29 5.54199981689
30 5.60900020599
31 5.63899993896
32 5.66800022125
33 0.0
34 17.1599998474
35 17.1399993896
36 17.156999588
37 0.0
38 0.0
39 0.0
40 17.2290000916
41 17.1760005951
42 17.0760002136
43 17.0020008087
44 16.5200004578
45 16.5499992371
46 16.5219993591
47 13.1759996414
48 13.0880002975
49 12.3380002975
50 11.9429998398
51 11.5920000076
52 11.611000061
53 11.6330003738
54 11.6280002594
55 11.3409996033
56 10.9940004349
57 10.4709997177
58 10.1099996567
59 8.36200046539
60 8.33800029755
61 8.20600032806
62 7.92700004578
63 7.64499998093
64 7.44099998474
65 7.24900007248
66 7.05800008774
67 6.90999984741
68 6.78999996185
69 6.79400014877
70 6.80499982834
71 6.83900022507
72 6.85099983215
73 6.86999988556
74 6.78800010681
75 6.63999986649
76 6.52199983597
77 6.37900018692
78 6.25699996948
79 6.14599990845
80 5.23299980164
81 4.96400022507
82 4.84299993515
83 4.76000022888
84 4.68499994278
85 4.60799980164
86 4.53499984741
87 4.47800016403
88 4.41599988937
89 4.34399986267
90 4.28299999237
91 4.22200012207
92 4.16599988937
93 4.10599994659
94 4.03999996185
95 3.97000002861
96 3.9430000782
97 3.88100004196
98 3.83599996567
99 3.80599999428
100 3.77500009537
101 3.78800010681
102 3.8259999752
103 3.83699989319
104 3.87299990654
105 3.90199995041
106 3.93600010872
107 3.95300006866
108 3.92899990082
109 3.89299988747
110 3.83500003815
111 3.78900003433
112 3.77099990845
113 3.72600007057
114 3.6779999733
115 3.65799999237
116 3.62599992752
117 3.60100007057
118 3.5720000267
119 3.53900003433
120 3.51200008392
121 3.46300005913
122 3.44400000572
123 3.41599988937
124 3.41000008583
125 3.39100003242
126 3.43899989128
127 3.45799994469
128 3.49900007248
129 3.53500008583
130 3.58200001717
131 3.61199998856
132 3.67000007629
133 4.03000020981
134 4.05000019073
135 4.09200000763
136 4.132999897
137 4.1360001564
138 4.16499996185
139 4.21500015259
140 4.25600004196
141 4.29199981689
142 4.30800008774
143 4.3639998436
144 4.37300014496
145 4.43400001526
146 4.47300004959
147 4.49900007248
148 4.5
149 4.54500007629
150 4.54500007629
151 4.1970000267
152 4.29400014877
153 4.61499977112
154 3.26799988747
155 3.40899991989
156 4.71700000763
157 4.59999990463
158 4.54899978638
159 4.80200004578
160 4.84299993515
161 4.86100006104
162 4.90600013733
163 4.93499994278
164 4.95499992371
165 4.99900007248
166 5.02099990845
167 5.04799985886
168 3.13499999046
169 3.22399997711
170 3.38000011444
171 4.10300016403
172 4.93400001526
173 4.87400007248
174 4.84200000763
175 4.83099985123
176 4.82399988174
177 4.8189997673
178 4.84200000763
179 4.85300016403
180 4.86499977112
181 4.91400003433
182 4.8140001297
183 5.32999992371
184 5.45599985123
185 5.48500013351
186 5.49900007248
187 5.51900005341
188 4.60099983215
189 4.5689997673
190 5.56300020218
191 5.59200000763
192 3.63400006294
193 3.53500008583
194 4.07100009918
195 4.04799985886
196 5.69000005722
197 5.70200014114
198 5.71999979019
199 5.7610001564
200 5.78399991989
201 5.81300020218
202 5.82899999619
203 5.83799982071
204 5.83900022507
205 5.85699987411
206 5.85799980164
207 5.88399982452
208 5.89499998093
209 5.91099977493
210 5.92999982834
211 5.93400001526
212 5.95699977875
213 5.96700000763
214 5.98199987411
215 5.99300003052
216 6.01200008392
217 6.04400014877
218 6.06300020218
219 6.06799983978
220 6.07899999619
221 6.07499980927
222 6.08099985123
223 6.09800004959
224 6.09000015259
225 6.11499977112
226 6.1139998436
227 6.11600017548
228 6.14099979401
229 6.13700008392
230 6.15399980545
231 6.15199995041
232 6.19000005722
233 6.19799995422
234 6.20200014114
235 6.21500015259
236 6.23600006104
237 6.23600006104
238 6.22100019455
239 6.22499990463
240 6.22900009155
241 6.21700000763
242 6.23400020599
243 6.22900009155
244 6.23000001907
245 6.24700021744
246 6.23600006104
247 6.22700023651
248 6.2610001564
249 6.26399993896
250 6.2610001564
251 6.25600004196
252 6.2610001564
253 6.28200006485
254 6.27699995041
255 6.26999998093
256 6.27500009537
257 6.24900007248
258 6.26200008392
259 6.23299980164
260 6.24599981308
261 6.242000103
262 6.23600006104
263 6.22599983215
264 6.23199987411
265 6.22200012207
266 6.22399997711
267 6.20900011063
268 6.21099996567
269 6.21299982071
270 6.21299982071
271 6.21199989319
272 6.22599983215
273 6.12799978256
274 5.84000015259
275 5.79699993134
276 5.75
277 5.72700023651
278 5.71400022507
279 5.72499990463
280 5.74399995804
281 5.77500009537
282 5.8140001297
283 5.9439997673
284 6.08500003815
285 6.0689997673
286 6.0609998703
287 6.06699991226
288 6.06599998474
289 6.05800008774
290 6.04400014877
291 6.02500009537
292 5.99700021744
293 5.98000001907
294 5.96400022507
295 5.94299983978
296 5.92100000381
297 5.91099977493
298 5.89699983597
299 5.88399982452
300 5.87400007248
301 5.86000013351
302 5.84200000763
303 5.82000017166
304 5.79600000381
305 5.79300022125
306 5.79600000381
307 5.77699995041
308 2.08200001717
309 2.06900000572
310 2.06200003624
311 2.03999996185
312 2.04999995232
313 2.05100011826
314 2.04099988937
315 2.03500008583
316 2.04200005531
317 2.03200006485
318 2.01900005341
319 2.01200008392
320 2.02600002289
321 2.01200008392
322 2.01799988747
323 2.01399993896
324 2.03299999237
325 1.07799994946
326 0.89200001955
327 0.850000023842
328 0.871999979019
329 0.996999979019
330 2.29299998283
331 2.19000005722
332 2.06900000572
333 2.00600004196
334 1.94500005245
335 1.96700000763
336 1.96000003815
337 1.95599997044
338 1.98500001431
339 2.00999999046
340 1.9659999609
341 1.93799996376
342 1.95899999142
343 1.96000003815
344 1.96399998665
345 2.0490000248
346 2.25500011444
347 2.27600002289
348 2.25500011444
349 2.29699993134
350 4.72300004959
351 4.69000005722
352 4.65000009537
353 4.61199998856
354 4.58599996567
355 4.57000017166
356 4.29600000381
357 4.36600017548
358 4.48600006104
359 4.47200012207
360 4.43499994278
361 4.42399978638
362 4.39599990845
363 4.33500003815
364 4.29799985886
365 4.29199981689
366 4.25099992752
367 4.21400022507
368 4.18800020218
369 4.15299987793
370 4.10699987411
371 4.09200000763
372 4.04500007629
373 4.00299978256
374 3.97600007057
375 3.94899988174
376 3.93300008774
377 3.91300010681
378 3.88400006294
379 3.86100006104
380 3.8259999752
381 3.71600008011
382 3.6400001049
383 3.60700011253
384 3.55200004578
385 3.52099990845
386 3.49300003052
387 3.47099995613
388 3.4240000248
389 3.40499997139
390 3.36899995804
391 3.35400009155
392 3.2990000248
393 3.27300000191
394 3.25900006294
395 3.26699995995
396 3.28999996185
397 3.33699989319
398 3.37299990654
399 3.40400004387
400 3.44899988174
401 3.4849998951
402 3.51300001144
403 3.55500006676
404 3.60800004005
405 3.65100002289
406 3.68300008774
407 3.72300004959
408 3.7460000515
409 3.78200006485
410 3.83699989319
411 3.88100004196
412 3.93700003624
413 4.00400018692
414 4.06599998474
415 4.13100004196
416 4.19600009918
417 4.22399997711
418 4.29899978638
419 4.36100006104
420 4.4470000267
421 4.52699995041
422 4.59600019455
423 4.66900014877
424 4.72900009155
425 4.80900001526
426 4.91200017929
427 5.02400016785
428 5.11199998856
429 5.20599985123
430 5.32000017166
431 5.41900014877
432 5.53100013733
433 5.64599990845
434 5.7610001564
435 5.882999897
436 6.02299976349
437 6.17399978638
438 6.29799985886
439 6.48400020599
440 6.50299978256
441 6.61000013351
442 6.44299983978
443 3.08599996567
444 3.04699993134
445 3.04600000381
446 3.05100011826
447 3.02500009537
448 3.01300001144
449 3.01300001144
450 3.00200009346
451 2.98799991608
452 3.00200009346
453 2.98099994659
454 2.98300004005
455 2.99099993706
456 2.96700000763
457 2.95900011063
458 2.9509999752
459 2.95700001717
460 2.94400000572
461 2.94499993324
462 2.93899989128
463 2.93499994278
464 2.95000004768
465 2.93400001526
466 2.92899990082
467 2.94099998474
468 2.91899991035
469 2.90799999237
470 2.65199995041
471 2.65899991989
472 2.63100004196
473 2.64899992943
474 0.944999992847
475 0.708000004292
476 0.698000013828
477 0.922999978065
478 2.65599989891
479 2.63400006294
480 2.632999897
481 2.65000009537
482 2.66400003433
483 2.65700006485
484 2.6400001049
485 2.66700005531
486 2.6740000248
487 2.66799998283
488 2.65799999237
489 2.68600010872
490 2.8220000267
491 2.95199990273
492 2.93300008774
493 2.93400001526
494 2.94799995422
495 2.94499993324
496 2.94400000572
497 2.96099996567
498 2.96900010109
499 2.96600008011
500 2.97000002861
501 2.97900009155
502 2.97799992561
503 2.98699998856
504 3.007999897
505 3.01900005341
506 3.02300000191
507 3.00500011444
508 3.03800010681
509 1.33899998665
510 1.17599999905
511 1.11300003529
512 1.13800001144
513 1.12199997902
514 1.12999999523
515 1.10500001907
516 1.12000000477
517 1.10300004482
518 1.12000000477
519 1.1210000515
520 1.12000000477
521 1.13199996948
522 1.14999997616
523 1.1629999876
524 1.00100004673
525 0.902999997139
526 0.920000016689
527 1.19500005245
528 1.23199999332
529 1.24300003052
530 1.23099994659
531 1.22300004959
532 1.22800004482
533 1.2159999609
534 1.22099995613
535 1.23300004005
536 1.22800004482
537 1.24800002575
538 1.24199998379
539 1.2990000248
540 3.56200003624
