0 4.52500009537
1 4.44199991226
2 4.4470000267
3 4.47700023651
4 4.51200008392
5 4.65600013733
6 4.68800020218
7 4.71600008011
8 4.72700023651
9 4.76999998093
10 4.79500007629
11 4.83599996567
12 4.86600017548
13 4.89400005341
14 4.92299985886
15 4.9310002327
16 4.84999990463
17 4.84800004959
18 4.87799978256
19 4.96899986267
20 5.15299987793
21 5.18800020218
22 5.22700023651
23 5.26900005341
24 5.3220000267
25 5.35400009155
26 5.41499996185
27 5.44099998474
28 5.49700021744
29 5.55700016022
30 5.60099983215
31 5.66200017929
32 5.67199993134
33 0.0
34 17.1459999084
35 17.1410007477
36 17.138999939
37 0.0
38 0.0
39 0.0
40 17.2479991913
41 17.1800003052
42 17.0720005035
43 17.0209999084
44 16.5240001678
45 16.5499992371
46 16.517999649
47 13.1459999084
48 13.0860004425
49 12.3249998093
50 11.9499998093
51 11.5959997177
52 11.595000267
53 11.6300001144
54 11.6140003204
55 11.3369998932
56 11.0010004044
57 10.4560003281
58 10.1140003204
59 8.32100009918
60 8.33699989319
61 8.20100021362
62 7.90600013733
63 7.62900018692
64 7.4470000267
65 7.23600006104
66 7.06599998474
67 6.90799999237
68 6.80200004578
69 6.78700017929
70 6.79899978638
71 6.82299995422
72 6.86299991608
73 6.87099981308
74 6.78599977493
75 6.65199995041
76 6.51399993896
77 6.38700008392
78 6.27899980545
79 6.15500020981
80 5.22599983215
81 4.96700000763
82 4.85900020599
83 4.77199983597
84 4.68800020218
85 4.61499977112
86 4.54799985886
87 4.48500013351
88 4.42000007629
89 4.32499980927
90 4.28499984741
91 4.19999980927
92 4.16699981689
93 4.11000013351
94 4.04199981689
95 3.98799991608
96 3.94400000572
97 3.882999897
98 3.83599996567
99 3.7990000248
100 3.757999897
101 3.8029999733
102 3.82899999619
103 3.85599994659
104 3.89400005341
105 3.92600011826
106 3.9319999218
107 3.94600009918
108 3.93300008774
109 3.8900001049
110 3.85500001907
111 3.81999993324
112 3.77300000191
113 3.72900009155
114 3.70399999619
115 3.66400003433
116 3.61599993706
117 3.59599995613
118 3.55999994278
119 3.51900005341
120 3.5039999485
121 3.47799992561
122 3.43300008774
123 3.41899991035
124 3.40899991989
125 3.38800001144
126 3.43300008774
127 3.45399999619
128 3.48000001907
129 3.52300000191
130 3.58100008965
131 3.61599993706
132 3.66599988937
133 4.03900003433
134 4.06500005722
135 4.07800006866
136 4.13899993896
137 4.14499998093
138 4.20100021362
139 4.22399997711
140 4.25699996948
141 4.28399991989
142 4.30000019073
143 4.34499979019
144 4.39099979401
145 4.4359998703
146 4.47100019455
147 4.48099994659
148 4.49700021744
149 4.54799985886
150 4.54099988937
151 4.20599985123
152 4.27799987793
153 4.5
154 3.27999997139
155 3.40499997139
156 4.70399999619
157 4.61100006104
158 4.55399990082
159 4.8109998703
160 4.82600021362
161 4.85599994659
162 4.89699983597
163 4.93300008774
164 4.96600008011
165 4.99800014496
166 5.02199983597
167 5.04099988937
168 3.13800001144
169 3.22399997711
170 3.3710000515
171 4.10799980164
172 4.91400003433
173 4.88500022888
174 4.85699987411
175 4.84299993515
176 4.82600021362
177 4.84200000763
178 4.82399988174
179 4.83799982071
180 4.87400007248
181 4.89900016785
182 4.8109998703
183 5.3189997673
184 5.46299982071
185 5.47800016403
186 5.49900007248
187 5.51999998093
188 4.58400011063
189 4.57700014114
190 5.56699991226
191 5.59700012207
192 3.63499999046
193 3.53200006485
194 4.10500001907
195 4.05499982834
196 5.70699977875
197 5.71299982071
198 5.73699998856
199 5.75500011444
200 5.78800010681
201 5.8029999733
202 5.82399988174
203 5.83500003815
204 5.85300016403
205 5.85900020599
206 5.87200021744
207 5.87200021744
208 5.89900016785
209 5.90799999237
210 5.92000007629
211 5.94099998474
212 5.96600008011
213 5.96299982071
214 5.96799993515
215 5.9889998436
216 6.01000022888
217 6.04699993134
218 6.04600000381
219 6.07899999619
220 6.07399988174
221 6.07800006866
222 6.10599994659
223 6.09899997711
224 6.09800004959
225 6.10300016403
226 6.12799978256
227 6.12799978256
228 6.13199996948
229 6.15700006485
230 6.15100002289
231 6.17500019073
232 6.1779999733
233 6.19500017166
234 6.18300008774
235 6.20800018311
236 6.2389998436
237 6.23099994659
238 6.22700023651
239 6.23099994659
240 6.23799991608
241 6.22300004959
242 6.22900009155
243 6.22499990463
244 6.22599983215
245 6.23500013351
246 6.23000001907
247 6.24300003052
248 6.242000103
249 6.26000022888
250 6.25699996948
251 6.26300001144
252 6.25699996948
253 6.26900005341
254 6.28499984741
255 6.27799987793
256 6.27199983597
257 6.26499986649
258 6.26200008392
259 6.25899982452
260 6.23500013351
261 6.23999977112
262 6.21600008011
263 6.242000103
264 6.21500015259
265 6.22599983215
266 6.23699998856
267 6.22200012207
268 6.21299982071
269 6.21099996567
270 6.21799993515
271 6.21400022507
272 6.22300004959
273 6.13399982452
274 5.85500001907
275 5.78499984741
276 5.77199983597
277 5.7389998436
278 5.72300004959
279 5.7389998436
280 5.74300003052
281 5.76599979401
282 5.80900001526
283 5.96000003815
284 6.08199977875
285 6.07800006866
286 6.05999994278
287 6.05000019073
288 6.06500005722
289 6.03700017929
290 6.02299976349
291 6.01700019836
292 6.0110001564
293 5.98500013351
294 5.95499992371
295 5.94000005722
296 5.9310002327
297 5.89499998093
298 5.90000009537
299 5.87599992752
300 5.86999988556
301 5.83300018311
302 5.84299993515
303 5.82000017166
304 5.80999994278
305 5.79500007629
306 5.76700019836
307 5.76900005341
308 2.06500005722
309 2.09400010109
310 2.05100011826
311 2.06200003624
312 2.04800009727
313 2.03399991989
314 2.04399991035
315 2.04099988937
316 2.03699994087
317 2.04600000381
318 2.03699994087
319 2.03299999237
320 2.01900005341
321 2.0150001049
322 2.01999998093
323 2.01099991798
324 2.01900005341
325 1.08000004292
326 0.884999990463
327 0.852999985218
328 0.85799998045
329 1.0039999485
330 2.132999897
331 2.11800003052
332 2.07800006866
333 2.05200004578
334 2.05500006676
335 2.09500002861
336 2.20799994469
337 2.26099991798
338 2.23799991608
339 2.22799992561
340 2.24300003052
341 2.24499988556
342 2.15199995041
343 2.09299993515
344 2.08999991417
345 2.06200003624
346 2.10299992561
347 2.16899991035
348 2.2009999752
349 4.74900007248
350 4.71500015259
351 4.68400001526
352 4.65600013733
353 4.63100004196
354 4.59800004959
355 4.5560002327
356 4.29699993134
357 4.38100004196
358 4.48199987411
359 4.46999979019
360 4.42600011826
361 4.42500019073
362 4.39300012589
363 4.37099981308
364 4.32499980927
365 4.28900003433
366 4.23299980164
367 4.19999980927
368 4.16599988937
369 4.14699983597
370 4.09299993515
371 4.07299995422
372 4.03700017929
373 4.02400016785
374 3.99799990654
375 3.94899988174
376 3.93499994278
377 3.90199995041
378 3.88199996948
379 3.86100006104
380 3.8180000782
381 3.70399999619
382 3.625
383 3.60199999809
384 3.55800008774
385 3.5150001049
386 3.49000000954
387 3.45300006866
388 3.43700003624
389 3.40499997139
390 3.37199997902
391 3.3259999752
392 3.31900000572
393 3.28600001335
394 3.26099991798
395 3.27200007439
396 3.29699993134
397 3.33999991417
398 3.367000103
399 3.40400004387
400 3.42600011826
401 3.48600006104
402 3.51900005341
403 3.54699993134
404 3.59800004959
405 3.64599990845
406 3.6779999733
407 3.71000003815
408 3.74099993706
409 3.77800011635
410 3.83699989319
411 3.86899995804
412 3.95000004768
413 4.00099992752
414 4.0640001297
415 4.1360001564
416 4.1859998703
417 4.24900007248
418 4.29600000381
419 4.38000011444
420 4.44600009918
421 4.52299976349
422 4.60099983215
423 4.65799999237
424 4.73500013351
425 4.80100011826
426 4.91499996185
427 5.01000022888
428 5.12099981308
429 5.21500015259
430 5.3060002327
431 5.41800022125
432 5.51700019836
433 5.64300012589
434 5.76499986649
435 5.8860001564
436 6.02299976349
437 6.15700006485
438 6.31599998474
439 6.47300004959
440 6.51300001144
441 6.61299991608
442 6.44799995422
443 3.08500003815
444 3.0490000248
445 3.04500007629
446 3.04500007629
447 3.03699994087
448 3.03200006485
449 3.01399993896
450 3.00500011444
451 3.00099992752
452 2.99099993706
453 2.98300004005
454 2.97199988365
455 2.97699999809
456 2.96799993515
457 2.97600007057
458 2.97699999809
459 2.9470000267
460 2.95000004768
461 2.95499992371
462 2.95000004768
463 2.94000005722
464 2.9319999218
465 2.93300008774
466 2.94099998474
467 2.93000006676
468 2.93000006676
469 2.91300010681
470 2.67000007629
471 2.63199996948
472 2.63199996948
473 2.64899992943
474 0.954999983311
475 0.713999986649
476 0.707000017166
477 0.922999978065
478 2.66700005531
479 2.64599990845
480 2.66400003433
481 2.64700007439
482 2.65799999237
483 2.65499997139
484 2.65599989891
485 2.66499996185
486 2.66100001335
487 2.65799999237
488 2.68700003624
489 2.67300009727
490 2.84400010109
491 2.94799995422
492 2.94199991226
493 2.95600008965
494 2.9470000267
495 2.95600008965
496 2.9509999752
497 2.96399998665
498 2.95499992371
499 2.96000003815
500 2.96199989319
501 2.99699997902
502 2.97300004959
503 2.98099994659
504 3.00200009346
505 3.01999998093
506 3.01600003242
507 1.13900005817
508 1.09599995613
509 0.799000024796
510 0.791999995708
511 0.787000000477
512 0.81400001049
513 0.801999986172
514 0.787000000477
515 0.805999994278
516 0.827000021935
517 0.894999980927
518 1.02300000191
519 1.07099997997
520 1.08899998665
521 1.11899995804
522 1.2460000515
523 1.17599999905
524 0.952000021935
525 0.913999974728
526 0.917999982834
527 1.11500000954
528 1.17999994755
529 1.12999999523
530 1.13600003719
531 1.10899996758
532 1.11600005627
533 1.1210000515
534 1.09300005436
535 1.09200000763
536 1.12399995327
537 1.10099995136
538 1.11300003529
539 1.0759999752
540 1.04299998283
