0 4.51200008392
1 4.44199991226
2 4.43300008774
3 4.46999979019
4 4.53900003433
5 4.66400003433
6 4.68699979782
7 4.71500015259
8 4.73699998856
9 4.76999998093
10 4.79099988937
11 4.82700014114
12 4.85099983215
13 4.8860001564
14 4.9279999733
15 4.94000005722
16 4.82100009918
17 4.85200023651
18 4.88899993896
19 4.96299982071
20 5.13899993896
21 5.1779999733
22 5.23099994659
23 5.26999998093
24 5.31799983978
25 5.35500001907
26 5.40500020981
27 5.45200014114
28 5.49700021744
29 5.54799985886
30 5.60200023651
31 5.62200021744
32 5.65500020981
33 0.0
34 17.1599998474
35 17.1499996185
36 17.1420001984
37 0.0
38 0.0
39 0.0
40 17.2390003204
41 17.1590003967
42 17.061000824
43 17.0149993896
44 16.5289993286
45 16.5440006256
46 16.5300006866
47 13.1560001373
48 13.093000412
49 12.3360004425
50 11.9530000687
51 11.5850000381
52 11.609000206
53 11.6300001144
54 11.6169996262
55 11.3350000381
56 10.9779996872
57 10.4779996872
58 10.1210002899
59 8.34599971771
60 8.35799980164
61 8.21000003815
62 7.91499996185
63 7.65899991989
64 7.45200014114
65 7.242000103
66 7.04899978638
67 6.91099977493
68 6.79899978638
69 6.77899980545
70 6.80700016022
71 6.82899999619
72 6.84200000763
73 6.85900020599
74 6.78800010681
75 6.63899993896
76 6.5
77 6.38399982452
78 6.26399993896
79 6.15500020981
80 5.22200012207
81 4.96000003815
82 4.85099983215
83 4.76000022888
84 4.67100000381
85 4.59399986267
86 4.53900003433
87 4.47200012207
88 4.41900014877
89 4.33500003815
90 4.27600002289
91 4.21999979019
92 4.15799999237
93 4.1139998436
94 4.01900005341
95 3.992000103
96 3.93799996376
97 3.89100003242
98 3.84200000763
99 3.79500007629
100 3.78600001335
101 3.79600000381
102 3.82100009918
103 3.82899999619
104 3.86400008202
105 3.91799998283
106 3.94899988174
107 3.95700001717
108 3.93000006676
109 3.89199995995
110 3.84200000763
111 3.80599999428
112 3.76999998093
113 3.7349998951
114 3.6740000248
115 3.66199994087
116 3.63899993896
117 3.59500002861
118 3.56299996376
119 3.53299999237
120 3.50699996948
121 3.48300004005
122 3.43499994278
123 3.40199995041
124 3.38899993896
125 3.39199995995
126 3.4279999733
127 3.45399999619
128 3.49499988556
129 3.53099989891
130 3.56100010872
131 3.61899995804
132 3.66000008583
133 4.02600002289
134 4.05999994278
135 4.08799982071
136 4.13100004196
137 4.15799999237
138 4.16300010681
139 4.22700023651
140 4.25099992752
141 4.27799987793
142 4.31699991226
143 4.36600017548
144 4.39699983597
145 4.40600013733
146 4.45900011063
147 4.46999979019
148 4.50600004196
149 4.53800010681
150 4.54099988937
151 4.19000005722
152 4.28999996185
153 4.60699987411
154 3.26799988747
155 3.40700006485
156 4.71000003815
157 4.60799980164
158 4.56199979782
159 4.79199981689
160 4.82299995422
161 4.87599992752
162 4.89300012589
163 4.92999982834
164 4.97300004959
165 5.00299978256
166 5.01599979401
167 5.04099988937
168 3.12599992752
169 3.23099994659
170 3.36999988556
171 4.10200023651
172 4.90799999237
173 4.86199998856
174 4.85300016403
175 4.83099985123
176 4.81699991226
177 4.83300018311
178 4.83599996567
179 4.85400009155
180 4.87799978256
181 4.90100002289
182 4.81699991226
183 5.31300020218
184 5.46199989319
185 5.48500013351
186 5.5
187 5.52099990845
188 4.61100006104
189 4.58300018311
190 5.57100009918
191 5.60400009155
192 3.64700007439
193 3.51900005341
194 4.06500005722
195 4.05700016022
196 5.6890001297
197 5.71099996567
198 5.74100017548
199 5.76000022888
200 5.77699995041
201 5.80000019073
202 5.82000017166
203 5.81699991226
204 5.83199977875
205 5.85200023651
206 5.84999990463
207 5.88500022888
208 5.89699983597
209 5.90700006485
210 5.90100002289
211 5.93400001526
212 5.95800018311
213 5.96099996567
214 5.98000001907
215 6.00500011444
216 5.99900007248
217 6.04600000381
218 6.06699991226
219 6.07299995422
220 6.06199979782
221 6.09399986267
222 6.09100008011
223 6.09600019455
224 6.10400009155
225 6.11600017548
226 6.12099981308
227 6.13700008392
228 6.12400007248
229 6.14200019836
230 6.16099977493
231 6.16300010681
232 6.17899990082
233 6.19299983978
234 6.20699977875
235 6.20499992371
236 6.22900009155
237 6.21500015259
238 6.21500015259
239 6.21999979019
240 6.22599983215
241 6.22700023651
242 6.23199987411
243 6.24399995804
244 6.21500015259
245 6.25299978256
246 6.21799993515
247 6.25199985504
248 6.24700021744
249 6.25199985504
250 6.26000022888
251 6.27199983597
252 6.24900007248
253 6.25400018692
254 6.2610001564
255 6.25400018692
256 6.27400016785
257 6.24900007248
258 6.2610001564
259 6.23999977112
260 6.24900007248
261 6.24300003052
262 6.22499990463
263 6.22300004959
264 6.21299982071
265 6.22200012207
266 6.22200012207
267 6.20399999619
268 6.21500015259
269 6.20800018311
270 6.23699998856
271 6.19799995422
272 6.20100021362
273 6.11600017548
274 5.84700012207
275 5.77099990845
276 5.75099992752
277 5.73199987411
278 5.73500013351
279 5.72700023651
280 5.73199987411
281 5.76499986649
282 5.80800008774
283 5.96600008011
284 6.0720000267
285 6.07899999619
286 6.0689997673
287 6.04500007629
288 6.06199979782
289 6.03399991989
290 6.02600002289
291 6.0110001564
292 5.99399995804
293 5.98299980164
294 5.96500015259
295 5.9439997673
296 5.9310002327
297 5.91499996185
298 5.8860001564
299 5.87099981308
300 5.86600017548
301 5.85200023651
302 5.82700014114
303 5.82600021362
304 5.82100009918
305 5.79799985886
306 5.78200006485
307 5.76900005341
308 2.05900001526
309 2.05399990082
310 2.04399991035
311 2.04800009727
312 2.04099988937
313 2.04299998283
314 2.03999996185
315 2.03099989891
316 2.02500009537
317 2.04299998283
318 2.01999998093
319 2.02300000191
320 2.02699995041
321 2.03500008583
322 2.007999897
323 2.02300000191
324 2.00500011444
325 1.06900000572
326 0.897000014782
327 0.860000014305
328 0.879000008106
329 0.991999983788
330 2.13199996948
331 2.1289999485
332 2.10299992561
333 2.05399990082
334 2.0529999733
335 2.08599996567
336 2.19000005722
337 2.22199988365
338 2.23799991608
339 2.22300004959
340 2.23699998856
341 2.22799992561
342 2.12700009346
343 2.07299995422
344 2.05900001526
345 2.07399988174
346 2.12599992752
347 2.14800000191
348 2.20000004768
349 4.73799991608
350 4.71700000763
351 4.66400003433
352 4.64900016785
353 4.62699985504
354 4.58199977875
355 4.56500005722
356 4.30100011826
357 4.37599992752
358 4.46600008011
359 4.45399999619
360 4.41900014877
361 4.42500019073
362 4.39200019836
363 4.34999990463
364 4.30900001526
365 4.28499984741
366 4.25500011444
367 4.22200012207
368 4.17199993134
369 4.132999897
370 4.10900020599
371 4.07100009918
372 4.04699993134
373 4.02400016785
374 3.96900010109
375 3.96300005913
376 3.94099998474
377 3.90700006485
378 3.87599992752
379 3.85500001907
380 3.82899999619
381 3.7009999752
382 3.63599991798
383 3.60800004005
384 3.57399988174
385 3.53399991989
386 3.48900008202
387 3.45700001717
388 3.43400001526
389 3.38400006294
390 3.35100007057
391 3.3259999752
392 3.30800008774
393 3.28699994087
394 3.26600003242
395 3.26699995995
396 3.30399990082
397 3.33800005913
398 3.36500000954
399 3.41199994087
400 3.44000005722
401 3.48099994659
402 3.52399992943
403 3.56200003624
404 3.60500001907
405 3.65000009537
406 3.67499995232
407 3.73399996758
408 3.7349998951
409 3.79099988937
410 3.83500003815
411 3.867000103
412 3.9319999218
413 3.99099993706
414 4.04400014877
415 4.12300014496
416 4.1810002327
417 4.23999977112
418 4.31799983978
419 4.37699985504
420 4.44500017166
421 4.51599979401
422 4.58699989319
423 4.64900016785
424 4.72900009155
425 4.82100009918
426 4.91599988937
427 5.02099990845
428 5.10900020599
429 5.21700000763
430 5.30999994278
431 5.42700004578
432 5.52299976349
433 5.65899991989
434 5.76800012589
435 5.88399982452
436 6.02400016785
437 6.17100000381
438 6.3189997673
439 6.45100021362
440 6.507999897
441 6.60599994659
442 6.45900011063
443 3.0569999218
444 3.0490000248
445 3.03900003433
446 3.02399992943
447 3.02999997139
448 3.00900006294
449 2.9960000515
450 3.01300001144
451 2.99799990654
452 2.98900008202
453 3.00300002098
454 2.97699999809
455 2.98699998856
456 2.9849998951
457 2.95399999619
458 2.95300006866
459 2.95700001717
460 2.96600008011
461 2.93600010872
462 2.94400000572
463 2.95399999619
464 2.93700003624
465 2.9470000267
466 2.9430000782
467 2.91400003433
468 2.93099999428
469 2.91100001335
470 2.65000009537
471 2.65599989891
472 2.63800001144
473 2.64899992943
474 0.940999984741
475 0.713999986649
476 0.700999975204
477 0.936999976635
478 2.66100001335
479 2.6289999485
480 2.65400004387
481 2.66599988937
482 2.65100002289
483 2.64199995995
484 2.64400005341
485 2.65899991989
486 2.66599988937
487 2.67000007629
488 2.68499994278
489 2.67600011826
490 2.82299995422
491 2.92600011826
492 2.93600010872
493 2.93300008774
494 2.93300008774
495 2.9470000267
496 2.96000003815
497 2.9509999752
498 2.97000002861
499 2.97000002861
500 2.96700000763
501 2.96600008011
502 2.97799992561
503 2.98900008202
504 2.98200011253
505 3.00500011444
506 2.99399995804
507 3.00600004196
508 3.01799988747
509 3.03600001335
510 3.04299998283
511 3.04699993134
512 3.06299996376
513 1.21000003815
514 1.28299999237
515 1.17599999905
516 1.16499996185
517 1.14999997616
518 1.14900004864
519 1.13199996948
520 1.14300000668
521 1.14900004864
522 1.13300001621
523 1.15199995041
524 0.990999996662
525 0.907000005245
526 0.93900001049
527 1.15400004387
528 1.21399998665
529 1.27199995518
530 1.26199996471
531 1.23800003529
532 1.22099995613
533 1.24199998379
534 1.23099994659
535 1.21500003338
536 1.2460000515
537 1.23899996281
538 1.24199998379
539 1.23699998856
540 1.28499996662
