0 4.50299978256
1 4.4359998703
2 4.42100000381
3 4.45499992371
4 4.53999996185
5 4.65999984741
6 4.69099998474
7 4.70699977875
8 4.73099994659
9 4.75400018692
10 4.78900003433
11 4.82700014114
12 4.86299991608
13 4.89900016785
14 4.91699981689
15 4.92600011826
16 4.82600021362
17 4.83799982071
18 4.88500022888
19 4.97300004959
20 5.14499998093
21 5.18400001526
22 5.22300004959
23 5.26200008392
24 5.31300020218
25 5.35699987411
26 5.40399980545
27 5.44600009918
28 5.49700021744
29 5.54500007629
30 5.58799982071
31 5.64400005341
32 5.67700004578
33 23.0200004578
34 17.1599998474
35 17.138999939
36 17.1469993591
37 0.0
38 0.0
39 0.0
40 17.2250003815
41 17.170999527
42 17.0709991455
43 16.9979991913
44 16.517999649
45 16.5410003662
46 16.5090007782
47 13.1560001373
48 13.0799999237
49 12.3280000687
50 11.9580001831
51 11.5939998627
52 11.5970001221
53 11.6370000839
54 11.6280002594
55 11.3420000076
56 10.9940004349
57 10.4639997482
58 10.1149997711
59 8.33399963379
60 8.34599971771
61 8.21500015259
62 7.92600011826
63 7.64699983597
64 7.45399999619
65 7.24399995804
66 7.0609998703
67 6.88800001144
68 6.78800010681
69 6.77799987793
70 6.80999994278
71 6.83400011063
72 6.85300016403
73 6.86100006104
74 6.79699993134
75 6.62599992752
76 6.5
77 6.38399982452
78 6.26499986649
79 6.15299987793
80 5.23500013351
81 4.95399999619
82 4.85300016403
83 4.75699996948
84 4.67299985886
85 4.59200000763
86 4.53299999237
87 4.46700000763
88 4.40899991989
89 4.33699989319
90 4.27299976349
91 4.19600009918
92 4.15000009537
93 4.08799982071
94 4.03999996185
95 3.97300004959
96 3.9240000248
97 3.8789999485
98 3.84599995613
99 3.7990000248
100 3.77099990845
101 3.79500007629
102 3.82399988174
103 3.82999992371
104 3.88100004196
105 3.89299988747
106 3.94400000572
107 3.95000004768
108 3.93300008774
109 3.88000011444
110 3.84800004959
111 3.80399990082
112 3.77300000191
113 3.72799992561
114 3.70000004768
115 3.65700006485
116 3.61400008202
117 3.59699988365
118 3.5680000782
119 3.51099991798
120 3.49799990654
121 3.47399997711
122 3.44899988174
123 3.41700005531
124 3.39800000191
125 3.39199995995
126 3.41100001335
127 3.43899989128
128 3.47600007057
129 3.52999997139
130 3.55900001526
131 3.60899996758
132 3.66599988937
133 3.99699997902
134 4.06500005722
135 4.08799982071
136 4.11899995804
137 4.14799976349
138 4.18800020218
139 4.20300006866
140 4.22599983215
141 4.27699995041
142 4.30100011826
143 4.34200000763
144 4.39400005341
145 4.42600011826
146 4.45699977875
147 4.49399995804
148 4.50600004196
149 4.51300001144
150 4.55399990082
151 4.18400001526
152 4.30100011826
153 4.58400011063
154 3.26300001144
155 3.41400003433
156 4.71299982071
157 4.58900022507
158 4.56300020218
159 4.79500007629
160 4.82100009918
161 4.8639998436
162 4.8860001564
163 4.93200016022
164 4.96199989319
165 4.98600006104
166 5.01499986649
167 5.03200006485
168 3.14700007439
169 3.23200011253
170 3.36800003052
171 4.11600017548
172 4.92100000381
173 4.87599992752
174 4.84899997711
175 4.82100009918
176 4.81199979782
177 4.8189997673
178 4.82999992371
179 4.84999990463
180 4.87799978256
181 4.89599990845
182 4.83199977875
183 5.32600021362
184 5.45900011063
185 5.47599983215
186 5.49599981308
187 5.5110001564
188 4.60500001907
189 4.57999992371
190 5.54099988937
191 5.58199977875
192 3.64299988747
193 3.51699995995
194 4.07299995422
195 4.03499984741
196 5.68400001526
197 5.71299982071
198 5.71299982071
199 5.75899982452
200 5.78000020981
201 5.80399990082
202 5.82999992371
203 5.83500003815
204 5.84100008011
205 5.84800004959
206 5.87200021744
207 5.87400007248
208 5.89099979401
209 5.90799999237
210 5.91099977493
211 5.94799995422
212 5.94999980927
213 5.96299982071
214 5.97599983215
215 6.00199985504
216 6.0110001564
217 6.04300022125
218 6.05999994278
219 6.07399988174
220 6.07499980927
221 6.0689997673
222 6.08199977875
223 6.07999992371
224 6.08500003815
225 6.09999990463
226 6.11000013351
227 6.13700008392
228 6.14099979401
229 6.14499998093
230 6.15600013733
231 6.15700006485
232 6.1810002327
233 6.17600011826
234 6.19500017166
235 6.20599985123
236 6.22300004959
237 6.22599983215
238 6.23600006104
239 6.21999979019
240 6.21600008011
241 6.22100019455
242 6.23099994659
243 6.22700023651
244 6.20900011063
245 6.22599983215
246 6.22100019455
247 6.22599983215
248 6.25699996948
249 6.24599981308
250 6.25899982452
251 6.26499986649
252 6.25199985504
253 6.25299978256
254 6.26599979401
255 6.27899980545
256 6.25199985504
257 6.23600006104
258 6.25699996948
259 6.23000001907
260 6.23400020599
261 6.23400020599
262 6.22900009155
263 6.22599983215
264 6.22200012207
265 6.23000001907
266 6.22800016403
267 6.21199989319
268 6.20300006866
269 6.22100019455
270 6.21400022507
271 6.21899986267
272 6.20100021362
273 6.12300014496
274 5.83699989319
275 5.78800010681
276 5.7389998436
277 5.73299980164
278 5.72300004959
279 5.72499990463
280 5.73799991608
281 5.74800014496
282 5.80200004578
283 5.9470000267
284 6.08099985123
285 6.08400011063
286 6.05100011826
287 6.06300020218
288 6.05399990082
289 6.03399991989
290 6.02899980545
291 6.0110001564
292 5.98600006104
293 5.98500013351
294 5.96199989319
295 5.9390001297
296 5.91900014877
297 5.90600013733
298 5.89499998093
299 5.85099983215
300 5.867000103
301 5.85500001907
302 5.82499980927
303 5.8189997673
304 5.80499982834
305 5.79799985886
306 5.78000020981
307 5.76300001144
308 2.07500004768
309 2.0680000782
310 2.04399991035
311 2.04699993134
312 2.03399991989
313 2.04299998283
314 2.03299999237
315 2.02200007439
316 2.01699995995
317 2.03399991989
318 2.03600001335
319 2.02999997139
320 2.02999997139
321 2.02900004387
322 2.02200007439
323 2.00900006294
324 2.02300000191
325 1.07400000095
326 0.884999990463
327 0.851999998093
328 0.865999996662
329 1.00100004673
330 2.28399991989
331 2.20600008965
332 2.12400007248
333 2.11899995804
334 2.12299990654
335 2.16300010681
336 2.23200011253
337 2.27500009537
338 2.25999999046
339 2.22699999809
340 2.22000002861
341 2.17499995232
342 2.10299992561
343 2.09699988365
344 2.13499999046
345 2.23399996758
346 2.27200007439
347 2.24699997902
348 2.26999998093
349 2.31299996376
350 4.70699977875
351 4.67299985886
352 4.64699983597
353 4.60500001907
354 4.59499979019
355 4.55200004578
356 4.32000017166
357 4.367000103
358 4.46400022507
359 4.44600009918
360 4.4439997673
361 4.41400003433
362 4.37799978256
363 4.35400009155
364 4.32399988174
365 4.28800010681
366 4.25899982452
367 4.21600008011
368 4.17100000381
369 4.14799976349
370 4.09999990463
371 4.08699989319
372 4.04699993134
373 4.01700019836
374 3.99799990654
375 3.97099995613
376 3.93300008774
377 3.89499998093
378 3.88100004196
379 3.85400009155
380 3.81500005722
381 3.70399999619
382 3.63000011444
383 3.60100007057
384 3.56900000572
385 3.53200006485
386 3.49300003052
387 3.45799994469
388 3.4240000248
389 3.38100004196
390 3.35800004005
391 3.33800005913
392 3.30999994278
393 3.28200006485
394 3.24499988556
395 3.24900007248
396 3.30399990082
397 3.32800006866
398 3.34999990463
399 3.38800001144
400 3.43799996376
401 3.4849998951
402 3.53099989891
403 3.5569999218
404 3.58999991417
405 3.63400006294
406 3.66799998283
407 3.72799992561
408 3.73000001907
409 3.78200006485
410 3.83200001717
411 3.88899993896
412 3.94799995422
413 3.99000000954
414 4.05399990082
415 4.10900020599
416 4.17500019073
417 4.23699998856
418 4.30000019073
419 4.36299991608
420 4.45599985123
421 4.51300001144
422 4.58199977875
423 4.65199995041
424 4.72499990463
425 4.79799985886
426 4.90600013733
427 5.01200008392
428 5.09399986267
429 5.21299982071
430 5.31799983978
431 5.42100000381
432 5.52199983597
433 5.63399982452
434 5.74599981308
435 5.88700008392
436 6.01800012589
437 6.15999984741
438 6.3060002327
439 6.46899986267
440 6.48600006104
441 6.59600019455
442 6.46000003815
443 3.06299996376
444 3.04699993134
445 3.02699995041
446 3.03600001335
447 3.01300001144
448 3.01099991798
449 2.99900007248
450 3.0039999485
451 3.00500011444
452 2.99799990654
453 2.97499990463
454 2.96799993515
455 2.97000002861
456 2.95399999619
457 2.97099995613
458 2.95300006866
459 2.95600008965
460 2.95700001717
461 2.94099998474
462 2.9319999218
463 2.9240000248
464 2.9509999752
465 2.93300008774
466 2.92000007629
467 2.91100001335
468 2.91899991035
469 2.90599989891
470 2.66499996185
471 2.64299988747
472 2.63700008392
473 2.64499998093
474 0.941999971867
475 0.699000000954
476 0.703999996185
477 0.925000011921
478 2.64599990845
479 2.64499998093
480 2.64499998093
481 2.64100003242
482 2.64700007439
483 2.63199996948
484 2.65100002289
485 2.65899991989
486 2.64400005341
487 2.65300011635
488 2.67100000381
489 2.67700004578
490 2.81900000572
491 2.92100000381
492 2.9319999218
493 2.9319999218
494 2.96300005913
495 2.9430000782
496 2.94600009918
497 2.95000004768
498 2.96499991417
499 2.95399999619
500 2.96900010109
501 2.96700000763
502 2.99900007248
503 2.99499988556
504 2.98200011253
505 2.98600006104
506 3.01799988747
507 3.02600002289
508 3.02099990845
509 3.01999998093
510 3.04800009727
511 1.37800002098
512 1.24699997902
513 1.22500002384
514 1.22899997234
515 1.20700001717
516 1.19400000572
517 1.20899999142
518 1.21300005913
519 1.20399999619
520 1.22500002384
521 1.23000001907
522 1.23599994183
523 1.2460000515
524 0.989000022411
525 0.915000021458
526 0.916000008583
527 1.17999994755
528 1.20799994469
529 1.20200002193
530 1.18400001526
531 1.1779999733
532 1.19000005722
533 1.20399999619
534 1.19599997997
535 1.18900001049
536 1.20299994946
537 1.21899998188
538 1.25100004673
539 1.31799995899
540 3.55399990082
