0 4.50600004196
1 4.42199993134
2 4.45499992371
3 4.4390001297
4 4.51800012589
5 4.64699983597
6 4.67000007629
7 4.71700000763
8 4.73500013351
9 4.76999998093
10 4.78900003433
11 4.82899999619
12 4.85500001907
13 4.88500022888
14 4.91400003433
15 4.9359998703
16 4.82100009918
17 4.85200023651
18 4.88700008392
19 4.96199989319
20 5.13100004196
21 5.18699979782
22 5.22300004959
23 5.27400016785
24 5.30499982834
25 5.35599994659
26 5.40700006485
27 5.4310002327
28 5.4889998436
29 5.54400014877
30 5.60599994659
31 5.64599990845
32 5.66900014877
33 22.7929992676
34 17.1480007172
35 17.1340007782
36 17.1509990692
37 0.0
38 0.0
39 0.0
40 17.2250003815
41 17.1599998474
42 17.0629997253
43 17.0149993896
44 16.5240001678
45 16.5300006866
46 16.5170001984
47 13.1470003128
48 13.0830001831
49 12.3330001831
50 11.9270000458
51 11.5699996948
52 11.595000267
53 11.6239995956
54 11.6199998856
55 11.3389997482
56 10.9720001221
57 10.4659996033
58 10.1129999161
59 8.29699993134
60 8.33800029755
61 8.19699954987
62 7.91300010681
63 7.63100004196
64 7.45200014114
65 7.24399995804
66 7.05999994278
67 6.89400005341
68 6.78999996185
69 6.77199983597
70 6.79400014877
71 6.82999992371
72 6.84800004959
73 6.85599994659
74 6.79400014877
75 6.63199996948
76 6.5110001564
77 6.38800001144
78 6.2610001564
79 6.13800001144
80 5.21899986267
81 4.96799993515
82 4.85900020599
83 4.76999998093
84 4.68499994278
85 4.61000013351
86 4.54500007629
87 4.46799993515
88 4.37699985504
89 4.32999992371
90 4.28299999237
91 4.20699977875
92 4.14799976349
93 4.09499979019
94 4.02699995041
95 3.99300003052
96 3.93799996376
97 3.88000011444
98 3.83400011063
99 3.79399991035
100 3.75999999046
101 3.78299999237
102 3.82299995422
103 3.83400011063
104 3.875
105 3.91499996185
106 3.93099999428
107 3.96099996567
108 3.89899992943
109 3.86400008202
110 3.82800006866
111 3.8069999218
112 3.77099990845
113 3.72399997711
114 3.67600011826
115 3.66000008583
116 3.62199997902
117 3.59999990463
118 3.55800008774
119 3.51399993896
120 3.48900008202
121 3.46900010109
122 3.44799995422
123 3.42100000381
124 3.40400004387
125 3.38800001144
126 3.4240000248
127 3.45199990273
128 3.49099993706
129 3.51099991798
130 3.56999993324
131 3.60700011253
132 3.66400003433
133 4.03000020981
134 4.05700016022
135 4.08199977875
136 4.11999988556
137 4.13899993896
138 4.18300008774
139 4.19799995422
140 4.25
141 4.28499984741
142 4.31799983978
143 4.33599996567
144 4.36499977112
145 4.41400003433
146 4.46700000763
147 4.48699998856
148 4.5110001564
149 4.53999996185
150 4.55200004578
151 4.19199991226
152 4.29699993134
153 4.57000017166
154 3.26300001144
155 3.40899991989
156 4.71799993515
157 4.60500001907
158 4.56199979782
159 4.79699993134
160 4.82600021362
161 4.85400009155
162 4.88100004196
163 4.92199993134
164 4.95100021362
165 4.99800014496
166 5.03000020981
167 5.03800010681
168 3.14700007439
169 3.22000002861
170 3.37400007248
171 4.12200021744
172 4.92399978638
173 4.8860001564
174 4.85300016403
175 4.83099985123
176 4.8189997673
177 4.80999994278
178 4.81699991226
179 4.84299993515
180 4.86199998856
181 4.90100002289
182 4.80499982834
183 5.32000017166
184 5.46400022507
185 5.47800016403
186 5.50199985504
187 5.51499986649
188 4.60500001907
189 4.57899999619
190 5.5609998703
191 5.58799982071
192 3.63499999046
193 3.52500009537
194 4.05900001526
195 4.03900003433
196 5.69299983978
197 5.71299982071
198 5.71299982071
199 5.74800014496
200 5.78599977493
201 5.78999996185
202 5.80499982834
203 5.83099985123
204 5.84899997711
205 5.8639998436
206 5.875
207 5.88000011444
208 5.89499998093
209 5.88700008392
210 5.90500020981
211 5.93499994278
212 5.94999980927
213 5.96799993515
214 5.99100017548
215 5.99300003052
216 6.01000022888
217 6.02199983597
218 6.02899980545
219 6.06599998474
220 6.07800006866
221 6.06699991226
222 6.09399986267
223 6.07700014114
224 6.10699987411
225 6.10599994659
226 6.09600019455
227 6.11299991608
228 6.13800001144
229 6.14200019836
230 6.15600013733
231 6.17100000381
232 6.16699981689
233 6.19099998474
234 6.19000005722
235 6.19199991226
236 6.21600008011
237 6.22700023651
238 6.22599983215
239 6.23000001907
240 6.22200012207
241 6.22100019455
242 6.22900009155
243 6.22300004959
244 6.21600008011
245 6.21500015259
246 6.23500013351
247 6.21899986267
248 6.23999977112
249 6.2610001564
250 6.257999897
251 6.26700019836
252 6.24300003052
253 6.2610001564
254 6.26399993896
255 6.26399993896
256 6.257999897
257 6.25899982452
258 6.23699998856
259 6.25199985504
260 6.25199985504
261 6.22599983215
262 6.22300004959
263 6.23299980164
264 6.21999979019
265 6.21899986267
266 6.22399997711
267 6.20399999619
268 6.22399997711
269 6.21099996567
270 6.20499992371
271 6.21600008011
272 6.1970000267
273 6.13000011444
274 5.84299993515
275 5.78299999237
276 5.76800012589
277 5.72200012207
278 5.73099994659
279 5.71400022507
280 5.742000103
281 5.76000022888
282 5.81199979782
283 5.94299983978
284 6.08099985123
285 6.08099985123
286 6.07299995422
287 6.05499982834
288 6.0529999733
289 6.05000019073
290 6.02600002289
291 6.00400018692
292 5.992000103
293 5.97700023651
294 5.96099996567
295 5.94500017166
296 5.92999982834
297 5.90199995041
298 5.89200019836
299 5.87599992752
300 5.8639998436
301 5.85599994659
302 5.84100008011
303 5.82499980927
304 5.81199979782
305 5.79400014877
306 5.78000020981
307 5.77199983597
308 2.06699991226
309 2.04699993134
310 2.03200006485
311 2.05500006676
312 2.04099988937
313 2.04299998283
314 2.02600002289
315 2.02399992943
316 2.01300001144
317 2.03999996185
318 2.02399992943
319 2.03200006485
320 2.03900003433
321 2.02999997139
322 2.00699996948
323 2.02399992943
324 2.00699996948
325 1.0759999752
326 0.888000011444
327 0.847000002861
328 0.860000014305
329 0.986999988556
330 2.40499997139
331 2.25600004196
332 2.15300011635
333 2.12800002098
334 2.14899992943
335 2.18099999428
336 2.21300005913
337 2.2539999485
338 2.25999999046
339 2.22300004959
340 2.22499990463
341 2.20700001717
342 2.15400004387
343 2.13400006294
344 2.15499997139
345 2.21399998665
346 2.2990000248
347 2.28900003433
348 2.25600004196
349 2.26999998093
350 2.29399991035
351 4.67600011826
352 4.63700008392
353 4.62699985504
354 4.59100008011
355 4.56300020218
356 4.31500005722
357 4.36899995804
358 4.47900009155
359 4.46700000763
360 4.41699981689
361 4.41300010681
362 4.36600017548
363 4.34700012207
364 4.33099985123
365 4.27699995041
366 4.23400020599
367 4.20499992371
368 4.17899990082
369 4.14300012589
370 4.09800004959
371 4.07299995422
372 4.04699993134
373 4.01800012589
374 3.97300004959
375 3.94400000572
376 3.93000006676
377 3.89599990845
378 3.86100006104
379 3.83100008965
380 3.83699989319
381 3.70399999619
382 3.64400005341
383 3.60500001907
384 3.56299996376
385 3.53500008583
386 3.49799990654
387 3.46600008011
388 3.42700004578
389 3.382999897
390 3.35599994659
391 3.34299993515
392 3.30800008774
393 3.29200005531
394 3.25699996948
395 3.26799988747
396 3.29999995232
397 3.33100008965
398 3.36800003052
399 3.3900001049
400 3.44099998474
401 3.48300004005
402 3.51300001144
403 3.55900001526
404 3.59999990463
405 3.63899993896
406 3.68300008774
407 3.73200011253
408 3.74699997902
409 3.78099989891
410 3.82399988174
411 3.88800001144
412 3.9319999218
413 3.99799990654
414 4.03700017929
415 4.11299991608
416 4.1779999733
417 4.22499990463
418 4.29400014877
419 4.34800004959
420 4.4470000267
421 4.48699998856
422 4.59399986267
423 4.65500020981
424 4.73500013351
425 4.8029999733
426 4.90899991989
427 5.02299976349
428 5.10799980164
429 5.20399999619
430 5.3060002327
431 5.41699981689
432 5.51999998093
433 5.64499998093
434 5.76000022888
435 5.88199996948
436 6.03399991989
437 6.15799999237
438 6.31799983978
439 6.4470000267
440 6.50299978256
441 6.60099983215
442 6.44799995422
443 3.0720000267
444 3.03999996185
445 3.04800009727
446 3.01999998093
447 3.03699994087
448 3.01200008392
449 2.99399995804
450 3.01099991798
451 3.00300002098
452 2.99900007248
453 2.97499990463
454 2.97499990463
455 2.96000003815
456 2.97499990463
457 2.95799994469
458 2.97000002861
459 2.9430000782
460 2.9430000782
461 2.9319999218
462 2.94199991226
463 2.93600010872
464 2.9319999218
465 2.9279999733
466 2.93400001526
467 2.92000007629
468 2.92100000381
469 2.90799999237
470 2.68499994278
471 2.65000009537
472 2.63499999046
473 2.64499998093
474 0.945999979973
475 0.714999973774
476 0.694000005722
477 0.926999986172
478 2.65300011635
479 2.64199995995
480 2.62700009346
481 2.65400004387
482 2.65499997139
483 2.65199995041
484 2.63800001144
485 2.64599990845
486 2.67100000381
487 2.66000008583
488 2.67700004578
489 2.67600011826
490 2.82299995422
491 2.92300009727
492 2.94000005722
493 2.95000004768
494 2.93300008774
495 2.94099998474
496 2.96499991417
497 2.96700000763
498 2.95600008965
499 2.96600008011
500 2.96499991417
501 2.96700000763
502 2.97000002861
503 2.9849998951
504 2.98099994659
505 2.99499988556
506 3.00200009346
507 2.99699997902
508 3.00500011444
509 3.02200007439
510 3.04399991035
511 1.39999997616
512 1.24500000477
513 1.22599995136
514 1.2159999609
515 1.21399998665
516 1.21000003815
517 1.2120000124
518 1.22000002861
519 1.21099996567
520 1.21000003815
521 1.21800005436
522 1.23500001431
523 1.25
524 0.991999983788
525 0.916000008583
526 0.912000000477
527 1.16900002956
528 1.22599995136
529 1.20399999619
530 1.21500003338
531 1.20200002193
532 1.1779999733
533 1.19299995899
534 1.2120000124
535 1.21399998665
536 1.20700001717
537 1.21099996567
538 1.23300004005
539 1.29799997807
540 3.52900004387
