0 4.50500011444
1 4.42899990082
2 4.44899988174
3 4.44600009918
4 4.52099990845
5 4.63999986649
6 4.68300008774
7 4.72100019455
8 4.73099994659
9 4.76800012589
10 4.80800008774
11 4.81300020218
12 4.8639998436
13 4.89300012589
14 4.92600011826
15 4.9390001297
16 4.83799982071
17 4.83900022507
18 4.88800001144
19 4.95800018311
20 5.14400005341
21 5.18300008774
22 5.22200012207
23 5.27299976349
24 5.29699993134
25 5.35300016403
26 5.40000009537
27 5.44000005722
28 5.50199985504
29 5.55100011826
30 5.59800004959
31 5.63999986649
32 5.65700006485
33 0.0
34 17.1480007172
35 17.1459999084
36 17.1469993591
37 0.0
38 0.0
39 0.0
40 17.2369995117
41 17.170999527
42 17.0729999542
43 17.0189990997
44 16.5079994202
45 16.5400009155
46 16.5209999084
47 13.1669998169
48 13.0830001831
49 12.3249998093
50 11.9399995804
51 11.5860004425
52 11.5989999771
53 11.6199998856
54 11.6149997711
55 11.3500003815
56 11.0039997101
57 10.4479999542
58 10.111000061
59 8.29599952698
60 8.32800006866
61 8.18999958038
62 7.91599988937
63 7.63999986649
64 7.4470000267
65 7.23999977112
66 7.05999994278
67 6.90000009537
68 6.78200006485
69 6.78299999237
70 6.80700016022
71 6.83500003815
72 6.85400009155
73 6.85500001907
74 6.78700017929
75 6.63999986649
76 6.51399993896
77 6.38399982452
78 6.26800012589
79 6.15299987793
80 5.24499988556
81 4.96899986267
82 4.84899997711
83 4.76599979401
84 4.69199991226
85 4.61000013351
86 4.54099988937
87 4.47399997711
88 4.39300012589
89 4.34100008011
90 4.24800014496
91 4.21099996567
92 4.15999984741
93 4.10599994659
94 4.04799985886
95 3.99000000954
96 3.93000006676
97 3.88800001144
98 3.84800004959
99 3.79999995232
100 3.757999897
101 3.78699994087
102 3.81999993324
103 3.84100008011
104 3.85599994659
105 3.92000007629
106 3.92000007629
107 3.93700003624
108 3.90899991989
109 3.87299990654
110 3.83899998665
111 3.80599999428
112 3.76900005341
113 3.72199988365
114 3.71099996567
115 3.66100001335
116 3.62599992752
117 3.58500003815
118 3.54999995232
119 3.51900005341
120 3.49799990654
121 3.47699999809
122 3.4509999752
123 3.42300009727
124 3.40700006485
125 3.39599990845
126 3.42300009727
127 3.4470000267
128 3.47699999809
129 3.52699995041
130 3.56699991226
131 3.61199998856
132 3.66599988937
133 4.01599979401
134 4.0609998703
135 4.09899997711
136 4.10200023651
137 4.12900018692
138 4.1810002327
139 4.21400022507
140 4.25299978256
141 4.28999996185
142 4.29899978638
143 4.34399986267
144 4.36299991608
145 4.42000007629
146 4.47100019455
147 4.48799991608
148 4.5
149 4.54300022125
150 4.54300022125
151 4.19999980927
152 4.28299999237
153 4.53800010681
154 3.27099990845
155 3.40300011635
156 4.71199989319
157 4.58500003815
158 4.56199979782
159 4.80499982834
160 4.81799983978
161 4.85500001907
162 4.89699983597
163 4.92600011826
164 4.96600008011
165 4.992000103
166 5.02600002289
167 5.02600002289
168 3.15799999237
169 3.22900009155
170 3.367000103
171 4.10900020599
172 4.90899991989
173 4.86899995804
174 4.84999990463
175 4.82600021362
176 4.81199979782
177 4.81300020218
178 4.82700014114
179 4.84399986267
180 4.867000103
181 4.90100002289
182 4.82299995422
183 5.30800008774
184 5.46299982071
185 5.46400022507
186 5.5
187 5.52400016785
188 4.60400009155
189 4.57299995422
190 5.56199979782
191 5.58099985123
192 3.63100004196
193 3.52099990845
194 4.07000017166
195 4.06699991226
196 5.6859998703
197 5.70800018311
198 5.72200012207
199 5.757999897
200 5.7610001564
201 5.79699993134
202 5.81599998474
203 5.82399988174
204 5.84100008011
205 5.8639998436
206 5.88399982452
207 5.882999897
208 5.89300012589
209 5.89099979401
210 5.90399980545
211 5.94000005722
212 5.95599985123
213 5.96099996567
214 5.97900009155
215 6.00199985504
216 6.0110001564
217 6.03900003433
218 6.04199981689
219 6.0689997673
220 6.07899999619
221 6.07399988174
222 6.07299995422
223 6.08300018311
224 6.11199998856
225 6.09999990463
226 6.10699987411
227 6.11999988556
228 6.13399982452
229 6.14699983597
230 6.15600013733
231 6.15999984741
232 6.18499994278
233 6.18200016022
234 6.1779999733
235 6.21000003815
236 6.23400020599
237 6.23299980164
238 6.22800016403
239 6.22499990463
240 6.22399997711
241 6.22800016403
242 6.23400020599
243 6.23099994659
244 6.21600008011
245 6.21700000763
246 6.22300004959
247 6.23699998856
248 6.25600004196
249 6.24700021744
250 6.25699996948
251 6.24300003052
252 6.27400016785
253 6.26900005341
254 6.27099990845
255 6.27299976349
256 6.2610001564
257 6.26700019836
258 6.2610001564
259 6.257999897
260 6.23699998856
261 6.23600006104
262 6.24100017548
263 6.23000001907
264 6.21600008011
265 6.19999980927
266 6.20900011063
267 6.22499990463
268 6.21099996567
269 6.21400022507
270 6.20399999619
271 6.20900011063
272 6.21099996567
273 6.13500022888
274 5.84399986267
275 5.78700017929
276 5.757999897
277 5.73299980164
278 5.72399997711
279 5.72200012207
280 5.73999977112
281 5.75099992752
282 5.80200004578
283 5.96099996567
284 6.0720000267
285 6.08300018311
286 6.07800006866
287 6.05999994278
288 6.03499984741
289 6.0529999733
290 6.03200006485
291 6.01000022888
292 6.00299978256
293 5.992000103
294 5.9470000267
295 5.94000005722
296 5.92000007629
297 5.89300012589
298 5.87799978256
299 5.88399982452
300 5.86000013351
301 5.85500001907
302 5.83799982071
303 5.83099985123
304 5.80000019073
305 5.79099988937
306 5.79099988937
307 5.76900005341
308 2.09200000763
309 2.06500005722
310 2.04099988937
311 2.04699993134
312 2.04699993134
313 2.03900003433
314 2.02300000191
315 2.02500009537
316 2.02399992943
317 2.02999997139
318 2.01300001144
319 2.02200007439
320 2.02800011635
321 2.02800011635
322 2.02300000191
323 2.02800011635
324 2.00099992752
325 1.06900000572
326 0.889999985695
327 0.856999993324
328 0.866999983788
329 0.989000022411
330 2.12599992752
331 2.08899998665
332 2.09699988365
333 2.05200004578
334 2.05100011826
335 2.09200000763
336 2.18400001526
337 2.21900010109
338 2.24300003052
339 2.21399998665
340 2.22900009155
341 2.22699999809
342 2.15499997139
343 2.08500003815
344 2.07399988174
345 2.08899998665
346 2.10800004005
347 2.17000007629
348 2.25200009346
349 4.73699998856
350 4.70300006866
351 4.68300008774
352 4.64300012589
353 4.62400007248
354 4.60200023651
355 4.54500007629
356 4.31699991226
357 4.36299991608
358 4.47200012207
359 4.45300006866
360 4.44000005722
361 4.41300010681
362 4.37900018692
363 4.36299991608
364 4.32499980927
365 4.27899980545
366 4.23799991608
367 4.19000005722
368 4.17399978638
369 4.13100004196
370 4.11899995804
371 4.07899999619
372 4.04099988937
373 4.01800012589
374 3.99499988556
375 3.95900011063
376 3.92000007629
377 3.88199996948
378 3.86999988556
379 3.86299991608
380 3.83400011063
381 3.71799993515
382 3.63700008392
383 3.59500002861
384 3.55100011826
385 3.52900004387
386 3.49399995804
387 3.4430000782
388 3.41100001335
389 3.40199995041
390 3.367000103
391 3.34100008011
392 3.31299996376
393 3.27099990845
394 3.26300001144
395 3.26200008392
396 3.3029999733
397 3.31599998474
398 3.35800004005
399 3.40400004387
400 3.44600009918
401 3.47199988365
402 3.507999897
403 3.55500006676
404 3.60400009155
405 3.64499998093
406 3.66799998283
407 3.72499990463
408 3.74000000954
409 3.77900004387
410 3.81900000572
411 3.882999897
412 3.93899989128
413 3.98699998856
414 4.05200004578
415 4.12099981308
416 4.15999984741
417 4.25099992752
418 4.29699993134
419 4.36899995804
420 4.41900014877
421 4.51900005341
422 4.58799982071
423 4.65999984741
424 4.71700000763
425 4.80800008774
426 4.91300010681
427 5.02099990845
428 5.10200023651
429 5.20200014114
430 5.31300020218
431 5.41599988937
432 5.53000020981
433 5.63800001144
434 5.7610001564
435 5.88100004196
436 6.02299976349
437 6.16099977493
438 6.30100011826
439 6.46299982071
440 6.47800016403
441 6.61000013351
442 6.46600008011
443 3.09200000763
444 3.04299998283
445 3.03999996185
446 3.02600002289
447 3.01699995995
448 3.02600002289
449 3.02600002289
450 2.9960000515
451 2.98399996758
452 2.98200011253
453 2.98399996758
454 2.98900008202
455 2.98799991608
456 2.95300006866
457 2.97399997711
458 2.97600007057
459 2.95799994469
460 2.94199991226
461 2.94199991226
462 2.95199990273
463 2.93000006676
464 2.9319999218
465 2.9240000248
466 2.92899990082
467 2.9319999218
468 2.9240000248
469 2.92000007629
470 2.66899991035
471 2.65000009537
472 2.6210000515
473 2.632999897
474 0.931999981403
475 0.698000013828
476 0.711000025272
477 0.925999999046
478 2.65599989891
479 2.64400005341
480 2.65599989891
481 2.64499998093
482 2.63100004196
483 2.64899992943
484 2.64899992943
485 2.65799999237
486 2.67199993134
487 2.65599989891
488 2.66599988937
489 2.67199993134
490 2.8180000782
491 2.9279999733
492 2.9319999218
493 2.96199989319
494 2.93799996376
495 2.93700003624
496 2.94199991226
497 2.95199990273
498 2.95000004768
499 2.95199990273
500 2.98799991608
501 2.96799993515
502 2.97099995613
503 2.99799990654
504 3.00300002098
505 2.99099993706
506 3.01399993896
507 3.00500011444
508 3.03399991989
509 3.02699995041
510 3.02300000191
511 3.03800010681
512 3.07100009918
513 1.2159999609
514 1.23800003529
515 1.15400004387
516 1.15400004387
517 1.14800000191
518 1.13199996948
519 1.14699995518
520 1.12000000477
521 1.13100004196
522 1.13100004196
523 1.12800002098
524 0.990999996662
525 0.907000005245
526 0.919000029564
527 1.14100003242
528 1.21399998665
529 1.26800000668
530 1.23199999332
531 1.2460000515
532 1.22800004482
533 1.22800004482
534 1.23699998856
535 1.21500003338
536 1.23199999332
537 1.23300004005
538 1.24100005627
539 1.25
540 1.27699995041
