0 4.51900005341
1 4.44799995422
2 4.4390001297
3 4.47100019455
4 4.52799987793
5 4.65100002289
6 4.67399978638
7 4.70699977875
8 4.74700021744
9 4.78299999237
10 4.79300022125
11 4.82600021362
12 4.86299991608
13 4.90399980545
14 4.93400001526
15 4.93499994278
16 4.84000015259
17 4.86000013351
18 4.88199996948
19 4.96000003815
20 5.14799976349
21 5.18800020218
22 5.23400020599
23 5.26300001144
24 5.32000017166
25 5.36100006104
26 5.41099977493
27 5.45499992371
28 5.49700021744
29 5.5529999733
30 5.60200023651
31 5.65000009537
32 5.68200016022
33 0.0
34 17.1450004578
35 17.1350002289
36 17.1459999084
37 0.0
38 0.0
39 0.0
40 17.232000351
41 17.1630001068
42 17.079000473
43 17.0030002594
44 16.5349998474
45 16.5480003357
46 16.533000946
47 13.1579999924
48 13.0850000381
49 12.3380002975
50 11.9119997025
51 11.593000412
52 11.6029996872
53 11.6330003738
54 11.6280002594
55 11.3500003815
56 11.0100002289
57 10.4530000687
58 10.1140003204
59 8.31599998474
60 8.34500026703
61 8.19499969482
62 7.9310002327
63 7.63800001144
64 7.46199989319
65 7.25500011444
66 7.07999992371
67 6.90299987793
68 6.80000019073
69 6.77600002289
70 6.80999994278
71 6.83599996567
72 6.85099983215
73 6.882999897
74 6.8060002327
75 6.64599990845
76 6.52299976349
77 6.37799978256
78 6.26300001144
79 6.15700006485
80 5.24100017548
81 4.96400022507
82 4.85099983215
83 4.78299999237
84 4.6859998703
85 4.60900020599
86 4.54500007629
87 4.46999979019
88 4.40299987793
89 4.32899999619
90 4.27099990845
91 4.21999979019
92 4.17600011826
93 4.11600017548
94 4.02299976349
95 3.97699999809
96 3.93000006676
97 3.8789999485
98 3.82500004768
99 3.79699993134
100 3.757999897
101 3.79299998283
102 3.81999993324
103 3.86100006104
104 3.89100003242
105 3.89700007439
106 3.94199991226
107 3.95399999619
108 3.90499997139
109 3.89199995995
110 3.86199998856
111 3.80500006676
112 3.77600002289
113 3.742000103
114 3.6930000782
115 3.66400003433
116 3.63400006294
117 3.58699989319
118 3.54500007629
119 3.54099988937
120 3.50999999046
121 3.48099994659
122 3.43099999428
123 3.41899991035
124 3.40599989891
125 3.37700009346
126 3.43000006676
127 3.45600008965
128 3.48699998856
129 3.52999997139
130 3.57399988174
131 3.59999990463
132 3.6779999733
133 4.00899982452
134 4.0720000267
135 4.07999992371
136 4.11999988556
137 4.14499998093
138 4.1970000267
139 4.22399997711
140 4.26499986649
141 4.28900003433
142 4.29699993134
143 4.33799982071
144 4.39400005341
145 4.42399978638
146 4.47300004959
147 4.47800016403
148 4.50299978256
149 4.52699995041
150 4.53299999237
151 4.1859998703
152 4.32399988174
153 4.54899978638
154 3.27500009537
155 3.39700007439
156 4.72700023651
157 4.60400009155
158 4.5529999733
159 4.79600000381
160 4.8220000267
161 4.86100006104
162 4.90600013733
163 4.92700004578
164 4.95599985123
165 4.99800014496
166 5.01800012589
167 5.04099988937
168 3.13599991798
169 3.21700000763
170 3.36599993706
171 4.10699987411
172 4.91800022125
173 4.88100004196
174 4.86299991608
175 4.84499979019
176 4.83099985123
177 4.82999992371
178 4.82800006866
179 4.84600019455
180 4.87099981308
181 4.90500020981
182 4.82000017166
183 5.30200004578
184 5.46999979019
185 5.492000103
186 5.50099992752
187 5.5110001564
188 4.61299991608
189 4.58500003815
190 5.56699991226
191 5.58799982071
192 3.63700008392
193 3.51799988747
194 4.07899999619
195 4.04300022125
196 5.69000005722
197 5.70900011063
198 5.73299980164
199 5.757999897
200 5.77899980545
201 5.80700016022
202 5.82700014114
203 5.83300018311
204 5.83799982071
205 5.85500001907
206 5.86299991608
207 5.867000103
208 5.90399980545
209 5.91699981689
210 5.92899990082
211 5.95100021362
212 5.94899988174
213 5.97800016403
214 5.99100017548
215 5.98799991608
216 6.01399993896
217 6.05999994278
218 6.0609998703
219 6.07700014114
220 6.09100008011
221 6.09299993515
222 6.09299993515
223 6.08699989319
224 6.10300016403
225 6.10500001907
226 6.12599992752
227 6.12900018692
228 6.14699983597
229 6.15399980545
230 6.16599988937
231 6.16400003433
232 6.15600013733
233 6.18300008774
234 6.21099996567
235 6.21999979019
236 6.22399997711
237 6.24599981308
238 6.24700021744
239 6.22499990463
240 6.22499990463
241 6.23199987411
242 6.22200012207
243 6.22399997711
244 6.23299980164
245 6.23400020599
246 6.23099994659
247 6.25
248 6.26000022888
249 6.25500011444
250 6.25400018692
251 6.26300001144
252 6.27400016785
253 6.27099990845
254 6.28700017929
255 6.28000020981
256 6.27600002289
257 6.26900005341
258 6.25699996948
259 6.25500011444
260 6.24900007248
261 6.24300003052
262 6.22399997711
263 6.23799991608
264 6.23999977112
265 6.22800016403
266 6.21600008011
267 6.21099996567
268 6.21500015259
269 6.20800018311
270 6.21000003815
271 6.22900009155
272 6.20900011063
273 6.14699983597
274 5.85699987411
275 5.78399991989
276 5.75199985504
277 5.7389998436
278 5.71500015259
279 5.71500015259
280 5.73799991608
281 5.78100013733
282 5.81300020218
283 5.95200014114
284 6.08199977875
285 6.08500003815
286 6.08300018311
287 6.06599998474
288 6.05999994278
289 6.05800008774
290 6.03499984741
291 6.02299976349
292 5.99399995804
293 5.98199987411
294 5.95599985123
295 5.95200014114
296 5.90999984741
297 5.90999984741
298 5.89200019836
299 5.87900018692
300 5.86999988556
301 5.85699987411
302 5.83400011063
303 5.82399988174
304 5.82100009918
305 5.77899980545
306 5.80200004578
307 5.77299976349
308 2.05200004578
309 2.09200000763
310 2.06999993324
311 2.03699994087
312 2.04299998283
313 2.02699995041
314 2.02800011635
315 2.04200005531
316 2.04399991035
317 2.03200006485
318 2.02300000191
319 2.03099989891
320 2.03600001335
321 2.01799988747
322 2.0150001049
323 2.03500008583
324 2.02300000191
325 1.08200001717
326 0.89099997282
327 0.856999993324
328 0.85799998045
329 0.991999983788
330 2.11500000954
331 2.08400011063
332 2.0720000267
333 2.08800005913
334 2.12400007248
335 2.21399998665
336 2.23300004005
337 2.23699998856
338 2.24300003052
339 2.21900010109
340 2.24300003052
341 2.27699995041
342 2.23000001907
343 2.1099998951
344 2.09400010109
345 2.07999992371
346 2.08100008965
347 2.10500001907
348 2.16199994087
349 4.75600004196
350 4.71600008011
351 4.6859998703
352 4.65199995041
353 4.63700008392
354 4.60400009155
355 4.55800008774
356 4.29799985886
357 4.36199998856
358 4.49800014496
359 4.46799993515
360 4.45100021362
361 4.42500019073
362 4.39599990845
363 4.35699987411
364 4.32000017166
365 4.28700017929
366 4.23199987411
367 4.21400022507
368 4.17700004578
369 4.15700006485
370 4.10599994659
371 4.09000015259
372 4.04300022125
373 4.01499986649
374 3.97300004959
375 3.97000002861
376 3.93300008774
377 3.91199994087
378 3.88100004196
379 3.85299992561
380 3.82699990273
381 3.72900009155
382 3.63199996948
383 3.59699988365
384 3.55399990082
385 3.51099991798
386 3.49000000954
387 3.46000003815
388 3.43000006676
389 3.38199996948
390 3.38100004196
391 3.32800006866
392 3.31900000572
393 3.27699995041
394 3.25099992752
395 3.26600003242
396 3.29500007629
397 3.34699988365
398 3.37299990654
399 3.39100003242
400 3.45000004768
401 3.47900009155
402 3.51999998093
403 3.56299996376
404 3.59699988365
405 3.65000009537
406 3.68300008774
407 3.73799991608
408 3.7460000515
409 3.78099989891
410 3.83200001717
411 3.8710000515
412 3.92499995232
413 4.0
414 4.06599998474
415 4.12099981308
416 4.17999982834
417 4.23299980164
418 4.28999996185
419 4.38000011444
420 4.44999980927
421 4.50299978256
422 4.59700012207
423 4.6779999733
424 4.73199987411
425 4.80999994278
426 4.90799999237
427 5.01800012589
428 5.11100006104
429 5.20399999619
430 5.32299995422
431 5.42399978638
432 5.52799987793
433 5.65399980545
434 5.76599979401
435 5.89099979401
436 6.02199983597
437 6.16200017929
438 6.31699991226
439 6.48000001907
440 6.49900007248
441 6.60400009155
442 6.46700000763
443 3.06699991226
444 3.05599999428
445 3.03699994087
446 3.02600002289
447 3.02999997139
448 3.00999999046
449 3.00999999046
450 3.01999998093
451 3.00300002098
452 3.00200009346
453 2.98900008202
454 2.97399997711
455 2.99099993706
456 2.96700000763
457 2.96300005913
458 2.95799994469
459 2.95499992371
460 2.94899988174
461 2.95499992371
462 2.94000005722
463 2.93400001526
464 2.92600011826
465 2.93300008774
466 2.9319999218
467 2.93700003624
468 2.91799998283
469 2.92199993134
470 2.64599990845
471 2.65199995041
472 2.63800001144
473 2.64700007439
474 0.945999979973
475 0.714999973774
476 0.716000020504
477 0.924000024796
478 2.65499997139
479 2.632999897
480 2.64100003242
481 2.66700005531
482 2.65799999237
483 2.66400003433
484 2.65499997139
485 2.65899991989
486 2.6740000248
487 2.66599988937
488 2.66000008583
489 2.68099999428
490 2.8220000267
491 2.9430000782
492 2.93099999428
493 2.94400000572
494 2.96000003815
495 2.94899988174
496 2.96600008011
497 2.95499992371
498 2.95600008965
499 2.98000001907
500 2.98099994659
501 2.97499990463
502 2.97499990463
503 2.992000103
504 3.0150001049
505 3.00999999046
506 3.01600003242
507 3.01099991798
508 3.0150001049
509 1.1590000391
510 1.2120000124
511 1.07099997997
512 1.0870000124
513 1.07000005245
514 1.06299996376
515 0.925999999046
516 0.856999993324
517 0.856000006199
518 0.805000007153
519 0.825999975204
520 0.888999998569
521 1.06400001049
522 1.07700002193
523 1.10199999809
524 0.985000014305
525 0.913999974728
526 0.92199999094
527 0.945999979973
528 3.04099988937
529 1.22300004959
530 1.24100005627
531 1.15600001812
532 1.14999997616
533 1.12199997902
534 1.11300003529
535 1.11600005627
536 1.10399997234
537 1.09399998188
538 1.09200000763
539 1.06700003147
540 1.04499995708
