0 4.51300001144
1 4.44799995422
2 4.42100000381
3 4.46000003815
4 4.52299976349
5 4.64900016785
6 4.6859998703
7 4.71400022507
8 4.73699998856
9 4.77699995041
10 4.80800008774
11 4.82700014114
12 4.86199998856
13 4.88999986649
14 4.93400001526
15 4.92999982834
16 4.84200000763
17 4.84499979019
18 4.88000011444
19 4.97599983215
20 5.15100002289
21 5.1810002327
22 5.23699998856
23 5.26399993896
24 5.32299995422
25 5.35900020599
26 5.40999984741
27 5.45599985123
28 5.5
29 5.55000019073
30 5.59999990463
31 5.63399982452
32 5.65199995041
33 0.0
34 17.1730003357
35 17.1550006866
36 17.1639995575
37 0.0
38 0.0
39 0.0
40 17.2430000305
41 17.1790008545
42 17.0760002136
43 17.0130004883
44 16.533000946
45 16.5380001068
46 16.5119991302
47 13.1669998169
48 13.0880002975
49 12.3210000992
50 11.9029998779
51 11.5839996338
52 11.6140003204
53 11.625
54 11.6239995956
55 11.3459997177
56 10.9879999161
57 10.4799995422
58 10.0939998627
59 8.33699989319
60 8.33800029755
61 8.19999980927
62 7.91200017929
63 7.632999897
64 7.44500017166
65 7.25400018692
66 7.07600021362
67 6.89900016785
68 6.78599977493
69 6.78000020981
70 6.79799985886
71 6.81500005722
72 6.84999990463
73 6.88399982452
74 6.8060002327
75 6.64699983597
76 6.51999998093
77 6.3860001564
78 6.25899982452
79 6.16200017929
80 5.25299978256
81 4.97599983215
82 4.86600017548
83 4.78299999237
84 4.68200016022
85 4.58300018311
86 4.52099990845
87 4.45200014114
88 4.38800001144
89 4.35300016403
90 4.27099990845
91 4.22599983215
92 4.15399980545
93 4.12099981308
94 4.04400014877
95 3.9849998951
96 3.93600010872
97 3.8900001049
98 3.85199999809
99 3.78699994087
100 3.77399992943
101 3.78500008583
102 3.8180000782
103 3.86599993706
104 3.87800002098
105 3.89700007439
106 3.92700004578
107 3.95600008965
108 3.91400003433
109 3.89299988747
110 3.85599994659
111 3.79299998283
112 3.77300000191
113 3.73600006104
114 3.69499993324
115 3.66499996185
116 3.63400006294
117 3.58100008965
118 3.5490000248
119 3.53399991989
120 3.51699995995
121 3.47300004959
122 3.45300006866
123 3.42100000381
124 3.40199995041
125 3.38899993896
126 3.43400001526
127 3.45000004768
128 3.47900009155
129 3.53900003433
130 3.58100008965
131 3.62599992752
132 3.67100000381
133 4.0110001564
134 4.04799985886
135 4.08500003815
136 4.12099981308
137 4.15100002289
138 4.19099998474
139 4.1970000267
140 4.26300001144
141 4.28100013733
142 4.29500007629
143 4.34700012207
144 4.38999986649
145 4.42399978638
146 4.46799993515
147 4.48299980164
148 4.507999897
149 4.53200006485
150 4.54099988937
151 4.1890001297
152 4.3140001297
153 4.60300016403
154 3.26999998093
155 3.40000009537
156 4.72599983215
157 4.61000013351
158 4.55700016022
159 4.80399990082
160 4.8220000267
161 4.86000013351
162 4.90100002289
163 4.93699979782
164 4.97399997711
165 5.00099992752
166 5.01000022888
167 5.04199981689
168 3.17600011826
169 3.21900010109
170 3.367000103
171 4.11299991608
172 4.92100000381
173 4.87900018692
174 4.85799980164
175 4.84700012207
176 4.83400011063
177 4.8189997673
178 4.82700014114
179 4.85099983215
180 4.87400007248
181 4.90799999237
182 4.8140001297
183 5.32000017166
184 5.46400022507
185 5.4889998436
186 5.49900007248
187 5.51399993896
188 4.60500001907
189 4.57999992371
190 5.55499982834
191 5.58699989319
192 3.63700008392
193 3.5150001049
194 4.07700014114
195 4.04099988937
196 5.69999980927
197 5.71500015259
198 5.7389998436
199 5.74900007248
200 5.78299999237
201 5.81799983978
202 5.8220000267
203 5.84000015259
204 5.83699989319
205 5.85500001907
206 5.86600017548
207 5.86899995804
208 5.90500020981
209 5.8860001564
210 5.91699981689
211 5.92600011826
212 5.96299982071
213 5.97700023651
214 5.98299980164
215 5.992000103
216 6.02799987793
217 6.03900003433
218 6.05900001526
219 6.0640001297
220 6.08699989319
221 6.07999992371
222 6.09100008011
223 6.08500003815
224 6.08599996567
225 6.10500001907
226 6.12799978256
227 6.13199996948
228 6.13199996948
229 6.15299987793
230 6.16099977493
231 6.16699981689
232 6.16900014877
233 6.20399999619
234 6.21199989319
235 6.21400022507
236 6.23099994659
237 6.21899986267
238 6.22200012207
239 6.22599983215
240 6.23600006104
241 6.21999979019
242 6.22100019455
243 6.22800016403
244 6.22800016403
245 6.22399997711
246 6.22599983215
247 6.24800014496
248 6.25099992752
249 6.23199987411
250 6.24300003052
251 6.27299976349
252 6.28100013733
253 6.27500009537
254 6.27699995041
255 6.28299999237
256 6.27600002289
257 6.26499986649
258 6.23699998856
259 6.23199987411
260 6.23600006104
261 6.24599981308
262 6.23299980164
263 6.23099994659
264 6.23500013351
265 6.23299980164
266 6.21500015259
267 6.21400022507
268 6.22700023651
269 6.23000001907
270 6.21400022507
271 6.20699977875
272 6.21400022507
273 6.14499998093
274 5.83599996567
275 5.78200006485
276 5.75299978256
277 5.7389998436
278 5.72599983215
279 5.72200012207
280 5.74800014496
281 5.76399993896
282 5.8109998703
283 5.95900011063
284 6.08799982071
285 6.07299995422
286 6.0640001297
287 6.06699991226
288 6.04899978638
289 6.04699993134
290 6.01300001144
291 6.02299976349
292 5.99700021744
293 5.97599983215
294 5.96000003815
295 5.9390001297
296 5.91200017929
297 5.90999984741
298 5.89200019836
299 5.87900018692
300 5.85500001907
301 5.86199998856
302 5.81799983978
303 5.8109998703
304 5.80800008774
305 5.78499984741
306 5.77799987793
307 5.76999998093
308 2.08599996567
309 2.08200001717
310 2.05900001526
311 2.03800010681
312 2.03099989891
313 2.05200004578
314 2.03099989891
315 2.03800010681
316 2.04399991035
317 2.04299998283
318 2.03500008583
319 2.03299999237
320 2.02600002289
321 2.01999998093
322 2.02699995041
323 2.02900004387
324 2.01699995995
325 1.0759999752
326 0.894999980927
327 0.851000010967
328 0.878000020981
329 1.00300002098
330 2.14499998093
331 2.15700006485
332 2.15899991989
333 2.1740000248
334 2.18300008774
335 2.20499992371
336 2.23399996758
337 2.24300003052
338 2.2349998951
339 2.21600008011
340 2.24399995804
341 2.25699996948
342 2.23300004005
343 2.20700001717
344 2.18799996376
345 2.06900000572
346 2.07100009918
347 2.10100007057
348 2.14400005341
349 2.18499994278
350 4.72499990463
351 4.67500019073
352 4.65299987793
353 4.61299991608
354 4.59999990463
355 4.55000019073
356 4.30000019073
357 4.37699985504
358 4.47599983215
359 4.46400022507
360 4.45399999619
361 4.40399980545
362 4.37799978256
363 4.36199998856
364 4.30000019073
365 4.26800012589
366 4.23799991608
367 4.21899986267
368 4.17000007629
369 4.14400005341
370 4.11499977112
371 4.0689997673
372 4.0560002327
373 4.02600002289
374 3.98600006104
375 3.94400000572
376 3.91799998283
377 3.91199994087
378 3.8789999485
379 3.85199999809
380 3.83400011063
381 3.71099996567
382 3.65100002289
383 3.60299992561
384 3.56399989128
385 3.53299999237
386 3.49499988556
387 3.45700001717
388 3.43400001526
389 3.40499997139
390 3.3710000515
391 3.34100008011
392 3.32399988174
393 3.28699994087
394 3.25
395 3.257999897
396 3.29200005531
397 3.34100008011
398 3.37299990654
399 3.3900001049
400 3.45000004768
401 3.48200011253
402 3.52399992943
403 3.5529999733
404 3.59400010109
405 3.65100002289
406 3.68600010872
407 3.71099996567
408 3.74000000954
409 3.79800009727
410 3.8220000267
411 3.87400007248
412 3.93400001526
413 3.99000000954
414 4.0609998703
415 4.10400009155
416 4.19000005722
417 4.25500011444
418 4.28800010681
419 4.38999986649
420 4.44299983978
421 4.52299976349
422 4.58699989319
423 4.67100000381
424 4.73799991608
425 4.80499982834
426 4.91499996185
427 5.007999897
428 5.11800003052
429 5.21000003815
430 5.31799983978
431 5.42500019073
432 5.51800012589
433 5.64900016785
434 5.77699995041
435 5.87900018692
436 6.03100013733
437 6.16499996185
438 6.3140001297
439 6.46400022507
440 6.50299978256
441 6.59600019455
442 6.44099998474
443 3.06999993324
444 3.04999995232
445 3.03999996185
446 3.03699994087
447 3.04399991035
448 3.0039999485
449 3.01399993896
450 3.00099992752
451 3.0039999485
452 2.99000000954
453 2.97799992561
454 2.98900008202
455 2.96799993515
456 2.97600007057
457 2.97000002861
458 2.96399998665
459 2.97099995613
460 2.94600009918
461 2.95499992371
462 2.93899989128
463 2.94000005722
464 2.9470000267
465 2.9319999218
466 2.93899989128
467 2.9240000248
468 2.9279999733
469 2.90899991989
470 2.66700005531
471 2.62599992752
472 2.64100003242
473 2.65199995041
474 0.936999976635
475 0.712000012398
476 0.703999996185
477 0.929000020027
478 2.66000008583
479 2.64800000191
480 2.64599990845
481 2.65199995041
482 2.66199994087
483 2.66100001335
484 2.64199995995
485 2.66400003433
486 2.65000009537
487 2.67000007629
488 2.65899991989
489 2.66799998283
490 2.82800006866
491 2.93300008774
492 2.9509999752
493 2.94400000572
494 2.94400000572
495 2.96700000763
496 2.94600009918
497 2.95399999619
498 2.96099996567
499 2.98000001907
500 2.99000000954
501 2.98099994659
502 2.99300003052
503 2.99300003052
504 2.99799990654
505 1.11399996281
506 1.17200005054
507 1.05499994755
508 1.04700005054
509 1.04700005054
510 1.04799997807
511 1.03600001335
512 1.02400004864
513 1.04499995708
514 1.03999996185
515 1.03100001812
516 1.03900003433
517 1.07099997997
518 1.05900001526
519 1.05599999428
520 1.18200004101
521 1.16400003433
522 3.16000008583
523 3.16899991035
524 0.925999999046
525 0.916999995708
526 0.925999999046
527 1.07799994946
528 1.05499994755
529 1.05700004101
530 1.05700004101
531 1.04200005531
532 1.0529999733
533 1.05799996853
534 1.04299998283
535 1.05999994278
536 1.05900001526
537 1.06099998951
538 1.05999994278
539 1.05700004101
540 1.08500003815
