0 4.51999998093
1 4.43499994278
2 4.45100021362
3 4.47399997711
4 4.51300001144
5 4.64799976349
6 4.67299985886
7 4.70800018311
8 4.73500013351
9 4.757999897
10 4.8029999733
11 4.82299995422
12 4.86199998856
13 4.89599990845
14 4.92600011826
15 4.93499994278
16 4.83099985123
17 4.85799980164
18 4.882999897
19 4.97700023651
20 5.13999986649
21 5.1890001297
22 5.23600006104
23 5.26499986649
24 5.31599998474
25 5.36100006104
26 5.41099977493
27 5.46000003815
28 5.48500013351
29 5.55499982834
30 5.59200000763
31 5.65500020981
32 5.65899991989
33 14.454000473
34 14.3719997406
35 14.3669996262
36 17.1509990692
37 0.0
38 0.0
39 0.0
40 17.2430000305
41 17.1770000458
42 17.0669994354
43 17.0149993896
44 16.5219993591
45 16.5389995575
46 16.5300006866
47 13.1560001373
48 13.0819997787
49 12.3319997787
50 11.9289999008
51 11.5869998932
52 11.6000003815
53 11.6239995956
54 11.6239995956
55 11.3470001221
56 10.9930000305
57 10.482000351
58 10.1199998856
59 8.34000015259
60 8.34599971771
61 8.19099998474
62 7.91800022125
63 7.64099979401
64 7.44199991226
65 7.25400018692
66 7.07299995422
67 6.89300012589
68 6.78700017929
69 6.76999998093
70 6.79799985886
71 6.83300018311
72 6.85400009155
73 6.87799978256
74 6.80100011826
75 6.64699983597
76 6.51499986649
77 6.39799976349
78 6.26499986649
79 6.15100002289
80 5.24800014496
81 4.96500015259
82 4.86800003052
83 4.77799987793
84 4.6890001297
85 4.60200023651
86 4.54600000381
87 4.47800016403
88 4.39699983597
89 4.34499979019
90 4.27699995041
91 4.22300004959
92 4.16400003433
93 4.11299991608
94 4.02500009537
95 3.98900008202
96 3.9430000782
97 3.90499997139
98 3.84299993515
99 3.80399990082
100 3.78500008583
101 3.79999995232
102 3.81699991226
103 3.84400010109
104 3.88700008392
105 3.91899991035
106 3.95000004768
107 3.9470000267
108 3.92000007629
109 3.867000103
110 3.83500003815
111 3.8029999733
112 3.76900005341
113 3.73799991608
114 3.69799995422
115 3.66000008583
116 3.62599992752
117 3.60599994659
118 3.56399989128
119 3.52300000191
120 3.49699997902
121 3.46300005913
122 3.44799995422
123 3.42000007629
124 3.40400004387
125 3.39700007439
126 3.42899990082
127 3.46300005913
128 3.49699997902
129 3.52099990845
130 3.57899999619
131 3.62199997902
132 3.6740000248
133 4.03599977493
134 4.0689997673
135 4.08599996567
136 4.12400007248
137 4.14799976349
138 4.19500017166
139 4.21899986267
140 4.24399995804
141 4.26399993896
142 4.32299995422
143 4.34899997711
144 4.36600017548
145 4.41900014877
146 4.46000003815
147 4.49399995804
148 4.51300001144
149 4.54699993134
150 4.5609998703
151 4.19799995422
152 4.29600000381
153 4.56300020218
154 3.27200007439
155 3.40899991989
156 4.72300004959
157 4.6139998436
158 4.5689997673
159 4.79699993134
160 4.83199977875
161 4.86999988556
162 4.91499996185
163 4.92700004578
164 4.95100021362
165 5.0
166 5.03200006485
167 5.03700017929
168 3.15300011635
169 3.21000003815
170 3.37400007248
171 4.10599994659
172 4.93300008774
173 4.88100004196
174 4.85300016403
175 4.85200023651
176 4.82100009918
177 4.81599998474
178 4.82999992371
179 4.84700012207
180 4.875
181 4.89699983597
182 4.82700014114
183 5.32100009918
184 5.46099996567
185 5.46999979019
186 5.50500011444
187 5.51999998093
188 4.59999990463
189 4.56500005722
190 5.55900001526
191 5.59700012207
192 3.63499999046
193 3.52699995041
194 4.07000017166
195 4.04500007629
196 5.69199991226
197 5.71600008011
198 5.73600006104
199 5.76900005341
200 5.77899980545
201 5.79300022125
202 5.82000017166
203 5.82800006866
204 5.86000013351
205 5.85300016403
206 5.86899995804
207 5.88000011444
208 5.89799976349
209 5.92399978638
210 5.93400001526
211 5.93200016022
212 5.96000003815
213 5.96400022507
214 5.99700021744
215 5.99800014496
216 6.00199985504
217 6.04300022125
218 6.03900003433
219 6.0689997673
220 6.0720000267
221 6.07399988174
222 6.10400009155
223 6.10699987411
224 6.117000103
225 6.11100006104
226 6.11000013351
227 6.125
228 6.15100002289
229 6.14599990845
230 6.16499996185
231 6.15700006485
232 6.18200016022
233 6.1939997673
234 6.18800020218
235 6.20100021362
236 6.21299982071
237 6.21600008011
238 6.23199987411
239 6.23400020599
240 6.242000103
241 6.24900007248
242 6.23600006104
243 6.23999977112
244 6.23099994659
245 6.25299978256
246 6.23299980164
247 6.23999977112
248 6.25299978256
249 6.27099990845
250 6.24100017548
251 6.26599979401
252 6.26900005341
253 6.26800012589
254 6.29300022125
255 6.26900005341
256 6.28200006485
257 6.25600004196
258 6.26599979401
259 6.26300001144
260 6.23199987411
261 6.22399997711
262 6.24499988556
263 6.22700023651
264 6.21000003815
265 6.20499992371
266 6.21999979019
267 6.23799991608
268 6.22100019455
269 6.19500017166
270 6.21999979019
271 6.20900011063
272 6.20499992371
273 6.1360001564
274 5.84600019455
275 5.79099988937
276 5.77099990845
277 5.73000001907
278 5.73500013351
279 5.72599983215
280 5.75899982452
281 5.76999998093
282 5.80200004578
283 5.94899988174
284 6.08300018311
285 6.08500003815
286 6.07999992371
287 6.06599998474
288 6.04500007629
289 6.04899978638
290 6.03900003433
291 6.01399993896
292 6.00400018692
293 5.98199987411
294 5.96600008011
295 5.9470000267
296 5.92600011826
297 5.91200017929
298 5.89699983597
299 5.87599992752
300 5.86899995804
301 5.84899997711
302 5.84700012207
303 5.83500003815
304 5.82000017166
305 5.79699993134
306 5.78999996185
307 5.76999998093
308 2.06500005722
309 2.0680000782
310 2.06100010872
311 2.04299998283
312 2.03500008583
313 2.04299998283
314 2.02999997139
315 2.04800009727
316 2.02099990845
317 2.03299999237
318 2.03399991989
319 2.04399991035
320 2.03500008583
321 2.02600002289
322 2.01799988747
323 2.00500011444
324 2.02099990845
325 1.08200001717
326 0.885999977589
327 0.85799998045
328 0.885999977589
329 1.00300002098
330 2.31999993324
331 2.24900007248
332 2.15100002289
333 2.1210000515
334 2.15100002289
335 2.19199991226
336 2.21499991417
337 2.24900007248
338 2.24300003052
339 2.23099994659
340 2.23099994659
341 2.23099994659
342 2.14800000191
343 2.15400004387
344 2.16300010681
345 2.23300004005
346 2.28500008583
347 2.26600003242
348 2.25600004196
349 2.26200008392
350 2.32999992371
351 4.68800020218
352 4.66499996185
353 4.62200021744
354 4.60699987411
355 4.57299995422
356 4.32999992371
357 4.367000103
358 4.48600006104
359 4.46099996567
360 4.44099998474
361 4.41200017929
362 4.39300012589
363 4.36199998856
364 4.32100009918
365 4.29699993134
366 4.25500011444
367 4.20300006866
368 4.15799999237
369 4.14799976349
370 4.10799980164
371 4.07299995422
372 4.04300022125
373 4.02400016785
374 3.98000001907
375 3.96700000763
376 3.93099999428
377 3.89499998093
378 3.867000103
379 3.83400011063
380 3.82500004768
381 3.71900010109
382 3.62800002098
383 3.60500001907
384 3.55500006676
385 3.53900003433
386 3.4960000515
387 3.47499990463
388 3.42199993134
389 3.3900001049
390 3.35599994659
391 3.34599995613
392 3.32100009918
393 3.28600001335
394 3.26399993896
395 3.27699995041
396 3.30500006676
397 3.31999993324
398 3.36199998856
399 3.41400003433
400 3.43600010872
401 3.48399996758
402 3.52399992943
403 3.56999993324
404 3.59599995613
405 3.63000011444
406 3.68400001526
407 3.71799993515
408 3.75
409 3.77999997139
410 3.82500004768
411 3.88700008392
412 3.93799996376
413 3.98200011253
414 4.0560002327
415 4.12900018692
416 4.19299983978
417 4.24900007248
418 4.31699991226
419 4.38700008392
420 4.45599985123
421 4.50099992752
422 4.60200023651
423 4.65799999237
424 4.7389998436
425 4.81500005722
426 4.92299985886
427 5.02600002289
428 5.11899995804
429 5.20200014114
430 5.3189997673
431 5.42899990082
432 5.53100013733
433 5.625
434 5.75400018692
435 5.89400005341
436 6.03800010681
437 6.17000007629
438 6.32600021362
439 6.48600006104
440 6.50699996948
441 6.617000103
442 6.46099996567
443 3.09599995613
444 3.04600000381
445 3.05200004578
446 3.04299998283
447 3.03200006485
448 3.00500011444
449 3.01600003242
450 3.01099991798
451 2.99799990654
452 2.98200011253
453 2.992000103
454 2.9849998951
455 2.97799992561
456 2.97099995613
457 2.97000002861
458 2.96799993515
459 2.97300004959
460 2.95399999619
461 2.94899988174
462 2.94099998474
463 2.93799996376
464 2.94799995422
465 2.9319999218
466 2.92000007629
467 2.92899990082
468 2.92300009727
469 2.90700006485
470 2.66899991035
471 2.65700006485
472 2.63899993896
473 2.65100002289
474 0.948000013828
475 0.703999996185
476 0.709999978542
477 0.925999999046
478 2.66000008583
479 2.65000009537
480 2.63499999046
481 2.65400004387
482 2.65400004387
483 2.64199995995
484 2.64299988747
485 2.66400003433
486 2.66199994087
487 2.67300009727
488 2.6740000248
489 2.67100000381
490 2.84200000763
491 2.94899988174
492 2.94000005722
493 2.94199991226
494 2.94899988174
495 2.97499990463
496 2.9509999752
497 2.95499992371
498 2.95900011063
499 2.96600008011
500 2.9849998951
501 2.97099995613
502 2.97699999809
503 2.99099993706
504 2.99300003052
505 3.00099992752
506 3.00200009346
507 3.02399992943
508 3.01900005341
509 1.39800000191
510 1.20399999619
511 1.13900005817
512 1.13600003719
513 1.1289999485
514 1.11199998856
515 1.12199997902
516 1.10500001907
517 1.11399996281
518 1.12600004673
519 1.11699998379
520 1.13499999046
521 1.13199996948
522 1.14199995995
523 1.14199995995
524 0.985000014305
525 0.90499997139
526 0.930999994278
527 1.19599997997
528 1.22099995613
529 1.24000000954
530 1.23000001907
531 1.19599997997
532 1.20700001717
533 1.22399997711
534 1.22899997234
535 1.23000001907
536 1.24399995804
537 1.23500001431
538 1.25
539 1.27799999714
540 3.53299999237
