0 4.51399993896
1 4.4310002327
2 4.44899988174
3 4.47700023651
4 4.52899980545
5 4.65700006485
6 4.68699979782
7 4.72100019455
8 4.73999977112
9 4.76700019836
10 4.80100011826
11 4.83599996567
12 4.85900020599
13 4.90199995041
14 4.93499994278
15 4.91699981689
16 4.84700012207
17 4.83900022507
18 4.89900016785
19 4.97300004959
20 5.14300012589
21 5.19000005722
22 5.21899986267
23 5.27099990845
24 5.32299995422
25 5.36100006104
26 5.41200017929
27 5.45200014114
28 5.48000001907
29 5.55200004578
30 5.58500003815
31 5.65199995041
32 5.66599988937
33 13.9219999313
34 17.158000946
35 17.1420001984
36 17.156999588
37 0.0
38 0.0
39 0.0
40 17.2339992523
41 17.1650009155
42 17.0729999542
43 17.0270004272
44 16.5270004272
45 16.5429992676
46 16.5279998779
47 13.156999588
48 13.0760002136
49 12.3389997482
50 11.9490003586
51 11.5979995728
52 11.6059999466
53 11.6359996796
54 11.6420001984
55 11.3369998932
56 10.9870004654
57 10.4460000992
58 10.1180000305
59 8.34399986267
60 8.33199977875
61 8.21599960327
62 7.92999982834
63 7.632999897
64 7.44999980927
65 7.24399995804
66 7.06199979782
67 6.89900016785
68 6.79099988937
69 6.78399991989
70 6.80499982834
71 6.82700014114
72 6.84399986267
73 6.88399982452
74 6.78999996185
75 6.64599990845
76 6.51999998093
77 6.40000009537
78 6.28100013733
79 6.15399980545
80 5.23500013351
81 4.95499992371
82 4.84999990463
83 4.76800012589
84 4.6859998703
85 4.60900020599
86 4.54899978638
87 4.47399997711
88 4.40000009537
89 4.35500001907
90 4.28000020981
91 4.21999979019
92 4.13500022888
93 4.11800003052
94 4.03800010681
95 3.98799991608
96 3.93700003624
97 3.90499997139
98 3.85100007057
99 3.78800010681
100 3.77900004387
101 3.80599999428
102 3.81599998474
103 3.8599998951
104 3.88700008392
105 3.91000008583
106 3.94600009918
107 3.96000003815
108 3.9240000248
109 3.867000103
110 3.84899997711
111 3.79399991035
112 3.76699995995
113 3.71499991417
114 3.7009999752
115 3.66100001335
116 3.62700009346
117 3.60100007057
118 3.56999993324
119 3.53500008583
120 3.50999999046
121 3.46499991417
122 3.45700001717
123 3.43000006676
124 3.40300011635
125 3.39199995995
126 3.43000006676
127 3.45399999619
128 3.50099992752
129 3.53999996185
130 3.57999992371
131 3.62400007248
132 3.67000007629
133 4.03000020981
134 4.0609998703
135 4.07600021362
136 4.11600017548
137 4.14099979401
138 4.18300008774
139 4.21299982071
140 4.24300003052
141 4.29400014877
142 4.3220000267
143 4.36299991608
144 4.39900016785
145 4.42199993134
146 4.47100019455
147 4.49100017548
148 4.49900007248
149 4.53200006485
150 4.55399990082
151 4.21600008011
152 4.3060002327
153 4.57000017166
154 3.26200008392
155 3.41499996185
156 4.72300004959
157 4.59499979019
158 4.5689997673
159 4.79600000381
160 4.82800006866
161 4.8639998436
162 4.88500022888
163 4.93699979782
164 4.96500015259
165 4.99800014496
166 5.02799987793
167 5.05100011826
168 3.19600009918
169 3.20799994469
170 3.36599993706
171 4.11800003052
172 4.91699981689
173 4.88500022888
174 4.85799980164
175 4.82899999619
176 4.82100009918
177 4.81599998474
178 4.82499980927
179 4.85200023651
180 4.86499977112
181 4.89900016785
182 4.83400011063
183 5.32600021362
184 5.47700023651
185 5.48199987411
186 5.50600004196
187 5.51800012589
188 4.60300016403
189 4.57100009918
190 5.56300020218
191 5.60099983215
192 3.64700007439
193 3.52200007439
194 4.06300020218
195 4.06300020218
196 5.69500017166
197 5.72200012207
198 5.74900007248
199 5.76599979401
200 5.77600002289
201 5.78700017929
202 5.8220000267
203 5.83500003815
204 5.85500001907
205 5.85900020599
206 5.86800003052
207 5.89599990845
208 5.89499998093
209 5.91599988937
210 5.91900014877
211 5.95100021362
212 5.95800018311
213 5.96799993515
214 5.98799991608
215 6.00899982452
216 6.02799987793
217 6.02099990845
218 6.0640001297
219 6.08400011063
220 6.06599998474
221 6.08400011063
222 6.10200023651
223 6.10200023651
224 6.11199998856
225 6.10699987411
226 6.12300014496
227 6.13899993896
228 6.12699985504
229 6.15299987793
230 6.14200019836
231 6.17299985886
232 6.18699979782
233 6.1939997673
234 6.19000005722
235 6.22100019455
236 6.22800016403
237 6.22200012207
238 6.23299980164
239 6.24100017548
240 6.22399997711
241 6.23600006104
242 6.23099994659
243 6.24800014496
244 6.23500013351
245 6.242000103
246 6.23799991608
247 6.24399995804
248 6.25899982452
249 6.2610001564
250 6.25899982452
251 6.24599981308
252 6.26900005341
253 6.27299976349
254 6.26700019836
255 6.27299976349
256 6.26399993896
257 6.27199983597
258 6.24300003052
259 6.24399995804
260 6.24399995804
261 6.23199987411
262 6.22200012207
263 6.22599983215
264 6.22100019455
265 6.22200012207
266 6.23099994659
267 6.22200012207
268 6.20300006866
269 6.22599983215
270 6.21700000763
271 6.23799991608
272 6.22499990463
273 6.14099979401
274 5.84499979019
275 5.79899978638
276 5.75099992752
277 5.74100017548
278 5.72499990463
279 5.73799991608
280 5.73199987411
281 5.76499986649
282 5.80399990082
283 5.95900011063
284 6.09399986267
285 6.08699989319
286 6.06199979782
287 6.07000017166
288 6.05200004578
289 6.04400014877
290 6.04099988937
291 6.01999998093
292 6.00400018692
293 5.98600006104
294 5.96199989319
295 5.94600009918
296 5.92199993134
297 5.89599990845
298 5.88999986649
299 5.88899993896
300 5.85900020599
301 5.84000015259
302 5.82100009918
303 5.82800006866
304 5.81300020218
305 5.8029999733
306 5.79300022125
307 5.76399993896
308 2.08599996567
309 2.08400011063
310 2.05500006676
311 2.0490000248
312 2.05200004578
313 2.05100011826
314 2.0529999733
315 2.02900004387
316 2.02999997139
317 2.01799988747
318 2.02699995041
319 2.02999997139
320 2.02699995041
321 2.0150001049
322 2.03600001335
323 2.01200008392
324 2.01799988747
325 1.07899999619
326 0.894999980927
327 0.85900002718
328 0.879000008106
329 0.999000012875
330 2.32500004768
331 2.26200008392
332 2.17199993134
333 2.15100002289
334 2.15100002289
335 2.18000006676
336 2.22699999809
337 2.24300003052
338 2.24499988556
339 2.23300004005
340 2.23300004005
341 2.2349998951
342 2.17300009727
343 2.14299988747
344 2.16300010681
345 2.24699997902
346 2.27300000191
347 2.25500011444
348 2.2650001049
349 2.27099990845
350 2.32299995422
351 4.6939997673
352 4.66699981689
353 4.62599992752
354 4.59200000763
355 4.56500005722
356 4.31799983978
357 4.35099983215
358 4.49599981308
359 4.46400022507
360 4.44999980927
361 4.42199993134
362 4.39699983597
363 4.36299991608
364 4.30900001526
365 4.26999998093
366 4.24900007248
367 4.21099996567
368 4.17299985886
369 4.14799976349
370 4.09600019455
371 4.06500005722
372 4.04699993134
373 4.0110001564
374 3.99499988556
375 3.94499993324
376 3.93799996376
377 3.90700006485
378 3.88000011444
379 3.85500001907
380 3.82800006866
381 3.73300004005
382 3.64100003242
383 3.59999990463
384 3.5569999218
385 3.52800011635
386 3.492000103
387 3.45600008965
388 3.4319999218
389 3.40300011635
390 3.35800004005
391 3.34599995613
392 3.3220000267
393 3.29800009727
394 3.24799990654
395 3.26399993896
396 3.3029999733
397 3.33999991417
398 3.36800003052
399 3.40899991989
400 3.43799996376
401 3.48399996758
402 3.4960000515
403 3.54999995232
404 3.60400009155
405 3.64499998093
406 3.68700003624
407 3.73099994659
408 3.74000000954
409 3.78299999237
410 3.83100008965
411 3.88100004196
412 3.93300008774
413 4.00699996948
414 4.07000017166
415 4.13000011444
416 4.1779999733
417 4.24800014496
418 4.30900001526
419 4.38500022888
420 4.45200014114
421 4.52500009537
422 4.60300016403
423 4.66900014877
424 4.73000001907
425 4.81699991226
426 4.90799999237
427 5.03299999237
428 5.11199998856
429 5.20900011063
430 5.30800008774
431 5.42199993134
432 5.53499984741
433 5.66099977493
434 5.78100013733
435 5.87599992752
436 6.01399993896
437 6.16499996185
438 6.31599998474
439 6.48400020599
440 6.5
441 6.60500001907
442 6.46999979019
443 3.08899998665
444 3.05399990082
445 3.05200004578
446 3.03800010681
447 3.01300001144
448 3.01699995995
449 3.01699995995
450 3.01099991798
451 2.99699997902
452 3.00099992752
453 3.00200009346
454 2.99300003052
455 2.96799993515
456 2.96600008011
457 2.95499992371
458 2.97600007057
459 2.95700001717
460 2.94600009918
461 2.94499993324
462 2.94899988174
463 2.95600008965
464 2.94499993324
465 2.93799996376
466 2.92100000381
467 2.92899990082
468 2.92000007629
469 2.91300010681
470 2.65799999237
471 2.64599990845
472 2.62599992752
473 2.65499997139
474 0.957000017166
475 0.708999991417
476 0.717999994755
477 0.933000028133
478 2.65000009537
479 2.64899992943
480 2.64899992943
481 2.65499997139
482 2.65499997139
483 2.66000008583
484 2.66599988937
485 2.66300010681
486 2.66100001335
487 2.65599989891
488 2.66799998283
489 2.66700005531
490 2.82399988174
491 2.9509999752
492 2.92899990082
493 2.95399999619
494 2.9470000267
495 2.94000005722
496 2.97600007057
497 2.94899988174
498 2.97799992561
499 2.96399998665
500 2.98799991608
501 2.97900009155
502 2.97499990463
503 2.99300003052
504 2.99399995804
505 2.99499988556
506 3.01300001144
507 3.02200007439
508 3.02900004387
509 1.38900005817
510 1.21000003815
511 1.14199995995
512 1.125
513 1.10899996758
514 1.11500000954
515 1.10399997234
516 1.08899998665
517 1.09700000286
518 1.11500000954
519 1.13100004196
520 1.13100004196
521 1.14300000668
522 1.14900004864
523 1.16199994087
524 0.987999975681
525 0.903999984264
526 0.916000008583
527 1.20700001717
528 1.23300004005
529 1.2159999609
530 1.22599995136
531 1.19500005245
532 1.22300004959
533 1.22000002861
534 1.23300004005
535 1.21899998188
536 1.21099996567
537 1.22200000286
538 1.25199997425
539 1.29700005054
540 3.54600000381
