0 4.50299978256
1 4.4310002327
2 4.44500017166
3 4.45399999619
4 4.53299999237
5 4.64900016785
6 4.67299985886
7 4.70100021362
8 4.74300003052
9 4.76999998093
10 4.80000019073
11 4.82499980927
12 4.86299991608
13 4.90199995041
14 4.92600011826
15 4.94000005722
16 4.82999992371
17 4.84200000763
18 4.88100004196
19 4.96600008011
20 5.14699983597
21 5.17600011826
22 5.21899986267
23 5.26300001144
24 5.31699991226
25 5.35400009155
26 5.38500022888
27 5.44000005722
28 5.49700021744
29 5.53200006485
30 5.59100008011
31 5.64699983597
32 5.69500017166
33 0.0
34 17.1490001678
35 17.1350002289
36 17.1490001678
37 0.0
38 0.0
39 0.0
40 17.2269992828
41 17.1639995575
42 17.0659999847
43 16.9950008392
44 16.5310001373
45 16.5359992981
46 16.5189990997
47 13.1660003662
48 13.0690002441
49 12.3249998093
50 11.954000473
51 11.5810003281
52 11.6079998016
53 11.623000145
54 11.6099996567
55 11.3479995728
56 10.9930000305
57 10.4530000687
58 10.1190004349
59 8.34799957275
60 8.33500003815
61 8.20300006866
62 7.89699983597
63 7.63899993896
64 7.43800020218
65 7.22599983215
66 7.06500005722
67 6.88700008392
68 6.78000020981
69 6.78800010681
70 6.8060002327
71 6.8109998703
72 6.84100008011
73 6.86100006104
74 6.78200006485
75 6.64799976349
76 6.49399995804
77 6.38899993896
78 6.26399993896
79 6.14200019836
80 5.23999977112
81 4.94999980927
82 4.84499979019
83 4.76399993896
84 4.66900014877
85 4.60500001907
86 4.51300001144
87 4.47200012207
88 4.41200017929
89 4.34000015259
90 4.257999897
91 4.20399999619
92 4.13999986649
93 4.09499979019
94 4.03299999237
95 3.98600006104
96 3.91599988937
97 3.89599990845
98 3.84100008011
99 3.79500007629
100 3.7650001049
101 3.78500008583
102 3.80399990082
103 3.85400009155
104 3.89199995995
105 3.89700007439
106 3.93400001526
107 3.96600008011
108 3.92600011826
109 3.88599991798
110 3.83999991417
111 3.79099988937
112 3.75699996948
113 3.73900008202
114 3.68700003624
115 3.66400003433
116 3.62599992752
117 3.59299993515
118 3.55800008774
119 3.52699995041
120 3.49399995804
121 3.48300004005
122 3.42700004578
123 3.40599989891
124 3.40599989891
125 3.39100003242
126 3.42300009727
127 3.45399999619
128 3.48900008202
129 3.52999997139
130 3.56699991226
131 3.58299994469
132 3.66000008583
133 4.01499986649
134 4.06300020218
135 4.07999992371
136 4.12200021744
137 4.12900018692
138 4.16400003433
139 4.21400022507
140 4.24800014496
141 4.27600002289
142 4.3189997673
143 4.32499980927
144 4.38000011444
145 4.40100002289
146 4.45599985123
147 4.48699998856
148 4.50600004196
149 4.52600002289
150 4.5560002327
151 4.20800018311
152 4.29799985886
153 4.59600019455
154 3.25300002098
155 3.41199994087
156 4.70300006866
157 4.59000015259
158 4.55399990082
159 4.78900003433
160 4.83699989319
161 4.85900020599
162 4.89099979401
163 4.92399978638
164 4.95499992371
165 4.98099994659
166 5.02299976349
167 5.03399991989
168 3.15599989891
169 3.21499991417
170 3.3710000515
171 4.10599994659
172 4.90899991989
173 4.87099981308
174 4.84800004959
175 4.83199977875
176 4.83099985123
177 4.82399988174
178 4.84600019455
179 4.83400011063
180 4.86299991608
181 4.89400005341
182 4.81599998474
183 5.31300020218
184 5.46099996567
185 5.47300004959
186 5.49300003052
187 5.507999897
188 4.60200023651
189 4.57100009918
190 5.5609998703
191 5.58699989319
192 3.6289999485
193 3.52200007439
194 4.06799983978
195 4.04600000381
196 5.69199991226
197 5.70699977875
198 5.72300004959
199 5.74599981308
200 5.76599979401
201 5.79799985886
202 5.82800006866
203 5.8220000267
204 5.84200000763
205 5.85699987411
206 5.85900020599
207 5.87900018692
208 5.88899993896
209 5.90799999237
210 5.91200017929
211 5.93200016022
212 5.92999982834
213 5.96199989319
214 5.98400020599
215 6.00199985504
216 6.02199983597
217 6.02899980545
218 6.04699993134
219 6.0529999733
220 6.0640001297
221 6.08300018311
222 6.09100008011
223 6.10099983215
224 6.08699989319
225 6.11499977112
226 6.11899995804
227 6.13199996948
228 6.117000103
229 6.132999897
230 6.15799999237
231 6.17100000381
232 6.18499994278
233 6.19000005722
234 6.1890001297
235 6.21500015259
236 6.21999979019
237 6.21000003815
238 6.22599983215
239 6.21999979019
240 6.21799993515
241 6.22399997711
242 6.23600006104
243 6.22200012207
244 6.21899986267
245 6.24499988556
246 6.21999979019
247 6.23199987411
248 6.26000022888
249 6.24300003052
250 6.25500011444
251 6.26599979401
252 6.25899982452
253 6.24800014496
254 6.25699996948
255 6.26200008392
256 6.25500011444
257 6.242000103
258 6.25099992752
259 6.23199987411
260 6.25
261 6.24800014496
262 6.23199987411
263 6.21299982071
264 6.23699998856
265 6.21899986267
266 6.21199989319
267 6.21199989319
268 6.23699998856
269 6.20900011063
270 6.20100021362
271 6.21899986267
272 6.22499990463
273 6.11299991608
274 5.84399986267
275 5.77500009537
276 5.75500011444
277 5.74300003052
278 5.71799993515
279 5.71299982071
280 5.72900009155
281 5.76700019836
282 5.80700016022
283 5.94999980927
284 6.08400011063
285 6.0689997673
286 6.07399988174
287 6.05000019073
288 6.03299999237
289 6.04400014877
290 6.02299976349
291 5.99599981308
292 5.97800016403
293 5.97100019455
294 5.95399999619
295 5.94500017166
296 5.92899990082
297 5.90199995041
298 5.89699983597
299 5.87699985504
300 5.84399986267
301 5.84899997711
302 5.82800006866
303 5.82499980927
304 5.81300020218
305 5.79600000381
306 5.77600002289
307 5.78000020981
308 2.05100011826
309 2.05599999428
310 2.0490000248
311 2.03099989891
312 2.04399991035
313 2.03999996185
314 2.04500007629
315 2.02999997139
316 2.03500008583
317 2.01399993896
318 2.007999897
319 2.02300000191
320 2.00999999046
321 2.007999897
322 2.007999897
323 2.02699995041
324 2.00999999046
325 1.07799994946
326 0.888999998569
327 0.847999989986
328 0.851999998093
329 0.994000017643
330 2.132999897
331 2.12199997902
332 2.07399988174
333 2.04500007629
334 2.04099988937
335 2.0720000267
336 2.16899991035
337 2.23200011253
338 2.22300004959
339 2.24499988556
340 2.24000000954
341 2.20600008965
342 2.15000009537
343 2.06200003624
344 2.06699991226
345 2.06100010872
346 2.117000103
347 2.13899993896
348 2.24699997902
349 4.73699998856
350 4.70200014114
351 4.67500019073
352 4.64599990845
353 4.63100004196
354 4.59399986267
355 4.56699991226
356 4.30700016022
357 4.34499979019
358 4.49700021744
359 4.44000005722
360 4.42899990082
361 4.41300010681
362 4.382999897
363 4.35300016403
364 4.3189997673
365 4.28399991989
366 4.25299978256
367 4.19799995422
368 4.16699981689
369 4.14200019836
370 4.10599994659
371 4.0640001297
372 4.05499982834
373 4.01300001144
374 3.98000001907
375 3.96099996567
376 3.93499994278
377 3.89899992943
378 3.8789999485
379 3.85599994659
380 3.81900000572
381 3.72099995613
382 3.6400001049
383 3.59500002861
384 3.5680000782
385 3.52800011635
386 3.49699997902
387 3.46199989319
388 3.42700004578
389 3.39899992943
390 3.35599994659
391 3.34200000763
392 3.31399989128
393 3.28299999237
394 3.25099992752
395 3.25500011444
396 3.30599999428
397 3.33400011063
398 3.34500002861
399 3.40400004387
400 3.44099998474
401 3.47499990463
402 3.51799988747
403 3.55800008774
404 3.60400009155
405 3.63599991798
406 3.67899990082
407 3.70900011063
408 3.75200009346
409 3.77399992943
410 3.82800006866
411 3.89100003242
412 3.92199993134
413 3.992000103
414 4.05200004578
415 4.12300014496
416 4.17999982834
417 4.2389998436
418 4.30399990082
419 4.37300014496
420 4.44799995422
421 4.49300003052
422 4.58300018311
423 4.65700006485
424 4.73500013351
425 4.8060002327
426 4.90299987793
427 5.01300001144
428 5.10699987411
429 5.20599985123
430 5.3140001297
431 5.41800022125
432 5.53100013733
433 5.63999986649
434 5.75699996948
435 5.88199996948
436 6.02199983597
437 6.14900016785
438 6.31199979782
439 6.47599983215
440 6.4889998436
441 6.60200023651
442 6.46600008011
443 3.07399988174
444 3.03800010681
445 3.05399990082
446 3.02800011635
447 3.01799988747
448 3.0039999485
449 3.01600003242
450 2.98399996758
451 3.0
452 2.96900010109
453 2.992000103
454 2.97199988365
455 2.96399998665
456 2.96900010109
457 2.95600008965
458 2.94899988174
459 2.94600009918
460 2.9430000782
461 2.93499994278
462 2.94199991226
463 2.93899989128
464 2.9430000782
465 2.92199993134
466 2.92700004578
467 2.9240000248
468 2.92499995232
469 2.90599989891
470 2.67199993134
471 2.65000009537
472 2.632999897
473 2.64400005341
474 0.930000007153
475 0.693000018597
476 0.705999970436
477 0.926999986172
478 2.67199993134
479 2.64700007439
480 2.63800001144
481 2.64899992943
482 2.64899992943
483 2.632999897
484 2.66000008583
485 2.66499996185
486 2.66599988937
487 2.67600011826
488 2.67199993134
489 2.66899991035
490 2.83899998665
491 2.9279999733
492 2.92499995232
493 2.94099998474
494 2.93499994278
495 2.96300005913
496 2.95799994469
497 2.96700000763
498 2.95700001717
499 2.97399997711
500 2.98399996758
501 2.97099995613
502 2.97399997711
503 2.98799991608
504 3.00500011444
505 3.00300002098
506 2.99000000954
507 3.01600003242
508 3.00900006294
509 3.04200005531
510 3.01799988747
511 3.03200006485
512 3.06399989128
513 1.20399999619
514 1.24899995327
515 1.15999996662
516 1.15699994564
517 1.13699996471
518 1.14300000668
519 1.12600004673
520 1.14199995995
521 1.14300000668
522 1.13900005817
523 1.13499999046
524 0.978999972343
525 0.90499997139
526 0.915000021458
527 1.13900005817
528 1.22000002861
529 1.26900005341
530 1.25300002098
531 1.24500000477
532 1.21700000763
533 1.24100005627
534 1.22899997234
535 1.22599995136
536 1.24399995804
537 1.24500000477
538 1.25600004196
539 1.24500000477
540 1.27799999714
