0 4.51200008392
1 4.4359998703
2 4.43800020218
3 4.47300004959
4 4.54300022125
5 4.65600013733
6 4.6810002327
7 4.70800018311
8 4.73199987411
9 4.76800012589
10 4.78700017929
11 4.81799983978
12 4.85699987411
13 4.89200019836
14 4.92399978638
15 4.92399978638
16 4.83300018311
17 4.84999990463
18 4.87900018692
19 4.96400022507
20 5.14200019836
21 5.1859998703
22 5.23400020599
23 5.26200008392
24 5.31500005722
25 5.36600017548
26 5.40299987793
27 5.45800018311
28 5.49100017548
29 5.54400014877
30 5.59800004959
31 5.64300012589
32 5.65000009537
33 23.0659999847
34 17.1310005188
35 17.1490001678
36 17.1450004578
37 0.0
38 0.0
39 0.0
40 17.2280006409
41 17.1509990692
42 17.0690002441
43 17.0160007477
44 16.5310001373
45 16.5279998779
46 16.5069999695
47 13.1669998169
48 13.0979995728
49 12.3420000076
50 11.9440002441
51 11.5799999237
52 11.6020002365
53 11.6330003738
54 11.6289997101
55 11.3559999466
56 10.9879999161
57 10.4619998932
58 10.1040000916
59 8.33100032806
60 8.32999992371
61 8.19699954987
62 7.92000007629
63 7.62599992752
64 7.44999980927
65 7.23000001907
66 7.04799985886
67 6.88999986649
68 6.78599977493
69 6.76900005341
70 6.80000019073
71 6.82600021362
72 6.86299991608
73 6.87099981308
74 6.77899980545
75 6.64300012589
76 6.50699996948
77 6.39499998093
78 6.25899982452
79 6.13999986649
80 5.23199987411
81 4.97100019455
82 4.86100006104
83 4.76900005341
84 4.65600013733
85 4.59800004959
86 4.54099988937
87 4.47300004959
88 4.40000009537
89 4.33500003815
90 4.27199983597
91 4.22200012207
92 4.15000009537
93 4.11499977112
94 4.03299999237
95 3.97699999809
96 3.92100000381
97 3.88400006294
98 3.84299993515
99 3.79099988937
100 3.76200008392
101 3.78699994087
102 3.80500006676
103 3.85700011253
104 3.86800003052
105 3.89100003242
106 3.9319999218
107 3.95199990273
108 3.92100000381
109 3.88000011444
110 3.85700011253
111 3.80500006676
112 3.75300002098
113 3.73099994659
114 3.68700003624
115 3.66000008583
116 3.61400008202
117 3.59899997711
118 3.54800009727
119 3.52500009537
120 3.50500011444
121 3.46600008011
122 3.43899989128
123 3.40199995041
124 3.39800000191
125 3.375
126 3.42199993134
127 3.43400001526
128 3.47699999809
129 3.52800011635
130 3.57399988174
131 3.6099998951
132 3.66799998283
133 4.01300001144
134 4.07000017166
135 4.07899999619
136 4.12200021744
137 4.15500020981
138 4.18300008774
139 4.22599983215
140 4.24800014496
141 4.27199983597
142 4.3060002327
143 4.34999990463
144 4.38500022888
145 4.43200016022
146 4.46600008011
147 4.4889998436
148 4.51200008392
149 4.53599977493
150 4.53800010681
151 4.1810002327
152 4.28299999237
153 0.0
154 3.26900005341
155 3.40700006485
156 4.70699977875
157 4.60099983215
158 4.5529999733
159 4.78299999237
160 4.83400011063
161 4.8639998436
162 4.88800001144
163 4.9279999733
164 4.96600008011
165 4.99599981308
166 5.02099990845
167 5.03399991989
168 3.15700006485
169 3.22799992561
170 3.34999990463
171 4.09899997711
172 4.92199993134
173 4.87799978256
174 4.85200023651
175 4.83400011063
176 4.82499980927
177 4.82700014114
178 4.81699991226
179 4.83699989319
180 4.86000013351
181 4.89799976349
182 4.81500005722
183 5.32299995422
184 5.46899986267
185 5.47599983215
186 5.49900007248
187 5.51900005341
188 4.58900022507
189 4.57700014114
190 5.56500005722
191 5.58900022507
192 3.6400001049
193 3.52399992943
194 4.07100009918
195 4.05499982834
196 5.69199991226
197 5.72499990463
198 5.72800016403
199 5.75199985504
200 5.78800010681
201 5.79199981689
202 5.83099985123
203 5.81500005722
204 5.84700012207
205 5.83900022507
206 5.87599992752
207 5.875
208 5.89099979401
209 5.89799976349
210 5.92399978638
211 5.94299983978
212 5.94299983978
213 5.97100019455
214 5.98600006104
215 5.99599981308
216 6.01800012589
217 6.03200006485
218 6.04600000381
219 6.05000019073
220 6.07100009918
221 6.08500003815
222 6.09100008011
223 6.10599994659
224 6.08500003815
225 6.10699987411
226 6.10699987411
227 6.11100006104
228 6.13399982452
229 6.15299987793
230 6.15700006485
231 6.16699981689
232 6.18499994278
233 6.19000005722
234 6.20499992371
235 6.20699977875
236 6.21700000763
237 6.21199989319
238 6.21500015259
239 6.21899986267
240 6.22599983215
241 6.21899986267
242 6.23699998856
243 6.22399997711
244 6.22399997711
245 6.21199989319
246 6.22300004959
247 6.24800014496
248 6.23600006104
249 6.25
250 6.25099992752
251 6.26800012589
252 6.24599981308
253 6.25500011444
254 6.257999897
255 6.27099990845
256 6.25600004196
257 6.25500011444
258 6.23600006104
259 6.25099992752
260 6.22700023651
261 6.22399997711
262 6.23500013351
263 6.20900011063
264 6.21299982071
265 6.21199989319
266 6.21600008011
267 6.21199989319
268 6.22499990463
269 6.20499992371
270 6.22800016403
271 6.20599985123
272 6.20499992371
273 6.13700008392
274 5.84100008011
275 5.77699995041
276 5.73699998856
277 5.72900009155
278 5.72900009155
279 5.72499990463
280 5.75199985504
281 5.76700019836
282 5.79799985886
283 5.95399999619
284 6.07000017166
285 6.07499980927
286 6.07000017166
287 6.05800008774
288 6.05100011826
289 6.0560002327
290 6.02600002289
291 6.0110001564
292 5.97700023651
293 5.95599985123
294 5.95200014114
295 5.93699979782
296 5.92700004578
297 5.89900016785
298 5.89799976349
299 5.875
300 5.85699987411
301 5.84399986267
302 5.83400011063
303 5.8109998703
304 5.80000019073
305 5.8029999733
306 5.78499984741
307 5.77299976349
308 2.07299995422
309 2.06399989128
310 2.05500006676
311 2.0490000248
312 2.04699993134
313 2.04299998283
314 2.04500007629
315 2.04099988937
316 2.01699995995
317 2.02399992943
318 2.01399993896
319 2.01200008392
320 2.00099992752
321 2.02600002289
322 2.01399993896
323 2.02800011635
324 2.02300000191
325 1.08399999142
326 0.898999989033
327 0.847999989986
328 0.871999979019
329 1.00600004196
330 2.29600000381
331 2.22799992561
332 2.16100001335
333 2.11100006104
334 2.13400006294
335 2.16899991035
336 2.20499992371
337 2.24099993706
338 2.23699998856
339 2.23600006104
340 2.23000001907
341 2.22199988365
342 2.17199993134
343 2.12599992752
344 2.15599989891
345 2.23300004005
346 2.28099989891
347 2.2539999485
348 2.25300002098
349 2.27099990845
350 2.33299994469
351 4.69000005722
352 4.65100002289
353 4.60900020599
354 4.58900022507
355 4.54600000381
356 4.29899978638
357 4.36299991608
358 4.48099994659
359 4.45800018311
360 4.4310002327
361 4.41800022125
362 4.38800001144
363 4.33500003815
364 4.29899978638
365 4.28399991989
366 4.23699998856
367 4.22100019455
368 4.17000007629
369 4.11600017548
370 4.10099983215
371 4.08300018311
372 4.04600000381
373 4.00600004196
374 3.9849998951
375 3.95000004768
376 3.94600009918
377 3.89299988747
378 3.85800004005
379 3.84400010109
380 3.80200004578
381 3.72799992561
382 3.63700008392
383 3.59200000763
384 3.56100010872
385 3.507999897
386 3.48799991608
387 3.45900011063
388 3.41400003433
389 3.40000009537
390 3.35700011253
391 3.32999992371
392 3.30800008774
393 3.29200005531
394 3.26900005341
395 3.24699997902
396 3.3029999733
397 3.33100008965
398 3.37599992752
399 3.40199995041
400 3.4470000267
401 3.47900009155
402 3.51799988747
403 3.5490000248
404 3.58599996567
405 3.64199995995
406 3.68499994278
407 3.72900009155
408 3.74699997902
409 3.78099989891
410 3.82699990273
411 3.87700009346
412 3.92499995232
413 3.98900008202
414 4.0689997673
415 4.117000103
416 4.16200017929
417 4.25600004196
418 4.29199981689
419 4.35099983215
420 4.43800020218
421 4.52400016785
422 4.60200023651
423 4.65899991989
424 4.73199987411
425 4.8109998703
426 4.89400005341
427 5.01700019836
428 5.10099983215
429 5.21400022507
430 5.30800008774
431 5.42399978638
432 5.50699996948
433 5.64300012589
434 5.76399993896
435 5.8639998436
436 6.0110001564
437 6.15899991989
438 6.3189997673
439 6.46400022507
440 6.49100017548
441 6.60500001907
442 6.48999977112
443 3.06500005722
444 3.04800009727
445 3.03999996185
446 3.02399992943
447 3.03399991989
448 3.02600002289
449 2.99499988556
450 3.007999897
451 2.98600006104
452 2.98300004005
453 2.97900009155
454 2.98300004005
455 2.96499991417
456 2.95900011063
457 2.96700000763
458 2.94199991226
459 2.95499992371
460 2.93300008774
461 2.95199990273
462 2.93499994278
463 2.93700003624
464 2.93300008774
465 2.91899991035
466 2.9279999733
467 2.93899989128
468 2.91199994087
469 2.91400003433
470 2.66799998283
471 2.64400005341
472 2.63199996948
473 2.65100002289
474 0.933000028133
475 0.700999975204
476 0.707000017166
477 0.935000002384
478 2.66300010681
479 2.64100003242
480 2.66400003433
481 2.65199995041
482 2.64800000191
483 2.66499996185
484 2.64100003242
485 2.66199994087
486 2.68000006676
487 2.66400003433
488 2.65899991989
489 2.66899991035
490 2.8259999752
491 2.94000005722
492 2.93300008774
493 2.92899990082
494 2.94899988174
495 2.96600008011
496 2.94199991226
497 2.94400000572
498 2.96499991417
499 2.95700001717
500 2.992000103
501 2.97099995613
502 2.97900009155
503 2.98300004005
504 3.00200009346
505 2.99799990654
506 3.01999998093
507 3.02099990845
508 3.00900006294
509 3.02699995041
510 3.02500009537
511 1.41400003433
512 1.24500000477
513 1.20799994469
514 1.19799995422
515 1.21500003338
516 1.21899998188
517 1.20599997044
518 1.21399998665
519 1.20700001717
520 1.21399998665
521 1.21800005436
522 1.23899996281
523 1.21099996567
524 0.987999975681
525 0.916000008583
526 0.931999981403
527 1.17200005054
528 1.22899997234
529 1.21300005913
530 1.20599997044
531 1.21000003815
532 1.2009999752
533 1.17499995232
534 1.19599997997
535 1.20000004768
536 1.20399999619
537 1.22000002861
538 1.2460000515
539 1.29299998283
540 3.50600004196
