0 4.50299978256
1 4.44000005722
2 4.42600011826
3 4.46999979019
4 4.51999998093
5 4.64200019836
6 4.67899990082
7 4.70399999619
8 4.73199987411
9 4.77199983597
10 4.79400014877
11 4.8140001297
12 4.85200023651
13 4.89699983597
14 4.92899990082
15 4.92399978638
16 4.83400011063
17 4.84800004959
18 4.89200019836
19 4.95499992371
20 5.13899993896
21 5.18300008774
22 5.22300004959
23 5.26999998093
24 5.30200004578
25 5.34700012207
26 5.40199995041
27 5.44899988174
28 5.49599981308
29 5.54199981689
30 5.61000013351
31 5.63199996948
32 5.64300012589
33 17.3199996948
34 17.1310005188
35 17.1609992981
36 17.1830005646
37 17.2240009308
38 17.2129993439
39 0.0
40 17.2339992523
41 17.1690006256
42 17.0699996948
43 17.0109996796
44 16.5289993286
45 16.547000885
46 16.517999649
47 13.1510000229
48 13.0769996643
49 12.329000473
50 11.9460000992
51 11.5909996033
52 11.5920000076
53 11.626999855
54 11.6029996872
55 11.3369998932
56 11.0069999695
57 10.4619998932
58 10.1009998322
59 8.34000015259
60 8.32999992371
61 8.19999980927
62 7.91099977493
63 7.63399982452
64 7.44000005722
65 7.24700021744
66 7.0689997673
67 6.90100002289
68 6.78299999237
69 6.77600002289
70 6.79699993134
71 6.82499980927
72 6.83799982071
73 6.8639998436
74 6.79199981689
75 6.62900018692
76 6.507999897
77 6.38500022888
78 6.25600004196
79 6.14799976349
80 5.24100017548
81 4.96099996567
82 4.86499977112
83 4.76599979401
84 4.67899990082
85 4.61000013351
86 4.54400014877
87 4.44000005722
88 4.38500022888
89 4.31500005722
90 4.26999998093
91 4.20800018311
92 4.15299987793
93 4.08300018311
94 4.04500007629
95 3.96300005913
96 3.93000006676
97 3.89299988747
98 3.82800006866
99 3.77900004387
100 3.75200009346
101 3.78500008583
102 3.83100008965
103 3.84699988365
104 3.86599993706
105 3.91700005531
106 3.95199990273
107 3.92600011826
108 3.90499997139
109 3.867000103
110 3.83299994469
111 3.81699991226
112 3.77399992943
113 3.73000001907
114 3.68499994278
115 3.66300010681
116 3.62800002098
117 3.59599995613
118 3.54200005531
119 3.51600003242
120 3.48799991608
121 3.48399996758
122 3.44400000572
123 3.41799998283
124 3.40599989891
125 3.3900001049
126 3.4240000248
127 3.45600008965
128 3.48099994659
129 3.51999998093
130 3.56200003624
131 3.61599993706
132 3.64599990845
133 4.02899980545
134 4.06300020218
135 4.07000017166
136 4.1139998436
137 4.14799976349
138 4.17999982834
139 4.21199989319
140 4.24800014496
141 4.28399991989
142 4.32899999619
143 4.34700012207
144 4.36000013351
145 4.40799999237
146 4.45699977875
147 4.48500013351
148 4.51399993896
149 4.52899980545
150 4.55100011826
151 4.21199989319
152 4.29300022125
153 4.49499988556
154 3.25200009346
155 3.41400003433
156 4.71700000763
157 4.58099985123
158 4.5640001297
159 4.80900001526
160 4.8140001297
161 4.84700012207
162 4.88700008392
163 4.92399978638
164 4.95200014114
165 4.99100017548
166 5.01700019836
167 5.03700017929
168 3.14100003242
169 3.21900010109
170 3.36299991608
171 4.09200000763
172 4.90600013733
173 4.88500022888
174 4.83699989319
175 4.82399988174
176 4.81500005722
177 4.80499982834
178 4.83900022507
179 4.84800004959
180 4.87099981308
181 4.89200019836
182 4.81199979782
183 5.32299995422
184 5.45100021362
185 5.46700000763
186 5.48500013351
187 5.49499988556
188 4.60500001907
189 4.57899999619
190 5.5609998703
191 5.58400011063
192 3.63800001144
193 3.52200007439
194 4.07800006866
195 4.04500007629
196 5.6939997673
197 5.71299982071
198 5.73099994659
199 5.75299978256
200 5.77799987793
201 5.81599998474
202 5.83300018311
203 5.82800006866
204 5.85099983215
205 5.85599994659
206 5.86899995804
207 5.88700008392
208 5.88199996948
209 5.90500020981
210 5.89599990845
211 5.91800022125
212 5.95499992371
213 5.96600008011
214 5.96299982071
215 6.00500011444
216 6.01000022888
217 6.03499984741
218 6.05000019073
219 6.05700016022
220 6.0609998703
221 6.07499980927
222 6.08699989319
223 6.07399988174
224 6.11199998856
225 6.11199998856
226 6.117000103
227 6.1139998436
228 6.12300014496
229 6.14200019836
230 6.15600013733
231 6.14699983597
232 6.17999982834
233 6.16900014877
234 6.20900011063
235 6.20100021362
236 6.20399999619
237 6.23799991608
238 6.22900009155
239 6.21999979019
240 6.23199987411
241 6.23400020599
242 6.22100019455
243 6.21600008011
244 6.21999979019
245 6.22200012207
246 6.25
247 6.24399995804
248 6.2389998436
249 6.24900007248
250 6.26499986649
251 6.26300001144
252 6.27099990845
253 6.27400016785
254 6.27799987793
255 6.27400016785
256 6.26499986649
257 6.26499986649
258 6.25600004196
259 6.24900007248
260 6.22900009155
261 6.21299982071
262 6.20900011063
263 6.21899986267
264 6.21299982071
265 6.21899986267
266 6.20100021362
267 6.21099996567
268 6.20499992371
269 6.21600008011
270 6.21299982071
271 6.22300004959
272 6.20300006866
273 6.14300012589
274 5.82899999619
275 5.78000020981
276 5.74700021744
277 5.73500013351
278 5.70599985123
279 5.71500015259
280 5.73000001907
281 5.75400018692
282 5.80800008774
283 5.94000005722
284 6.07899999619
285 6.07899999619
286 6.07499980927
287 6.0640001297
288 6.05900001526
289 6.03700017929
290 6.02099990845
291 6.01399993896
292 5.98299980164
293 5.97100019455
294 5.9439997673
295 5.94600009918
296 5.92899990082
297 5.90100002289
298 5.882999897
299 5.86899995804
300 5.84600019455
301 5.85500001907
302 5.8140001297
303 5.80999994278
304 5.8140001297
305 5.78800010681
306 5.79300022125
307 5.76999998093
308 2.07800006866
309 2.04500007629
310 2.03800010681
311 2.04800009727
312 2.04999995232
313 2.03500008583
314 2.02300000191
315 2.02600002289
316 2.02200007439
317 2.04200005531
318 2.01200008392
319 2.02500009537
320 2.02800011635
321 2.01600003242
322 2.00999999046
323 2.03200006485
324 2.00300002098
325 1.08000004292
326 0.884000003338
327 0.847999989986
328 0.861999988556
329 0.986000001431
330 2.39400005341
331 2.26399993896
332 2.1740000248
333 2.14100003242
334 2.15199995041
335 2.16199994087
336 2.24300003052
337 2.25
338 2.25699996948
339 2.2539999485
340 2.2349998951
341 2.23399996758
342 2.16499996185
343 2.14299988747
344 2.13000011444
345 2.23099994659
346 2.30100011826
347 2.26200008392
348 2.257999897
349 2.25999999046
350 2.28500008583
351 4.67700004578
352 4.65299987793
353 4.62099981308
354 4.58199977875
355 4.55999994278
356 4.3029999733
357 4.37200021744
358 4.4889998436
359 4.46799993515
360 4.41300010681
361 4.42199993134
362 4.36999988556
363 4.36000013351
364 4.3140001297
365 4.26999998093
366 4.25899982452
367 4.21400022507
368 4.17999982834
369 4.13999986649
370 4.08900022507
371 4.05999994278
372 4.02899980545
373 4.01900005341
374 3.98900008202
375 3.94199991226
376 3.93099999428
377 3.91100001335
378 3.88000011444
379 3.8599998951
380 3.82500004768
381 3.70799994469
382 3.61899995804
383 3.60599994659
384 3.55500006676
385 3.52600002289
386 3.48799991608
387 3.46600008011
388 3.41400003433
389 3.38199996948
390 3.35400009155
391 3.31699991226
392 3.2990000248
393 3.25900006294
394 3.26900005341
395 3.24699997902
396 3.30399990082
397 3.33100008965
398 3.36800003052
399 3.40300011635
400 3.42899990082
401 3.47499990463
402 3.52699995041
403 3.55800008774
404 3.59400010109
405 3.62299990654
406 3.6779999733
407 3.72799992561
408 3.72099995613
409 3.77699995041
410 3.82800006866
411 3.88100004196
412 3.93600010872
413 4.00099992752
414 4.03700017929
415 4.09299993515
416 4.17000007629
417 4.25
418 4.3140001297
419 4.35400009155
420 4.44600009918
421 4.51700019836
422 4.58199977875
423 4.65600013733
424 4.73999977112
425 4.80999994278
426 4.91200017929
427 5.01300001144
428 5.11600017548
429 5.19799995422
430 5.29600000381
431 5.42500019073
432 5.52899980545
433 5.62900018692
434 5.76399993896
435 5.86600017548
436 6.02500009537
437 6.15999984741
438 6.31500005722
439 6.47399997711
440 6.49800014496
441 6.59999990463
442 6.4439997673
443 3.07100009918
444 3.0490000248
445 3.04399991035
446 3.02800011635
447 3.02500009537
448 3.01399993896
449 3.00500011444
450 2.99399995804
451 2.98200011253
452 2.99099993706
453 2.97900009155
454 2.98600006104
455 2.96099996567
456 2.97000002861
457 2.96199989319
458 2.96000003815
459 2.9509999752
460 2.94199991226
461 2.93799996376
462 2.95000004768
463 2.9279999733
464 2.94899988174
465 2.93000006676
466 2.93099999428
467 2.91499996185
468 2.90700006485
469 2.90799999237
470 2.64800000191
471 2.65100002289
472 2.625
473 2.64400005341
474 0.93900001049
475 0.68900001049
476 0.702000021935
477 0.930000007153
478 2.65199995041
479 2.65100002289
480 2.64499998093
481 2.64299988747
482 2.65100002289
483 2.65499997139
484 2.64299988747
485 2.66000008583
486 2.64400005341
487 2.67199993134
488 2.67000007629
489 2.67100000381
490 2.83599996567
491 2.93799996376
492 2.92899990082
493 2.93899989128
494 2.93799996376
495 2.95000004768
496 2.94600009918
497 2.95300006866
498 2.95799994469
499 2.97000002861
500 2.95700001717
501 2.96499991417
502 2.96799993515
503 2.97600007057
504 2.98000001907
505 2.98900008202
506 3.0
507 3.02300000191
508 3.03699994087
509 3.01399993896
510 3.03600001335
511 1.38600003719
512 1.21800005436
513 1.23000001907
514 1.22699999809
515 1.21099996567
516 1.19599997997
517 1.21800005436
518 1.20700001717
519 1.20700001717
520 1.21800005436
521 1.23199999332
522 1.24699997902
523 1.24899995327
524 0.989000022411
525 0.912000000477
526 0.929000020027
527 1.19200003147
528 1.21399998665
529 1.21099996567
530 1.20799994469
531 1.18299996853
532 1.19099998474
533 1.18400001526
534 1.20599997044
535 1.2009999752
536 1.19200003147
537 1.20500004292
538 1.23899996281
539 1.29100000858
540 3.56599998474
