0 4.51399993896
1 4.42600011826
2 4.44299983978
3 4.46899986267
4 4.53200006485
5 4.64799976349
6 4.66300010681
7 4.69799995422
8 4.73400020599
9 4.76999998093
10 4.78599977493
11 4.81199979782
12 4.867000103
13 4.90100002289
14 4.92899990082
15 4.92700004578
16 4.83699989319
17 4.84600019455
18 4.88100004196
19 4.96199989319
20 5.14099979401
21 5.17999982834
22 5.21500015259
23 5.27199983597
24 5.30499982834
25 5.35599994659
26 5.40399980545
27 5.45499992371
28 5.50099992752
29 5.54600000381
30 5.59800004959
31 5.63899993896
32 5.6939997673
33 0.0
34 17.1529998779
35 17.1459999084
36 17.1490001678
37 0.0
38 0.0
39 0.0
40 17.2479991913
41 17.1679992676
42 17.0680007935
43 17.0100002289
44 16.5109996796
45 16.531999588
46 16.5119991302
47 13.1560001373
48 13.0769996643
49 12.3360004425
50 11.9479999542
51 11.5989999771
52 11.593000412
53 11.625
54 11.6180000305
55 11.3389997482
56 11.0080003738
57 10.4729995728
58 10.1239995956
59 8.33800029755
60 8.33300018311
61 8.19299983978
62 7.90500020981
63 7.63700008392
64 7.4390001297
65 7.23500013351
66 7.05399990082
67 6.89699983597
68 6.78900003433
69 6.76700019836
70 6.78499984741
71 6.83099985123
72 6.84600019455
73 6.86499977112
74 6.78999996185
75 6.64699983597
76 6.51499986649
77 6.38700008392
78 6.27299976349
79 6.14699983597
80 5.23999977112
81 4.96400022507
82 4.84800004959
83 4.76300001144
84 4.68400001526
85 4.60099983215
86 4.53900003433
87 4.47300004959
88 4.40500020981
89 4.30900001526
90 4.26999998093
91 4.1970000267
92 4.15000009537
93 4.11000013351
94 4.04300022125
95 3.97399997711
96 3.93700003624
97 3.88599991798
98 3.84100008011
99 3.79399991035
100 3.77800011635
101 3.77999997139
102 3.80500006676
103 3.85599994659
104 3.89400005341
105 3.91700005531
106 3.93700003624
107 3.9470000267
108 3.9240000248
109 3.88100004196
110 3.85400009155
111 3.78500008583
112 3.74699997902
113 3.71700000763
114 3.69099998474
115 3.65599989891
116 3.62400007248
117 3.58299994469
118 3.5720000267
119 3.53200006485
120 3.5039999485
121 3.46499991417
122 3.44400000572
123 3.41100001335
124 3.41000008583
125 3.39899992943
126 3.4279999733
127 3.44499993324
128 3.48600006104
129 3.52600002289
130 3.57100009918
131 3.59500002861
132 3.65499997139
133 4.01900005341
134 4.07399988174
135 4.09800004959
136 4.11499977112
137 4.16099977493
138 4.16300010681
139 4.22300004959
140 4.2389998436
141 4.27799987793
142 4.3220000267
143 4.32999992371
144 4.39300012589
145 4.42000007629
146 4.45699977875
147 4.47100019455
148 4.50699996948
149 4.52299976349
150 4.55100011826
151 4.21000003815
152 4.28800010681
153 4.57700014114
154 3.27099990845
155 3.40899991989
156 4.72100019455
157 4.59299993515
158 4.54199981689
159 4.79899978638
160 4.83599996567
161 4.86800003052
162 4.8860001564
163 4.92700004578
164 4.96999979019
165 4.98699998856
166 5.0110001564
167 5.04199981689
168 3.12199997902
169 3.20799994469
170 3.36199998856
171 4.11999988556
172 4.92000007629
173 4.87599992752
174 4.86299991608
175 4.82600021362
176 4.80900001526
177 4.82700014114
178 4.82499980927
179 4.84399986267
180 4.85799980164
181 4.90000009537
182 4.8060002327
183 5.31300020218
184 5.45200014114
185 5.47399997711
186 5.48799991608
187 5.50400018692
188 4.59700012207
189 4.57600021362
190 5.57100009918
191 5.59299993515
192 3.63899993896
193 3.51900005341
194 4.05800008774
195 4.05100011826
196 5.68499994278
197 5.71899986267
198 5.7389998436
199 5.76300001144
200 5.77500009537
201 5.78800010681
202 5.82000017166
203 5.81599998474
204 5.83400011063
205 5.85699987411
206 5.86199998856
207 5.875
208 5.89699983597
209 5.91099977493
210 5.92100000381
211 5.92100000381
212 5.95699977875
213 5.95699977875
214 5.97900009155
215 5.99700021744
216 6.03000020981
217 6.03900003433
218 6.0529999733
219 6.0720000267
220 6.06500005722
221 6.08799982071
222 6.07999992371
223 6.09299993515
224 6.10300016403
225 6.11100006104
226 6.11999988556
227 6.13100004196
228 6.117000103
229 6.12699985504
230 6.13199996948
231 6.16699981689
232 6.17600011826
233 6.19199991226
234 6.20499992371
235 6.21700000763
236 6.21799993515
237 6.23500013351
238 6.23199987411
239 6.21799993515
240 6.21999979019
241 6.22800016403
242 6.23999977112
243 6.23500013351
244 6.21600008011
245 6.23000001907
246 6.22700023651
247 6.23299980164
248 6.23799991608
249 6.25400018692
250 6.25400018692
251 6.25099992752
252 6.27400016785
253 6.26999998093
254 6.26700019836
255 6.25500011444
256 6.24800014496
257 6.26000022888
258 6.25099992752
259 6.24399995804
260 6.24300003052
261 6.22900009155
262 6.23799991608
263 6.20800018311
264 6.20599985123
265 6.21000003815
266 6.21000003815
267 6.21299982071
268 6.20900011063
269 6.23500013351
270 6.21199989319
271 6.21700000763
272 6.19999980927
273 6.12599992752
274 5.84800004959
275 5.78000020981
276 5.75099992752
277 5.72700023651
278 5.72800016403
279 5.71799993515
280 5.72700023651
281 5.76399993896
282 5.80100011826
283 5.92999982834
284 6.07399988174
285 6.06599998474
286 6.0689997673
287 6.06199979782
288 6.06300020218
289 6.0529999733
290 6.02799987793
291 6.00099992752
292 6.00199985504
293 5.98199987411
294 5.95100021362
295 5.94000005722
296 5.91099977493
297 5.91499996185
298 5.89099979401
299 5.87400007248
300 5.85799980164
301 5.83099985123
302 5.82000017166
303 5.81199979782
304 5.79400014877
305 5.80200004578
306 5.78399991989
307 5.77699995041
308 2.0720000267
309 2.05100011826
310 2.0569999218
311 2.03200006485
312 2.04200005531
313 2.04399991035
314 2.02399992943
315 2.02200007439
316 2.03399991989
317 2.01699995995
318 2.02699995041
319 2.01200008392
320 2.00999999046
321 2.01300001144
322 2.03099989891
323 2.01999998093
324 2.01200008392
325 1.05999994278
326 0.894999980927
327 0.853999972343
328 0.879999995232
329 0.986999988556
330 2.11299991608
331 2.09100008011
332 2.09699988365
333 2.06299996376
334 2.06100010872
335 2.0720000267
336 2.1740000248
337 2.23799991608
338 2.23699998856
339 2.21000003815
340 2.23200011253
341 2.2349998951
342 2.14199995995
343 2.09800004959
344 2.08299994469
345 2.06399989128
346 2.12700009346
347 2.15499997139
348 2.26300001144
349 4.74900007248
350 4.69999980927
351 4.68699979782
352 4.65100002289
353 4.617000103
354 4.58300018311
355 4.55900001526
356 4.3060002327
357 4.34299993515
358 4.49300003052
359 4.46799993515
360 4.44000005722
361 4.38500022888
362 4.38199996948
363 4.35200023651
364 4.3189997673
365 4.26599979401
366 4.24599981308
367 4.1890001297
368 4.15199995041
369 4.13800001144
370 4.09999990463
371 4.05800008774
372 4.03000020981
373 4.01300001144
374 3.98799991608
375 3.95399999619
376 3.91499996185
377 3.91400003433
378 3.882999897
379 3.85700011253
380 3.80999994278
381 3.71099996567
382 3.62800002098
383 3.59200000763
384 3.5529999733
385 3.53200006485
386 3.49499988556
387 3.45799994469
388 3.43300008774
389 3.39899992943
390 3.35500001907
391 3.34999990463
392 3.30900001526
393 3.27999997139
394 3.25600004196
395 3.26799988747
396 3.30399990082
397 3.31900000572
398 3.37400007248
399 3.3900001049
400 3.4240000248
401 3.47900009155
402 3.51999998093
403 3.55900001526
404 3.60299992561
405 3.63100004196
406 3.68000006676
407 3.70399999619
408 3.742000103
409 3.77999997139
410 3.84299993515
411 3.86599993706
412 3.93499994278
413 4.00199985504
414 4.04699993134
415 4.1139998436
416 4.17999982834
417 4.24499988556
418 4.29899978638
419 4.37900018692
420 4.44600009918
421 4.507999897
422 4.58900022507
423 4.65199995041
424 4.71799993515
425 4.8220000267
426 4.90999984741
427 5.01200008392
428 5.10599994659
429 5.20200014114
430 5.3109998703
431 5.41599988937
432 5.52899980545
433 5.63800001144
434 5.76300001144
435 5.88100004196
436 6.01700019836
437 6.16400003433
438 6.31500005722
439 6.47900009155
440 6.50299978256
441 6.59600019455
442 6.48199987411
443 3.09599995613
444 3.03699994087
445 3.02399992943
446 3.02399992943
447 3.01200008392
448 3.00500011444
449 3.01099991798
450 3.0
451 2.99900007248
452 2.99799990654
453 2.99300003052
454 2.97399997711
455 2.96000003815
456 2.97799992561
457 2.95700001717
458 2.96900010109
459 2.94799995422
460 2.94099998474
461 2.95600008965
462 2.93700003624
463 2.92100000381
464 2.9319999218
465 2.92700004578
466 2.92300009727
467 2.9319999218
468 2.92700004578
469 2.90899991989
470 2.65700006485
471 2.64299988747
472 2.64400005341
473 2.64199995995
474 0.930999994278
475 0.717999994755
476 0.711000025272
477 0.92199999094
478 2.64700007439
479 2.6400001049
480 2.64400005341
481 2.64299988747
482 2.64899992943
483 2.66000008583
484 2.65300011635
485 2.65799999237
486 2.66499996185
487 2.64700007439
488 2.66300010681
489 2.67600011826
490 2.83100008965
491 2.92300009727
492 2.95499992371
493 2.93700003624
494 2.95499992371
495 2.94099998474
496 2.94000005722
497 2.96099996567
498 2.97600007057
499 2.96000003815
500 2.96600008011
501 2.99099993706
502 2.97000002861
503 2.97300004959
504 2.99799990654
505 3.00300002098
506 3.00900006294
507 3.01999998093
508 3.02999997139
509 3.01999998093
510 3.02300000191
511 3.03900003433
512 3.06100010872
513 1.20700001717
514 1.26699995995
515 1.15999996662
516 1.13399994373
517 1.14900004864
518 1.15799999237
519 1.12300002575
520 1.13900005817
521 1.12300002575
522 1.14800000191
523 1.14499998093
524 0.998000025749
525 0.898000001907
526 0.927999973297
527 1.14199995995
528 1.21000003815
529 1.26600003242
530 1.23500001431
531 1.2460000515
532 1.24300003052
533 1.23399996758
534 1.21399998665
535 1.24500000477
536 1.23300004005
537 1.24100005627
538 1.24699997902
539 1.26499998569
540 1.29200005531
