358 4.47200012207 0
357 4.36299991608 0
356 4.28900003433 0
355 4.56699991226 1
354 4.59299993515 1
353 4.60300016403 1
352 4.64799976349 1
351 4.6779999733 1
350 4.69500017166 1
349 4.74100017548 1
348 2.26300001144 2
347 2.16700005531 2
346 2.11199998856 2
345 2.09100008011 2
344 2.08500003815 2
343 2.08200001717 2
342 2.15000009537 2
341 2.20799994469 2
340 2.22799992561 2
339 2.242000103 2
338 2.25099992752 2
337 2.24300003052 2
336 2.18600010872 2
335 2.07999992371 3
334 2.05900001526 3
333 2.04699993134 3
332 2.08899998665 3
331 2.11899995804 3
330 2.10400009155 3
329 0.998000025749 4
328 0.861000001431 5
327 0.860000014305 5
326 0.880999982357 5
325 1.06500005722 6
324 2.00300002098 7
323 2.02099990845 7
322 2.02200007439 7
321 2.02200007439 7
320 2.01600003242 7
319 2.02999997139 7
318 2.02699995041 7
317 2.02399992943 7
316 2.02399992943 7
315 2.02099990845 7
314 2.03399991989 7
313 2.03900003433 7
312 2.04399991035 7
311 2.03999996185 7
310 2.06299996376 7
309 2.07299995422 7
308 2.07999992371 7
307 5.76999998093 8
306 5.78100013733 8
305 5.80100011826 8
