359 4.46199989319 0
358 4.47800016403 0
357 4.34600019455 0
356 4.32600021362 0
355 4.55700016022 1
354 4.59200000763 1
353 4.63100004196 1
352 4.65299987793 1
351 4.6890001297 1
350 4.71500015259 1
349 4.74599981308 1
348 2.21799993515 2
347 2.14100003242 2
346 2.09899997711 2
345 2.07299995422 2
344 2.0759999752 2
343 2.07699990273 2
342 2.14100003242 2
341 2.21600008011 2
340 2.23699998856 2
339 2.21600008011 2
338 2.23099994659 2
337 2.25 2
336 2.19899988174 2
335 2.07500004768 3
334 2.07299995422 3
333 2.07500004768 3
332 2.06999993324 3
331 2.10800004005 3
330 2.09800004959 3
329 1.00199997425 4
328 0.85799998045 5
327 0.861999988556 5
326 0.908999979496 6
325 1.07299995422 7
324 2.00300002098 8
323 2.00600004196 8
322 2.03399991989 8
321 2.01999998093 8
320 2.02999997139 8
319 2.02399992943 8
318 2.0150001049 8
317 2.03699994087 8
316 2.03299999237 8
315 2.02500009537 8
314 2.03299999237 8
313 2.05200004578 8
312 2.04200005531 8
311 2.04600000381 8
310 2.06200003624 8
309 2.07100009918 8
308 2.0680000782 8
307 5.757999897 9
