359 4.45399999619 0
358 4.46600008011 0
357 4.37599992752 0
356 4.30100011826 0
355 4.56500005722 1
354 4.58199977875 1
353 4.62699985504 1
352 4.64900016785 1
351 4.66400003433 1
350 4.71700000763 1
349 4.73799991608 1
348 2.20000004768 2
347 2.14800000191 2
346 2.12599992752 2
345 2.07399988174 2
344 2.05900001526 2
343 2.07299995422 2
342 2.12700009346 2
341 2.22799992561 2
340 2.23699998856 2
339 2.22300004959 2
338 2.23799991608 2
337 2.22199988365 2
336 2.19000005722 2
335 2.08599996567 3
334 2.0529999733 3
333 2.05399990082 3
332 2.10299992561 3
331 2.1289999485 3
330 2.13199996948 3
329 0.991999983788 4
328 0.879000008106 5
327 0.860000014305 5
326 0.897000014782 5
325 1.06900000572 6
324 2.00500011444 7
323 2.02300000191 7
322 2.007999897 7
321 2.03500008583 7
320 2.02699995041 7
319 2.02300000191 7
318 2.01999998093 7
317 2.04299998283 7
316 2.02500009537 7
315 2.03099989891 7
314 2.03999996185 7
313 2.04299998283 7
312 2.04099988937 7
311 2.04800009727 7
310 2.04399991035 7
309 2.05399990082 7
308 2.05900001526 7
307 5.76900005341 8
