360 4.43499994278 0
359 4.47499990463 0
358 4.50099992752 0
357 4.35300016403 0
356 4.3109998703 0
355 4.55999994278 1
354 4.60500001907 1
353 4.62200021744 1
352 4.63899993896 1
351 4.67100000381 1
350 4.70499992371 1
349 4.75400018692 1
348 2.2349998951 2
347 2.14599990845 2
346 2.13499999046 2
345 2.08999991417 2
344 2.05599999428 2
343 2.06699991226 2
342 2.15100002289 2
341 2.21799993515 2
340 2.25600004196 2
339 2.22499990463 2
338 2.24499988556 2
337 2.24799990654 2
336 2.19099998474 2
335 2.06500005722 3
334 2.06500005722 3
333 2.07399988174 3
332 2.10299992561 3
331 2.09599995613 3
330 2.11599993706 3
329 1.01900005341 4
328 0.856000006199 5
327 0.865999996662 5
326 0.889999985695 5
325 1.07500004768 6
324 2.02699995041 7
323 2.03800010681 7
322 2.01300001144 7
321 2.03399991989 7
320 2.01699995995 7
319 2.01900005341 7
318 2.02500009537 7
317 2.01999998093 7
316 2.04500007629 7
315 2.03600001335 7
314 2.03900003433 7
313 2.04999995232 7
312 2.05100011826 7
311 2.04200005531 7
310 2.05399990082 7
309 2.06399989128 7
308 2.08100008965 7
307 5.78200006485 8
306 5.79400014877 8
305 5.81300020218 8
