359 4.46999979019 0
358 4.48000001907 0
357 4.36499977112 0
356 4.30800008774 0
355 4.55100011826 1
354 4.60599994659 1
353 4.62900018692 1
352 4.65000009537 1
351 4.67399978638 1
350 4.71299982071 1
349 4.75899982452 1
348 2.23300004005 2
347 2.14800000191 2
346 2.10599994659 2
345 2.09100008011 2
344 2.09400010109 2
343 2.08500003815 2
342 2.15199995041 2
341 2.22699999809 2
340 2.242000103 2
339 2.21900010109 2
338 2.23799991608 2
337 2.23399996758 2
336 2.20000004768 2
335 2.09599995613 3
334 2.06699991226 3
333 2.06399989128 3
332 2.09800004959 3
331 2.117000103 3
330 2.12800002098 3
329 1.00699996948 4
328 0.85799998045 5
327 0.870000004768 5
326 0.889999985695 5
325 1.08200001717 6
324 2.00999999046 7
323 2.02300000191 7
322 2.02500009537 7
321 2.01900005341 7
320 2.00999999046 7
319 2.0150001049 7
318 2.01999998093 7
317 2.04500007629 7
316 2.02099990845 7
315 2.02600002289 7
314 2.04699993134 7
313 2.05399990082 7
312 2.03800010681 7
311 2.03999996185 7
310 2.06200003624 7
309 2.06399989128 7
308 2.05900001526 7
307 5.76700019836 8
