359 4.46899986267 0
358 4.47900009155 0
357 4.37900018692 0
356 4.29699993134 0
355 4.55399990082 1
354 4.58699989319 1
353 4.617000103 1
352 4.65700006485 1
351 4.66200017929 1
350 4.69799995422 1
349 4.75500011444 1
348 2.21600008011 2
347 2.16199994087 2
346 2.12800002098 2
345 2.08999991417 2
344 2.06900000572 2
343 2.10599994659 2
342 2.14400005341 2
341 2.22499990463 2
340 2.24399995804 2
339 2.24000000954 2
338 2.23699998856 2
337 2.23300004005 2
336 2.18700003624 2
335 2.10500001907 2
334 2.04800009727 2
333 2.06500005722 2
332 2.08899998665 2
331 2.12199997902 2
330 2.12599992752 2
329 0.991999983788 3
328 0.861999988556 4
327 0.865000009537 4
326 0.89099997282 4
325 1.08200001717 5
324 2.02800011635 6
323 2.02399992943 6
322 2.03299999237 6
321 2.02600002289 6
320 2.0150001049 6
319 2.01900005341 6
318 2.04600000381 6
317 2.04600000381 6
316 2.02900004387 6
315 2.0490000248 6
314 2.02699995041 6
313 2.02999997139 6
312 2.03399991989 6
311 2.03500008583 6
310 2.0529999733 6
309 2.07399988174 6
308 2.0759999752 6
307 5.76499986649 7
