359 4.46000003815 0
358 4.48600006104 0
357 4.37599992752 0
356 4.32299995422 0
355 4.56799983978 1
354 4.60200023651 1
353 4.61600017548 1
352 4.64900016785 1
351 4.67500019073 1
350 4.71500015259 1
349 4.73999977112 1
348 2.23799991608 2
347 2.14700007439 2
346 2.10299992561 2
345 2.09899997711 2
344 2.08100008965 2
343 2.07399988174 2
342 2.15700006485 2
341 2.2349998951 2
340 2.23099994659 2
339 2.23600006104 2
338 2.25500011444 2
337 2.24699997902 2
336 2.19000005722 2
335 2.08100008965 3
334 2.04399991035 3
333 2.04500007629 3
332 2.08100008965 3
331 2.11999988556 3
330 2.13899993896 3
329 1.01199996471 4
328 0.875999987125 5
327 0.85799998045 5
326 0.888000011444 5
325 1.0720000267 6
324 2.00699996948 7
323 2.02999997139 7
322 2.01699995995 7
321 2.01200008392 7
320 2.03299999237 7
319 2.04299998283 7
318 2.02800011635 7
317 2.04399991035 7
316 2.04800009727 7
315 2.02699995041 7
314 2.04099988937 7
313 2.03800010681 7
312 2.03299999237 7
311 2.06500005722 7
310 2.05900001526 7
309 2.06900000572 7
308 2.06699991226 7
307 5.77600002289 8
