359 4.46799993515 0
358 4.49800014496 0
357 4.36199998856 0
356 4.29799985886 0
355 4.55800008774 1
354 4.60400009155 1
353 4.63700008392 1
352 4.65199995041 1
351 4.6859998703 1
350 4.71600008011 1
349 4.75600004196 1
348 2.16199994087 2
347 2.10500001907 2
346 2.08100008965 2
345 2.07999992371 2
344 2.09400010109 2
343 2.1099998951 2
342 2.23000001907 3
341 2.27699995041 3
340 2.24300003052 3
339 2.21900010109 3
338 2.24300003052 3
337 2.23699998856 3
336 2.23300004005 3
335 2.21399998665 3
334 2.12400007248 3
333 2.08800005913 3
332 2.0720000267 3
331 2.08400011063 3
330 2.11500000954 3
329 0.991999983788 4
328 0.85799998045 5
327 0.856999993324 5
326 0.89099997282 5
325 1.08200001717 6
324 2.02300000191 7
323 2.03500008583 7
322 2.0150001049 7
321 2.01799988747 7
320 2.03600001335 7
319 2.03099989891 7
318 2.02300000191 7
317 2.03200006485 7
316 2.04399991035 7
315 2.04200005531 7
314 2.02800011635 7
313 2.02699995041 7
312 2.04299998283 7
311 2.03699994087 7
310 2.06999993324 7
309 2.09200000763 7
308 2.05200004578 7
307 5.77299976349 8
