360 4.45399999619 0
359 4.46400022507 0
358 4.47599983215 0
357 4.37699985504 0
356 4.30000019073 0
355 4.55000019073 1
354 4.59999990463 1
353 4.61299991608 1
352 4.65299987793 1
351 4.67500019073 1
350 4.72499990463 1
349 2.18499994278 2
348 2.14400005341 2
347 2.10100007057 2
346 2.07100009918 2
345 2.06900000572 2
344 2.18799996376 3
343 2.20700001717 3
342 2.23300004005 3
341 2.25699996948 3
340 2.24399995804 3
339 2.21600008011 3
338 2.2349998951 3
337 2.24300003052 3
336 2.23399996758 3
335 2.20499992371 3
334 2.18300008774 3
333 2.1740000248 3
332 2.15899991989 3
331 2.15700006485 3
330 2.14499998093 3
329 1.00300002098 4
328 0.878000020981 5
327 0.851000010967 5
326 0.894999980927 6
325 1.0759999752 7
324 2.01699995995 8
323 2.02900004387 8
322 2.02699995041 8
321 2.01999998093 8
320 2.02600002289 8
319 2.03299999237 8
318 2.03500008583 8
317 2.04299998283 8
316 2.04399991035 8
315 2.03800010681 8
314 2.03099989891 8
313 2.05200004578 8
312 2.03099989891 8
311 2.03800010681 8
310 2.05900001526 8
309 2.08200001717 8
308 2.08599996567 8
307 5.76999998093 9
306 5.77799987793 9
305 5.78499984741 9
304 5.80800008774 9
