359 4.45499992371 0
358 4.49800014496 0
357 4.34999990463 0
356 4.30000019073 0
355 4.55200004578 1
354 4.57700014114 1
353 4.61800003052 1
352 4.63100004196 1
351 4.6890001297 1
350 4.72200012207 1
349 2.24399995804 2
348 2.20300006866 2
347 2.16899991035 2
346 2.21099996567 2
345 2.16300010681 2
344 2.01699995995 3
343 1.99699997902 3
342 2.00300002098 3
341 2.00500011444 3
340 2.13899993896 4
339 2.23699998856 4
338 2.16199994087 4
337 2.04699993134 5
336 2.00300002098 5
335 1.98699998856 5
334 2.00600004196 5
333 2.04200005531 5
332 2.10299992561 5
331 2.2009999752 5
330 2.25900006294 5
329 0.999000012875 6
328 0.882000029087 7
327 0.860000014305 7
326 0.888000011444 7
325 1.0759999752 8
324 2.01300001144 9
323 2.00999999046 9
322 2.00900006294 9
321 2.02999997139 9
320 2.01999998093 9
319 2.03399991989 9
318 2.03200006485 9
317 2.01900005341 9
316 2.03600001335 9
315 2.02999997139 9
314 2.03200006485 9
313 2.02500009537 9
312 2.05599999428 9
311 2.03699994087 9
310 2.05900001526 9
309 2.06500005722 9
308 2.0720000267 9
307 5.77500009537 10
306 5.77400016785 10
