360 4.43499994278 0
359 4.47200012207 0
358 4.48600006104 0
357 4.36600017548 0
356 4.29600000381 0
355 4.57000017166 1
354 4.58599996567 1
353 4.61199998856 1
352 4.65000009537 1
351 4.69000005722 1
350 4.72300004959 1
349 2.29699993134 2
348 2.25500011444 2
347 2.27600002289 2
346 2.25500011444 2
345 2.0490000248 3
344 1.96399998665 3
343 1.96000003815 3
342 1.95899999142 3
341 1.93799996376 3
340 1.9659999609 3
339 2.00999999046 3
338 1.98500001431 3
337 1.95599997044 3
336 1.96000003815 3
335 1.96700000763 3
334 1.94500005245 3
333 2.00600004196 3
332 2.06900000572 3
331 2.19000005722 4
330 2.29299998283 4
329 0.996999979019 5
328 0.871999979019 6
327 0.850000023842 6
326 0.89200001955 7
325 1.07799994946 8
324 2.03299999237 9
323 2.01399993896 9
322 2.01799988747 9
321 2.01200008392 9
320 2.02600002289 9
319 2.01200008392 9
318 2.01900005341 9
317 2.03200006485 9
316 2.04200005531 9
315 2.03500008583 9
314 2.04099988937 9
313 2.05100011826 9
312 2.04999995232 9
311 2.03999996185 9
310 2.06200003624 9
309 2.06900000572 9
308 2.08200001717 9
