363 4.35799980164 0
362 4.40700006485 0
361 4.42000007629 0
360 4.44500017166 0
359 4.4470000267 0
358 4.49800014496 0
357 4.35799980164 0
356 4.30900001526 0
355 4.54899978638 1
354 4.59800004959 1
353 4.63100004196 1
352 4.63800001144 1
351 4.6859998703 1
350 4.71999979019 1
349 2.29600000381 2
348 2.26600003242 2
347 2.24799990654 2
346 2.27099990845 2
345 2.24399995804 2
344 2.12599992752 3
343 2.07999992371 3
342 2.06500005722 3
341 2.10500001907 3
340 2.19099998474 3
339 2.23099994659 3
338 2.24499988556 3
337 2.22199988365 3
336 2.11999988556 3
335 2.09200000763 3
334 2.05900001526 3
333 2.10800004005 3
332 2.13899993896 3
331 2.25500011444 4
330 2.28600001335 4
329 1.00199997425 5
328 0.874000012875 6
327 0.85799998045 6
326 0.907000005245 7
325 1.0720000267 8
324 2.01200008392 9
323 2.02399992943 9
322 2.0150001049 9
321 2.02699995041 9
320 2.01300001144 9
319 2.01900005341 9
318 2.02999997139 9
317 2.04600000381 9
316 2.03999996185 9
315 2.04699993134 9
314 2.04699993134 9
313 2.03299999237 9
312 2.05200004578 9
311 2.04699993134 9
310 2.0569999218 9
309 2.06900000572 9
308 2.08200001717 9
307 5.77099990845 10
306 5.77299976349 10
305 5.78299999237 10
