361 4.41200017929 0
360 4.43800020218 0
359 4.46400022507 0
358 4.48000001907 0
357 4.36100006104 0
356 4.31300020218 0
355 4.5640001297 1
354 4.59600019455 1
353 4.61800003052 1
352 4.65899991989 1
351 4.67999982834 1
350 2.33100008965 2
349 2.26200008392 2
348 2.25099992752 2
347 2.25200009346 2
346 2.30599999428 2
345 2.24399995804 2
344 2.14700007439 2
343 2.13899993896 2
342 2.14800000191 2
341 2.19400000572 2
340 2.22300004959 2
339 2.25099992752 2
338 2.24699997902 2
337 2.23699998856 2
336 2.22199988365 2
335 2.15000009537 2
334 2.13599991798 2
333 2.14299988747 2
332 2.16300010681 2
331 2.23799991608 2
330 2.28200006485 2
329 1.00699996948 3
328 0.873000025749 4
327 0.85900002718 4
326 0.893999993801 4
325 1.08000004292 5
324 2.00600004196 6
323 2.01600003242 6
322 2.01399993896 6
321 2.03399991989 6
320 2.01799988747 6
319 2.03900003433 6
318 2.03800010681 6
317 2.03099989891 6
316 2.04200005531 6
315 2.04200005531 6
314 2.02900004387 6
313 2.02800011635 6
312 2.0529999733 6
311 2.05399990082 6
310 2.0680000782 6
309 2.05599999428 6
308 2.08500003815 6
307 5.75600004196 7
