356 4.31799983978 0
355 4.56500005722 1
354 4.59200000763 1
353 4.62599992752 1
352 4.66699981689 1
351 4.6939997673 1
350 2.32299995422 2
349 2.27099990845 2
348 2.2650001049 2
347 2.25500011444 2
346 2.27300000191 2
345 2.24699997902 2
344 2.16300010681 2
343 2.14299988747 2
342 2.17300009727 2
341 2.2349998951 2
340 2.23300004005 2
339 2.23300004005 2
338 2.24499988556 2
337 2.24300003052 2
336 2.22699999809 2
335 2.18000006676 2
334 2.15100002289 2
333 2.15100002289 2
332 2.17199993134 2
331 2.26200008392 2
330 2.32500004768 2
329 0.999000012875 3
328 0.879000008106 4
327 0.85900002718 4
326 0.894999980927 4
325 1.07899999619 5
324 2.01799988747 6
323 2.01200008392 6
322 2.03600001335 6
321 2.0150001049 6
320 2.02699995041 6
319 2.02999997139 6
318 2.02699995041 6
317 2.01799988747 6
316 2.02999997139 6
315 2.02900004387 6
314 2.0529999733 6
313 2.05100011826 6
312 2.05200004578 6
311 2.0490000248 6
310 2.05500006676 6
309 2.08400011063 6
308 2.08599996567 6
307 5.76399993896 7
306 5.79300022125 7
305 5.8029999733 7
