357 4.367000103 0
356 4.32999992371 0
355 4.57299995422 1
354 4.60699987411 1
353 4.62200021744 1
352 4.66499996185 1
351 4.68800020218 1
350 2.32999992371 2
349 2.26200008392 2
348 2.25600004196 2
347 2.26600003242 2
346 2.28500008583 2
345 2.23300004005 2
344 2.16300010681 2
343 2.15400004387 2
342 2.14800000191 2
341 2.23099994659 2
340 2.23099994659 2
339 2.23099994659 2
338 2.24300003052 2
337 2.24900007248 2
336 2.21499991417 2
335 2.19199991226 2
334 2.15100002289 2
333 2.1210000515 2
332 2.15100002289 2
331 2.24900007248 2
330 2.31999993324 2
329 1.00300002098 3
328 0.885999977589 4
327 0.85799998045 4
326 0.885999977589 4
325 1.08200001717 5
324 2.02099990845 6
323 2.00500011444 6
322 2.01799988747 6
321 2.02600002289 6
320 2.03500008583 6
319 2.04399991035 6
318 2.03399991989 6
317 2.03299999237 6
316 2.02099990845 6
315 2.04800009727 6
314 2.02999997139 6
313 2.04299998283 6
312 2.03500008583 6
311 2.04299998283 6
310 2.06100010872 6
309 2.0680000782 6
308 2.06500005722 6
