363 4.36000013351 0
362 4.39099979401 0
361 4.41400003433 0
360 4.42199993134 0
359 4.46799993515 0
358 4.48600006104 0
357 4.34700012207 0
356 4.30999994278 0
355 4.56300020218 1
354 4.59800004959 1
353 4.63199996948 1
352 4.64499998093 1
351 4.68699979782 1
350 2.31500005722 2
349 2.26699995995 2
348 2.2460000515 2
347 2.27999997139 2
346 2.2990000248 2
345 2.24000000954 2
344 2.17499995232 2
343 2.13800001144 2
342 2.17100000381 2
341 2.21700000763 2
340 2.26099991798 2
339 2.23300004005 2
338 2.2650001049 2
337 2.23799991608 2
336 2.24000000954 2
335 2.17600011826 2
334 2.15300011635 2
333 2.15199995041 2
332 2.15799999237 2
331 2.24000000954 2
330 2.35100007057 3
329 0.995000004768 4
328 0.875999987125 5
327 0.866999983788 5
326 0.90600001812 5
325 1.08000004292 6
324 2.00300002098 7
323 2.03299999237 7
322 2.01699995995 7
321 2.02300000191 7
320 2.01999998093 7
319 2.03500008583 7
318 2.04500007629 7
317 2.03800010681 7
316 2.02200007439 7
315 2.04800009727 7
314 2.02999997139 7
313 2.04600000381 7
312 2.04500007629 7
311 2.0490000248 7
310 2.04299998283 7
309 2.07399988174 7
308 2.07800006866 7
307 5.76499986649 8
306 5.78299999237 8
305 5.79899978638 8
304 5.8140001297 8
