361 4.41400003433 0
360 4.44999980927 0
359 4.46899986267 0
358 4.48500013351 0
357 4.36899995804 0
356 4.3140001297 0
355 4.5529999733 1
354 4.59399986267 1
353 4.62400007248 1
352 4.66800022125 1
351 4.69099998474 1
350 2.30399990082 2
349 2.27200007439 2
348 2.25900006294 2
347 2.26999998093 2
346 2.27999997139 2
345 2.24300003052 2
344 2.16100001335 2
343 2.15700006485 2
342 2.16700005531 2
341 2.22499990463 2
340 2.26600003242 2
339 2.2349998951 2
338 2.25 2
337 2.24300003052 2
336 2.24000000954 2
335 2.18400001526 2
334 2.15000009537 2
333 2.15400004387 2
332 2.18099999428 2
331 2.24900007248 2
330 2.37599992752 3
329 1.01499998569 4
328 0.871999979019 5
327 0.862999975681 5
326 0.898000001907 5
325 1.0870000124 6
324 2.01799988747 7
323 2.00999999046 7
322 2.01300001144 7
321 2.01600003242 7
320 2.03399991989 7
319 2.02500009537 7
318 2.02200007439 7
317 2.04500007629 7
316 2.04600000381 7
315 2.03500008583 7
314 2.0490000248 7
313 2.02999997139 7
312 2.05399990082 7
311 2.04299998283 7
310 2.05599999428 7
309 2.07399988174 7
308 2.07699990273 7
