361 4.41900014877 0
360 4.4359998703 0
359 4.46199989319 0
358 4.5 0
357 4.37099981308 0
356 4.32700014114 0
355 4.57299995422 1
354 4.59299993515 1
353 4.61299991608 1
352 4.64799976349 1
351 4.68300008774 1
350 2.3180000782 2
349 2.28800010681 2
348 2.26200008392 2
347 2.27900004387 2
346 2.30999994278 2
345 2.22499990463 2
344 2.16400003433 2
343 2.15300011635 2
342 2.1779999733 2
341 2.24399995804 2
340 2.2349998951 2
339 2.23399996758 2
338 2.2460000515 2
337 2.2460000515 2
336 2.21300005913 2
335 2.18499994278 2
334 2.15799999237 2
333 2.12700009346 2
332 2.14700007439 2
331 2.23699998856 2
330 2.375 3
329 1.00999999046 4
328 0.879000008106 5
327 0.856000006199 5
326 0.89200001955 5
325 1.08000004292 6
324 2.01600003242 7
323 2.02600002289 7
322 2.02900004387 7
321 2.01399993896 7
320 2.01799988747 7
319 2.03099989891 7
318 2.02699995041 7
317 2.03900003433 7
316 2.02900004387 7
315 2.04800009727 7
314 2.03099989891 7
313 2.04699993134 7
312 2.04299998283 7
311 2.03500008583 7
310 2.0490000248 7
309 2.06500005722 7
308 2.08400011063 7
