358 4.49300003052 0
357 4.34299993515 0
356 4.3060002327 0
355 4.55900001526 1
354 4.58300018311 1
353 4.617000103 1
352 4.65100002289 1
351 4.68699979782 1
350 4.69999980927 1
349 4.74900007248 1
348 2.26300001144 2
347 2.15499997139 3
346 2.12700009346 3
345 2.06399989128 3
344 2.08299994469 3
343 2.09800004959 3
342 2.14199995995 3
341 2.2349998951 3
340 2.23200011253 3
339 2.21000003815 3
338 2.23699998856 3
337 2.23799991608 3
336 2.1740000248 3
335 2.0720000267 4
334 2.06100010872 4
333 2.06299996376 4
332 2.09699988365 4
331 2.09100008011 4
330 2.11299991608 4
329 0.986999988556 5
328 0.879999995232 6
327 0.853999972343 6
326 0.894999980927 6
325 1.05999994278 7
324 2.01200008392 8
323 2.01999998093 8
322 2.03099989891 8
321 2.01300001144 8
320 2.00999999046 8
319 2.01200008392 8
318 2.02699995041 8
317 2.01699995995 8
316 2.03399991989 8
315 2.02200007439 8
314 2.02399992943 8
313 2.04399991035 8
312 2.04200005531 8
311 2.03200006485 8
310 2.0569999218 8
309 2.05100011826 8
308 2.0720000267 8
307 5.77699995041 9
306 5.78399991989 9
305 5.80200004578 9
