358 4.49900007248 0
357 4.375 0
356 4.29500007629 0
355 4.55200004578 1
354 4.59399986267 1
353 4.62599992752 1
352 4.65000009537 1
351 4.6779999733 1
350 2.30599999428 2
349 2.26999998093 2
348 2.28099989891 2
347 2.28699994087 2
346 2.30399990082 2
345 2.23799991608 2
344 2.16700005531 2
343 2.1400001049 2
342 2.17600011826 2
341 2.23200011253 2
340 2.24300003052 2
339 2.25900006294 2
338 2.24799990654 2
337 2.2539999485 2
336 2.22199988365 2
335 2.18799996376 2
334 2.13199996948 2
333 2.14800000191 2
332 2.1819999218 2
331 2.27200007439 2
330 2.367000103 2
329 0.989000022411 3
328 0.85900002718 4
327 0.850000023842 4
326 0.908999979496 5
325 1.07099997997 6
324 2.01900005341 7
323 2.01600003242 7
322 2.03299999237 7
321 2.04200005531 7
320 2.03099989891 7
319 2.04500007629 7
318 2.03399991989 7
317 2.02800011635 7
316 2.03800010681 7
315 2.04600000381 7
314 2.05500006676 7
313 2.05200004578 7
312 2.04800009727 7
311 2.05100011826 7
310 2.04500007629 7
309 2.05399990082 7
308 2.06500005722 7
307 5.76800012589 8
306 5.79300022125 8
305 5.80399990082 8
