361 4.41499996185 0
360 4.44299983978 0
359 4.46000003815 0
358 4.48099994659 0
357 4.36999988556 0
356 4.30800008774 0
355 4.55800008774 1
354 4.59299993515 1
353 4.62799978256 1
352 4.63399982452 1
351 4.68499994278 1
350 2.29299998283 2
349 2.25500011444 2
348 2.26300001144 2
347 2.26300001144 2
346 2.30399990082 2
345 2.22600007057 2
344 2.16799998283 2
343 2.13199996948 2
342 2.17600011826 2
341 2.22900009155 2
340 2.24000000954 2
339 2.22499990463 2
338 2.23799991608 2
337 2.2460000515 2
336 2.23300004005 2
335 2.18499994278 2
334 2.15499997139 2
333 2.14199995995 2
332 2.16000008583 2
331 2.23900008202 2
330 2.38800001144 3
329 0.995999991894 4
328 0.853999972343 5
327 0.852999985218 5
326 0.894999980927 6
325 1.07400000095 7
324 2.01600003242 8
323 2.00099992752 8
322 2.00500011444 8
321 2.03500008583 8
320 2.02800011635 8
319 2.02500009537 8
318 2.04200005531 8
317 2.02999997139 8
316 2.04299998283 8
315 2.04099988937 8
314 2.01699995995 8
313 2.04099988937 8
312 2.02800011635 8
311 2.05200004578 8
310 2.05100011826 8
309 2.06399989128 8
308 2.0529999733 8
