361 4.40999984741 0
360 4.43699979782 0
359 4.44299983978 0
358 4.46500015259 0
357 4.37200021744 0
356 4.3109998703 0
355 4.55999994278 1
354 4.58699989319 1
353 4.62400007248 1
352 4.64699983597 1
351 4.6859998703 1
350 2.29200005531 2
349 2.25300002098 2
348 2.26399993896 2
347 2.26399993896 2
346 2.30399990082 2
345 2.23300004005 2
344 2.13599991798 2
343 2.13400006294 2
342 2.18499994278 2
341 2.21600008011 2
340 2.23600006104 2
339 2.23300004005 2
338 2.22300004959 2
337 2.257999897 2
336 2.20399999619 2
335 2.17600011826 2
334 2.13000011444 2
333 2.15000009537 2
332 2.16899991035 2
331 2.25600004196 2
330 2.36500000954 2
329 0.98400002718 3
328 0.865000009537 4
327 0.84500002861 4
326 0.884999990463 4
325 1.07099997997 5
324 2.00900006294 6
323 2.01600003242 6
322 2.02600002289 6
321 2.03200006485 6
320 2.02099990845 6
319 2.00699996948 6
318 2.007999897 6
317 2.03800010681 6
316 2.03200006485 6
315 2.03399991989 6
314 2.03399991989 6
313 2.02800011635 6
312 2.04800009727 6
311 2.04200005531 6
310 2.04099988937 6
309 2.0529999733 6
308 2.07699990273 6
