357 4.34499979019 0
356 4.31699991226 0
355 4.54699993134 1
354 4.58500003815 1
353 4.62300014496 1
352 4.625 1
351 4.68400001526 1
350 2.28500008583 2
349 2.26999998093 2
348 2.27800011635 2
347 2.28099989891 2
346 2.28800010681 2
345 2.23699998856 2
344 2.16300010681 2
343 2.15300011635 2
342 2.18099999428 2
341 2.22900009155 2
340 2.242000103 2
339 2.22699999809 2
338 2.22900009155 2
337 2.2349998951 2
336 2.21499991417 2
335 2.16100001335 2
334 2.13499999046 2
333 2.14299988747 2
332 2.16700005531 2
331 2.25699996948 2
330 2.38100004196 3
329 0.987999975681 4
328 0.861999988556 5
327 0.856999993324 5
326 0.884999990463 5
325 1.0720000267 6
324 1.99699997902 7
323 2.02200007439 7
322 2.02600002289 7
321 2.0039999485 7
320 2.01399993896 7
319 2.02399992943 7
318 2.03800010681 7
317 2.01999998093 7
316 2.04099988937 7
315 2.03999996185 7
314 2.02200007439 7
313 2.02300000191 7
312 2.0490000248 7
311 2.03500008583 7
310 2.05599999428 7
309 2.0569999218 7
308 2.07399988174 7
307 5.77500009537 8
306 5.77299976349 8
