357 4.37400007248 0
356 4.30800008774 0
355 4.54199981689 1
354 4.59600019455 1
353 4.62699985504 1
352 4.64499998093 1
351 4.6859998703 1
350 2.28900003433 2
349 2.26399993896 2
348 2.257999897 2
347 2.2539999485 2
346 2.28699994087 2
345 2.21600008011 2
344 2.16000008583 2
343 2.14599990845 2
342 2.1819999218 2
341 2.2349998951 2
340 2.25300002098 2
339 2.22900009155 2
338 2.24000000954 2
337 2.242000103 2
336 2.21700000763 2
335 2.16899991035 2
334 2.15199995041 2
333 2.1289999485 2
332 2.16799998283 2
331 2.24799990654 2
330 2.38100004196 3
329 0.985000014305 4
328 0.869000017643 5
327 0.862999975681 5
326 0.887000024319 5
325 1.07500004768 6
324 2.01999998093 7
323 2.01799988747 7
322 2.00900006294 7
321 2.00999999046 7
320 2.01600003242 7
319 2.03299999237 7
318 2.03999996185 7
317 2.01200008392 7
316 2.03500008583 7
315 2.04699993134 7
314 2.03500008583 7
313 2.04200005531 7
312 2.03099989891 7
311 2.03299999237 7
310 2.05500006676 7
309 2.0529999733 7
308 2.06699991226 7
307 5.77099990845 8
306 5.78200006485 8
