357 4.33900022507 0
356 4.31799983978 0
355 4.56300020218 1
354 4.58799982071 1
353 4.62599992752 1
352 4.64200019836 1
351 4.6810002327 1
350 2.29099988937 2
349 2.25900006294 2
348 2.24300003052 2
347 2.26600003242 2
346 2.30900001526 2
345 2.22600007057 2
344 2.13599991798 2
343 2.14199995995 2
342 2.18000006676 2
341 2.21499991417 2
340 2.25999999046 2
339 2.21900010109 2
338 2.24499988556 2
337 2.25500011444 2
336 2.23699998856 2
335 2.15599989891 2
334 2.14899992943 2
333 2.15199995041 2
332 2.17199993134 2
331 2.26200008392 2
330 2.39599990845 3
329 0.989000022411 4
328 0.85900002718 5
327 0.847000002861 5
326 0.888000011444 5
325 1.06799995899 6
324 2.02999997139 7
323 2.02900004387 7
322 2.00900006294 7
321 2.02099990845 7
320 2.02300000191 7
319 2.01399993896 7
318 2.02999997139 7
317 2.01300001144 7
316 2.02200007439 7
315 2.04699993134 7
314 2.03500008583 7
313 2.03999996185 7
312 2.05100011826 7
311 2.0529999733 7
310 2.05100011826 7
309 2.04399991035 7
308 2.04800009727 7
307 5.76000022888 8
306 5.77899980545 8
