357 4.35099983215 0
356 4.29400014877 0
355 4.53999996185 1
354 4.58599996567 1
353 4.63000011444 1
352 4.65299987793 1
351 4.6810002327 1
350 2.29600000381 2
349 2.26799988747 2
348 2.26099991798 2
347 2.27500009537 2
346 2.27699995041 2
345 2.242000103 2
344 2.16400003433 2
343 2.11999988556 2
342 2.16599988937 2
341 2.23799991608 2
340 2.22900009155 2
339 2.22699999809 2
338 2.23600006104 2
337 2.25300002098 2
336 2.20300006866 2
335 2.18600010872 2
334 2.15400004387 2
333 2.14400005341 2
332 2.16899991035 2
331 2.2539999485 2
330 2.38000011444 3
329 0.990000009537 4
328 0.873000025749 5
327 0.853999972343 5
326 0.884000003338 5
325 1.07500004768 6
324 2.01999998093 7
323 2.01399993896 7
322 2.00900006294 7
321 2.01399993896 7
320 2.01099991798 7
319 2.00999999046 7
318 2.01699995995 7
317 2.03200006485 7
316 2.03500008583 7
315 2.01999998093 7
314 2.02800011635 7
313 2.02800011635 7
312 2.04500007629 7
311 2.03699994087 7
310 2.04999995232 7
309 2.06500005722 7
308 2.05800008774 7
307 5.76999998093 8
306 5.78499984741 8
