358 4.46600008011 0
357 4.36199998856 0
356 4.32299995422 0
355 4.5689997673 1
354 4.57999992371 1
353 4.60599994659 1
352 4.63399982452 1
351 4.6859998703 1
350 4.69799995422 1
349 4.73299980164 1
348 2.24000000954 2
347 2.16799998283 2
346 2.12199997902 2
345 2.08500003815 2
344 2.07100009918 2
343 2.07299995422 2
342 2.14499998093 2
341 2.21099996567 2
340 2.2349998951 2
339 2.21700000763 2
338 2.23900008202 2
337 2.22499990463 2
336 2.19099998474 2
335 2.07999992371 3
334 2.05500006676 3
333 2.04200005531 3
332 2.08599996567 3
331 2.10599994659 3
330 2.125 3
329 0.989000022411 4
328 0.855000019073 5
327 0.85900002718 5
326 0.880999982357 5
325 1.06900000572 6
324 2.02200007439 7
323 2.02200007439 7
322 2.01099991798 7
321 2.02300000191 7
320 2.03200006485 7
319 2.03299999237 7
318 2.03399991989 7
317 2.0150001049 7
316 2.02300000191 7
315 2.02800011635 7
314 2.03500008583 7
313 2.02900004387 7
312 2.02600002289 7
311 2.04600000381 7
310 2.05900001526 7
309 2.05800008774 7
308 2.05200004578 7
307 5.77799987793 8
306 5.78499984741 8
305 5.78900003433 8
