357 4.37200021744 0
356 4.3029999733 0
355 4.55999994278 1
354 4.58199977875 1
353 4.62099981308 1
352 4.65299987793 1
351 4.67700004578 1
350 2.28500008583 2
349 2.25999999046 2
348 2.257999897 2
347 2.26200008392 2
346 2.30100011826 2
345 2.23099994659 2
344 2.13000011444 2
343 2.14299988747 2
342 2.16499996185 2
341 2.23399996758 2
340 2.2349998951 2
339 2.2539999485 2
338 2.25699996948 2
337 2.25 2
336 2.24300003052 2
335 2.16199994087 2
334 2.15199995041 2
333 2.14100003242 2
332 2.1740000248 2
331 2.26399993896 2
330 2.39400005341 3
329 0.986000001431 4
328 0.861999988556 5
327 0.847999989986 5
326 0.884000003338 5
325 1.08000004292 6
324 2.00300002098 7
323 2.03200006485 7
322 2.00999999046 7
321 2.01600003242 7
320 2.02800011635 7
319 2.02500009537 7
318 2.01200008392 7
317 2.04200005531 7
316 2.02200007439 7
315 2.02600002289 7
314 2.02300000191 7
313 2.03500008583 7
312 2.04999995232 7
311 2.04800009727 7
310 2.03800010681 7
309 2.04500007629 7
308 2.07800006866 7
307 5.76999998093 8
306 5.79300022125 8
