357 4.36899995804 0
356 4.31500005722 0
355 4.56300020218 1
354 4.59100008011 1
353 4.62699985504 1
352 4.63700008392 1
351 4.67600011826 1
350 2.29399991035 2
349 2.26999998093 2
348 2.25600004196 2
347 2.28900003433 2
346 2.2990000248 2
345 2.21399998665 2
344 2.15499997139 2
343 2.13400006294 2
342 2.15400004387 2
341 2.20700001717 2
340 2.22499990463 2
339 2.22300004959 2
338 2.25999999046 2
337 2.2539999485 2
336 2.21300005913 2
335 2.18099999428 2
334 2.14899992943 2
333 2.12800002098 2
332 2.15300011635 2
331 2.25600004196 2
330 2.40499997139 3
329 0.986999988556 4
328 0.860000014305 5
327 0.847000002861 5
326 0.888000011444 5
325 1.0759999752 6
324 2.00699996948 7
323 2.02399992943 7
322 2.00699996948 7
321 2.02999997139 7
320 2.03900003433 7
319 2.03200006485 7
318 2.02399992943 7
317 2.03999996185 7
316 2.01300001144 7
315 2.02399992943 7
314 2.02600002289 7
313 2.04299998283 7
312 2.04099988937 7
311 2.05500006676 7
310 2.03200006485 7
309 2.04699993134 7
308 2.06699991226 7
307 5.77199983597 8
306 5.78000020981 8
