357 4.36299991608 0
356 4.29899978638 0
355 4.54600000381 1
354 4.58900022507 1
353 4.60900020599 1
352 4.65100002289 1
351 4.69000005722 1
350 2.33299994469 2
349 2.27099990845 2
348 2.25300002098 2
347 2.2539999485 2
346 2.28099989891 2
345 2.23300004005 2
344 2.15599989891 2
343 2.12599992752 2
342 2.17199993134 2
341 2.22199988365 2
340 2.23000001907 2
339 2.23600006104 2
338 2.23699998856 2
337 2.24099993706 2
336 2.20499992371 2
335 2.16899991035 2
334 2.13400006294 2
333 2.11100006104 2
332 2.16100001335 2
331 2.22799992561 2
330 2.29600000381 2
329 1.00600004196 3
328 0.871999979019 4
327 0.847999989986 4
326 0.898999989033 5
325 1.08399999142 6
324 2.02300000191 7
323 2.02800011635 7
322 2.01399993896 7
321 2.02600002289 7
320 2.00099992752 7
319 2.01200008392 7
318 2.01399993896 7
317 2.02399992943 7
316 2.01699995995 7
315 2.04099988937 7
314 2.04500007629 7
313 2.04299998283 7
312 2.04699993134 7
311 2.0490000248 7
310 2.05500006676 7
309 2.06399989128 7
308 2.07299995422 7
307 5.77299976349 8
306 5.78499984741 8
