357 4.367000103 0
356 4.32000017166 0
355 4.55200004578 1
354 4.59499979019 1
353 4.60500001907 1
352 4.64699983597 1
351 4.67299985886 1
350 4.70699977875 1
349 2.31299996376 2
348 2.26999998093 2
347 2.24699997902 2
346 2.27200007439 2
345 2.23399996758 2
344 2.13499999046 2
343 2.09699988365 2
342 2.10299992561 2
341 2.17499995232 2
340 2.22000002861 2
339 2.22699999809 2
338 2.25999999046 2
337 2.27500009537 2
336 2.23200011253 2
335 2.16300010681 2
334 2.12299990654 2
333 2.11899995804 2
332 2.12400007248 2
331 2.20600008965 2
330 2.28399991989 2
329 1.00100004673 3
328 0.865999996662 4
327 0.851999998093 4
326 0.884999990463 4
325 1.07400000095 5
324 2.02300000191 6
323 2.00900006294 6
322 2.02200007439 6
321 2.02900004387 6
320 2.02999997139 6
319 2.02999997139 6
318 2.03600001335 6
317 2.03399991989 6
316 2.01699995995 6
315 2.02200007439 6
314 2.03299999237 6
313 2.04299998283 6
312 2.03399991989 6
311 2.04699993134 6
310 2.04399991035 6
309 2.0680000782 6
308 2.07500004768 6
307 5.76300001144 7
306 5.78000020981 7
