358 4.49700021744 0
357 4.34499979019 0
356 4.30700016022 0
355 4.56699991226 1
354 4.59399986267 1
353 4.63100004196 1
352 4.64599990845 1
351 4.67500019073 1
350 4.70200014114 1
349 4.73699998856 1
348 2.24699997902 2
347 2.13899993896 3
346 2.117000103 3
345 2.06100010872 3
344 2.06699991226 3
343 2.06200003624 3
342 2.15000009537 3
341 2.20600008965 3
340 2.24000000954 3
339 2.24499988556 3
338 2.22300004959 3
337 2.23200011253 3
336 2.16899991035 3
335 2.0720000267 3
334 2.04099988937 3
333 2.04500007629 3
332 2.07399988174 3
331 2.12199997902 3
330 2.132999897 3
329 0.994000017643 4
328 0.851999998093 5
327 0.847999989986 5
326 0.888999998569 5
325 1.07799994946 6
324 2.00999999046 7
323 2.02699995041 7
322 2.007999897 7
321 2.007999897 7
320 2.00999999046 7
319 2.02300000191 7
318 2.007999897 7
317 2.01399993896 7
316 2.03500008583 7
315 2.02999997139 7
314 2.04500007629 7
313 2.03999996185 7
312 2.04399991035 7
311 2.03099989891 7
310 2.0490000248 7
309 2.05599999428 7
308 2.05100011826 7
307 5.78000020981 8
306 5.77600002289 8
305 5.79600000381 8
