358 4.47200012207 0
357 4.36299991608 0
356 4.31699991226 0
355 4.54500007629 1
354 4.60200023651 1
353 4.62400007248 1
352 4.64300012589 1
351 4.68300008774 1
350 4.70300006866 1
349 4.73699998856 1
348 2.25200009346 2
347 2.17000007629 2
346 2.10800004005 2
345 2.08899998665 2
344 2.07399988174 2
343 2.08500003815 2
342 2.15499997139 2
341 2.22699999809 2
340 2.22900009155 2
339 2.21399998665 2
338 2.24300003052 2
337 2.21900010109 2
336 2.18400001526 2
335 2.09200000763 2
334 2.05100011826 2
333 2.05200004578 2
332 2.09699988365 2
331 2.08899998665 2
330 2.12599992752 2
329 0.989000022411 3
328 0.866999983788 4
327 0.856999993324 4
326 0.889999985695 4
325 1.06900000572 5
324 2.00099992752 6
323 2.02800011635 6
322 2.02300000191 6
321 2.02800011635 6
320 2.02800011635 6
319 2.02200007439 6
318 2.01300001144 6
317 2.02999997139 6
316 2.02399992943 6
315 2.02500009537 6
314 2.02300000191 6
313 2.03900003433 6
312 2.04699993134 6
311 2.04699993134 6
310 2.04099988937 6
309 2.06500005722 6
308 2.09200000763 6
307 5.76900005341 7
306 5.79099988937 7
305 5.79099988937 7
