357 4.37400007248 0
356 4.31799983978 0
355 4.55499982834 1
354 4.60099983215 1
353 4.62900018692 1
352 4.65500020981 1
351 4.67999982834 1
350 4.70699977875 1
349 4.75500011444 1
348 2.26799988747 2
347 2.13599991798 3
346 2.11500000954 3
345 2.06900000572 3
344 2.05200004578 3
343 2.06100010872 3
342 2.14700007439 3
341 2.24300003052 3
340 2.25600004196 3
339 2.22099995613 3
338 2.24300003052 3
337 2.24799990654 3
336 2.18000006676 3
335 2.06999993324 4
334 2.04399991035 4
333 2.0720000267 4
332 2.09599995613 4
331 2.12199997902 4
330 2.12199997902 4
329 0.998000025749 5
328 0.884999990463 6
327 0.856999993324 6
326 0.897000014782 6
325 1.07299995422 7
324 2.00900006294 8
323 2.01200008392 8
322 2.03200006485 8
321 2.02600002289 8
320 2.01200008392 8
319 2.03600001335 8
318 2.04299998283 8
317 2.02099990845 8
316 2.02200007439 8
315 2.03699994087 8
314 2.03299999237 8
313 2.0529999733 8
312 2.04399991035 8
311 2.04399991035 8
310 2.03999996185 8
309 2.05800008774 8
308 2.06999993324 8
307 5.78399991989 9
306 5.77199983597 9
305 5.8029999733 9
