358 4.49399995804 0
357 4.3639998436 0
356 4.31799983978 0
355 4.5529999733 1
354 4.59899997711 1
353 4.625 1
352 4.63199996948 1
351 4.68200016022 1
350 4.71500015259 1
349 4.74800014496 1
348 2.26099991798 2
347 2.14599990845 3
346 2.13000011444 3
345 2.08999991417 3
344 2.07399988174 3
343 2.09800004959 3
342 2.14499998093 3
341 2.23300004005 3
340 2.21799993515 3
339 2.22300004959 3
338 2.22300004959 3
337 2.24799990654 3
336 2.20499992371 3
335 2.08100008965 4
334 2.06900000572 4
333 2.07100009918 4
332 2.07299995422 4
331 2.10400009155 4
330 2.132999897 4
329 0.989000022411 5
328 0.878000020981 6
327 0.861000001431 6
326 0.888000011444 6
325 1.06900000572 7
324 2.00600004196 8
323 2.03500008583 8
322 2.007999897 8
321 2.03399991989 8
320 2.03500008583 8
319 2.03999996185 8
318 2.01699995995 8
317 2.03500008583 8
316 2.02800011635 8
315 2.02399992943 8
314 2.02699995041 8
313 2.03099989891 8
312 2.04299998283 8
311 2.0490000248 8
310 2.05500006676 8
309 2.04699993134 8
308 2.07899999619 8
307 5.76800012589 9
306 5.77600002289 9
305 5.78999996185 9
