0 4.50400018692
1 4.44099998474
2 4.45100021362
3 4.46899986267
4 4.52500009537
5 4.64599990845
6 4.68400001526
7 4.71099996567
8 4.73500013351
9 4.77299976349
10 4.79600000381
11 4.82100009918
12 4.84899997711
13 4.882999897
14 4.92899990082
15 4.93699979782
16 4.84200000763
17 4.85099983215
18 4.89300012589
19 4.96199989319
20 5.14400005341
21 5.19099998474
22 5.22900009155
23 5.26999998093
24 5.30800008774
25 5.34999990463
26 5.39699983597
27 5.44899988174
28 5.5
29 5.55700016022
30 5.60500001907
31 5.65700006485
32 5.64200019836
33 0.0
34 17.1539993286
35 17.1380004883
36 17.1380004883
37 0.0
38 0.0
39 0.0
40 17.2339992523
41 17.1609992981
42 17.061000824
43 17.0
44 16.5230007172
45 16.5300006866
46 16.5310001373
47 13.1750001907
48 13.0830001831
49 12.3299999237
50 11.9259996414
51 11.5900001526
52 11.5970001221
53 11.6190004349
54 11.6339998245
55 11.3649997711
56 10.9729995728
57 10.470000267
58 10.1210002899
59 8.35200023651
60 8.33699989319
61 8.19499969482
62 7.92199993134
63 7.63000011444
64 7.43699979782
65 7.23600006104
66 7.0609998703
67 6.89300012589
68 6.79600000381
69 6.77099990845
70 6.80900001526
71 6.83699989319
72 6.84899997711
73 6.87300014496
74 6.78499984741
75 6.65000009537
76 6.52400016785
77 6.40000009537
78 6.26900005341
79 6.14599990845
80 5.24300003052
81 4.97399997711
82 4.84299993515
83 4.76599979401
84 4.67500019073
85 4.59899997711
86 4.54500007629
87 4.47399997711
88 4.40000009537
89 4.34499979019
90 4.27099990845
91 4.20200014114
92 4.16099977493
93 4.09200000763
94 4.03800010681
95 3.98000001907
96 3.93400001526
97 3.8900001049
98 3.83599996567
99 3.78099989891
100 3.77600002289
101 3.79099988937
102 3.82100009918
103 3.83599996567
104 3.87299990654
105 3.90899991989
106 3.93600010872
107 3.96499991417
108 3.93400001526
109 3.88000011444
110 3.83999991417
111 3.80399990082
112 3.77300000191
113 3.74000000954
114 3.68400001526
115 3.66199994087
116 3.62400007248
117 3.59200000763
118 3.56900000572
119 3.53399991989
120 3.50500011444
121 3.47699999809
122 3.44600009918
123 3.42199993134
124 3.40700006485
125 3.39700007439
126 3.43499994278
127 3.46099996567
128 3.48399996758
129 3.52999997139
130 3.5720000267
131 3.61400008202
132 3.65300011635
133 4.02899980545
134 4.06199979782
135 4.09000015259
136 4.12400007248
137 4.13999986649
138 4.17600011826
139 4.20800018311
140 4.23999977112
141 4.27799987793
142 4.31300020218
143 4.34800004959
144 4.40000009537
145 4.42899990082
146 4.45599985123
147 4.48400020599
148 4.51200008392
149 4.52600002289
150 4.53800010681
151 4.19999980927
152 4.29400014877
153 4.55900001526
154 3.26600003242
155 3.41899991035
156 4.70699977875
157 4.59499979019
158 4.55000019073
159 4.80700016022
160 4.83199977875
161 4.86199998856
162 4.90500020981
163 4.93200016022
164 4.95300006866
165 4.99800014496
166 5.02699995041
167 5.03299999237
168 3.15700006485
169 3.22099995613
170 3.36299991608
171 4.11600017548
172 4.92600011826
173 4.87099981308
174 4.85699987411
175 4.83599996567
176 4.82299995422
177 4.81799983978
178 4.82700014114
179 4.85099983215
180 4.87699985504
181 4.89900016785
182 4.81300020218
183 5.30900001526
184 5.46400022507
185 5.47800016403
186 5.49700021744
187 5.51700019836
188 4.59899997711
189 4.57899999619
190 5.5560002327
191 5.59200000763
192 3.63800001144
193 3.51799988747
194 4.07600021362
195 4.03100013733
196 5.68800020218
197 5.71799993515
198 5.72399997711
199 5.74599981308
200 5.77799987793
201 5.8140001297
202 5.82399988174
203 5.83699989319
204 5.84399986267
205 5.85799980164
206 5.86100006104
207 5.89400005341
208 5.88999986649
209 5.90399980545
210 5.91099977493
211 5.9439997673
212 5.9439997673
213 5.97399997711
214 5.98999977112
215 5.992000103
216 6.00899982452
217 6.03100013733
218 6.04099988937
219 6.06300020218
220 6.07899999619
221 6.08699989319
222 6.09600019455
223 6.09899997711
224 6.08599996567
225 6.10300016403
226 6.10099983215
227 6.13199996948
228 6.13700008392
229 6.15500020981
230 6.15299987793
231 6.16900014877
232 6.17299985886
233 6.17999982834
234 6.20200014114
235 6.20599985123
236 6.21099996567
237 6.22499990463
238 6.23000001907
239 6.24300003052
240 6.22900009155
241 6.24100017548
242 6.22700023651
243 6.24900007248
244 6.23000001907
245 6.23600006104
246 6.23099994659
247 6.22900009155
248 6.25600004196
249 6.26000022888
250 6.26399993896
251 6.25899982452
252 6.26700019836
253 6.27799987793
254 6.27099990845
255 6.26499986649
256 6.27099990845
257 6.25500011444
258 6.26200008392
259 6.26200008392
260 6.21899986267
261 5.17999982834
262 5.03299999237
263 5.03900003433
264 5.04500007629
265 5.04099988937
266 5.03399991989
267 5.03299999237
268 5.07399988174
269 5.24300003052
270 2.40700006485
271 2.41300010681
272 2.4509999752
273 5.25600004196
274 5.21600008011
275 5.20599985123
276 5.24300003052
277 5.26999998093
278 5.40199995041
279 5.66900014877
280 5.74100017548
281 5.76700019836
282 5.8109998703
283 5.94199991226
284 6.07000017166
285 6.08199977875
286 6.07899999619
287 6.06699991226
288 6.05399990082
289 6.03200006485
290 6.01399993896
291 6.02199983597
292 5.99499988556
293 5.97900009155
294 5.96400022507
295 5.94600009918
296 5.91200017929
297 5.90600013733
298 5.87799978256
299 5.87699985504
300 5.84399986267
301 5.84499979019
302 5.83599996567
303 5.81799983978
304 5.80900001526
305 5.80399990082
306 5.77299976349
307 5.75600004196
308 5.74499988556
309 5.71299982071
310 5.69000005722
311 5.67199993134
312 5.64099979401
313 5.62799978256
314 5.60099983215
315 5.58500003815
316 5.56300020218
317 5.54199981689
318 5.51900005341
319 5.32999992371
320 5.10300016403
321 5.46500015259
322 5.45200014114
323 5.42100000381
324 5.41400003433
325 5.40299987793
326 5.36299991608
327 5.33500003815
328 5.3060002327
329 4.37099981308
330 4.05100011826
331 4.1360001564
332 5.02799987793
333 5.17000007629
334 5.14300012589
335 5.11899995804
336 5.09499979019
337 5.06300020218
338 5.04699993134
339 5.02500009537
340 4.94299983978
341 4.8220000267
342 4.95399999619
343 4.94000005722
344 4.90100002289
345 4.86000013351
346 4.82899999619
347 4.70900011063
348 4.57100009918
349 4.72300004959
350 4.70900011063
351 4.67500019073
352 4.61899995804
353 4.60900020599
354 4.60200023651
355 4.5640001297
356 4.31699991226
357 4.36000013351
358 4.49399995804
359 4.46500015259
360 4.44799995422
361 4.39900016785
362 4.37300014496
363 4.33300018311
364 4.3140001297
365 4.28700017929
366 4.24599981308
367 4.20800018311
368 4.15999984741
369 4.14200019836
370 4.12099981308
371 4.08900022507
372 4.04899978638
373 4.00299978256
374 3.97900009155
375 3.95199990273
376 3.93300008774
377 3.91799998283
378 3.87700009346
379 3.85800004005
380 3.82699990273
381 3.71600008011
382 3.6289999485
383 3.60299992561
384 3.5490000248
385 3.52200007439
386 3.49099993706
387 3.46700000763
388 3.43099999428
389 3.40199995041
390 3.36100006104
391 3.34599995613
392 3.31599998474
393 3.28699994087
394 3.25900006294
395 3.27200007439
396 3.30399990082
397 3.34699988365
398 3.37400007248
399 3.40100002289
400 3.44499993324
401 3.47399997711
402 3.5150001049
403 3.55399990082
404 3.59899997711
405 3.64800000191
406 3.66799998283
407 3.72399997711
408 3.72300004959
409 3.78399991989
410 3.81599998474
411 3.87800002098
412 3.93799996376
413 3.99099993706
414 4.06199979782
415 4.12200021744
416 4.18499994278
417 4.2389998436
418 4.28200006485
419 4.37300014496
420 4.44099998474
421 4.51399993896
422 4.59399986267
423 4.63800001144
424 4.73799991608
425 4.80000019073
426 4.90399980545
427 5.02699995041
428 5.11600017548
429 5.20599985123
430 5.31699991226
431 5.42500019073
432 5.52500009537
433 5.65100002289
434 5.76499986649
435 5.88399982452
436 6.02099990845
437 6.16599988937
438 6.31799983978
439 6.46999979019
440 6.50500011444
441 6.61800003052
442 6.44799995422
443 3.0720000267
444 3.05800008774
445 3.03099989891
446 3.01799988747
447 3.02699995041
448 3.01799988747
449 3.01399993896
450 3.00699996948
451 2.99099993706
452 2.98600006104
453 2.99499988556
454 2.97000002861
455 2.96000003815
456 2.96799993515
457 2.95199990273
458 2.95700001717
459 2.9509999752
460 2.95000004768
461 2.95199990273
462 2.93700003624
463 2.93600010872
464 2.94000005722
465 2.92899990082
466 2.93400001526
467 2.92700004578
468 2.92499995232
469 2.92199993134
470 2.66199994087
471 2.64400005341
472 2.64100003242
473 2.65100002289
474 0.949999988079
475 0.708999991417
476 0.699000000954
477 0.917999982834
478 2.65100002289
479 2.65100002289
480 2.65100002289
481 2.65499997139
482 2.632999897
483 2.63599991798
484 2.66499996185
485 2.66400003433
486 2.66400003433
487 2.64899992943
488 2.68600010872
489 2.67899990082
490 2.82500004768
491 2.93000006676
492 2.92600011826
493 2.92899990082
494 2.95199990273
495 2.9470000267
496 2.94600009918
497 2.9470000267
498 2.97099995613
499 2.95199990273
500 2.98099994659
501 2.97199988365
502 2.97399997711
503 3.00200009346
504 1.27799999714
505 1.16900002956
506 1.15499997139
507 1.13100004196
508 1.15499997139
509 1.14400005341
510 1.125
511 1.15699994564
512 1.18499994278
513 1.19000005722
514 1.20399999619
515 1.20799994469
516 1.22099995613
517 1.22500002384
518 1.25199997425
519 1.2460000515
520 1.26499998569
521 1.35899996758
522 1.50199997425
523 3.18099999428
524 0.920000016689
525 0.917999982834
526 0.90499997139
527 0.947000026703
528 3.03800010681
529 2.97799992561
530 2.93499994278
531 1.29999995232
532 1.18599998951
533 1.10500001907
534 1.09599995613
535 1.09700000286
536 1.09000003338
537 1.08399999142
538 1.10099995136
539 1.06200003624
540 1.05499994755
