0 4.51000022888
1 4.4359998703
2 4.45300006866
3 4.46400022507
4 4.53299999237
5 4.64200019836
6 4.67299985886
7 4.69899988174
8 4.7389998436
9 4.75400018692
10 4.80900001526
11 4.82899999619
12 4.86100006104
13 4.89699983597
14 4.91699981689
15 4.93300008774
16 4.83400011063
17 4.85400009155
18 4.88100004196
19 4.96799993515
20 5.1360001564
21 5.1810002327
22 5.21199989319
23 5.26499986649
24 5.3189997673
25 5.36000013351
26 5.40500020981
27 5.44600009918
28 5.48199987411
29 5.54799985886
30 5.60699987411
31 5.64300012589
32 5.66200017929
33 0.0
34 17.1439990997
35 17.1480007172
36 17.1509990692
37 0.0
38 0.0
39 0.0
40 17.2280006409
41 17.1669998169
42 17.061000824
43 17.0100002289
44 16.5219993591
45 16.5279998779
46 16.5259990692
47 13.1599998474
48 13.0780000687
49 12.3439998627
50 11.9510002136
51 11.5970001221
52 11.607000351
53 11.6160001755
54 11.6129999161
55 11.3409996033
56 11.0010004044
57 10.4849996567
58 10.1079998016
59 8.33199977875
60 8.32999992371
61 8.20600032806
62 7.90999984741
63 7.62900018692
64 7.4470000267
65 7.24599981308
66 7.05000019073
67 6.90799999237
68 6.78499984741
69 6.77600002289
70 6.80700016022
71 6.83099985123
72 6.84999990463
73 6.86600017548
74 6.79699993134
75 6.64200019836
76 6.507999897
77 6.38899993896
78 6.27099990845
79 6.15799999237
80 5.24900007248
81 4.96400022507
82 4.85099983215
83 4.76599979401
84 4.6810002327
85 4.60699987411
86 4.55200004578
87 4.47800016403
88 4.39699983597
89 4.34000015259
90 4.26999998093
91 4.21999979019
92 4.14300012589
93 4.10200023651
94 4.02600002289
95 3.98000001907
96 3.93600010872
97 3.89599990845
98 3.83999991417
99 3.7990000248
100 3.77699995041
101 3.77699995041
102 3.79800009727
103 3.83500003815
104 3.87700009346
105 3.90100002289
106 3.94199991226
107 3.94799995422
108 3.92700004578
109 3.89599990845
110 3.83500003815
111 3.80100011826
112 3.76200008392
113 3.73900008202
114 3.7009999752
115 3.65000009537
116 3.6289999485
117 3.59800004959
118 3.5680000782
119 3.53699994087
120 3.50600004196
121 3.46099996567
122 3.43499994278
123 3.40599989891
124 3.40100002289
125 3.3900001049
126 3.42700004578
127 3.45900011063
128 3.49499988556
129 3.52300000191
130 3.57100009918
131 3.61400008202
132 3.66199994087
133 4.02600002289
134 4.0640001297
135 4.08099985123
136 4.12200021744
137 4.14200019836
138 4.16099977493
139 4.21000003815
140 4.23299980164
141 4.26800012589
142 4.31699991226
143 4.35300016403
144 4.39699983597
145 4.42399978638
146 4.45599985123
147 4.49300003052
148 4.51599979401
149 4.53499984741
150 4.54699993134
151 4.18800020218
152 4.30700016022
153 4.59000015259
154 3.26900005341
155 3.39499998093
156 4.70499992371
157 4.60599994659
158 4.54400014877
159 4.78700017929
160 4.82100009918
161 4.86100006104
162 4.88500022888
163 4.93300008774
164 4.96600008011
165 4.98699998856
166 5.02299976349
167 5.03299999237
168 3.15400004387
169 3.21000003815
170 3.36899995804
171 4.1139998436
172 4.91900014877
173 4.88800001144
174 4.84999990463
175 4.82899999619
176 4.83400011063
177 4.80900001526
178 4.83500003815
179 4.85200023651
180 4.86499977112
181 4.89799976349
182 4.80999994278
183 5.31799983978
184 5.47200012207
185 5.48699998856
186 5.48400020599
187 5.51300001144
188 4.60200023651
189 4.57899999619
190 5.56699991226
191 5.59100008011
192 3.63700008392
193 3.53200006485
194 4.07999992371
195 4.05399990082
196 5.69000005722
197 5.70699977875
198 5.72700023651
199 5.75400018692
200 5.77500009537
201 5.8140001297
202 5.82700014114
203 5.83799982071
204 5.84000015259
205 5.85500001907
206 5.8639998436
207 5.88800001144
208 5.875
209 5.91200017929
210 5.91400003433
211 5.9359998703
212 5.94999980927
213 5.97300004959
214 5.98000001907
215 6.00699996948
216 6.00500011444
217 6.02799987793
218 6.05700016022
219 6.07700014114
220 6.07899999619
221 6.08900022507
222 6.09200000763
223 6.10900020599
224 6.09800004959
225 6.09299993515
226 6.10799980164
227 6.11999988556
228 6.13399982452
229 6.15100002289
230 6.15799999237
231 6.16900014877
232 6.17100000381
233 6.1810002327
234 6.20100021362
235 6.18800020218
236 6.21899986267
237 6.21500015259
238 6.23299980164
239 6.24700021744
240 6.23799991608
241 6.22800016403
242 6.21999979019
243 6.22499990463
244 6.21999979019
245 6.242000103
246 6.2389998436
247 6.2389998436
248 6.24499988556
249 6.26200008392
250 6.26499986649
251 6.24599981308
252 6.27500009537
253 6.25899982452
254 6.27199983597
255 6.27199983597
256 6.27299976349
257 6.26599979401
258 6.26399993896
259 6.24700021744
260 6.23999977112
261 5.19600009918
262 5.03700017929
263 5.02899980545
264 5.02400016785
265 5.03100013733
266 5.03100013733
267 5.02600002289
268 5.06699991226
269 5.2389998436
270 2.41599988937
271 2.43700003624
272 2.45000004768
273 5.25600004196
274 5.21899986267
275 5.21899986267
276 5.23299980164
277 5.26599979401
278 5.41800022125
279 5.66900014877
280 5.73699998856
281 5.76999998093
282 5.80800008774
283 5.95399999619
284 6.08900022507
285 6.07700014114
286 6.05900001526
287 6.07499980927
288 6.05000019073
289 6.04799985886
290 6.03499984741
291 6.007999897
292 5.98999977112
293 5.97599983215
294 5.97399997711
295 5.94299983978
296 5.92999982834
297 5.91499996185
298 5.88700008392
299 5.89099979401
300 5.85400009155
301 5.83699989319
302 5.82800006866
303 5.82299995422
304 5.80900001526
305 5.79400014877
306 5.79400014877
307 5.76200008392
308 5.74599981308
309 5.72900009155
310 5.69099998474
311 5.68200016022
312 5.63899993896
313 5.63100004196
314 5.61100006104
315 5.59000015259
316 5.55900001526
317 5.54300022125
318 5.52400016785
319 5.3220000267
320 5.11299991608
321 5.44500017166
322 5.45200014114
323 5.42700004578
324 5.41699981689
325 5.39300012589
326 5.35799980164
327 5.3220000267
328 5.30000019073
329 4.37300014496
330 4.04899978638
331 4.11199998856
332 5.00899982452
333 5.16599988937
334 5.13700008392
335 5.10799980164
336 5.08799982071
337 5.07000017166
338 5.04799985886
339 5.02299976349
340 4.95100021362
341 4.81599998474
342 4.95399999619
343 4.94600009918
344 4.90399980545
345 4.86899995804
346 4.85200023651
347 4.69099998474
348 4.55999994278
349 4.74100017548
350 4.71799993515
351 4.6779999733
352 4.65399980545
353 4.60400009155
354 4.57499980927
355 4.56599998474
356 4.32700014114
357 4.36600017548
358 4.49300003052
359 4.46999979019
360 4.44799995422
361 4.41200017929
362 4.39400005341
363 4.32999992371
364 4.30999994278
365 4.28200006485
366 4.25600004196
367 4.20699977875
368 4.16900014877
369 4.15000009537
370 4.1139998436
371 4.07800006866
372 4.03900003433
373 3.99799990654
374 3.97099995613
375 3.95300006866
376 3.93300008774
377 3.90700006485
378 3.88199996948
379 3.84100008011
380 3.83400011063
381 3.72000002861
382 3.64599990845
383 3.59200000763
384 3.5529999733
385 3.52500009537
386 3.48200011253
387 3.47000002861
388 3.43400001526
389 3.41100001335
390 3.34999990463
391 3.34500002861
392 3.32699990273
393 3.29099988937
394 3.26399993896
395 3.2650001049
396 3.28900003433
397 3.32800006866
398 3.37400007248
399 3.40300011635
400 3.44400000572
401 3.48399996758
402 3.507999897
403 3.54800009727
404 3.60100007057
405 3.64100003242
406 3.68799996376
407 3.71600008011
408 3.74000000954
409 3.78500008583
410 3.82699990273
411 3.89400005341
412 3.92300009727
413 4.00899982452
414 4.05700016022
415 4.12300014496
416 4.18300008774
417 4.24499988556
418 4.29199981689
419 4.35900020599
420 4.44000005722
421 4.51599979401
422 4.59899997711
423 4.66800022125
424 4.72700023651
425 4.81300020218
426 4.92100000381
427 5.00899982452
428 5.11100006104
429 5.20499992371
430 5.3140001297
431 5.42299985886
432 5.53599977493
433 5.64900016785
434 5.75699996948
435 5.8860001564
436 6.01399993896
437 6.16300010681
438 6.3060002327
439 6.47599983215
440 6.49399995804
441 6.6139998436
442 6.45300006866
443 3.05200004578
444 3.04699993134
445 3.05200004578
446 3.02200007439
447 3.02999997139
448 3.02500009537
449 3.01399993896
450 2.99499988556
451 2.992000103
452 2.992000103
453 2.9849998951
454 2.98600006104
455 2.96600008011
456 2.97099995613
457 2.96199989319
458 2.9509999752
459 2.94099998474
460 2.95199990273
461 2.96600008011
462 2.94099998474
463 2.94000005722
464 2.92100000381
465 2.92000007629
466 2.92600011826
467 2.93000006676
468 2.9240000248
469 2.90799999237
470 2.65899991989
471 2.65100002289
472 2.6400001049
473 2.65300011635
474 0.944000005722
475 0.700999975204
476 0.712000012398
477 0.933000028133
478 2.65799999237
479 2.65199995041
480 2.65700006485
481 2.64599990845
482 2.65000009537
483 2.64100003242
484 2.65599989891
485 2.63800001144
486 2.66899991035
487 2.67199993134
488 2.68499994278
489 2.68700003624
490 2.84400010109
491 2.92300009727
492 2.95000004768
493 2.93499994278
494 2.93700003624
495 2.9430000782
496 2.95900011063
497 2.95300006866
498 2.96000003815
499 2.98699998856
500 2.96799993515
501 2.96900010109
502 2.9849998951
503 2.97399997711
504 1.28299999237
505 1.14900004864
506 1.13300001621
507 1.14699995518
508 1.13499999046
509 1.14800000191
510 1.14699995518
511 1.15100002289
512 1.19099998474
513 1.18900001049
514 1.2159999609
515 1.2009999752
516 1.23199999332
517 1.21700000763
518 1.24100005627
519 1.25600004196
520 1.26199996471
521 1.36600005627
522 1.50899994373
523 3.1779999733
524 0.935000002384
525 0.907999992371
526 0.929000020027
527 0.948000013828
528 3.04099988937
529 2.98200011253
530 2.92100000381
531 1.30799996853
532 1.17700004578
533 1.10500001907
534 1.08000004292
535 1.07500004768
536 1.08500003815
537 1.0870000124
538 1.06799995899
539 1.06299996376
540 1.05099999905
