0 4.51499986649
1 4.42700004578
2 4.45200014114
3 4.45900011063
4 4.53900003433
5 4.65799999237
6 4.66599988937
7 4.71500015259
8 4.742000103
9 4.76300001144
10 4.8060002327
11 4.82399988174
12 4.86000013351
13 4.88899993896
14 4.92600011826
15 4.92600011826
16 4.82700014114
17 4.85300016403
18 4.87200021744
19 4.97300004959
20 5.13500022888
21 5.19000005722
22 5.22399997711
23 5.26900005341
24 5.3109998703
25 5.34899997711
26 5.41099977493
27 5.45200014114
28 5.49900007248
29 5.5560002327
30 5.59899997711
31 5.65999984741
32 5.65899991989
33 0.0
34 17.1550006866
35 17.1410007477
36 17.1490001678
37 0.0
38 0.0
39 0.0
40 17.2339992523
41 17.1700000763
42 17.0550003052
43 17.0259990692
44 16.5230007172
45 16.545999527
46 16.5249996185
47 13.1820001602
48 13.093000412
49 12.3339996338
50 11.954000473
51 11.5839996338
52 11.5970001221
53 11.623000145
54 11.6199998856
55 11.343000412
56 11.0080003738
57 10.4639997482
58 10.1099996567
59 8.30200004578
60 8.33500003815
61 8.21000003815
62 7.91400003433
63 7.64200019836
64 7.44999980927
65 7.24800014496
66 7.06199979782
67 6.90600013733
68 6.78399991989
69 6.77600002289
70 6.79600000381
71 6.82700014114
72 6.85300016403
73 6.87099981308
74 6.78399991989
75 6.63100004196
76 6.51800012589
77 6.39599990845
78 6.26499986649
79 6.14400005341
80 5.22700023651
81 4.96899986267
82 4.86199998856
83 4.77299976349
84 4.68499994278
85 4.60799980164
86 4.54099988937
87 4.47300004959
88 4.38899993896
89 4.3140001297
90 4.26900005341
91 4.23600006104
92 4.16300010681
93 4.11499977112
94 4.04799985886
95 3.98699998856
96 3.94099998474
97 3.89100003242
98 3.82899999619
99 3.77900004387
100 3.78200006485
101 3.80399990082
102 3.8259999752
103 3.84299993515
104 3.87599992752
105 3.90700006485
106 3.9240000248
107 3.95499992371
108 3.91499996185
109 3.87800002098
110 3.83999991417
111 3.80900001526
112 3.77099990845
113 3.7349998951
114 3.69199991226
115 3.66300010681
116 3.63100004196
117 3.58599996567
118 3.56200003624
119 3.53299999237
120 3.50600004196
121 3.47499990463
122 3.44899988174
123 3.41799998283
124 3.40700006485
125 3.39800000191
126 3.40799999237
127 3.44499993324
128 3.47699999809
129 3.53200006485
130 3.57800006866
131 3.62400007248
132 3.6740000248
133 4.01399993896
134 4.05200004578
135 4.08099985123
136 4.1360001564
137 4.16499996185
138 4.17999982834
139 4.23199987411
140 4.23000001907
141 4.28100013733
142 4.29300022125
143 4.32399988174
144 4.38399982452
145 4.42100000381
146 4.46500015259
147 4.49900007248
148 4.51800012589
149 4.52899980545
150 4.54699993134
151 4.1970000267
152 4.29300022125
153 4.53299999237
154 3.26399993896
155 3.40499997139
156 4.70699977875
157 4.61499977112
158 4.5689997673
159 4.79400014877
160 4.83099985123
161 4.86499977112
162 4.89799976349
163 4.93200016022
164 4.95699977875
165 5.00500011444
166 5.01399993896
167 5.03299999237
168 3.16799998283
169 3.22000002861
170 3.3599998951
171 4.09499979019
172 4.90899991989
173 4.88199996948
174 4.84600019455
175 4.84600019455
176 4.82299995422
177 4.82299995422
178 4.83300018311
179 4.84899997711
180 4.88399982452
181 4.90399980545
182 4.82700014114
183 5.31199979782
184 5.46400022507
185 5.48000001907
186 5.49399995804
187 5.52099990845
188 4.59299993515
189 4.58099985123
190 5.5609998703
191 5.58400011063
192 3.63000011444
193 3.53299999237
194 4.09000015259
195 4.03900003433
196 5.68400001526
197 5.69999980927
198 5.74399995804
199 5.74399995804
200 5.78200006485
201 5.80000019073
202 5.82100009918
203 5.84299993515
204 5.85699987411
205 5.85699987411
206 5.87400007248
207 5.89400005341
208 5.89400005341
209 5.90600013733
210 5.90999984741
211 5.9390001297
212 5.94500017166
213 5.97399997711
214 5.98600006104
215 5.98999977112
216 6.02500009537
217 6.02899980545
218 6.06199979782
219 6.08099985123
220 6.09000015259
221 6.07600021362
222 6.10799980164
223 6.07999992371
224 6.09100008011
225 6.10500001907
226 6.13500022888
227 6.1360001564
228 6.13899993896
229 6.15299987793
230 6.15700006485
231 6.17100000381
232 6.15999984741
233 6.1939997673
234 6.19099998474
235 6.21799993515
236 6.22399997711
237 6.24499988556
238 6.23299980164
239 6.22800016403
240 6.22800016403
241 6.22399997711
242 6.25400018692
243 6.21500015259
244 6.21600008011
245 6.23299980164
246 6.24100017548
247 6.25699996948
248 6.25299978256
249 6.22100019455
250 6.24100017548
251 6.24499988556
252 6.25099992752
253 6.28000020981
254 6.26800012589
255 6.27899980545
256 6.2610001564
257 6.26700019836
258 6.23600006104
259 6.23500013351
260 6.22800016403
261 5.20100021362
262 5.04500007629
263 5.02400016785
264 5.02699995041
265 5.03599977493
266 5.03399991989
267 5.02799987793
268 5.0560002327
269 5.24900007248
270 2.41000008583
271 2.41199994087
272 2.44499993324
273 5.25500011444
274 5.21400022507
275 5.21600008011
276 5.23999977112
277 5.26800012589
278 5.42199993134
279 5.65199995041
280 5.74499988556
281 5.76300001144
282 5.79799985886
283 5.95499992371
284 6.09499979019
285 6.07800006866
286 6.05000019073
287 6.05100011826
288 6.05700016022
289 6.04799985886
290 6.03900003433
291 6.02400016785
292 6.0110001564
293 5.98400020599
294 5.95100021362
295 5.9439997673
296 5.93499994278
297 5.90000009537
298 5.88999986649
299 5.88999986649
300 5.8639998436
301 5.83400011063
302 5.83699989319
303 5.82100009918
304 5.81199979782
305 5.78299999237
306 5.77600002289
307 5.75299978256
308 5.75699996948
309 5.72599983215
310 5.70200014114
311 5.66800022125
312 5.65600013733
313 5.62900018692
314 5.61899995804
315 5.57899999619
316 5.55900001526
317 5.53999996185
318 5.53299999237
319 5.33199977875
320 5.1139998436
321 5.44500017166
322 5.4470000267
323 5.43400001526
324 5.40600013733
325 5.39699983597
326 5.36199998856
327 5.33300018311
328 5.29400014877
329 4.3639998436
330 4.0529999733
331 4.11299991608
332 5.03399991989
333 5.16300010681
334 5.13100004196
335 5.12400007248
336 5.09299993515
337 5.06599998474
338 5.04099988937
339 5.02299976349
340 4.95399999619
341 4.81799983978
342 4.96500015259
343 4.9310002327
344 4.90299987793
345 4.86499977112
346 4.83199977875
347 4.69799995422
348 4.57000017166
349 4.73699998856
350 4.70399999619
351 4.66699981689
352 4.64400005341
353 4.617000103
354 4.59000015259
355 4.55100011826
356 4.30700016022
357 4.3639998436
358 4.48699998856
359 4.46400022507
360 4.45200014114
361 4.41300010681
362 4.39499998093
363 4.36600017548
364 4.32700014114
365 4.27500009537
366 4.26000022888
367 4.21799993515
368 4.17399978638
369 4.14099979401
370 4.12099981308
371 4.0689997673
372 4.04500007629
373 4.02600002289
374 3.96600008011
375 3.97399997711
376 3.92700004578
377 3.89299988747
378 3.88199996948
379 3.85700011253
380 3.82800006866
381 3.72199988365
382 3.64100003242
383 3.61500000954
384 3.54800009727
385 3.53500008583
386 3.49699997902
387 3.47099995613
388 3.42300009727
389 3.39800000191
390 3.36800003052
391 3.34200000763
392 3.31200003624
393 3.27399992943
394 3.24699997902
395 3.26200008392
396 3.30200004578
397 3.33699989319
398 3.35199999809
399 3.40000009537
400 3.45000004768
401 3.48000001907
402 3.50099992752
403 3.56100010872
404 3.58599996567
405 3.63599991798
406 3.69400000572
407 3.72399997711
408 3.7349998951
409 3.77600002289
410 3.81699991226
411 3.88700008392
412 3.94899988174
413 3.97600007057
414 4.06199979782
415 4.12300014496
416 4.17299985886
417 4.23799991608
418 4.3029999733
419 4.37400007248
420 4.44600009918
421 4.52299976349
422 4.59499979019
423 4.66800022125
424 4.74100017548
425 4.81500005722
426 4.90600013733
427 5.02899980545
428 5.11999988556
429 5.21700000763
430 5.31300020218
431 5.42399978638
432 5.53200006485
433 5.66099977493
434 5.76800012589
435 5.89699983597
436 6.02400016785
437 6.17399978638
438 6.3140001297
439 6.48000001907
440 6.507999897
441 6.60599994659
442 6.46000003815
443 3.11299991608
444 3.04800009727
445 3.05399990082
446 3.02500009537
447 3.01799988747
448 3.03099989891
449 3.01699995995
450 3.01900005341
451 2.992000103
452 3.00600004196
453 2.97900009155
454 2.99300003052
455 2.98200011253
456 2.95499992371
457 2.95399999619
458 2.98200011253
459 2.96000003815
460 2.94600009918
461 2.9430000782
462 2.94499993324
463 2.95399999619
464 2.93000006676
465 2.93099999428
466 2.93400001526
467 2.9279999733
468 2.91499996185
469 2.90199995041
470 2.65700006485
471 2.65599989891
472 2.62400007248
473 2.64800000191
474 0.944999992847
475 0.717999994755
476 0.700999975204
477 0.922999978065
478 2.64100003242
479 2.63800001144
480 2.65400004387
481 2.66400003433
482 2.63199996948
483 2.65499997139
484 2.66100001335
485 2.67100000381
486 2.66100001335
487 2.65400004387
488 2.68000006676
489 2.6819999218
490 2.82100009918
491 2.92199993134
492 2.93300008774
493 2.95600008965
494 2.94400000572
495 2.95600008965
496 2.94600009918
497 2.9470000267
498 2.95799994469
499 2.98399996758
500 2.96600008011
501 2.96700000763
502 2.97499990463
503 2.98000001907
504 3.00099992752
505 1.37699997425
506 1.21800005436
507 1.14699995518
508 1.13800001144
509 1.13999998569
510 1.16799998283
511 1.15699994564
512 1.17100000381
513 1.19599997997
514 1.22200000286
515 1.23199999332
516 1.20899999142
517 1.23000001907
518 1.23000001907
519 1.24699997902
520 1.26199996471
521 1.27100002766
522 1.3789999485
523 1.50999999046
524 0.943000018597
525 0.908999979496
526 0.921000003815
527 0.943000018597
528 3.04699993134
529 2.99000000954
530 2.9319999218
531 1.36699998379
532 1.18900001049
533 1.12999999523
534 1.10300004482
535 1.0720000267
536 1.08800005913
537 1.07700002193
538 1.08299994469
539 1.06200003624
540 1.04400002956
