0 4.50500011444
1 4.43200016022
2 4.45200014114
3 4.44600009918
4 4.53700017929
5 4.64400005341
6 4.67999982834
7 4.71500015259
8 4.72700023651
9 4.76399993896
10 4.80200004578
11 4.82600021362
12 4.86800003052
13 4.90399980545
14 4.92299985886
15 4.92500019073
16 4.84000015259
17 4.84700012207
18 4.88100004196
19 4.96400022507
20 5.14300012589
21 5.17399978638
22 5.21500015259
23 5.2610001564
24 5.32299995422
25 5.35599994659
26 5.40700006485
27 5.45800018311
28 5.49300003052
29 5.54799985886
30 5.59499979019
31 5.64400005341
32 5.65100002289
33 0.0
34 17.1509990692
35 17.1459999084
36 17.1669998169
37 0.0
38 0.0
39 0.0
40 17.2420005798
41 17.1620006561
42 17.0699996948
43 17.0189990997
44 16.5230007172
45 16.5380001068
46 16.5149993896
47 13.1529998779
48 13.0889997482
49 12.3369998932
50 11.9750003815
51 11.5900001526
52 11.6169996262
53 11.6319999695
54 11.6160001755
55 11.3459997177
56 10.9989995956
57 10.4790000916
58 10.1190004349
59 8.32199954987
60 8.34200000763
61 8.19799995422
62 7.92500019073
63 7.63500022888
64 7.45599985123
65 7.23500013351
66 7.07499980927
67 6.88899993896
68 6.78000020981
69 6.76499986649
70 6.8029999733
71 6.83199977875
72 6.84499979019
73 6.867000103
74 6.78800010681
75 6.63999986649
76 6.51999998093
77 6.40600013733
78 6.28200006485
79 6.14400005341
80 5.22900009155
81 4.95900011063
82 4.84000015259
83 4.77199983597
84 4.69299983978
85 4.60599994659
86 4.54600000381
87 4.46099996567
88 4.41099977493
89 4.34200000763
90 4.27799987793
91 4.20100021362
92 4.14400005341
93 4.09299993515
94 4.01200008392
95 3.99300003052
96 3.92300009727
97 3.89100003242
98 3.85700011253
99 3.81500005722
100 3.78500008583
101 3.79699993134
102 3.80900001526
103 3.84899997711
104 3.875
105 3.91300010681
106 3.93700003624
107 3.95900011063
108 3.91499996185
109 3.88400006294
110 3.85100007057
111 3.81200003624
112 3.75300002098
113 3.72799992561
114 3.6970000267
115 3.66700005531
116 3.62800002098
117 3.59500002861
118 3.56399989128
119 3.52300000191
120 3.50900006294
121 3.45900011063
122 3.44099998474
123 3.40199995041
124 3.40300011635
125 3.38199996948
126 3.42499995232
127 3.44600009918
128 3.49300003052
129 3.53500008583
130 3.56200003624
131 3.62400007248
132 3.65300011635
133 4.01700019836
134 4.05800008774
135 4.09999990463
136 4.12099981308
137 4.14300012589
138 4.16599988937
139 4.20900011063
140 4.25500011444
141 4.29500007629
142 4.32299995422
143 4.35900020599
144 4.39599990845
145 4.41099977493
146 4.45900011063
147 4.47399997711
148 4.50899982452
149 4.53299999237
150 4.55000019073
151 4.19500017166
152 4.32499980927
153 4.6139998436
154 3.2650001049
155 3.41100001335
156 4.71899986267
157 4.59700012207
158 4.55800008774
159 4.80000019073
160 4.82700014114
161 4.87200021744
162 4.8860001564
163 4.9310002327
164 4.95699977875
165 5.00099992752
166 5.02899980545
167 5.03900003433
168 3.15599989891
169 3.20700001717
170 3.35700011253
171 4.11199998856
172 4.91599988937
173 4.86999988556
174 4.84800004959
175 4.83500003815
176 4.82600021362
177 4.80700016022
178 4.83799982071
179 4.85599994659
180 4.875
181 4.90500020981
182 4.82600021362
183 5.3189997673
184 5.46600008011
185 5.47800016403
186 5.48699998856
187 5.51000022888
188 4.58599996567
189 4.59000015259
190 5.5720000267
191 5.58400011063
192 3.64199995995
193 3.51099991798
194 4.06199979782
195 4.04699993134
196 5.70599985123
197 5.71099996567
198 5.73400020599
199 5.77400016785
200 5.78200006485
201 5.80800008774
202 5.82800006866
203 5.8189997673
204 5.84000015259
205 5.85200023651
206 5.87200021744
207 5.88700008392
208 5.90199995041
209 5.90899991989
210 5.92100000381
211 5.91800022125
212 5.95699977875
213 5.96299982071
214 5.97700023651
215 6.00199985504
216 6.02400016785
217 6.02699995041
218 6.04899978638
219 6.06599998474
220 6.06300020218
221 6.07299995422
222 6.08799982071
223 6.08900022507
224 6.10400009155
225 6.11499977112
226 6.12599992752
227 6.11999988556
228 6.14200019836
229 6.12900018692
230 6.13899993896
231 6.16499996185
232 6.17999982834
233 6.1939997673
234 6.20300006866
235 6.20900011063
236 6.22499990463
237 6.21999979019
238 6.22399997711
239 6.24399995804
240 6.22700023651
241 6.24499988556
242 6.25099992752
243 6.24399995804
244 6.22100019455
245 6.24700021744
246 6.22900009155
247 6.25899982452
248 6.25099992752
249 6.24700021744
250 6.25
251 6.27500009537
252 6.25400018692
253 6.26900005341
254 6.29199981689
255 6.257999897
256 6.26000022888
257 6.25899982452
258 6.26200008392
259 6.2389998436
260 6.21799993515
261 5.19500017166
262 5.03900003433
263 5.02799987793
264 5.02899980545
265 5.03499984741
266 5.04899978638
267 5.03800010681
268 5.07499980927
269 5.25400018692
270 2.42000007629
271 2.41400003433
272 2.45199990273
273 5.25400018692
274 5.21400022507
275 5.20300006866
276 5.23400020599
277 5.27400016785
278 5.40999984741
279 5.66499996185
280 5.74900007248
281 5.757999897
282 5.80100011826
283 5.94899988174
284 6.07499980927
285 6.07899999619
286 6.06799983978
287 6.05100011826
288 6.06699991226
289 6.03499984741
290 6.03599977493
291 6.02299976349
292 5.9889998436
293 5.97499990463
294 5.94999980927
295 5.94899988174
296 5.90799999237
297 5.91599988937
298 5.90600013733
299 5.88500022888
300 5.85699987411
301 5.83799982071
302 5.82700014114
303 5.8189997673
304 5.81500005722
305 5.80800008774
306 5.77099990845
307 5.77799987793
308 5.742000103
309 5.71400022507
310 5.68400001526
311 5.67899990082
312 5.64300012589
313 5.62900018692
314 5.61800003052
315 5.58900022507
316 5.54799985886
317 5.53999996185
318 5.51700019836
319 5.32999992371
320 5.09999990463
321 5.45300006866
322 5.44799995422
323 5.44000005722
324 5.42000007629
325 5.38700008392
326 5.35699987411
327 5.32800006866
328 5.29799985886
329 4.37799978256
330 4.03200006485
331 4.10099983215
332 5.00899982452
333 5.15899991989
334 5.13399982452
335 5.12099981308
336 5.08099985123
337 5.0689997673
338 5.04899978638
339 5.02500009537
340 4.9470000267
341 4.80800008774
342 4.96000003815
343 4.93300008774
344 4.91200017929
345 4.86199998856
346 4.83099985123
347 4.70800018311
348 4.5720000267
349 4.74800014496
350 4.70100021362
351 4.67199993134
352 4.64300012589
353 4.62300014496
354 4.59600019455
355 4.55000019073
356 4.30800008774
357 4.375
358 4.48600006104
359 4.46799993515
360 4.42100000381
361 4.39599990845
362 4.40100002289
363 4.35099983215
364 4.32700014114
365 4.28299999237
366 4.25699996948
367 4.21899986267
368 4.17600011826
369 4.15399980545
370 4.12400007248
371 4.06500005722
372 4.03800010681
373 4.02099990845
374 3.98900008202
375 3.96600008011
376 3.90799999237
377 3.89100003242
378 3.86800003052
379 3.85199999809
380 3.82800006866
381 3.70700001717
382 3.63599991798
383 3.60299992561
384 3.57699990273
385 3.53399991989
386 3.49900007248
387 3.47000002861
388 3.43899989128
389 3.39400005341
390 3.3599998951
391 3.32500004768
392 3.30999994278
393 3.28600001335
394 3.26799988747
395 3.27600002289
396 3.28699994087
397 3.32699990273
398 3.37599992752
399 3.39299988747
400 3.44099998474
401 3.47699999809
402 3.52399992943
403 3.55800008774
404 3.59200000763
405 3.64899992943
406 3.69099998474
407 3.72499990463
408 3.72399997711
409 3.78200006485
410 3.85199999809
411 3.88100004196
412 3.91799998283
413 4.00400018692
414 4.0720000267
415 4.12900018692
416 4.16599988937
417 4.24100017548
418 4.31300020218
419 4.38199996948
420 4.45100021362
421 4.52600002289
422 4.60599994659
423 4.67199993134
424 4.74100017548
425 4.8220000267
426 4.90299987793
427 5.02199983597
428 5.1139998436
429 5.21500015259
430 5.31699991226
431 5.41300010681
432 5.52400016785
433 5.65199995041
434 5.76300001144
435 5.88700008392
436 6.01999998093
437 6.16900014877
438 6.31699991226
439 6.48199987411
440 6.50199985504
441 6.60599994659
442 6.44999980927
443 3.05900001526
444 3.05599999428
445 3.04399991035
446 3.02800011635
447 3.01600003242
448 3.02099990845
449 3.00600004196
450 2.98900008202
451 2.98600006104
452 3.00900006294
453 2.99399995804
454 2.96900010109
455 2.98000001907
456 2.97099995613
457 2.96199989319
458 2.97799992561
459 2.95600008965
460 2.96499991417
461 2.97000002861
462 2.93700003624
463 2.9319999218
464 2.93300008774
465 2.93899989128
466 2.92100000381
467 2.91100001335
468 2.92100000381
469 2.91700005531
470 2.65300011635
471 2.65300011635
472 2.64100003242
473 2.63899993896
474 0.950999975204
475 0.70300000906
476 0.717000007629
477 0.921000003815
478 2.64800000191
479 2.64899992943
480 2.64700007439
481 2.65899991989
482 2.64599990845
483 2.64299988747
484 2.66100001335
485 2.65799999237
486 2.66499996185
487 2.66100001335
488 2.66899991035
489 2.68000006676
490 2.81699991226
491 2.9509999752
492 2.93700003624
493 2.93300008774
494 2.93400001526
495 2.95000004768
496 2.94899988174
497 2.97900009155
498 2.98000001907
499 2.96300005913
500 2.97699999809
501 2.99499988556
502 2.98600006104
503 2.98900008202
504 2.99000000954
505 1.375
506 1.22399997711
507 1.15699994564
508 1.14499998093
509 1.13199996948
510 1.15699994564
511 1.14800000191
512 1.16100001335
513 1.16700005531
514 1.21700000763
515 1.19500005245
516 1.21300005913
517 1.22200000286
518 1.24500000477
519 1.25600004196
520 1.26400005817
521 1.28100001812
522 1.40100002289
523 1.31799995899
524 0.939999997616
525 0.921000003815
526 0.90499997139
527 0.93599998951
528 3.03800010681
529 2.98600006104
530 2.93799996376
531 1.31799995899
532 1.18900001049
533 1.15199995041
534 1.09500002861
535 1.09399998188
536 1.11300003529
537 1.0909999609
538 1.0720000267
539 1.06700003147
540 1.04700005054
