0 4.49300003052
1 4.43499994278
2 4.44899988174
3 4.47800016403
4 4.52799987793
5 4.64599990845
6 4.66900014877
7 4.70800018311
8 4.73699998856
9 4.757999897
10 4.79899978638
11 4.83099985123
12 4.85400009155
13 4.88500022888
14 4.93800020218
15 4.92700004578
16 4.83300018311
17 4.85200023651
18 4.88999986649
19 4.96299982071
20 5.14300012589
21 5.18699979782
22 5.23000001907
23 5.26399993896
24 5.3140001297
25 5.36299991608
26 5.40600013733
27 5.45100021362
28 5.49800014496
29 5.55100011826
30 5.59999990463
31 5.63399982452
32 5.66599988937
33 0.0
34 17.1450004578
35 17.1459999084
36 17.1620006561
37 0.0
38 0.0
39 0.0
40 17.2420005798
41 17.1730003357
42 17.0720005035
43 17.0009994507
44 16.531999588
45 16.5410003662
46 16.5170001984
47 13.1680002213
48 13.0799999237
49 12.3439998627
50 11.9340000153
51 11.579000473
52 11.5959997177
53 11.6239995956
54 11.6199998856
55 11.3470001221
56 10.9809999466
57 10.4530000687
58 10.0939998627
59 8.34000015259
60 8.33800029755
61 8.19999980927
62 7.90299987793
63 7.63199996948
64 7.45300006866
65 7.23999977112
66 7.0689997673
67 6.89799976349
68 6.78200006485
69 6.77199983597
70 6.8029999733
71 6.82000017166
72 6.85799980164
73 6.867000103
74 6.79600000381
75 6.63500022888
76 6.52099990845
77 6.37900018692
78 6.2610001564
79 6.14900016785
80 5.22900009155
81 4.96600008011
82 4.84000015259
83 4.76300001144
84 4.67999982834
85 4.59800004959
86 4.54799985886
87 4.47900009155
88 4.39599990845
89 4.31500005722
90 4.26999998093
91 4.21199989319
92 4.17199993134
93 4.10300016403
94 4.04199981689
95 3.98099994659
96 3.92700004578
97 3.86500000954
98 3.82699990273
99 3.78200006485
100 3.77500009537
101 3.79699993134
102 3.80500006676
103 3.86199998856
104 3.88499999046
105 3.8900001049
106 3.93300008774
107 3.9509999752
108 3.92300009727
109 3.88100004196
110 3.84999990463
111 3.7990000248
112 3.75900006294
113 3.73000001907
114 3.69600009918
115 3.66499996185
116 3.61500000954
117 3.57999992371
118 3.56500005722
119 3.53500008583
120 3.50300002098
121 3.47000002861
122 3.45600008965
123 3.41499996185
124 3.40700006485
125 3.39499998093
126 3.42199993134
127 3.44799995422
128 3.48399996758
129 3.53600001335
130 3.57100009918
131 3.61400008202
132 3.66300010681
133 4.02799987793
134 4.0720000267
135 4.08900022507
136 4.12300014496
137 4.13700008392
138 4.1779999733
139 4.19999980927
140 4.24100017548
141 4.26000022888
142 4.30000019073
143 4.34700012207
144 4.3860001564
145 4.42100000381
146 4.46799993515
147 4.492000103
148 4.51000022888
149 4.53499984741
150 4.53800010681
151 4.18300008774
152 4.3029999733
153 4.5689997673
154 3.26399993896
155 3.40199995041
156 4.72100019455
157 4.59499979019
158 4.5529999733
159 4.80499982834
160 4.83699989319
161 4.85599994659
162 4.89400005341
163 4.92700004578
164 4.96600008011
165 4.99900007248
166 5.01499986649
167 5.03499984741
168 3.15400004387
169 3.23600006104
170 3.35599994659
171 4.10599994659
172 4.92100000381
173 4.88000011444
174 4.85900020599
175 4.82600021362
176 4.80900001526
177 4.82100009918
178 4.84499979019
179 4.84299993515
180 4.875
181 4.90000009537
182 4.82899999619
183 5.31199979782
184 5.47100019455
185 5.48199987411
186 5.49499988556
187 5.51499986649
188 4.58199977875
189 4.57399988174
190 5.56799983978
191 5.58699989319
192 3.63700008392
193 3.51999998093
194 4.05999994278
195 4.04099988937
196 5.68800020218
197 5.70900011063
198 5.71500015259
199 5.75699996948
200 5.77400016785
201 5.79799985886
202 5.81699991226
203 5.84800004959
204 5.84800004959
205 5.84999990463
206 5.84700012207
207 5.867000103
208 5.89099979401
209 5.91200017929
210 5.9310002327
211 5.94299983978
212 5.95399999619
213 5.96099996567
214 5.97700023651
215 5.98400020599
216 6.00299978256
217 6.03599977493
218 6.05100011826
219 6.05399990082
220 6.07499980927
221 6.0720000267
222 6.07100009918
223 6.09200000763
224 6.08599996567
225 6.10200023651
226 6.11600017548
227 6.11199998856
228 6.14499998093
229 6.14400005341
230 6.15500020981
231 6.15700006485
232 6.15399980545
233 6.1810002327
234 6.19600009918
235 6.21799993515
236 6.23199987411
237 6.21999979019
238 6.22300004959
239 6.21999979019
240 6.21899986267
241 6.21500015259
242 6.24100017548
243 6.22300004959
244 6.22700023651
245 6.24300003052
246 6.242000103
247 6.2389998436
248 6.21799993515
249 6.24300003052
250 6.23999977112
251 6.26999998093
252 6.26300001144
253 6.27699995041
254 6.26300001144
255 6.27400016785
256 6.27299976349
257 6.23999977112
258 6.23400020599
259 6.242000103
260 6.2389998436
261 5.19600009918
262 5.04899978638
263 5.03299999237
264 5.03700017929
265 5.03200006485
266 5.03000020981
267 5.03000020981
268 5.07899999619
269 5.24100017548
270 2.41400003433
271 2.43799996376
272 2.45399999619
273 5.24499988556
274 5.19799995422
275 5.20599985123
276 5.24700021744
277 5.26200008392
278 5.40799999237
279 5.64799976349
280 5.74399995804
281 5.76900005341
282 5.79199981689
283 5.93800020218
284 6.0640001297
285 6.05800008774
286 6.07499980927
287 6.05100011826
288 6.04600000381
289 6.05200004578
290 6.04199981689
291 6.01800012589
292 5.99599981308
293 5.97599983215
294 5.9470000267
295 5.9439997673
296 5.91400003433
297 5.90600013733
298 5.89499998093
299 5.88000011444
300 5.85599994659
301 5.84600019455
302 5.83799982071
303 5.80999994278
304 5.79300022125
305 5.79300022125
306 5.78900003433
307 5.76800012589
308 5.75
309 5.71799993515
310 5.70800018311
311 5.66300010681
312 5.64400005341
313 5.6139998436
314 5.60200023651
315 5.57800006866
316 5.5560002327
317 5.54199981689
318 5.51599979401
319 5.3220000267
320 5.08500003815
321 5.45399999619
322 5.45499992371
323 5.43300008774
324 5.40999984741
325 5.3860001564
326 5.36499977112
327 5.32600021362
328 5.29899978638
329 4.36100006104
330 4.0609998703
331 4.12200021744
332 5.01499986649
333 5.17000007629
334 5.13500022888
335 5.11899995804
336 5.08900022507
337 5.06300020218
338 5.04400014877
339 5.01700019836
340 4.95200014114
341 4.8220000267
342 4.94899988174
343 4.92899990082
344 4.90199995041
345 4.86499977112
346 4.84600019455
347 4.70200014114
348 4.55800008774
349 4.73500013351
350 4.71899986267
351 4.68699979782
352 4.63999986649
353 4.60200023651
354 4.59100008011
355 4.55499982834
356 4.3220000267
357 4.37400007248
358 4.48799991608
359 4.46899986267
360 4.4470000267
361 4.41499996185
362 4.38399982452
363 4.34499979019
364 4.30800008774
365 4.27199983597
366 4.23999977112
367 4.21600008011
368 4.17399978638
369 4.12200021744
370 4.11899995804
371 4.07800006866
372 4.03800010681
373 4.00600004196
374 3.97600007057
375 3.96099996567
376 3.93099999428
377 3.88499999046
378 3.882999897
379 3.83500003815
380 3.82699990273
381 3.71499991417
382 3.62599992752
383 3.59599995613
384 3.56100010872
385 3.52900004387
386 3.49799990654
387 3.46099996567
388 3.42899990082
389 3.39299988747
390 3.34699988365
391 3.32999992371
392 3.2990000248
393 3.27200007439
394 3.25
395 3.25900006294
396 3.29800009727
397 3.31599998474
398 3.36599993706
399 3.40899991989
400 3.43000006676
401 3.48099994659
402 3.50699996948
403 3.55800008774
404 3.58800005913
405 3.63499999046
406 3.68400001526
407 3.72699999809
408 3.742000103
409 3.76900005341
410 3.8220000267
411 3.88499999046
412 3.93499994278
413 3.98099994659
414 4.0640001297
415 4.12099981308
416 4.15799999237
417 4.23000001907
418 4.30399990082
419 4.37099981308
420 4.45800018311
421 4.52299976349
422 4.59899997711
423 4.66099977493
424 4.72700023651
425 4.81599998474
426 4.90899991989
427 5.00400018692
428 5.10799980164
429 5.21700000763
430 5.30700016022
431 5.41800022125
432 5.52099990845
433 5.63999986649
434 5.76499986649
435 5.88000011444
436 6.01900005341
437 6.16200017929
438 6.32999992371
439 6.44999980927
440 6.50299978256
441 6.59899997711
442 6.44799995422
443 3.07500004768
444 3.03999996185
445 3.04800009727
446 3.03299999237
447 3.02300000191
448 3.03200006485
449 3.0039999485
450 3.0150001049
451 2.98200011253
452 2.98399996758
453 2.97300004959
454 2.97600007057
455 2.98099994659
456 2.96700000763
457 2.97099995613
458 2.96900010109
459 2.94600009918
460 2.94000005722
461 2.96199989319
462 2.93000006676
463 2.93300008774
464 2.92700004578
465 2.94600009918
466 2.92899990082
467 2.91700005531
468 2.90599989891
469 2.91000008583
470 2.67100000381
471 2.64700007439
472 2.64400005341
473 2.64499998093
474 0.941999971867
475 0.717000007629
476 0.721000015736
477 0.933000028133
478 2.64199995995
479 2.632999897
480 2.64700007439
481 2.65000009537
482 2.64599990845
483 2.65799999237
484 2.66000008583
485 2.6740000248
486 2.66499996185
487 2.65899991989
488 2.6740000248
489 2.67499995232
490 2.81699991226
491 2.9279999733
492 2.95000004768
493 2.9430000782
494 2.94400000572
495 1.35099995136
496 1.20799994469
497 1.16199994087
498 1.1590000391
499 1.12800002098
500 1.14900004864
501 1.12399995327
502 1.13199996948
503 1.12800002098
504 1.13300001621
505 1.14800000191
506 1.15999996662
507 1.15199995041
508 1.20299994946
509 1.32299995422
510 1.48899996281
511 1.34500002861
512 1.32700002193
513 1.29799997807
514 1.30999994278
515 1.27999997139
516 1.29400002956
517 1.31599998474
518 1.28999996185
519 1.31599998474
520 1.32000005245
521 1.34700000286
522 1.47300004959
523 3.16400003433
524 0.93599998951
525 0.907999992371
526 0.902999997139
527 0.943000018597
528 3.04299998283
529 2.98200011253
530 2.9319999218
531 2.89100003242
532 2.8220000267
533 2.78500008583
534 2.73900008202
535 2.7009999752
536 2.94199991226
537 2.89100003242
538 0.0
539 0.0
540 0.0
