0 4.51900005341
1 4.43400001526
2 4.45900011063
3 4.45599985123
4 4.54400014877
5 4.65399980545
6 4.6779999733
7 4.70900011063
8 4.72399997711
9 4.76800012589
10 4.80499982834
11 4.83099985123
12 4.86000013351
13 4.90600013733
14 4.91599988937
15 4.92700004578
16 4.84800004959
17 4.85099983215
18 4.87200021744
19 4.96600008011
20 5.15199995041
21 5.19299983978
22 5.21899986267
23 5.27199983597
24 5.3189997673
25 5.35500001907
26 5.38999986649
27 5.44799995422
28 5.5
29 5.55800008774
30 5.58199977875
31 5.62599992752
32 5.64699983597
33 0.0
34 17.1739997864
35 17.1310005188
36 17.1480007172
37 0.0
38 0.0
39 0.0
40 17.2350006104
41 17.1749992371
42 17.0669994354
43 17.0020008087
44 16.5279998779
45 16.5380001068
46 16.5209999084
47 13.154999733
48 13.0839996338
49 12.3330001831
50 11.9910001755
51 11.6009998322
52 11.6029996872
53 11.6309995651
54 11.6149997711
55 11.3479995728
56 11.0120000839
57 10.4809999466
58 10.1160001755
59 8.34300041199
60 8.34399986267
61 8.19099998474
62 7.90700006485
63 7.63899993896
64 7.44899988174
65 7.24599981308
66 7.0689997673
67 6.91800022125
68 6.78599977493
69 6.78000020981
70 6.8109998703
71 6.83900022507
72 6.84499979019
73 6.87300014496
74 6.79799985886
75 6.63500022888
76 6.51800012589
77 6.39599990845
78 6.26700019836
79 6.17299985886
80 5.22100019455
81 4.97700023651
82 4.86000013351
83 4.78100013733
84 4.67399978638
85 4.60500001907
86 4.54899978638
87 4.47399997711
88 4.41800022125
89 4.33400011063
90 4.28299999237
91 4.21500015259
92 4.15700006485
93 4.10500001907
94 4.02899980545
95 3.98900008202
96 3.93899989128
97 3.88100004196
98 3.82899999619
99 3.80900001526
100 3.78099989891
101 3.78900003433
102 3.80399990082
103 3.83800005913
104 3.87400007248
105 3.91499996185
106 3.93499994278
107 3.96399998665
108 3.90799999237
109 3.89299988747
110 3.84599995613
111 3.80599999428
112 3.75200009346
113 3.72000002861
114 3.68600010872
115 3.65700006485
116 3.63899993896
117 3.59599995613
118 3.55599999428
119 3.51900005341
120 3.50600004196
121 3.47499990463
122 3.43600010872
123 3.40300011635
124 3.40300011635
125 3.39800000191
126 3.43000006676
127 3.46499991417
128 3.48799991608
129 3.53099989891
130 3.58100008965
131 3.60299992561
132 3.6740000248
133 4.01900005341
134 4.06599998474
135 4.10400009155
136 4.12699985504
137 4.15600013733
138 4.17299985886
139 4.19899988174
140 4.24300003052
141 4.29600000381
142 4.3060002327
143 4.35900020599
144 4.36899995804
145 4.43499994278
146 4.44899988174
147 4.47300004959
148 4.50199985504
149 4.53200006485
150 4.5529999733
151 4.20699977875
152 4.28700017929
153 4.61100006104
154 3.27800011635
155 3.39800000191
156 4.71299982071
157 4.59700012207
158 4.56699991226
159 4.79300022125
160 4.83400011063
161 4.85599994659
162 4.89799976349
163 4.91499996185
164 4.95100021362
165 4.98699998856
166 5.01300001144
167 5.03499984741
168 3.132999897
169 3.22699999809
170 3.3789999485
171 4.12400007248
172 4.91099977493
173 4.88399982452
174 4.85400009155
175 4.83300018311
176 4.8220000267
177 4.82299995422
178 4.84299993515
179 4.85300016403
180 4.86299991608
181 4.89200019836
182 4.82800006866
183 5.3220000267
184 5.46099996567
185 5.47700023651
186 5.49900007248
187 5.50400018692
188 4.58400011063
189 4.58400011063
190 5.54899978638
191 5.60099983215
192 3.64700007439
193 3.51999998093
194 4.06300020218
195 4.03800010681
196 5.68300008774
197 5.70200014114
198 5.73799991608
199 5.76800012589
200 5.78700017929
201 5.80800008774
202 5.81799983978
203 5.82499980927
204 5.83599996567
205 5.84800004959
206 5.8639998436
207 5.88100004196
208 5.90000009537
209 5.91300010681
210 5.92000007629
211 5.93200016022
212 5.9470000267
213 5.9470000267
214 5.98000001907
215 5.98799991608
216 6.02099990845
217 6.01700019836
218 6.06199979782
219 6.07100009918
220 6.0720000267
221 6.07399988174
222 6.08199977875
223 6.11100006104
224 6.10500001907
225 6.11299991608
226 6.11299991608
227 6.11800003052
228 6.12799978256
229 6.1360001564
230 6.132999897
231 6.16099977493
232 6.17700004578
233 6.19000005722
234 6.21000003815
235 6.19899988174
236 6.23199987411
237 6.21500015259
238 6.22900009155
239 6.21600008011
240 6.21899986267
241 6.23400020599
242 6.23699998856
243 6.242000103
244 6.25
245 6.23999977112
246 6.22900009155
247 6.23299980164
248 6.24599981308
249 6.26000022888
250 6.24800014496
251 6.25299978256
252 6.25
253 6.28399991989
254 6.28399991989
255 6.28299999237
256 6.25099992752
257 6.25
258 6.26200008392
259 6.2610001564
260 6.2389998436
261 5.19999980927
262 5.04899978638
263 5.02699995041
264 5.03999996185
265 5.02899980545
266 5.01800012589
267 5.03700017929
268 5.07000017166
269 5.23999977112
270 2.42899990082
271 2.42499995232
272 2.45700001717
273 5.24300003052
274 5.20800018311
275 5.20399999619
276 5.23600006104
277 5.27299976349
278 5.39900016785
279 5.65500020981
280 5.75
281 5.78599977493
282 5.80399990082
283 5.95599985123
284 6.10099983215
285 6.06799983978
286 6.0609998703
287 6.07499980927
288 6.06799983978
289 6.05700016022
290 6.04099988937
291 6.007999897
292 5.98999977112
293 5.98199987411
294 5.96099996567
295 5.95300006866
296 5.92999982834
297 5.90999984741
298 5.90299987793
299 5.87799978256
300 5.85900020599
301 5.84999990463
302 5.84499979019
303 5.83400011063
304 5.79400014877
305 5.80100011826
306 5.78700017929
307 5.78100013733
308 5.74599981308
309 5.72300004959
310 5.6859998703
311 5.66900014877
312 5.64099979401
313 5.617000103
314 5.59000015259
315 5.58400011063
316 5.56699991226
317 5.54099988937
318 5.53100013733
319 5.33400011063
320 5.11499977112
321 5.45599985123
322 5.45499992371
323 5.42399978638
324 5.41900014877
325 5.40199995041
326 5.37200021744
327 5.3220000267
328 5.29199981689
329 4.38000011444
330 4.04899978638
331 4.12099981308
332 5.01800012589
333 5.16499996185
334 5.1360001564
335 5.11800003052
336 5.09899997711
337 5.05999994278
338 5.04899978638
339 5.03200006485
340 4.94600009918
341 4.82600021362
342 4.96500015259
343 4.94000005722
344 4.90199995041
345 4.87799978256
346 4.84299993515
347 4.70200014114
348 4.55999994278
349 4.73999977112
350 4.71700000763
351 4.6859998703
352 4.64699983597
353 4.62900018692
354 4.59200000763
355 4.5609998703
356 4.29899978638
357 4.36100006104
358 4.48799991608
359 4.47300004959
360 4.45300006866
361 4.42899990082
362 4.38199996948
363 4.35799980164
364 4.31199979782
365 4.29500007629
366 4.24599981308
367 4.21799993515
368 4.16800022125
369 4.15100002289
370 4.09000015259
371 4.0609998703
372 4.05000019073
373 4.0
374 3.99099993706
375 3.95300006866
376 3.93899989128
377 3.90799999237
378 3.86100006104
379 3.86899995804
380 3.81399989128
381 3.71900010109
382 3.62800002098
383 3.5759999752
384 3.55599999428
385 3.51900005341
386 3.49900007248
387 3.46300005913
388 3.4430000782
389 3.40599989891
390 3.35400009155
391 3.34200000763
392 3.30500006676
393 3.28999996185
394 3.2460000515
395 3.27699995041
396 3.30200004578
397 3.33599996567
398 3.35500001907
399 3.40700006485
400 3.44600009918
401 3.47399997711
402 3.50500011444
403 3.55999994278
404 3.6099998951
405 3.63000011444
406 3.68799996376
407 3.72699999809
408 3.74799990654
409 3.78399991989
410 3.8180000782
411 3.89400005341
412 3.93799996376
413 4.00400018692
414 4.07000017166
415 4.12799978256
416 4.18200016022
417 4.22599983215
418 4.30200004578
419 4.375
420 4.45399999619
421 4.52600002289
422 4.59499979019
423 4.67000007629
424 4.742000103
425 4.8109998703
426 4.89400005341
427 5.007999897
428 5.11499977112
429 5.21299982071
430 5.3140001297
431 5.42199993134
432 5.53100013733
433 5.65899991989
434 5.76200008392
435 5.88999986649
436 6.02299976349
437 6.15000009537
438 6.31699991226
439 6.48000001907
440 6.51000022888
441 6.60799980164
442 6.45599985123
443 3.08800005913
444 3.03999996185
445 3.03999996185
446 3.04600000381
447 3.02900004387
448 3.00500011444
449 3.01300001144
450 3.00900006294
451 3.00900006294
452 2.98900008202
453 2.97799992561
454 2.97600007057
455 2.9849998951
456 2.96700000763
457 2.97300004959
458 2.97000002861
459 2.95399999619
460 2.96300005913
461 2.95000004768
462 2.93700003624
463 2.9279999733
464 2.93600010872
465 2.92899990082
466 2.93000006676
467 2.94000005722
468 2.92100000381
469 2.91899991035
470 2.65599989891
471 2.63100004196
472 2.64100003242
473 2.65199995041
474 0.943000018597
475 0.697000026703
476 0.703999996185
477 0.925000011921
478 2.65799999237
479 2.64899992943
480 2.65300011635
481 2.66899991035
482 2.65599989891
483 2.65599989891
484 2.64800000191
485 2.64499998093
486 2.66300010681
487 2.66899991035
488 2.65300011635
489 2.66400003433
490 2.81999993324
491 2.9430000782
492 2.95000004768
493 2.94499993324
494 2.94600009918
495 2.94099998474
496 2.94600009918
497 2.96199989319
498 2.95600008965
499 2.96300005913
500 2.98699998856
501 2.98900008202
502 2.96499991417
503 2.992000103
504 1.43799996376
505 1.2120000124
506 1.12600004673
507 1.11899995804
508 1.12199997902
509 1.13100004196
510 1.11000001431
511 1.12600004673
512 1.1629999876
513 1.2009999752
514 1.20299994946
515 1.19400000572
516 1.19299995899
517 1.22000002861
518 1.21000003815
519 1.24500000477
520 1.25499999523
521 1.37999999523
522 1.35500001907
523 3.17899990082
524 0.93900001049
525 0.902999997139
526 0.931999981403
527 0.95300000906
528 3.0529999733
529 2.98300004005
530 2.93000006676
531 1.28999996185
532 1.18700003624
533 1.16799998283
534 1.09200000763
535 1.07400000095
536 1.09200000763
537 1.09500002861
538 1.0909999609
539 1.0490000248
540 1.02100002766
