0 4.51499986649
1 4.43200016022
2 4.42299985886
3 4.48000001907
4 4.52099990845
5 4.66099977493
6 4.67700004578
7 4.70599985123
8 4.74599981308
9 4.78100013733
10 4.79300022125
11 4.82399988174
12 4.85500001907
13 4.88500022888
14 4.92100000381
15 4.93200016022
16 4.83400011063
17 4.84800004959
18 4.88800001144
19 4.95399999619
20 5.14300012589
21 5.18499994278
22 5.23000001907
23 5.26700019836
24 5.3109998703
25 5.34899997711
26 5.39200019836
27 5.43699979782
28 5.50699996948
29 5.55999994278
30 5.60699987411
31 5.64200019836
32 5.64799976349
33 0.0
34 17.1609992981
35 17.138999939
36 17.1499996185
37 0.0
38 0.0
39 0.0
40 17.2339992523
41 17.1800003052
42 17.063999176
43 17.0130004883
44 16.5279998779
45 16.5389995575
46 16.533000946
47 13.1739997864
48 13.0729999542
49 12.3249998093
50 11.9390001297
51 11.5749998093
52 11.6059999466
53 11.6300001144
54 11.609000206
55 11.3350000381
56 10.9870004654
57 10.4689998627
58 10.0920000076
59 8.33699989319
60 8.33800029755
61 8.20899963379
62 7.92199993134
63 7.64200019836
64 7.44799995422
65 7.25
66 7.0689997673
67 6.90999984741
68 6.79400014877
69 6.76999998093
70 6.81300020218
71 6.83300018311
72 6.85500001907
73 6.86800003052
74 6.79600000381
75 6.6360001564
76 6.51200008392
77 6.38399982452
78 6.27299976349
79 6.14900016785
80 5.24300003052
81 4.96199989319
82 4.8639998436
83 4.77500009537
84 4.69299983978
85 4.61600017548
86 4.54899978638
87 4.48000001907
88 4.40399980545
89 4.34100008011
90 4.27199983597
91 4.22100019455
92 4.16300010681
93 4.11199998856
94 4.05100011826
95 3.99699997902
96 3.92899990082
97 3.88800001144
98 3.85299992561
99 3.78299999237
100 3.76799988747
101 3.79600000381
102 3.82299995422
103 3.84599995613
104 3.86400008202
105 3.92199993134
106 3.92000007629
107 3.94000005722
108 3.92300009727
109 3.87400007248
110 3.83999991417
111 3.80900001526
112 3.76999998093
113 3.73699998856
114 3.71099996567
115 3.65499997139
116 3.6289999485
117 3.58699989319
118 3.57100009918
119 3.51799988747
120 3.49399995804
121 3.47699999809
122 3.45000004768
123 3.42300009727
124 3.40700006485
125 3.39400005341
126 3.41700005531
127 3.46300005913
128 3.48200011253
129 3.53600001335
130 3.57899999619
131 3.61199998856
132 3.68400001526
133 4.02500009537
134 4.05200004578
135 4.07999992371
136 4.1139998436
137 4.16800022125
138 4.18200016022
139 4.22300004959
140 4.25400018692
141 4.28599977493
142 4.30900001526
143 4.32999992371
144 4.37599992752
145 4.42199993134
146 4.46899986267
147 4.49900007248
148 4.50600004196
149 4.53700017929
150 4.55399990082
151 4.19799995422
152 4.28700017929
153 4.60799980164
154 3.27500009537
155 3.40799999237
156 4.71899986267
157 4.59200000763
158 4.56799983978
159 4.79199981689
160 4.82499980927
161 4.86600017548
162 4.91099977493
163 4.92999982834
164 4.96099996567
165 5.00699996948
166 5.03200006485
167 5.04099988937
168 3.13599991798
169 3.22699999809
170 3.35199999809
171 4.10599994659
172 4.92299985886
173 4.88899993896
174 4.85900020599
175 4.83199977875
176 4.81599998474
177 4.82000017166
178 4.83099985123
179 4.85200023651
180 4.875
181 4.89900016785
182 4.8140001297
183 5.31599998474
184 5.46799993515
185 5.48099994659
186 5.4889998436
187 5.51300001144
188 4.58900022507
189 4.58199977875
190 5.56300020218
191 5.58900022507
192 3.64199995995
193 3.51999998093
194 4.07000017166
195 4.05200004578
196 5.69899988174
197 5.70399999619
198 5.73500013351
199 5.75899982452
200 5.77799987793
201 5.8029999733
202 5.81799983978
203 5.83599996567
204 5.85599994659
205 5.87200021744
206 5.882999897
207 5.87799978256
208 5.88999986649
209 5.91800022125
210 5.92399978638
211 5.92399978638
212 5.95100021362
213 5.97800016403
214 5.97700023651
215 6.007999897
216 6.02099990845
217 6.03299999237
218 6.03700017929
219 6.07399988174
220 6.08500003815
221 6.08900022507
222 6.09299993515
223 6.09600019455
224 6.11299991608
225 6.11999988556
226 6.09899997711
227 6.11499977112
228 6.13800001144
229 6.1360001564
230 6.15799999237
231 6.17199993134
232 6.18300008774
233 6.18800020218
234 6.19299983978
235 6.21500015259
236 6.21299982071
237 6.22300004959
238 6.22399997711
239 6.23600006104
240 6.23799991608
241 6.23199987411
242 6.23199987411
243 6.22200012207
244 6.22800016403
245 6.23500013351
246 6.23000001907
247 6.242000103
248 6.24800014496
249 6.25299978256
250 6.27099990845
251 6.27299976349
252 6.25199985504
253 6.25699996948
254 6.26300001144
255 6.27699995041
256 6.26200008392
257 6.257999897
258 6.257999897
259 6.24399995804
260 6.25
261 5.19500017166
262 5.03100013733
263 5.02400016785
264 5.03900003433
265 5.04199981689
266 5.02899980545
267 5.04199981689
268 5.05999994278
269 5.24399995804
270 2.43000006676
271 2.41400003433
272 2.45900011063
273 5.25400018692
274 5.21899986267
275 5.21700000763
276 5.23699998856
277 5.26900005341
278 5.39900016785
279 5.65700006485
280 5.742000103
281 5.77199983597
282 5.79600000381
283 5.95800018311
284 6.09100008011
285 6.07800006866
286 6.07499980927
287 6.07100009918
288 6.05399990082
289 6.06500005722
290 6.03000020981
291 6.007999897
292 5.98600006104
293 5.97900009155
294 5.94999980927
295 5.95900011063
296 5.92399978638
297 5.90399980545
298 5.89699983597
299 5.875
300 5.87200021744
301 5.86199998856
302 5.83699989319
303 5.83099985123
304 5.80000019073
305 5.80800008774
306 5.80100011826
307 5.76700019836
308 5.74300003052
309 5.71000003815
310 5.67700004578
311 5.66800022125
312 5.65100002289
313 5.62200021744
314 5.60200023651
315 5.59100008011
316 5.56199979782
317 5.53900003433
318 5.52400016785
319 5.30800008774
320 5.09899997711
321 5.45499992371
322 5.45499992371
323 5.4470000267
324 5.41200017929
325 5.39900016785
326 5.36100006104
327 5.33300018311
328 5.30100011826
329 4.39200019836
330 4.05399990082
331 4.13399982452
332 5.03200006485
333 5.16499996185
334 5.13199996948
335 5.11899995804
336 5.09700012207
337 5.06699991226
338 5.05399990082
339 5.01800012589
340 4.93800020218
341 4.80700016022
342 4.95900011063
343 4.93800020218
344 4.89900016785
345 4.87799978256
346 4.84100008011
347 4.70200014114
348 4.57600021362
349 4.73099994659
350 4.69099998474
351 4.67600011826
352 4.65600013733
353 4.62599992752
354 4.59100008011
355 4.54199981689
356 4.3189997673
357 4.375
358 4.49499988556
359 4.46099996567
360 4.43499994278
361 4.40899991989
362 4.39400005341
363 4.35500001907
364 4.30800008774
365 4.28399991989
366 4.22399997711
367 4.19999980927
368 4.18300008774
369 4.13399982452
370 4.09800004959
371 4.07000017166
372 4.05100011826
373 4.02899980545
374 3.99300003052
375 3.96000003815
376 3.94400000572
377 3.91400003433
378 3.86999988556
379 3.84200000763
380 3.80800008774
381 3.71300005913
382 3.63100004196
383 3.61199998856
384 3.55900001526
385 3.53200006485
386 3.50099992752
387 3.46700000763
388 3.43400001526
389 3.40700006485
390 3.3710000515
391 3.34299993515
392 3.30999994278
393 3.27300000191
394 3.25999999046
395 3.26600003242
396 3.2990000248
397 3.3220000267
398 3.37199997902
399 3.41300010681
400 3.4279999733
401 3.48399996758
402 3.52800011635
403 3.55999994278
404 3.59599995613
405 3.63800001144
406 3.68000006676
407 3.7349998951
408 3.74699997902
409 3.78099989891
410 3.83999991417
411 3.88199996948
412 3.94600009918
413 3.99399995804
414 4.07399988174
415 4.09800004959
416 4.17600011826
417 4.25400018692
418 4.30700016022
419 4.3639998436
420 4.45499992371
421 4.53000020981
422 4.59299993515
423 4.65199995041
424 4.72499990463
425 4.81300020218
426 4.90899991989
427 5.01800012589
428 5.12400007248
429 5.21799993515
430 5.31799983978
431 5.42700004578
432 5.51900005341
433 5.63899993896
434 5.77199983597
435 5.90000009537
436 6.02099990845
437 6.18300008774
438 6.32299995422
439 6.48299980164
440 6.5110001564
441 6.617000103
442 0.0
443 3.08100008965
444 3.0529999733
445 3.03399991989
446 3.01999998093
447 3.04399991035
448 3.02200007439
449 3.02399992943
450 2.99300003052
451 2.99000000954
452 2.98600006104
453 2.99099993706
454 2.97300004959
455 2.97199988365
456 2.9849998951
457 2.95900011063
458 2.96499991417
459 2.94899988174
460 2.9430000782
461 2.95799994469
462 2.94799995422
463 2.93099999428
464 2.9279999733
465 2.9319999218
466 2.92600011826
467 2.92899990082
468 2.92000007629
469 2.91899991035
470 2.67100000381
471 2.65599989891
472 2.64599990845
473 2.65100002289
474 0.958000004292
475 0.726999998093
476 0.703999996185
477 0.933000028133
478 2.65799999237
479 2.63400006294
480 2.64700007439
481 2.65199995041
482 2.63499999046
483 2.65499997139
484 2.65599989891
485 2.66799998283
486 2.64899992943
487 2.66199994087
488 2.67899990082
489 2.68400001526
490 2.81699991226
491 2.93400001526
492 2.93799996376
493 2.94400000572
494 2.94600009918
495 2.94400000572
496 2.94899988174
497 2.97300004959
498 2.95900011063
499 2.97199988365
500 2.98000001907
501 2.97900009155
502 2.97099995613
503 2.99699997902
504 1.30099999905
505 1.17900002003
506 1.14699995518
507 1.15600001812
508 1.14100003242
509 1.15100002289
510 1.13999998569
511 1.15699994564
512 1.18799996376
513 1.21300005913
514 1.21399998665
515 1.21899998188
516 1.20000004768
517 1.22800004482
518 1.24899995327
519 1.2539999485
520 1.27300000191
521 1.34899997711
522 1.48199999332
523 3.16000008583
524 0.93900001049
525 0.908999979496
526 0.917999982834
527 0.944000005722
528 3.03999996185
529 2.97399997711
530 2.92300009727
531 1.2990000248
532 1.17599999905
533 1.10699999332
534 1.10199999809
535 1.06599998474
536 1.09300005436
537 1.0870000124
538 1.09399998188
539 1.06900000572
540 1.04299998283
