0 4.51499986649
1 4.4310002327
2 4.45100021362
3 4.46500015259
4 4.53100013733
5 4.64300012589
6 4.69099998474
7 4.71500015259
8 4.72700023651
9 4.75299978256
10 4.78599977493
11 4.83199977875
12 4.85699987411
13 4.89499998093
14 4.93400001526
15 4.91499996185
16 4.84200000763
17 4.83500003815
18 4.87699985504
19 4.96199989319
20 5.14099979401
21 5.17899990082
22 5.23199987411
23 5.27299976349
24 5.31300020218
25 5.36299991608
26 5.40799999237
27 5.44299983978
28 5.49399995804
29 5.54400014877
30 5.59899997711
31 5.632999897
32 5.65999984741
33 0.0
34 17.1560001373
35 17.1499996185
36 17.1420001984
37 0.0
38 0.0
39 0.0
40 17.2280006409
41 17.1630001068
42 17.0680007935
43 17.0060005188
44 16.5370006561
45 16.5410003662
46 16.517999649
47 13.1579999924
48 13.0649995804
49 12.3420000076
50 11.9390001297
51 11.6009998322
52 11.6009998322
53 11.638999939
54 11.6309995651
55 11.3439998627
56 11.0109996796
57 10.4600000381
58 10.1140003204
59 8.36200046539
60 8.33100032806
61 8.19099998474
62 7.91900014877
63 7.65100002289
64 7.44999980927
65 7.24100017548
66 7.07100009918
67 6.91499996185
68 6.78800010681
69 6.77699995041
70 6.80700016022
71 6.82100009918
72 6.85099983215
73 6.87400007248
74 6.77699995041
75 6.63399982452
76 6.5
77 6.38199996948
78 6.26300001144
79 6.14699983597
80 5.22800016403
81 4.96799993515
82 4.85699987411
83 4.77899980545
84 4.69099998474
85 4.59600019455
86 4.53499984741
87 4.46799993515
88 4.37599992752
89 4.34399986267
90 4.26499986649
91 4.22100019455
92 4.15199995041
93 4.09000015259
94 4.02099990845
95 3.97399997711
96 3.92300009727
97 3.89199995995
98 3.83599996567
99 3.78999996185
100 3.75099992752
101 3.79800009727
102 3.81699991226
103 3.82500004768
104 3.86800003052
105 3.90100002289
106 3.94400000572
107 3.97399997711
108 3.92700004578
109 3.86800003052
110 3.84699988365
111 3.80399990082
112 3.76399993896
113 3.74000000954
114 3.69199991226
115 3.64899992943
116 3.6289999485
117 3.60299992561
118 3.5680000782
119 3.52699995041
120 3.48399996758
121 3.47499990463
122 3.43899989128
123 3.43099999428
124 3.39499998093
125 3.39400005341
126 3.43300008774
127 3.45000004768
128 3.49099993706
129 3.53200006485
130 3.56599998474
131 3.59100008011
132 3.67000007629
133 4.00500011444
134 4.0609998703
135 4.08599996567
136 4.13100004196
137 4.15799999237
138 4.17500019073
139 4.19600009918
140 4.23099994659
141 4.27799987793
142 4.3109998703
143 4.34800004959
144 4.382999897
145 4.43400001526
146 4.45599985123
147 4.48699998856
148 4.51200008392
149 4.53599977493
150 4.54199981689
151 4.20300006866
152 4.29300022125
153 4.6139998436
154 3.26699995995
155 3.40599989891
156 4.69999980927
157 4.59399986267
158 4.55399990082
159 4.79099988937
160 4.84000015259
161 4.86899995804
162 4.89200019836
163 4.91900014877
164 4.94600009918
165 4.99499988556
166 5.01700019836
167 5.03200006485
168 3.14100003242
169 3.23200011253
170 3.35599994659
171 4.10200023651
172 4.92899990082
173 4.86600017548
174 4.84899997711
175 4.83400011063
176 4.83099985123
177 4.8220000267
178 4.82000017166
179 4.84999990463
180 4.88100004196
181 4.90799999237
182 4.8109998703
183 5.31500005722
184 5.46400022507
185 5.46999979019
186 5.50199985504
187 5.51200008392
188 4.60099983215
189 4.57800006866
190 5.55900001526
191 5.58799982071
192 3.63899993896
193 3.53200006485
194 4.05200004578
195 4.03399991989
196 5.67999982834
197 5.69999980927
198 5.72800016403
199 5.76200008392
200 5.78200006485
201 5.79500007629
202 5.81199979782
203 5.83199977875
204 5.84600019455
205 5.85099983215
206 5.85099983215
207 5.87699985504
208 5.90299987793
209 5.92199993134
210 5.9310002327
211 5.94299983978
212 5.96099996567
213 5.97300004959
214 5.97300004959
215 5.98400020599
216 6.01000022888
217 6.03800010681
218 6.04199981689
219 6.07499980927
220 6.07299995422
221 6.06699991226
222 6.0720000267
223 6.09100008011
224 6.11499977112
225 6.11800003052
226 6.13000011444
227 6.12799978256
228 6.14499998093
229 6.14400005341
230 6.13899993896
231 6.16400003433
232 6.16699981689
233 6.18699979782
234 6.19000005722
235 6.21799993515
236 6.22900009155
237 6.22399997711
238 6.23000001907
239 6.21999979019
240 6.22100019455
241 6.21400022507
242 6.22800016403
243 6.22399997711
244 6.24599981308
245 6.2389998436
246 6.23799991608
247 6.23600006104
248 6.2389998436
249 6.24599981308
250 6.26900005341
251 6.24499988556
252 6.25899982452
253 6.27600002289
254 6.26000022888
255 6.26399993896
256 6.25199985504
257 6.24399995804
258 6.25699996948
259 6.24100017548
260 6.23500013351
261 5.17500019073
262 5.04199981689
263 5.02600002289
264 5.03200006485
265 5.03499984741
266 5.02799987793
267 5.02400016785
268 5.06799983978
269 5.24800014496
270 2.41400003433
271 2.43300008774
272 2.45300006866
273 5.24800014496
274 5.22100019455
275 5.20900011063
276 5.24700021744
277 5.26399993896
278 5.41200017929
279 5.65299987793
280 5.75
281 5.77099990845
282 5.80000019073
283 5.9439997673
284 6.0689997673
285 6.0640001297
286 6.07800006866
287 6.06300020218
288 6.04600000381
289 6.02600002289
290 6.04500007629
291 6.01700019836
292 5.99599981308
293 5.98099994659
294 5.94500017166
295 5.9279999733
296 5.91599988937
297 5.91499996185
298 5.89599990845
299 5.875
300 5.84800004959
301 5.84899997711
302 5.83400011063
303 5.80700016022
304 5.79099988937
305 5.79500007629
306 5.77699995041
307 5.77600002289
308 5.74300003052
309 5.72900009155
310 5.6810002327
311 5.66699981689
312 5.64400005341
313 5.61999988556
314 5.61000013351
315 5.57600021362
316 5.5560002327
317 5.54500007629
318 5.51399993896
319 5.32299995422
320 5.08799982071
321 5.45200014114
322 5.43800020218
323 5.43400001526
324 5.41300010681
325 5.38199996948
326 5.36600017548
327 5.32899999619
328 5.28599977493
329 4.36800003052
330 4.03399991989
331 4.09999990463
332 5.01300001144
333 5.16900014877
334 5.13000011444
335 5.11000013351
336 5.08599996567
337 5.06799983978
338 5.05000019073
339 5.01700019836
340 4.95599985123
341 4.81199979782
342 4.96099996567
343 4.92700004578
344 4.89799976349
345 4.86299991608
346 4.8220000267
347 4.70300006866
348 4.56799983978
349 4.73600006104
350 4.70900011063
351 4.68800020218
352 4.64099979401
353 4.62400007248
354 4.59999990463
355 4.56699991226
356 4.29899978638
357 4.34999990463
358 4.48099994659
359 4.4470000267
360 4.4470000267
361 4.42000007629
362 4.37599992752
363 4.33599996567
364 4.31699991226
365 4.28000020981
366 4.23799991608
367 4.21099996567
368 4.16099977493
369 4.15299987793
370 4.11899995804
371 4.08500003815
372 4.04600000381
373 3.99900007248
374 3.97199988365
375 3.93700003624
376 3.9240000248
377 3.92199993134
378 3.8789999485
379 3.85400009155
380 3.80800008774
381 3.71900010109
382 3.64100003242
383 3.60500001907
384 3.55200004578
385 3.51300001144
386 3.492000103
387 3.45799994469
388 3.43000006676
389 3.39499998093
390 3.367000103
391 3.34999990463
392 3.30900001526
393 3.27399992943
394 3.24900007248
395 3.27399992943
396 3.29999995232
397 3.33999991417
398 3.36800003052
399 3.41300010681
400 3.43899989128
401 3.47699999809
402 3.51699995995
403 3.5490000248
404 3.60199999809
405 3.63800001144
406 3.68300008774
407 3.72900009155
408 3.75
409 3.78200006485
410 3.83599996567
411 3.87599992752
412 3.92899990082
413 4.00199985504
414 4.06500005722
415 4.09600019455
416 4.17299985886
417 4.22800016403
418 4.30999994278
419 4.36800003052
420 4.44799995422
421 4.5110001564
422 4.56599998474
423 4.67000007629
424 4.72599983215
425 4.80000019073
426 4.90100002289
427 5.0110001564
428 5.11100006104
429 5.20900011063
430 5.31699991226
431 5.42199993134
432 5.52600002289
433 5.64400005341
434 5.75299978256
435 5.88000011444
436 6.01999998093
437 6.15299987793
438 6.31300020218
439 6.47499990463
440 6.4889998436
441 6.59600019455
442 6.45100021362
443 3.08800005913
444 3.06500005722
445 3.04600000381
446 3.02500009537
447 3.01099991798
448 3.02099990845
449 2.992000103
450 3.01900005341
451 3.00200009346
452 2.9849998951
453 2.97600007057
454 2.96900010109
455 2.96300005913
456 2.96799993515
457 2.95600008965
458 2.97099995613
459 2.96600008011
460 2.96000003815
461 2.93799996376
462 2.9430000782
463 2.93600010872
464 2.9319999218
465 2.92499995232
466 2.9240000248
467 2.93899989128
468 2.92899990082
469 2.92700004578
470 2.6779999733
471 2.63400006294
472 2.65000009537
473 2.65300011635
474 0.940999984741
475 0.721000015736
476 0.70300000906
477 0.920000016689
478 2.65700006485
479 2.65000009537
480 2.63000011444
481 2.64800000191
482 2.63800001144
483 2.65400004387
484 2.65799999237
485 2.64100003242
486 2.64800000191
487 2.66100001335
488 2.68099999428
489 2.66700005531
490 2.81699991226
491 2.93300008774
492 2.93099999428
493 2.9319999218
494 2.94400000572
495 2.94600009918
496 2.95000004768
497 2.96900010109
498 2.97399997711
499 2.97199988365
500 2.98200011253
501 2.98900008202
502 2.96799993515
503 2.98699998856
504 1.27400004864
505 1.13300001621
506 1.15400004387
507 1.13199996948
508 1.15100002289
509 1.11300003529
510 1.13999998569
511 1.14699995518
512 1.2009999752
513 1.20700001717
514 1.20599997044
515 1.19400000572
516 1.21399998665
517 1.22800004482
518 1.21399998665
519 1.22899997234
520 1.24300003052
521 1.38399994373
522 1.33000004292
523 3.17100000381
524 0.944000005722
525 0.90499997139
526 0.907999992371
527 0.935000002384
528 3.0490000248
529 2.99099993706
530 2.94199991226
531 1.34700000286
532 1.18099999428
533 1.13900005817
534 1.08000004292
535 1.0870000124
536 1.06299996376
537 1.06799995899
538 1.05099999905
539 1.03600001335
540 1.02100002766
