0 4.5110001564
1 4.43200016022
2 4.4439997673
3 4.46500015259
4 4.53800010681
5 4.65299987793
6 4.68699979782
7 4.69999980927
8 4.74300003052
9 4.76000022888
10 4.78599977493
11 4.83500003815
12 4.86000013351
13 4.89200019836
14 4.93300008774
15 4.93800020218
16 4.84999990463
17 4.86000013351
18 4.88199996948
19 4.96400022507
20 5.14599990845
21 5.18300008774
22 5.23000001907
23 5.27199983597
24 5.31699991226
25 5.3639998436
26 5.41699981689
27 5.45399999619
28 5.50199985504
29 5.53700017929
30 5.61000013351
31 5.63800001144
32 5.67000007629
33 0.0
34 17.1560001373
35 17.1499996185
36 17.1590003967
37 0.0
38 0.0
39 0.0
40 17.25
41 17.1660003662
42 17.0709991455
43 17.017999649
44 16.5219993591
45 16.5359992981
46 16.5419998169
47 13.1610002518
48 13.0880002975
49 12.3350000381
50 11.9139995575
51 11.5880002975
52 11.5869998932
53 11.6379995346
54 11.6190004349
55 11.3369998932
56 10.986000061
57 10.4709997177
58 10.111000061
59 8.34399986267
60 8.33699989319
61 8.20899963379
62 7.92100000381
63 7.632999897
64 7.44500017166
65 7.23699998856
66 7.06599998474
67 6.90799999237
68 6.78299999237
69 6.78700017929
70 6.8109998703
71 6.84100008011
72 6.86000013351
73 6.85900020599
74 6.78700017929
75 6.63500022888
76 6.51000022888
77 6.382999897
78 6.26700019836
79 6.14300012589
80 5.22399997711
81 4.95900011063
82 4.85200023651
83 4.76999998093
84 4.67100000381
85 4.60699987411
86 4.53599977493
87 4.46999979019
88 4.40899991989
89 4.34200000763
90 4.27500009537
91 4.23000001907
92 4.16400003433
93 4.10599994659
94 4.03900003433
95 3.97799992561
96 3.94000005722
97 3.90199995041
98 3.84599995613
99 3.79099988937
100 3.76300001144
101 3.80900001526
102 3.82800006866
103 3.84599995613
104 3.86100006104
105 3.8900001049
106 3.9319999218
107 3.97499990463
108 3.92700004578
109 3.8900001049
110 3.8599998951
111 3.80399990082
112 3.77099990845
113 3.73300004005
114 3.68000006676
115 3.64499998093
116 3.62299990654
117 3.59400010109
118 3.57500004768
119 3.54099988937
120 3.5
121 3.46199989319
122 3.4470000267
123 3.4240000248
124 3.40899991989
125 3.38899993896
126 3.41799998283
127 3.45900011063
128 3.50600004196
129 3.54200005531
130 3.56999993324
131 3.625
132 3.6779999733
133 4.01900005341
134 4.05200004578
135 4.09700012207
136 4.13100004196
137 4.16699981689
138 4.17299985886
139 4.21899986267
140 4.23000001907
141 4.25899982452
142 4.30999994278
143 4.367000103
144 4.39699983597
145 4.43800020218
146 4.46099996567
147 4.49499988556
148 4.51900005341
149 4.51599979401
150 4.53000020981
151 4.19899988174
152 4.31199979782
153 4.61299991608
154 3.25999999046
155 3.43099999428
156 4.71999979019
157 4.60200023651
158 4.56799983978
159 4.79600000381
160 4.84200000763
161 4.87400007248
162 4.8860001564
163 4.92899990082
164 4.96299982071
165 5.00099992752
166 5.01499986649
167 5.03999996185
168 3.16700005531
169 3.22900009155
170 3.35899996758
171 4.1139998436
172 4.91499996185
173 4.882999897
174 4.86100006104
175 4.82800006866
176 4.82000017166
177 4.81199979782
178 4.83400011063
179 4.84399986267
180 4.87300014496
181 4.89900016785
182 4.8220000267
183 5.33099985123
184 5.46999979019
185 5.492000103
186 5.49900007248
187 5.50099992752
188 4.60900020599
189 4.58300018311
190 5.55000019073
191 5.59299993515
192 3.64499998093
193 3.51600003242
194 4.07000017166
195 4.04199981689
196 5.68499994278
197 5.71600008011
198 5.72300004959
199 5.74800014496
200 5.77600002289
201 5.80800008774
202 5.82999992371
203 5.82100009918
204 5.84200000763
205 5.84200000763
206 5.86100006104
207 5.8639998436
208 5.89300012589
209 5.90999984741
210 5.92899990082
211 5.94799995422
212 5.94600009918
213 5.96799993515
214 5.97800016403
215 6.00400018692
216 6.03299999237
217 6.03000020981
218 6.06699991226
219 6.07899999619
220 6.08599996567
221 6.09499979019
222 6.08199977875
223 6.09899997711
224 6.1139998436
225 6.1139998436
226 6.11600017548
227 6.13100004196
228 6.13100004196
229 6.15799999237
230 6.13700008392
231 6.18300008774
232 6.19000005722
233 6.18499994278
234 6.20900011063
235 6.21700000763
236 6.21999979019
237 6.22599983215
238 6.23500013351
239 6.23400020599
240 6.22499990463
241 6.23000001907
242 6.21700000763
243 6.23099994659
244 6.23999977112
245 6.23999977112
246 6.23799991608
247 6.22399997711
248 6.25199985504
249 6.26200008392
250 6.26800012589
251 6.25
252 6.2610001564
253 6.28499984741
254 6.27699995041
255 6.28499984741
256 6.27600002289
257 6.27199983597
258 6.25899982452
259 6.24800014496
260 6.23400020599
261 5.20499992371
262 5.04899978638
263 5.03399991989
264 5.03000020981
265 5.02799987793
266 5.02799987793
267 5.04099988937
268 5.05100011826
269 5.242000103
270 2.41400003433
271 2.41499996185
272 2.44799995422
273 5.25099992752
274 5.20800018311
275 5.20900011063
276 5.23500013351
277 5.26800012589
278 5.40799999237
279 5.66300010681
280 5.74399995804
281 5.76700019836
282 5.79699993134
283 5.97300004959
284 6.07899999619
285 6.08699989319
286 6.07999992371
287 6.04699993134
288 6.04099988937
289 6.04400014877
290 6.03299999237
291 6.01800012589
292 6.0110001564
293 5.96500015259
294 5.95300006866
295 5.93499994278
296 5.94000005722
297 5.88999986649
298 5.88800001144
299 5.87400007248
300 5.86499977112
301 5.85300016403
302 5.84700012207
303 5.83500003815
304 5.82100009918
305 5.80200004578
306 5.77400016785
307 5.76300001144
308 5.742000103
309 5.72599983215
310 5.69099998474
311 5.66499996185
312 5.66400003433
313 5.61199998856
314 5.60900020599
315 5.58799982071
316 5.55900001526
317 5.54400014877
318 5.52699995041
319 5.32499980927
320 5.09499979019
321 5.46999979019
322 5.45100021362
323 5.43300008774
324 5.40999984741
325 5.39300012589
326 5.3639998436
327 5.33400011063
328 5.30399990082
329 4.38000011444
330 4.05399990082
331 4.11499977112
332 5.01399993896
333 5.17100000381
334 5.14799976349
335 5.11800003052
336 5.08799982071
337 5.06799983978
338 5.05200004578
339 5.01599979401
340 4.9470000267
341 4.81300020218
342 4.95399999619
343 4.9390001297
344 4.90100002289
345 4.87799978256
346 4.82700014114
347 4.6970000267
348 4.5689997673
349 4.72399997711
350 4.70300006866
351 4.67999982834
352 4.64099979401
353 4.62400007248
354 4.58900022507
355 4.57299995422
356 4.32499980927
357 4.37200021744
358 4.47499990463
359 4.45900011063
360 4.4310002327
361 4.41599988937
362 4.39599990845
363 4.36899995804
364 4.32999992371
365 4.28200006485
366 4.23999977112
367 4.19299983978
368 4.16499996185
369 4.14599990845
370 4.11299991608
371 4.08199977875
372 4.05200004578
373 4.02799987793
374 3.99900007248
375 3.96499991417
376 3.94099998474
377 3.8900001049
378 3.8789999485
379 3.84299993515
380 3.83500003815
381 3.73099994659
382 3.64899992943
383 3.60299992561
384 3.57100009918
385 3.53200006485
386 3.49900007248
387 3.45300006866
388 3.41799998283
389 3.39100003242
390 3.36299991608
391 3.33899998665
392 3.3180000782
393 3.27200007439
394 3.26799988747
395 3.27699995041
396 3.2990000248
397 3.3220000267
398 3.35599994659
399 3.41000008583
400 3.44499993324
401 3.48000001907
402 3.51900005341
403 3.55800008774
404 3.60299992561
405 3.63100004196
406 3.67700004578
407 3.72799992561
408 3.74900007248
409 3.79200005531
410 3.84100008011
411 3.86800003052
412 3.92899990082
413 3.99399995804
414 4.0560002327
415 4.13000011444
416 4.18499994278
417 4.24900007248
418 4.3189997673
419 4.38999986649
420 4.42399978638
421 4.52400016785
422 4.59299993515
423 4.67000007629
424 4.73999977112
425 4.80700016022
426 4.91300010681
427 5.01200008392
428 5.11299991608
429 5.20200014114
430 5.32000017166
431 5.41900014877
432 5.53800010681
433 5.62599992752
434 5.74900007248
435 5.88800001144
436 6.03100013733
437 6.17100000381
438 6.3189997673
439 6.46099996567
440 6.51000022888
441 6.59999990463
442 6.45499992371
443 3.0490000248
444 3.03600001335
445 3.03999996185
446 3.02200007439
447 3.03500008583
448 3.00500011444
449 3.01600003242
450 3.01699995995
451 3.00500011444
452 2.98600006104
453 2.98699998856
454 2.98600006104
455 2.98300004005
456 2.97799992561
457 2.95799994469
458 2.97099995613
459 2.96900010109
460 2.9470000267
461 2.94199991226
462 2.93799996376
463 2.95499992371
464 2.9319999218
465 2.92499995232
466 2.9240000248
467 2.93099999428
468 2.9319999218
469 2.91799998283
470 2.67100000381
471 2.62599992752
472 2.64400005341
473 2.63700008392
474 0.947000026703
475 0.700999975204
476 0.711000025272
477 0.927999973297
478 2.65400004387
479 2.65300011635
480 2.65400004387
481 2.66599988937
482 2.65100002289
483 2.63800001144
484 2.64499998093
485 2.65599989891
486 2.66000008583
487 2.68000006676
488 2.67300009727
489 2.68499994278
490 2.8259999752
491 2.93099999428
492 2.93099999428
493 2.93400001526
494 2.95399999619
495 2.95600008965
496 2.96099996567
497 2.94899988174
498 2.95700001717
499 2.9849998951
500 2.96799993515
501 2.99000000954
502 2.97799992561
503 2.97699999809
504 1.28900003433
505 1.13900005817
506 1.15499997139
507 1.14900004864
508 1.14800000191
509 1.13499999046
510 1.16400003433
511 1.15699994564
512 1.19799995422
513 1.20599997044
514 1.18700003624
515 1.21800005436
516 1.22399997711
517 1.23699998856
518 1.22300004959
519 1.25300002098
520 1.25699996948
521 1.36600005627
522 1.51300001144
523 3.17899990082
524 0.922999978065
525 0.916000008583
526 0.911000013351
527 0.944000005722
528 3.04600000381
529 2.98900008202
530 1.26900005341
531 1.26999998093
532 1.1629999876
533 1.08399999142
534 1.09399998188
535 1.09700000286
536 1.09700000286
537 1.10399997234
538 1.09399998188
539 1.06500005722
540 1.07299995422
