0 4.51599979401
1 4.42899990082
2 4.45200014114
3 4.46799993515
4 4.52400016785
5 4.65799999237
6 4.67000007629
7 4.69899988174
8 4.73000001907
9 4.76999998093
10 4.79099988937
11 4.81500005722
12 4.86999988556
13 4.89200019836
14 4.92299985886
15 4.92299985886
16 4.82700014114
17 4.85300016403
18 4.88100004196
19 4.97599983215
20 5.15000009537
21 5.18800020218
22 5.21700000763
23 5.26700019836
24 5.29899978638
25 5.35300016403
26 5.40100002289
27 5.44899988174
28 5.50699996948
29 5.53399991989
30 5.59600019455
31 5.64200019836
32 5.65799999237
33 0.0
34 17.1420001984
35 17.138999939
36 17.1509990692
37 0.0
38 0.0
39 0.0
40 17.2399997711
41 17.170999527
42 17.0709991455
43 17.0109996796
44 16.5249996185
45 16.5380001068
46 16.517999649
47 13.1680002213
48 13.0670003891
49 12.3369998932
50 11.9650001526
51 11.5889997482
52 11.5970001221
53 11.6309995651
54 11.626999855
55 11.343000412
56 10.9949998856
57 10.4469995499
58 10.1049995422
59 8.33100032806
60 8.35400009155
61 8.20400047302
62 7.88899993896
63 7.63000011444
64 7.44199991226
65 7.2389998436
66 7.06599998474
67 6.89200019836
68 6.79300022125
69 6.78399991989
70 6.79400014877
71 6.81799983978
72 6.85900020599
73 6.88000011444
74 6.8029999733
75 6.632999897
76 6.51700019836
77 6.39699983597
78 6.27199983597
79 6.16400003433
80 5.23999977112
81 4.95300006866
82 4.85200023651
83 4.76599979401
84 4.67399978638
85 4.57700014114
86 4.51900005341
87 4.47399997711
88 4.40899991989
89 4.34299993515
90 4.26499986649
91 4.21299982071
92 4.17100000381
93 4.11499977112
94 4.03000020981
95 3.98000001907
96 3.93300008774
97 3.882999897
98 3.83400011063
99 3.80599999428
100 3.77399992943
101 3.7990000248
102 3.82299995422
103 3.83400011063
104 3.87199997902
105 3.91100001335
106 3.93799996376
107 3.9470000267
108 3.92000007629
109 3.88000011444
110 3.83200001717
111 3.79399991035
112 3.7539999485
113 3.72000002861
114 3.67700004578
115 3.66100001335
116 3.62299990654
117 3.60199999809
118 3.55599999428
119 3.52099990845
120 3.50699996948
121 3.46000003815
122 3.43499994278
123 3.40700006485
124 3.40000009537
125 3.39599990845
126 3.43000006676
127 3.45700001717
128 3.49099993706
129 3.52500009537
130 3.5720000267
131 3.59899997711
132 3.66400003433
133 4.02299976349
134 4.06799983978
135 4.09800004959
136 4.12200021744
137 4.13999986649
138 4.1890001297
139 4.21099996567
140 4.23600006104
141 4.28999996185
142 4.32100009918
143 4.32600021362
144 4.39699983597
145 4.42700004578
146 4.4390001297
147 4.48999977112
148 4.51999998093
149 4.507999897
150 4.55100011826
151 4.1890001297
152 4.32000017166
153 4.617000103
154 3.27999997139
155 3.39499998093
156 4.70900011063
157 4.59499979019
158 4.55499982834
159 4.80100011826
160 4.83599996567
161 4.86499977112
162 4.88800001144
163 4.92399978638
164 4.94899988174
165 4.99399995804
166 5.02299976349
167 5.03800010681
168 3.17700004578
169 3.22000002861
170 3.36800003052
171 4.125
172 4.91200017929
173 4.87599992752
174 4.84299993515
175 4.82800006866
176 4.81300020218
177 4.8060002327
178 4.83199977875
179 4.85099983215
180 4.87400007248
181 4.8860001564
182 4.80100011826
183 5.30100011826
184 5.46700000763
185 5.48099994659
186 5.49900007248
187 5.51499986649
188 4.60599994659
189 4.57100009918
190 5.56199979782
191 5.60699987411
192 3.63800001144
193 3.51099991798
194 4.06500005722
195 4.05800008774
196 5.69000005722
197 5.70200014114
198 5.73799991608
199 5.75899982452
200 5.77400016785
201 5.78900003433
202 5.81699991226
203 5.80999994278
204 5.82899999619
205 5.85900020599
206 5.87599992752
207 5.875
208 5.87900018692
209 5.90500020981
210 5.91900014877
211 5.9310002327
212 5.95200014114
213 5.95499992371
214 5.98400020599
215 6.00299978256
216 6.02699995041
217 6.04300022125
218 6.0560002327
219 6.07700014114
220 6.08799982071
221 6.09000015259
222 6.08599996567
223 6.09100008011
224 6.09000015259
225 6.12099981308
226 6.12300014496
227 6.11800003052
228 6.1360001564
229 6.12900018692
230 6.15500020981
231 6.15899991989
232 6.18400001526
233 6.19000005722
234 6.18200016022
235 6.21899986267
236 6.21400022507
237 6.22100019455
238 6.21700000763
239 6.21600008011
240 6.21799993515
241 6.22399997711
242 6.22599983215
243 6.22800016403
244 6.21999979019
245 6.22300004959
246 6.23799991608
247 6.22599983215
248 6.23600006104
249 6.23600006104
250 6.25899982452
251 6.26000022888
252 6.27099990845
253 6.27500009537
254 6.27199983597
255 6.28200006485
256 6.26800012589
257 6.242000103
258 6.25199985504
259 6.23500013351
260 6.23500013351
261 5.20300006866
262 5.04300022125
263 5.03499984741
264 5.02699995041
265 5.01999998093
266 5.02500009537
267 5.03900003433
268 5.0609998703
269 5.24599981308
270 2.42499995232
271 2.40700006485
272 2.46300005913
273 5.25600004196
274 5.22399997711
275 5.19999980927
276 5.24100017548
277 5.27299976349
278 5.40600013733
279 5.64900016785
280 5.75
281 5.77600002289
282 5.8140001297
283 5.95200014114
284 6.08099985123
285 6.08500003815
286 6.05900001526
287 6.05999994278
288 6.06500005722
289 6.04199981689
290 6.03200006485
291 6.01000022888
292 6.0
293 5.97300004959
294 5.9470000267
295 5.93300008774
296 5.93699979782
297 5.90899991989
298 5.89400005341
299 5.88000011444
300 5.86299991608
301 5.84399986267
302 5.8189997673
303 5.83099985123
304 5.81199979782
305 5.80000019073
306 5.77400016785
307 5.77400016785
308 5.73199987411
309 5.71999979019
310 5.6970000267
311 5.66400003433
312 5.65299987793
313 5.62400007248
314 5.60300016403
315 5.58500003815
316 5.5640001297
317 5.53200006485
318 5.51700019836
319 5.34100008011
320 5.10799980164
321 5.4439997673
322 5.45100021362
323 5.42700004578
324 5.41300010681
325 5.39400005341
326 5.34999990463
327 5.32100009918
328 5.28299999237
329 4.37200021744
330 4.04799985886
331 4.10900020599
332 5.01399993896
333 5.16900014877
334 5.14099979401
335 5.10900020599
336 5.08799982071
337 5.06699991226
338 5.04400014877
339 5.01800012589
340 4.94199991226
341 4.80999994278
342 4.95499992371
343 4.93400001526
344 4.89499998093
345 4.86899995804
346 4.82399988174
347 4.6939997673
348 4.55900001526
349 4.73999977112
350 4.71400022507
351 4.67000007629
352 4.63700008392
353 4.62300014496
354 4.58199977875
355 4.5640001297
356 4.31199979782
357 4.36000013351
358 4.492000103
359 4.46999979019
360 4.43200016022
361 4.41599988937
362 4.40199995041
363 4.34000015259
364 4.29600000381
365 4.27899980545
366 4.25299978256
367 4.20900011063
368 4.18400001526
369 4.12400007248
370 4.11100006104
371 4.07399988174
372 4.04500007629
373 3.99900007248
374 3.98300004005
375 3.96000003815
376 3.9240000248
377 3.89700007439
378 3.8710000515
379 3.84299993515
380 3.82999992371
381 3.71700000763
382 3.63400006294
383 3.58800005913
384 3.56200003624
385 3.53399991989
386 3.48900008202
387 3.46399998665
388 3.4279999733
389 3.39199995995
390 3.36999988556
391 3.33999991417
392 3.29600000381
393 3.27300000191
394 3.24399995804
395 3.26399993896
396 3.29999995232
397 3.33500003815
398 3.36800003052
399 3.40599989891
400 3.43899989128
401 3.47300004959
402 3.50900006294
403 3.54800009727
404 3.59599995613
405 3.63599991798
406 3.6779999733
407 3.71099996567
408 3.74799990654
409 3.76900005341
410 3.83999991417
411 3.87400007248
412 3.94099998474
413 3.99799990654
414 4.06599998474
415 4.12599992752
416 4.16400003433
417 4.22100019455
418 4.30999994278
419 4.36600017548
420 4.42199993134
421 4.52799987793
422 4.58900022507
423 4.65899991989
424 4.71700000763
425 4.80700016022
426 4.90000009537
427 5.02099990845
428 5.11000013351
429 5.21600008011
430 5.30800008774
431 5.42100000381
432 5.52699995041
433 5.63899993896
434 5.75400018692
435 5.89200019836
436 6.03800010681
437 6.16200017929
438 6.31799983978
439 6.47499990463
440 6.50199985504
441 6.59999990463
442 6.41900014877
443 3.10700011253
444 3.04999995232
445 3.02500009537
446 3.03800010681
447 3.02900004387
448 3.02600002289
449 3.0
450 3.00500011444
451 2.99399995804
452 2.98399996758
453 2.97600007057
454 2.96799993515
455 2.97399997711
456 2.97300004959
457 2.96900010109
458 2.97399997711
459 2.94799995422
460 2.94199991226
461 2.9319999218
462 2.93000006676
463 2.9470000267
464 2.9279999733
465 2.92000007629
466 2.92499995232
467 2.90899991989
468 2.91700005531
469 2.89800000191
470 2.66400003433
471 2.65799999237
472 2.64199995995
473 2.65000009537
474 0.944000005722
475 0.700999975204
476 0.704999983311
477 0.910000026226
478 2.64899992943
479 2.63599991798
480 2.64499998093
481 2.64599990845
482 2.65400004387
483 2.65100002289
484 2.66899991035
485 2.64499998093
486 2.65799999237
487 2.64499998093
488 2.65899991989
489 2.68499994278
490 2.82999992371
491 2.93400001526
492 2.93499994278
493 2.94799995422
494 2.96000003815
495 2.94499993324
496 1.32899999619
497 1.15799999237
498 1.16199994087
499 1.15999996662
500 1.14199995995
501 1.14600002766
502 1.14400005341
503 1.14100003242
504 1.13900005817
505 1.16400003433
506 1.17499995232
507 1.18299996853
508 1.19299995899
509 1.33000004292
510 1.4509999752
511 1.33000004292
512 1.31900000572
513 1.3029999733
514 1.29700005054
515 1.29299998283
516 1.29400002956
517 1.26800000668
518 1.29700005054
519 1.29100000858
520 1.29799997807
521 1.31900000572
522 1.46899998188
523 3.1779999733
524 0.933000028133
525 0.913999974728
526 0.911000013351
527 0.933000028133
528 3.04299998283
529 2.96900010109
530 2.93099999428
531 2.86599993706
532 2.81100010872
533 2.77500009537
534 2.72300004959
535 2.72699999809
536 2.95799994469
537 2.91100001335
538 0.0
539 0.0
540 0.0
