0 4.51900005341
1 4.4310002327
2 4.44600009918
3 4.46899986267
4 4.53000020981
5 4.64200019836
6 4.67299985886
7 4.70699977875
8 4.73500013351
9 4.76800012589
10 4.79099988937
11 4.83699989319
12 4.85500001907
13 4.89300012589
14 4.92399978638
15 4.91900014877
16 4.82899999619
17 4.84700012207
18 4.8860001564
19 4.95900011063
20 5.13800001144
21 5.18300008774
22 5.23099994659
23 5.26800012589
24 5.3220000267
25 5.35799980164
26 5.39900016785
27 5.45699977875
28 5.5
29 5.57100009918
30 5.59499979019
31 5.64200019836
32 5.6810002327
33 0.0
34 17.1469993591
35 17.1509990692
36 17.1550006866
37 0.0
38 0.0
39 0.0
40 17.2439994812
41 17.1830005646
42 17.0529994965
43 17.0009994507
44 16.5189990997
45 16.5349998474
46 16.5170001984
47 13.1490001678
48 13.0659999847
49 12.3400001526
50 11.9549999237
51 11.5850000381
52 11.6049995422
53 11.6289997101
54 11.6140003204
55 11.3400001526
56 11.0039997101
57 10.4610004425
58 10.1190004349
59 8.32900047302
60 8.33100032806
61 8.19499969482
62 7.92100000381
63 7.64900016785
64 7.44500017166
65 7.22700023651
66 7.07299995422
67 6.90100002289
68 6.78299999237
69 6.78399991989
70 6.78800010681
71 6.82399988174
72 6.84499979019
73 6.86800003052
74 6.78399991989
75 6.63800001144
76 6.50899982452
77 6.39699983597
78 6.26000022888
79 6.14900016785
80 5.22200012207
81 4.95900011063
82 4.84100008011
83 4.76800012589
84 4.68200016022
85 4.60799980164
86 4.53599977493
87 4.47200012207
88 4.41599988937
89 4.33300018311
90 4.27400016785
91 4.19299983978
92 4.14900016785
93 4.10300016403
94 4.03399991989
95 3.98399996758
96 3.93700003624
97 3.89299988747
98 3.82899999619
99 3.79600000381
100 3.76699995995
101 3.79600000381
102 3.81699991226
103 3.83899998665
104 3.88000011444
105 3.90599989891
106 3.93400001526
107 3.95300006866
108 3.91700005531
109 3.882999897
110 3.83400011063
111 3.80100011826
112 3.77200007439
113 3.72399997711
114 3.69499993324
115 3.66799998283
116 3.62800002098
117 3.60299992561
118 3.55500006676
119 3.53200006485
120 3.50500011444
121 3.47499990463
122 3.43799996376
123 3.40899991989
124 3.38599991798
125 3.40000009537
126 3.4240000248
127 3.45199990273
128 3.4960000515
129 3.52699995041
130 3.56200003624
131 3.61199998856
132 3.66199994087
133 4.02299976349
134 4.04099988937
135 4.09999990463
136 4.11499977112
137 4.13700008392
138 4.16499996185
139 4.20200014114
140 4.24399995804
141 4.28000020981
142 4.30100011826
143 4.33799982071
144 4.39499998093
145 4.42999982834
146 4.4439997673
147 4.48299980164
148 4.52099990845
149 4.53000020981
150 4.54199981689
151 4.18300008774
152 4.31599998474
153 4.59100008011
154 3.2650001049
155 3.41599988937
156 4.70800018311
157 4.60699987411
158 4.5560002327
159 4.8060002327
160 4.81799983978
161 4.85799980164
162 4.8860001564
163 4.9279999733
164 4.95599985123
165 4.9889998436
166 5.02099990845
167 5.03000020981
168 3.14700007439
169 3.22300004959
170 3.36500000954
171 4.13399982452
172 4.92299985886
173 4.882999897
174 4.84800004959
175 4.82800006866
176 4.80999994278
177 4.8140001297
178 4.83099985123
179 4.84200000763
180 4.87400007248
181 4.91699981689
182 4.82700014114
183 5.32800006866
184 5.46500015259
185 5.48299980164
186 5.49100017548
187 5.50099992752
188 4.59399986267
189 4.56500005722
190 5.5640001297
191 5.60300016403
192 3.63199996948
193 3.50900006294
194 4.08400011063
195 4.04099988937
196 5.6810002327
197 5.71299982071
198 5.73699998856
199 5.76000022888
200 5.79600000381
201 5.79400014877
202 5.83099985123
203 5.8220000267
204 5.84399986267
205 5.85099983215
206 5.87300014496
207 5.88000011444
208 5.90000009537
209 5.91300010681
210 5.92700004578
211 5.93300008774
212 5.93400001526
213 5.96099996567
214 5.98400020599
215 5.99800014496
216 6.02699995041
217 6.04199981689
218 6.05800008774
219 6.07499980927
220 6.0609998703
221 6.07299995422
222 6.08300018311
223 6.09399986267
224 6.11600017548
225 6.09299993515
226 6.13000011444
227 6.13000011444
228 6.13399982452
229 6.15100002289
230 6.15299987793
231 6.17199993134
232 6.16599988937
233 6.18400001526
234 6.21199989319
235 6.21700000763
236 6.23099994659
237 6.21999979019
238 6.23000001907
239 6.21199989319
240 6.22399997711
241 6.22499990463
242 6.21700000763
243 6.21700000763
244 6.24300003052
245 6.23500013351
246 6.21700000763
247 6.23400020599
248 6.25500011444
249 6.26399993896
250 6.25199985504
251 6.25899982452
252 6.27699995041
253 6.27799987793
254 6.28299999237
255 6.26499986649
256 6.24800014496
257 6.24499988556
258 6.25199985504
259 6.23699998856
260 6.22499990463
261 5.19199991226
262 5.03999996185
263 5.03200006485
264 5.03399991989
265 5.02299976349
266 5.03499984741
267 5.02600002289
268 5.05700016022
269 5.23600006104
270 2.38599991798
271 2.40599989891
272 2.43799996376
273 5.24599981308
274 5.19999980927
275 5.21400022507
276 5.23299980164
277 5.27400016785
278 5.40999984741
279 5.65799999237
280 5.74800014496
281 5.77699995041
282 5.80399990082
283 5.93499994278
284 6.08400011063
285 6.0640001297
286 6.07499980927
287 6.07100009918
288 6.05499982834
289 6.05800008774
290 6.03399991989
291 6.007999897
292 5.99900007248
293 5.97200012207
294 5.96500015259
295 5.95399999619
296 5.92899990082
297 5.90999984741
298 5.89099979401
299 5.88100004196
300 5.85900020599
301 5.84399986267
302 5.83500003815
303 5.80800008774
304 5.80499982834
305 5.80399990082
306 5.78200006485
307 5.76399993896
308 5.75099992752
309 5.71899986267
310 5.6859998703
311 5.66900014877
312 5.64099979401
313 5.61199998856
314 5.60599994659
315 5.58300018311
316 5.5689997673
317 5.54899978638
318 5.52299976349
319 5.31699991226
320 5.09399986267
321 5.4470000267
322 5.43200016022
323 5.42100000381
324 5.40999984741
325 5.39900016785
326 5.36299991608
327 5.31699991226
328 5.29899978638
329 4.37200021744
330 4.03200006485
331 4.117000103
332 5.00899982452
333 5.16699981689
334 5.1360001564
335 5.11800003052
336 5.09600019455
337 5.05999994278
338 5.03900003433
339 5.02600002289
340 4.95399999619
341 4.8189997673
342 4.95100021362
343 4.93800020218
344 4.90600013733
345 4.85900020599
346 4.81599998474
347 4.69799995422
348 4.5560002327
349 4.742000103
350 4.71500015259
351 4.68699979782
352 4.64599990845
353 4.61299991608
354 4.57899999619
355 4.55900001526
356 4.30800008774
357 4.36199998856
358 4.48299980164
359 4.45499992371
360 4.44899988174
361 4.42700004578
362 4.39200019836
363 4.33699989319
364 4.3060002327
365 4.26999998093
366 4.22900009155
367 4.19799995422
368 4.1890001297
369 4.12900018692
370 4.11199998856
371 4.07700014114
372 4.03999996185
373 4.01900005341
374 3.97300004959
375 3.94400000572
376 3.93099999428
377 3.90499997139
378 3.86100006104
379 3.85800004005
380 3.80399990082
381 3.72099995613
382 3.632999897
383 3.59200000763
384 3.54999995232
385 3.52099990845
386 3.50099992752
387 3.46700000763
388 3.43700003624
389 3.38000011444
390 3.36800003052
391 3.33999991417
392 3.31399989128
393 3.28299999237
394 3.25200009346
395 3.257999897
396 3.29099988937
397 3.33999991417
398 3.37400007248
399 3.40899991989
400 3.44199991226
401 3.46199989319
402 3.51900005341
403 3.5529999733
404 3.58699989319
405 3.64400005341
406 3.68099999428
407 3.71499991417
408 3.74799990654
409 3.77500009537
410 3.8180000782
411 3.87199997902
412 3.93300008774
413 3.98000001907
414 4.06599998474
415 4.10500001907
416 4.18699979782
417 4.22900009155
418 4.29600000381
419 4.37799978256
420 4.44899988174
421 4.51200008392
422 4.59600019455
423 4.66599988937
424 4.71899986267
425 4.8109998703
426 4.91699981689
427 5.01200008392
428 5.10300016403
429 5.20100021362
430 5.30700016022
431 5.40500020981
432 5.53900003433
433 5.64200019836
434 5.77400016785
435 5.87799978256
436 6.02500009537
437 6.16200017929
438 6.3140001297
439 6.48099994659
440 6.50299978256
441 6.59100008011
442 6.45800018311
443 3.07399988174
444 3.04299998283
445 3.02600002289
446 3.03500008583
447 3.02699995041
448 3.0150001049
449 3.02300000191
450 3.01699995995
451 3.01200008392
452 2.97900009155
453 2.9960000515
454 2.96900010109
455 2.97600007057
456 2.97399997711
457 2.95399999619
458 2.95199990273
459 2.94099998474
460 2.9470000267
461 2.94000005722
462 2.93600010872
463 2.9430000782
464 2.9509999752
465 2.9279999733
466 2.92300009727
467 2.92300009727
468 2.92100000381
469 2.90799999237
470 2.66199994087
471 2.63100004196
472 2.63700008392
473 2.64599990845
474 0.945999979973
475 0.717000007629
476 0.697000026703
477 0.934000015259
478 2.65499997139
479 2.64199995995
480 2.64700007439
481 2.63800001144
482 2.63899993896
483 2.6400001049
484 2.66000008583
485 2.66799998283
486 2.64899992943
487 2.66700005531
488 2.67000007629
489 2.68000006676
490 2.82399988174
491 2.9319999218
492 2.94799995422
493 2.93799996376
494 2.93499994278
495 2.96000003815
496 2.9509999752
497 2.96199989319
498 2.95900011063
499 2.98099994659
500 2.98300004005
501 2.96799993515
502 1.21800005436
503 1.29999995232
504 1.16700005531
505 1.15299999714
506 1.15799999237
507 1.13999998569
508 1.14999997616
509 1.13900005817
510 1.1740000248
511 1.18400001526
512 1.19200003147
513 1.17700004578
514 1.20500004292
515 1.20399999619
516 1.21000003815
517 1.22899997234
518 1.23599994183
519 1.38499999046
520 3.13400006294
521 3.15400004387
522 3.15199995041
523 3.17499995232
524 0.936999976635
525 0.915000021458
526 0.903999984264
527 0.945999979973
528 3.0490000248
529 1.26800000668
530 1.12800002098
531 1.10899996758
532 1.09899997711
533 1.09300005436
534 1.10800004005
535 1.0870000124
536 1.09599995613
537 1.08899998665
538 1.09700000286
539 1.08200001717
540 1.09399998188
