0 4.51900005341
1 4.44600009918
2 4.45200014114
3 4.48099994659
4 4.53999996185
5 4.65399980545
6 4.66800022125
7 4.71799993515
8 4.73600006104
9 4.77699995041
10 4.80499982834
11 4.83599996567
12 4.86800003052
13 4.90500020981
14 4.91200017929
15 4.92999982834
16 4.83900022507
17 4.85500001907
18 4.88700008392
19 4.97300004959
20 5.14599990845
21 5.17600011826
22 5.23199987411
23 5.27199983597
24 5.31500005722
25 5.36100006104
26 5.40000009537
27 5.45100021362
28 5.50299978256
29 5.53900003433
30 5.61000013351
31 5.64400005341
32 5.66499996185
33 0.0
34 17.1599998474
35 17.1520004272
36 17.1480007172
37 0.0
38 0.0
39 0.0
40 17.2250003815
41 17.1630001068
42 17.0590000153
43 17.0230007172
44 16.5240001678
45 16.5380001068
46 16.5200004578
47 13.156999588
48 13.0749998093
49 12.3409996033
50 11.9759998322
51 11.5889997482
52 11.6160001755
53 11.6160001755
54 11.6289997101
55 11.3409996033
56 10.9910001755
57 10.4650001526
58 10.111000061
59 8.32900047302
60 8.3360004425
61 8.20100021362
62 7.91499996185
63 7.6360001564
64 7.43699979782
65 7.24800014496
66 7.0689997673
67 6.90199995041
68 6.78999996185
69 6.79099988937
70 6.79799985886
71 6.83599996567
72 6.84999990463
73 6.87400007248
74 6.80000019073
75 6.63500022888
76 6.52199983597
77 6.39200019836
78 6.2610001564
79 6.14900016785
80 5.23299980164
81 4.97399997711
82 4.84800004959
83 4.77600002289
84 4.67500019073
85 4.60900020599
86 4.53800010681
87 4.47599983215
88 4.42000007629
89 4.34200000763
90 4.25899982452
91 4.19899988174
92 4.14499998093
93 4.09800004959
94 4.03900003433
95 3.97900009155
96 3.93799996376
97 3.89100003242
98 3.85400009155
99 3.7990000248
100 3.78200006485
101 3.77500009537
102 3.81299996376
103 3.84800004959
104 3.8789999485
105 3.90899991989
106 3.9319999218
107 3.96000003815
108 3.91899991035
109 3.8789999485
110 3.84999990463
111 3.8029999733
112 3.757999897
113 3.73600006104
114 3.70000004768
115 3.66599988937
116 3.62700009346
117 3.59699988365
118 3.56399989128
119 3.53600001335
120 3.507999897
121 3.47499990463
122 3.43700003624
123 3.4279999733
124 3.40799999237
125 3.39700007439
126 3.43300008774
127 3.45600008965
128 3.49699997902
129 3.53099989891
130 3.5569999218
131 3.61899995804
132 3.66400003433
133 4.01599979401
134 4.06199979782
135 4.10099983215
136 4.11600017548
137 4.15500020981
138 4.17000007629
139 4.21500015259
140 4.25
141 4.29400014877
142 4.30399990082
143 4.36100006104
144 4.38000011444
145 4.43499994278
146 4.44600009918
147 4.49100017548
148 4.50199985504
149 4.52899980545
150 4.54600000381
151 4.18499994278
152 4.29799985886
153 4.52500009537
154 3.257999897
155 3.42300009727
156 4.70200014114
157 4.6139998436
158 4.55000019073
159 4.80499982834
160 4.84200000763
161 4.86899995804
162 4.90399980545
163 4.93200016022
164 4.95900011063
165 5.00899982452
166 5.01599979401
167 5.04300022125
168 3.11599993706
169 3.22199988365
170 3.38100004196
171 4.12099981308
172 4.92500019073
173 4.87200021744
174 4.85200023651
175 4.83500003815
176 4.81500005722
177 4.82800006866
178 4.84000015259
179 4.85799980164
180 4.86199998856
181 4.90199995041
182 4.80700016022
183 5.3060002327
184 5.46000003815
185 5.48999977112
186 5.48999977112
187 5.51000022888
188 4.59899997711
189 4.59899997711
190 5.5640001297
191 5.58799982071
192 3.64299988747
193 3.50999999046
194 4.05999994278
195 4.05100011826
196 5.68699979782
197 5.71999979019
198 5.73799991608
199 5.76000022888
200 5.77699995041
201 5.8109998703
202 5.82000017166
203 5.83400011063
204 5.84700012207
205 5.85099983215
206 5.87200021744
207 5.8860001564
208 5.90000009537
209 5.90399980545
210 5.92700004578
211 5.93699979782
212 5.96799993515
213 5.96600008011
214 5.98600006104
215 6.00699996948
216 6.03900003433
217 6.02099990845
218 6.0560002327
219 6.07700014114
220 6.06500005722
221 6.07100009918
222 6.09499979019
223 6.10099983215
224 6.09200000763
225 6.10200023651
226 6.125
227 6.13899993896
228 6.12599992752
229 6.12799978256
230 6.16200017929
231 6.15999984741
232 6.18300008774
233 6.19199991226
234 6.1890001297
235 6.22300004959
236 6.20599985123
237 6.23099994659
238 6.22599983215
239 6.21099996567
240 6.22399997711
241 6.22300004959
242 6.23600006104
243 6.25199985504
244 6.23999977112
245 6.22900009155
246 6.22399997711
247 6.23000001907
248 6.24499988556
249 6.26900005341
250 6.26300001144
251 6.26599979401
252 6.25099992752
253 6.27699995041
254 6.29099988937
255 6.25699996948
256 6.24700021744
257 6.24700021744
258 6.26900005341
259 6.23299980164
260 6.22100019455
261 5.19600009918
262 5.05399990082
263 5.04400014877
264 5.04699993134
265 5.02600002289
266 5.03700017929
267 5.03800010681
268 5.05499982834
269 5.24399995804
270 2.42700004578
271 2.42100000381
272 2.4509999752
273 5.25299978256
274 5.22200012207
275 5.20100021362
276 5.23400020599
277 5.26599979401
278 5.40899991989
279 5.66499996185
280 5.74499988556
281 5.75299978256
282 5.8029999733
283 5.95100021362
284 6.07499980927
285 6.06799983978
286 6.06699991226
287 6.04699993134
288 6.05700016022
289 6.05499982834
290 6.03900003433
291 6.00600004196
292 5.99399995804
293 5.99399995804
294 5.95699977875
295 5.95399999619
296 5.91599988937
297 5.89599990845
298 5.90100002289
299 5.88700008392
300 5.86499977112
301 5.83599996567
302 5.84499979019
303 5.83300018311
304 5.80900001526
305 5.80399990082
306 5.78200006485
307 5.78299999237
308 5.73500013351
309 5.70900011063
310 5.70300006866
311 5.66900014877
312 5.65500020981
313 5.61199998856
314 5.60500001907
315 5.58500003815
316 5.5720000267
317 5.54300022125
318 5.52600002289
319 5.32000017166
320 5.09299993515
321 5.44899988174
322 5.43800020218
323 5.4279999733
324 5.42000007629
325 5.39400005341
326 5.35900020599
327 5.32899999619
328 5.30999994278
329 4.36199998856
330 4.05399990082
331 4.11499977112
332 5.00899982452
333 5.17500019073
334 5.14300012589
335 5.12300014496
336 5.08199977875
337 5.0560002327
338 5.05200004578
339 5.02600002289
340 4.95800018311
341 4.81300020218
342 4.96099996567
343 4.94299983978
344 4.91200017929
345 4.86600017548
346 4.82600021362
347 4.69299983978
348 4.5609998703
349 4.73699998856
350 4.71899986267
351 4.67600011826
352 4.64499998093
353 4.61000013351
354 4.58799982071
355 4.57000017166
356 4.3029999733
357 4.35699987411
358 4.49599981308
359 4.47499990463
360 4.45100021362
361 4.42600011826
362 4.36999988556
363 4.34100008011
364 4.30700016022
365 4.27699995041
366 4.25600004196
367 4.21000003815
368 4.1810002327
369 4.15500020981
370 4.09899997711
371 4.07499980927
372 4.03800010681
373 4.00099992752
374 3.98099994659
375 3.95399999619
376 3.94600009918
377 3.89800000191
378 3.86299991608
379 3.8710000515
380 3.82800006866
381 3.71700000763
382 3.63700008392
383 3.61100006104
384 3.55100011826
385 3.52900004387
386 3.5039999485
387 3.46900010109
388 3.42899990082
389 3.40100002289
390 3.37700009346
391 3.34599995613
392 3.31500005722
393 3.2650001049
394 3.25200009346
395 3.2650001049
396 3.30800008774
397 3.33699989319
398 3.3789999485
399 3.40799999237
400 3.4509999752
401 3.49000000954
402 3.51200008392
403 3.55399990082
404 3.60599994659
405 3.64599990845
406 3.68700003624
407 3.72300004959
408 3.74000000954
409 3.77600002289
410 3.83699989319
411 3.88199996948
412 3.9240000248
413 4.00299978256
414 4.07299995422
415 4.12699985504
416 4.17100000381
417 4.23400020599
418 4.29199981689
419 4.38500022888
420 4.44500017166
421 4.52799987793
422 4.59999990463
423 4.65399980545
424 4.72800016403
425 4.80999994278
426 4.91400003433
427 5.01200008392
428 5.12099981308
429 5.21799993515
430 5.30800008774
431 5.42899990082
432 5.53000020981
433 5.64799976349
434 5.75400018692
435 5.88700008392
436 6.01599979401
437 6.16699981689
438 6.32299995422
439 6.47900009155
440 6.50199985504
441 6.60699987411
442 6.45900011063
443 3.08200001717
444 3.04600000381
445 3.0490000248
446 3.04800009727
447 3.02300000191
448 3.03099989891
449 3.0150001049
450 3.01399993896
451 3.00099992752
452 2.98600006104
453 2.97900009155
454 2.97199988365
455 2.98900008202
456 2.96000003815
457 2.95900011063
458 2.95499992371
459 2.97499990463
460 2.96199989319
461 2.95000004768
462 2.94000005722
463 2.93700003624
464 2.94600009918
465 2.92700004578
466 2.93400001526
467 2.93300008774
468 2.92000007629
469 2.91300010681
470 2.67899990082
471 2.62800002098
472 2.6289999485
473 2.64599990845
474 0.944999992847
475 0.704999983311
476 0.708999991417
477 0.921000003815
478 2.66599988937
479 2.63499999046
480 2.65499997139
481 2.65799999237
482 2.65300011635
483 2.66400003433
484 2.65899991989
485 2.66799998283
486 2.66799998283
487 2.6740000248
488 2.65000009537
489 2.67499995232
490 2.81999993324
491 2.94899988174
492 2.95300006866
493 2.93700003624
494 2.94199991226
495 2.9509999752
496 2.96000003815
497 2.97900009155
498 2.96300005913
499 2.96600008011
500 2.9849998951
501 2.97600007057
502 2.97300004959
503 1.21800005436
504 1.27799999714
505 1.13699996471
506 1.14499998093
507 1.13800001144
508 1.15799999237
509 1.12399995327
510 1.16499996185
511 1.1590000391
512 1.20899999142
513 1.2159999609
514 1.21899998188
515 1.21800005436
516 1.24100005627
517 1.23199999332
518 1.24899995327
519 1.24000000954
520 1.26999998093
521 1.38100004196
522 1.57299995422
523 3.17499995232
524 0.934000015259
525 0.925000011921
526 0.908999979496
527 0.950999975204
528 3.04600000381
529 2.98099994659
530 1.48000001907
531 1.23899996281
532 1.14199995995
533 1.11000001431
534 1.08200001717
535 1.0909999609
536 1.10000002384
537 1.08800005913
538 1.09300005436
539 1.06200003624
540 1.05599999428
