0 4.49300003052
1 4.42999982834
2 4.44299983978
3 4.45800018311
4 4.52699995041
5 4.65399980545
6 4.69000005722
7 4.71099996567
8 4.73500013351
9 4.76000022888
10 4.78499984741
11 4.82700014114
12 4.867000103
13 4.89300012589
14 4.93300008774
15 4.94000005722
16 4.83199977875
17 4.84200000763
18 4.88199996948
19 4.96600008011
20 5.15000009537
21 5.18800020218
22 5.23299980164
23 5.26499986649
24 5.3029999733
25 5.35799980164
26 5.40700006485
27 5.44999980927
28 5.49700021744
29 5.53100013733
30 5.60599994659
31 5.63399982452
32 5.67999982834
33 0.0
34 17.1639995575
35 17.1439990997
36 17.1550006866
37 0.0
38 0.0
39 0.0
40 17.2329998016
41 17.1790008545
42 17.0659999847
43 17.0149993896
44 16.531999588
45 16.533000946
46 16.513999939
47 13.1630001068
48 13.0719995499
49 12.3249998093
50 11.9399995804
51 11.5889997482
52 11.6099996567
53 11.6169996262
54 11.6260004044
55 11.3459997177
56 11.0080003738
57 10.454000473
58 10.1049995422
59 8.34799957275
60 8.32800006866
61 8.20899963379
62 7.90600013733
63 7.63500022888
64 7.44799995422
65 7.23699998856
66 7.06500005722
67 6.89799976349
68 6.78299999237
69 6.78999996185
70 6.8029999733
71 6.83199977875
72 6.84700012207
73 6.86199998856
74 6.80499982834
75 6.64799976349
76 6.50400018692
77 6.40100002289
78 6.26499986649
79 6.14699983597
80 5.22900009155
81 4.97700023651
82 4.85099983215
83 4.77099990845
84 4.66300010681
85 4.60200023651
86 4.51300001144
87 4.44899988174
88 4.42100000381
89 4.33099985123
90 4.28000020981
91 4.22800016403
92 4.16900014877
93 4.12099981308
94 4.03000020981
95 3.98699998856
96 3.92199993134
97 3.87400007248
98 3.85700011253
99 3.78500008583
100 3.77900004387
101 3.79399991035
102 3.80100011826
103 3.86199998856
104 3.89199995995
105 3.89100003242
106 3.9430000782
107 3.95700001717
108 3.90799999237
109 3.86400008202
110 3.83800005913
111 3.79600000381
112 3.78399991989
113 3.72000002861
114 3.70000004768
115 3.65799999237
116 3.61599993706
117 3.60299992561
118 3.56500005722
119 3.52200007439
120 3.49499988556
121 3.47099995613
122 3.4470000267
123 3.41499996185
124 3.39899992943
125 3.38400006294
126 3.43300008774
127 3.43799996376
128 3.49099993706
129 3.53800010681
130 3.57699990273
131 3.6210000515
132 3.66400003433
133 4.02400016785
134 4.04600000381
135 4.09700012207
136 4.11899995804
137 4.15399980545
138 4.19099998474
139 4.22100019455
140 4.25500011444
141 4.27199983597
142 4.29799985886
143 4.36000013351
144 4.38199996948
145 4.42000007629
146 4.44099998474
147 4.49599981308
148 4.50099992752
149 4.53200006485
150 4.54600000381
151 4.19099998474
152 4.29199981689
153 4.53800010681
154 3.26900005341
155 3.41199994087
156 4.72399997711
157 4.59200000763
158 4.55399990082
159 4.79600000381
160 4.82499980927
161 4.86199998856
162 4.89200019836
163 4.9279999733
164 4.96899986267
165 5.00199985504
166 5.01200008392
167 5.03900003433
168 3.16000008583
169 3.22099995613
170 3.35800004005
171 4.11499977112
172 4.92399978638
173 4.88199996948
174 4.85699987411
175 4.83400011063
176 4.8109998703
177 4.81500005722
178 4.82000017166
179 4.83699989319
180 4.86299991608
181 4.90100002289
182 4.82000017166
183 5.31599998474
184 5.47200012207
185 5.48199987411
186 5.49800014496
187 5.5110001564
188 4.60699987411
189 4.56799983978
190 5.55499982834
191 5.59800004959
192 3.63000011444
193 3.52200007439
194 4.0720000267
195 4.0609998703
196 5.70300006866
197 5.69500017166
198 5.73099994659
199 5.75400018692
200 5.76399993896
201 5.79099988937
202 5.8220000267
203 5.84000015259
204 5.83300018311
205 5.86499977112
206 5.86999988556
207 5.88100004196
208 5.90000009537
209 5.88800001144
210 5.93499994278
211 5.93699979782
212 5.94099998474
213 5.96400022507
214 5.99700021744
215 5.99300003052
216 6.02099990845
217 6.02400016785
218 6.03900003433
219 6.08199977875
220 6.09100008011
221 6.08799982071
222 6.09200000763
223 6.10900020599
224 6.10699987411
225 6.11600017548
226 6.10200023651
227 6.11800003052
228 6.13199996948
229 6.15000009537
230 6.15600013733
231 6.15500020981
232 6.18400001526
233 6.18499994278
234 6.19799995422
235 6.21799993515
236 6.21299982071
237 6.22900009155
238 6.22499990463
239 6.23600006104
240 6.24100017548
241 6.22599983215
242 6.23600006104
243 6.22700023651
244 6.22900009155
245 6.25699996948
246 6.2389998436
247 6.24599981308
248 6.24100017548
249 6.26399993896
250 6.26599979401
251 6.26499986649
252 6.27299976349
253 6.27199983597
254 6.2610001564
255 6.25899982452
256 6.27400016785
257 6.26399993896
258 6.2610001564
259 6.257999897
260 6.25299978256
261 5.18400001526
262 5.05800008774
263 5.02299976349
264 5.04600000381
265 5.02199983597
266 5.03499984741
267 5.02799987793
268 5.0640001297
269 5.24499988556
270 2.40899991989
271 2.39700007439
272 2.4430000782
273 5.24900007248
274 5.21299982071
275 5.21199989319
276 5.23000001907
277 5.27299976349
278 5.41099977493
279 5.66800022125
280 5.75199985504
281 5.76900005341
282 5.8220000267
283 5.94799995422
284 6.09299993515
285 6.0720000267
286 6.07299995422
287 6.07399988174
288 6.05000019073
289 6.04699993134
290 6.01599979401
291 6.02400016785
292 5.98500013351
293 5.97599983215
294 5.96500015259
295 5.96099996567
296 5.91200017929
297 5.90799999237
298 5.89599990845
299 5.88199996948
300 5.87400007248
301 5.85200023651
302 5.83400011063
303 5.82499980927
304 5.79400014877
305 5.80999994278
306 5.78700017929
307 5.78399991989
308 5.74499988556
309 5.71899986267
310 5.67500019073
311 5.65799999237
312 5.64300012589
313 5.625
314 5.61299991608
315 5.57899999619
316 5.58199977875
317 5.54099988937
318 5.51999998093
319 5.33699989319
320 5.08900022507
321 5.46500015259
322 5.45300006866
323 5.44000005722
324 5.40500020981
325 5.38999986649
326 5.35799980164
327 5.33199977875
328 5.29500007629
329 4.35300016403
330 4.04699993134
331 4.10900020599
332 5.0
333 5.15999984741
334 5.132999897
335 5.1139998436
336 5.08300018311
337 5.0689997673
338 5.04099988937
339 5.02099990845
340 4.95399999619
341 4.8109998703
342 4.95300006866
343 4.95100021362
344 4.90999984741
345 4.85699987411
346 4.84299993515
347 4.6939997673
348 4.55399990082
349 4.73999977112
350 4.70900011063
351 4.66200017929
352 4.65600013733
353 4.61999988556
354 4.58099985123
355 4.5720000267
356 4.3060002327
357 4.37699985504
358 4.492000103
359 4.46899986267
360 4.43200016022
361 4.40700006485
362 4.36800003052
363 4.35200023651
364 4.31799983978
365 4.27600002289
366 4.21899986267
367 4.22499990463
368 4.17999982834
369 4.14699983597
370 4.09800004959
371 4.05700016022
372 4.03700017929
373 4.00899982452
374 3.99699997902
375 3.96000003815
376 3.92899990082
377 3.88800001144
378 3.8599998951
379 3.85199999809
380 3.8259999752
381 3.72799992561
382 3.6210000515
383 3.60500001907
384 3.56200003624
385 3.52200007439
386 3.49900007248
387 3.46099996567
388 3.43499994278
389 3.41100001335
390 3.375
391 3.32899999619
392 3.29800009727
393 3.27999997139
394 3.26200008392
395 3.24699997902
396 3.30500006676
397 3.33100008965
398 3.36999988556
399 3.41400003433
400 3.43099999428
401 3.46700000763
402 3.52099990845
403 3.56900000572
404 3.59500002861
405 3.64299988747
406 3.67700004578
407 3.72799992561
408 3.73399996758
409 3.77900004387
410 3.82999992371
411 3.88499999046
412 3.94099998474
413 3.98099994659
414 4.06699991226
415 4.117000103
416 4.16400003433
417 4.24800014496
418 4.31199979782
419 4.35300016403
420 4.45499992371
421 4.52199983597
422 4.60500001907
423 4.66300010681
424 4.72300004959
425 4.81699991226
426 4.90299987793
427 5.01800012589
428 5.11600017548
429 5.20699977875
430 5.3060002327
431 5.42100000381
432 5.53700017929
433 5.63999986649
434 5.76399993896
435 5.88199996948
436 6.01499986649
437 6.15999984741
438 6.31300020218
439 6.47599983215
440 6.5
441 6.61000013351
442 6.44299983978
443 3.07399988174
444 3.03999996185
445 3.0529999733
446 3.03099989891
447 3.01300001144
448 3.02399992943
449 3.02200007439
450 2.99300003052
451 2.99399995804
452 2.99099993706
453 2.98300004005
454 2.97600007057
455 2.98099994659
456 2.96499991417
457 2.96499991417
458 2.95300006866
459 2.96799993515
460 2.95399999619
461 2.93400001526
462 2.94099998474
463 2.9319999218
464 2.93400001526
465 2.9319999218
466 2.92600011826
467 2.9279999733
468 2.92300009727
469 2.91400003433
470 2.68600010872
471 2.62599992752
472 2.63599991798
473 2.65100002289
474 0.93599998951
475 0.699000000954
476 0.713999986649
477 0.92199999094
478 2.67300009727
479 2.62800002098
480 2.64599990845
481 2.65700006485
482 2.65499997139
483 2.66899991035
484 2.66499996185
485 2.66199994087
486 2.65700006485
487 2.65199995041
488 2.67700004578
489 2.67300009727
490 2.84400010109
491 2.93000006676
492 2.92899990082
493 2.95399999619
494 2.95300006866
495 2.95700001717
496 2.94899988174
497 2.97199988365
498 2.95399999619
499 2.95900011063
500 2.96799993515
501 2.98099994659
502 2.97399997711
503 2.98900008202
504 1.29499995708
505 1.19000005722
506 1.14699995518
507 1.13199996948
508 1.13900005817
509 1.12000000477
510 1.12699997425
511 1.14900004864
512 1.19500005245
513 1.19799995422
514 1.21800005436
515 1.19099998474
516 1.22200000286
517 1.23000001907
518 1.21800005436
519 1.2460000515
520 1.25499999523
521 1.33500003815
522 1.45500004292
523 3.17700004578
524 0.941999971867
525 0.916000008583
526 0.907999992371
527 0.934000015259
528 3.04299998283
529 2.98200011253
530 2.9240000248
531 1.30799996853
532 1.18900001049
533 1.11899995804
534 1.07799994946
535 1.07299995422
536 1.0909999609
537 1.07700002193
538 1.06700003147
539 1.06099998951
540 1.0490000248
