0 4.51599979401
1 4.43699979782
2 4.44600009918
3 4.45800018311
4 4.52199983597
5 4.66099977493
6 4.68400001526
7 4.71199989319
8 4.73600006104
9 4.77099990845
10 4.79099988937
11 4.83400011063
12 4.85900020599
13 4.88999986649
14 4.9359998703
15 4.93300008774
16 4.83300018311
17 4.84600019455
18 4.882999897
19 4.96099996567
20 5.14300012589
21 5.17500019073
22 5.23600006104
23 5.257999897
24 5.31799983978
25 5.36299991608
26 5.40100002289
27 5.45699977875
28 5.49599981308
29 5.55100011826
30 5.59399986267
31 5.64400005341
32 5.67399978638
33 0.0
34 17.1529998779
35 17.1219997406
36 17.1469993591
37 0.0
38 0.0
39 0.0
40 17.2390003204
41 17.1639995575
42 17.063999176
43 16.9920005798
44 16.5160007477
45 16.531999588
46 16.5240001678
47 13.1639995575
48 13.0939998627
49 12.3330001831
50 11.9300003052
51 11.5889997482
52 11.6020002365
53 11.6289997101
54 11.6280002594
55 11.3400001526
56 11.0059995651
57 10.4750003815
58 10.1120004654
59 8.2889995575
60 8.34000015259
61 8.21000003815
62 7.92000007629
63 7.63899993896
64 7.4470000267
65 7.23400020599
66 7.06300020218
67 6.90500020981
68 6.78499984741
69 6.78999996185
70 6.82000017166
71 6.81599998474
72 6.85300016403
73 6.86800003052
74 6.79400014877
75 6.62599992752
76 6.50699996948
77 6.39200019836
78 6.28599977493
79 6.13999986649
80 5.23500013351
81 4.96099996567
82 4.85400009155
83 4.76700019836
84 4.69099998474
85 4.60300016403
86 4.54300022125
87 4.46899986267
88 4.41599988937
89 4.34499979019
90 4.28599977493
91 4.20900011063
92 4.13899993896
93 4.11000013351
94 4.04500007629
95 3.99099993706
96 3.94400000572
97 3.8900001049
98 3.83800005913
99 3.80800008774
100 3.77099990845
101 3.78600001335
102 3.80399990082
103 3.83500003815
104 3.87599992752
105 3.92300009727
106 3.92499995232
107 3.95700001717
108 3.93400001526
109 3.87700009346
110 3.84299993515
111 3.8029999733
112 3.75099992752
113 3.72499990463
114 3.69400000572
115 3.67199993134
116 3.62800002098
117 3.59800004959
118 3.56399989128
119 3.53500008583
120 3.51999998093
121 3.47199988365
122 3.45000004768
123 3.40400004387
124 3.40300011635
125 3.40100002289
126 3.43300008774
127 3.44899988174
128 3.5
129 3.53600001335
130 3.5759999752
131 3.59500002861
132 3.66100001335
133 4.02699995041
134 4.0720000267
135 4.10300016403
136 4.13500022888
137 4.14300012589
138 4.16300010681
139 4.20499992371
140 4.24700021744
141 4.28599977493
142 4.29899978638
143 4.33699989319
144 4.40000009537
145 4.43699979782
146 4.44099998474
147 4.49599981308
148 4.51599979401
149 4.53999996185
150 4.55100011826
151 4.19000005722
152 4.29400014877
153 4.60799980164
154 3.27699995041
155 3.41799998283
156 4.71099996567
157 4.59600019455
158 4.55200004578
159 4.79899978638
160 4.83900022507
161 4.86800003052
162 4.8860001564
163 4.9310002327
164 4.96899986267
165 4.99399995804
166 5.02099990845
167 5.03399991989
168 3.16700005531
169 3.21600008011
170 3.36299991608
171 4.132999897
172 4.92500019073
173 4.87300014496
174 4.85099983215
175 4.83099985123
176 4.83400011063
177 4.82800006866
178 4.82600021362
179 4.84499979019
180 4.85699987411
181 4.89300012589
182 4.82999992371
183 5.32299995422
184 5.46700000763
185 5.48500013351
186 5.50600004196
187 5.51300001144
188 4.60400009155
189 4.58199977875
190 5.54899978638
191 5.58500003815
192 3.63000011444
193 3.51600003242
194 4.07800006866
195 4.05499982834
196 5.69299983978
197 5.72200012207
198 5.72200012207
199 5.76900005341
200 5.76599979401
201 5.8189997673
202 5.82800006866
203 5.82100009918
204 5.84000015259
205 5.85200023651
206 5.87200021744
207 5.88999986649
208 5.90100002289
209 5.90399980545
210 5.91300010681
211 5.92000007629
212 5.96500015259
213 5.96400022507
214 5.992000103
215 5.9889998436
216 6.01599979401
217 6.03100013733
218 6.05499982834
219 6.05499982834
220 6.07000017166
221 6.08199977875
222 6.08400011063
223 6.09100008011
224 6.117000103
225 6.11800003052
226 6.11800003052
227 6.11800003052
228 6.11999988556
229 6.15000009537
230 6.15399980545
231 6.16400003433
232 6.18300008774
233 6.17399978638
234 6.20499992371
235 6.20399999619
236 6.20399999619
237 6.21199989319
238 6.22300004959
239 6.23600006104
240 6.22300004959
241 6.23500013351
242 6.23600006104
243 6.22599983215
244 6.22700023651
245 6.22800016403
246 6.23500013351
247 6.23199987411
248 6.25299978256
249 6.25299978256
250 6.23500013351
251 6.27099990845
252 6.27299976349
253 6.27899980545
254 6.2610001564
255 6.25500011444
256 6.25600004196
257 6.26200008392
258 6.24100017548
259 6.25
260 6.23000001907
261 5.18300008774
262 5.04199981689
263 5.03900003433
264 5.02500009537
265 5.04699993134
266 5.04099988937
267 5.01999998093
268 5.08699989319
269 5.23799991608
270 2.42300009727
271 2.42300009727
272 2.45000004768
273 5.24800014496
274 5.20900011063
275 5.21000003815
276 5.24599981308
277 5.26200008392
278 5.42000007629
279 5.67000007629
280 5.73799991608
281 5.77299976349
282 5.82299995422
283 5.95399999619
284 6.08099985123
285 6.07499980927
286 6.06799983978
287 6.04400014877
288 6.0689997673
289 6.05200004578
290 6.02899980545
291 5.99800014496
292 5.99100017548
293 5.97800016403
294 5.95599985123
295 5.95300006866
296 5.90999984741
297 5.90500020981
298 5.88999986649
299 5.88100004196
300 5.85099983215
301 5.84399986267
302 5.84100008011
303 5.83300018311
304 5.81500005722
305 5.80999994278
306 5.78700017929
307 5.7610001564
308 5.75299978256
309 5.71899986267
310 5.70900011063
311 5.66800022125
312 5.65299987793
313 5.62900018692
314 5.60400009155
315 5.58799982071
316 5.55800008774
317 5.55100011826
318 5.52199983597
319 5.31599998474
320 5.10599994659
321 5.45800018311
322 5.45599985123
323 5.4359998703
324 5.41099977493
325 5.3860001564
326 5.36600017548
327 5.33699989319
328 5.29600000381
329 4.36299991608
330 4.0560002327
331 4.11899995804
332 5.00600004196
333 5.15999984741
334 5.13899993896
335 5.11999988556
336 5.08500003815
337 5.06799983978
338 5.04699993134
339 5.01800012589
340 4.95300006866
341 4.82100009918
342 4.94999980927
343 4.94099998474
344 4.90799999237
345 4.88000011444
346 4.83199977875
347 4.69500017166
348 4.56300020218
349 4.73099994659
350 4.6939997673
351 4.67299985886
352 4.66099977493
353 4.61100006104
354 4.59200000763
355 4.57000017166
356 4.29799985886
357 4.36999988556
358 4.48299980164
359 4.46500015259
360 4.44000005722
361 4.41099977493
362 4.38500022888
363 4.35699987411
364 4.30000019073
365 4.26300001144
366 4.24599981308
367 4.22300004959
368 4.17600011826
369 4.125
370 4.08900022507
371 4.05999994278
372 4.04500007629
373 4.01599979401
374 3.98799991608
375 3.96799993515
376 3.92899990082
377 3.89700007439
378 3.87700009346
379 3.83699989319
380 3.82699990273
381 3.71600008011
382 3.64700007439
383 3.59200000763
384 3.56999993324
385 3.51699995995
386 3.49499988556
387 3.46000003815
388 3.4319999218
389 3.38700008392
390 3.36599993706
391 3.33899998665
392 3.2990000248
393 3.28900003433
394 3.27300000191
395 3.26300001144
396 3.30500006676
397 3.32500004768
398 3.35800004005
399 3.39400005341
400 3.44600009918
401 3.48000001907
402 3.51999998093
403 3.55900001526
404 3.59800004959
405 3.63899993896
406 3.68499994278
407 3.71399998665
408 3.73699998856
409 3.79299998283
410 3.82699990273
411 3.8900001049
412 3.95199990273
413 3.97900009155
414 4.05900001526
415 4.11299991608
416 4.1810002327
417 4.24100017548
418 4.28999996185
419 4.382999897
420 4.45499992371
421 4.49399995804
422 4.59399986267
423 4.67399978638
424 4.73000001907
425 4.81199979782
426 4.90199995041
427 5.00899982452
428 5.1139998436
429 5.20300006866
430 5.30800008774
431 5.41499996185
432 5.52799987793
433 5.63700008392
434 5.75899982452
435 5.88800001144
436 6.01599979401
437 6.16499996185
438 6.30999994278
439 6.46999979019
440 4.73699998856
441 4.71799993515
442 4.69600009918
443 3.08299994469
444 3.04699993134
445 3.04699993134
446 3.04299998283
447 3.01900005341
448 3.01900005341
449 3.00500011444
450 3.01300001144
451 2.99000000954
452 2.98099994659
453 2.99000000954
454 2.98200011253
455 2.97499990463
456 2.96399998665
457 2.96000003815
458 2.97099995613
459 2.96499991417
460 2.9430000782
461 2.93899989128
462 2.95300006866
463 2.94099998474
464 2.94199991226
465 2.91799998283
466 2.92300009727
467 2.92700004578
468 2.93000006676
469 2.91300010681
470 2.68600010872
471 2.65499997139
472 2.64700007439
473 2.63499999046
474 0.950999975204
475 0.698000013828
476 0.704999983311
477 0.93599998951
478 2.66199994087
479 2.64700007439
480 2.64400005341
481 2.65400004387
482 2.65100002289
483 2.64299988747
484 2.64700007439
485 2.66599988937
486 2.66599988937
487 2.6740000248
488 2.67100000381
489 2.67100000381
490 2.84400010109
491 2.93799996376
492 2.93000006676
493 2.92700004578
494 2.93899989128
495 2.9470000267
496 2.97499990463
497 2.95600008965
498 2.95000004768
499 2.96199989319
500 2.98300004005
501 2.96900010109
502 2.97799992561
503 2.98600006104
504 3.01099991798
505 1.40499997139
506 1.22099995613
507 1.13699996471
508 1.15600001812
509 1.15499997139
510 1.14499998093
511 1.15999996662
512 1.14999997616
513 1.18900001049
514 1.21099996567
515 1.22500002384
516 1.22599995136
517 1.23599994183
518 1.24199998379
519 1.25199997425
520 1.27100002766
521 1.28299999237
522 1.39900004864
523 1.32400000095
524 0.944000005722
525 0.902999997139
526 0.912000000477
527 0.962000012398
528 3.04500007629
529 2.9849998951
530 2.9240000248
531 1.35099995136
532 1.18400001526
533 1.15400004387
534 1.10800004005
535 1.09800004959
536 1.10300004482
537 1.07400000095
538 1.08299994469
539 1.06500005722
540 1.04600000381
