0 4.52299976349
1 4.44099998474
2 4.46299982071
3 4.48000001907
4 4.54099988937
5 4.65700006485
6 4.65899991989
7 4.70900011063
8 4.73600006104
9 4.76300001144
10 4.81300020218
11 4.82600021362
12 4.87099981308
13 4.90700006485
14 4.92700004578
15 4.94799995422
16 4.84299993515
17 4.84700012207
18 4.87900018692
19 4.96799993515
20 5.14499998093
21 5.19500017166
22 5.22300004959
23 5.27099990845
24 5.32499980927
25 5.35799980164
26 5.41300010681
27 5.45200014114
28 5.50500011444
29 5.55900001526
30 5.58300018311
31 5.64900016785
32 5.68699979782
33 0.0
34 17.1520004272
35 17.138999939
36 17.1639995575
37 0.0
38 0.0
39 0.0
40 17.2210006714
41 17.1770000458
42 17.0690002441
43 17.0149993896
44 16.5200004578
45 16.5450000763
46 16.5240001678
47 13.1730003357
48 13.0699996948
49 12.3470001221
50 11.9580001831
51 11.6059999466
52 11.6020002365
53 11.6339998245
54 11.6149997711
55 11.3520002365
56 10.9879999161
57 10.4739999771
58 10.1049995422
59 8.37100028992
60 8.34599971771
61 8.20899963379
62 7.92399978638
63 7.64699983597
64 7.46000003815
65 7.24599981308
66 7.06799983978
67 6.91300010681
68 6.79500007629
69 6.79400014877
70 6.81799983978
71 6.83900022507
72 6.86499977112
73 6.88199996948
74 6.78900003433
75 6.6360001564
76 6.50899982452
77 6.39599990845
78 6.29199981689
79 6.14400005341
80 5.23799991608
81 4.97200012207
82 4.84499979019
83 4.76000022888
84 4.6779999733
85 4.59899997711
86 4.53599977493
87 4.47599983215
88 4.41499996185
89 4.34800004959
90 4.27600002289
91 4.22200012207
92 4.17000007629
93 4.11299991608
94 4.01999998093
95 3.97799992561
96 3.94099998474
97 3.89899992943
98 3.85400009155
99 3.8029999733
100 3.77800011635
101 3.8029999733
102 3.82500004768
103 3.85199999809
104 3.875
105 3.91700005531
106 3.94199991226
107 3.94600009918
108 3.92000007629
109 3.87199997902
110 3.84800004959
111 3.80999994278
112 3.75999999046
113 3.72099995613
114 3.68799996376
115 3.65000009537
116 3.617000103
117 3.60599994659
118 3.55999994278
119 3.53699994087
120 3.5039999485
121 3.47900009155
122 3.45399999619
123 3.42000007629
124 3.40799999237
125 3.39700007439
126 3.44199991226
127 3.44499993324
128 3.49799990654
129 3.53800010681
130 3.57299995422
131 3.617000103
132 3.67199993134
133 4.02199983597
134 4.06199979782
135 4.09399986267
136 4.14300012589
137 4.13999986649
138 4.18400001526
139 4.20300006866
140 4.23000001907
141 4.27299976349
142 4.32100009918
143 4.35200023651
144 4.40299987793
145 4.43499994278
146 4.46799993515
147 4.48400020599
148 4.51300001144
149 4.54699993134
150 4.55100011826
151 4.22200012207
152 4.29199981689
153 4.61999988556
154 3.26399993896
155 3.43000006676
156 4.71700000763
157 4.59600019455
158 4.55100011826
159 4.79899978638
160 4.82600021362
161 4.87200021744
162 4.90199995041
163 4.9310002327
164 4.97900009155
165 5.00600004196
166 5.01900005341
167 5.03599977493
168 3.14400005341
169 3.22900009155
170 3.38400006294
171 4.13700008392
172 4.93400001526
173 4.86999988556
174 4.85400009155
175 4.84999990463
176 4.8220000267
177 4.8220000267
178 4.83300018311
179 4.85500001907
180 4.88000011444
181 4.90799999237
182 4.82299995422
183 5.32700014114
184 5.46400022507
185 5.49100017548
186 5.50699996948
187 5.51800012589
188 4.61299991608
189 4.58199977875
190 5.56300020218
191 5.59800004959
192 3.64199995995
193 3.53500008583
194 4.06699991226
195 4.0720000267
196 5.69299983978
197 5.7389998436
198 5.73999977112
199 5.75899982452
200 5.78700017929
201 5.81300020218
202 5.83799982071
203 5.83799982071
204 5.84399986267
205 5.85400009155
206 5.86899995804
207 5.89499998093
208 5.90199995041
209 5.91099977493
210 5.92399978638
211 5.9439997673
212 5.94999980927
213 5.96700000763
214 5.99700021744
215 5.99300003052
216 6.00500011444
217 6.0529999733
218 6.04699993134
219 6.08699989319
220 6.09200000763
221 6.09399986267
222 6.08500003815
223 6.10900020599
224 6.09499979019
225 6.11100006104
226 6.12799978256
227 6.13500022888
228 6.12799978256
229 6.15299987793
230 6.15999984741
231 6.16499996185
232 6.19500017166
233 6.1859998703
234 6.19299983978
235 6.22200012207
236 6.23699998856
237 6.24599981308
238 6.22599983215
239 6.23400020599
240 6.22700023651
241 6.23000001907
242 6.257999897
243 6.23000001907
244 6.23600006104
245 6.23699998856
246 6.25600004196
247 6.26000022888
248 6.25299978256
249 6.23400020599
250 6.24900007248
251 6.25500011444
252 6.27099990845
253 6.28399991989
254 6.26700019836
255 6.28399991989
256 6.26700019836
257 6.25299978256
258 6.242000103
259 6.24100017548
260 6.23600006104
261 5.20599985123
262 5.03700017929
263 5.03900003433
264 5.03299999237
265 5.02799987793
266 5.03499984741
267 5.03999996185
268 5.0689997673
269 5.25099992752
270 2.42499995232
271 2.41599988937
272 2.45499992371
273 5.25699996948
274 5.21999979019
275 5.22399997711
276 5.24700021744
277 5.27400016785
278 5.40000009537
279 5.65299987793
280 5.73400020599
281 5.77699995041
282 5.81500005722
283 5.96400022507
284 6.07800006866
285 6.08300018311
286 6.0640001297
287 6.05999994278
288 6.05100011826
289 6.05399990082
290 6.03299999237
291 6.01000022888
292 6.00099992752
293 5.9889998436
294 5.95599985123
295 5.9439997673
296 5.91300010681
297 5.89900016785
298 5.90500020981
299 5.8860001564
300 5.87400007248
301 5.8639998436
302 5.84999990463
303 5.8220000267
304 5.8140001297
305 5.8060002327
306 5.77299976349
307 5.76599979401
308 5.74800014496
309 5.71299982071
310 5.70100021362
311 5.68200016022
312 5.65899991989
313 5.61499977112
314 5.60900020599
315 5.59299993515
316 5.57700014114
317 5.54699993134
318 5.53200006485
319 5.33400011063
320 5.11000013351
321 5.4390001297
322 5.44899988174
323 5.4310002327
324 5.42299985886
325 5.38399982452
326 5.37599992752
327 5.32499980927
328 5.30499982834
329 4.39699983597
330 4.03399991989
331 4.11100006104
332 5.03399991989
333 5.15999984741
334 5.1360001564
335 5.11800003052
336 5.08599996567
337 5.07299995422
338 5.05200004578
339 5.03100013733
340 4.94899988174
341 4.8140001297
342 4.96600008011
343 4.95100021362
344 4.91099977493
345 4.87200021744
346 4.83099985123
347 4.71000003815
348 4.5560002327
349 4.7389998436
350 4.70800018311
351 4.68200016022
352 4.65000009537
353 4.63700008392
354 4.60200023651
355 4.56699991226
356 4.30700016022
357 4.35200023651
358 4.48799991608
359 4.47700023651
360 4.44199991226
361 4.40600013733
362 4.39599990845
363 4.36800003052
364 4.33300018311
365 4.28000020981
366 4.23199987411
367 4.1970000267
368 4.18300008774
369 4.14599990845
370 4.11999988556
371 4.07700014114
372 4.05200004578
373 4.03000020981
374 3.98900008202
375 3.97000002861
376 3.91599988937
377 3.88899993896
378 3.87700009346
379 3.86599993706
380 3.83100008965
381 3.70700001717
382 3.63599991798
383 3.58599996567
384 3.56999993324
385 3.54099988937
386 3.49399995804
387 3.47399997711
388 3.4240000248
389 3.39100003242
390 3.38100004196
391 3.34699988365
392 3.29999995232
393 3.28500008583
394 3.27200007439
395 3.28099989891
396 3.30500006676
397 3.31999993324
398 3.37400007248
399 3.40599989891
400 3.45300006866
401 3.48200011253
402 3.52300000191
403 3.55500006676
404 3.59200000763
405 3.65700006485
406 3.68099999428
407 3.73300004005
408 3.7460000515
409 3.78699994087
410 3.82299995422
411 3.88000011444
412 3.93099999428
413 3.9849998951
414 4.04600000381
415 4.12599992752
416 4.16599988937
417 4.26300001144
418 4.31699991226
419 4.37799978256
420 4.45399999619
421 4.51999998093
422 4.58500003815
423 4.66800022125
424 4.73799991608
425 4.81799983978
426 4.91200017929
427 5.02500009537
428 5.11100006104
429 5.20900011063
430 5.31300020218
431 5.41900014877
432 5.53700017929
433 5.64499998093
434 5.75199985504
435 5.89099979401
436 6.03700017929
437 6.17899990082
438 6.32999992371
439 6.46500015259
440 6.50699996948
441 6.61199998856
442 6.44899988174
443 3.08200001717
444 3.05200004578
445 3.04099988937
446 3.04699993134
447 3.02600002289
448 3.01200008392
449 3.01900005341
450 3.01099991798
451 3.00099992752
452 2.99099993706
453 2.98900008202
454 2.99000000954
455 2.98200011253
456 2.96799993515
457 2.95900011063
458 2.96900010109
459 2.97099995613
460 2.95000004768
461 2.94499993324
462 2.94400000572
463 2.93899989128
464 2.96099996567
465 2.92499995232
466 2.92499995232
467 2.93799996376
468 2.9279999733
469 2.91799998283
470 2.68099999428
471 2.65799999237
472 2.63899993896
473 2.65199995041
474 0.947000026703
475 0.711000025272
476 0.709999978542
477 0.930999994278
478 2.66400003433
479 2.65599989891
480 2.66100001335
481 2.66700005531
482 2.65499997139
483 2.63599991798
484 2.66400003433
485 2.66799998283
486 2.66499996185
487 2.6819999218
488 2.68799996376
489 2.66000008583
490 2.83500003815
491 2.9470000267
492 2.94000005722
493 2.93899989128
494 2.94600009918
495 2.9509999752
496 2.96399998665
497 2.9509999752
498 2.97399997711
499 2.97399997711
500 2.97199988365
501 2.97799992561
502 2.98300004005
503 2.98699998856
504 3.00900006294
505 1.43200004101
506 1.23800003529
507 1.16799998283
508 1.14999997616
509 1.15299999714
510 1.13699996471
511 1.15799999237
512 1.16999995708
513 1.17900002003
514 1.20399999619
515 1.22000002861
516 1.23099994659
517 1.22699999809
518 1.24899995327
519 1.25499999523
520 1.25
521 1.28499996662
522 1.39499998093
523 1.31500005722
524 0.929000020027
525 0.920000016689
526 0.917999982834
527 0.954999983311
528 3.04500007629
529 2.98099994659
530 2.93700003624
531 1.35500001907
532 1.19799995422
533 1.15400004387
534 1.10199999809
535 1.10699999332
536 1.12300002575
537 1.11199998856
538 1.07899999619
539 1.06599998474
540 1.05499994755
