0 4.51800012589
1 4.41599988937
2 4.42000007629
3 4.44799995422
4 4.51000022888
5 4.64400005341
6 4.67000007629
7 4.71500015259
8 4.74300003052
9 4.77199983597
10 4.79500007629
11 4.82399988174
12 4.85099983215
13 4.89699983597
14 4.9359998703
15 4.94099998474
16 4.83699989319
17 4.85200023651
18 4.8860001564
19 4.96899986267
20 5.15100002289
21 5.19299983978
22 5.22700023651
23 5.26800012589
24 5.3140001297
25 5.34800004959
26 5.39099979401
27 5.4439997673
28 5.49499988556
29 5.55399990082
30 5.60400009155
31 5.63700008392
32 5.65899991989
33 0.0
34 17.1420001984
35 17.1490001678
36 17.1609992981
37 0.0
38 0.0
39 0.0
40 17.2460002899
41 17.1749992371
42 17.0709991455
43 17.0109996796
44 16.5300006866
45 16.545999527
46 16.5270004272
47 13.1599998474
48 13.0920000076
49 12.3380002975
50 11.9359998703
51 11.595000267
52 11.6079998016
53 11.6199998856
54 11.6260004044
55 11.3479995728
56 10.9809999466
57 10.486000061
58 10.095000267
59 8.27999973297
60 8.34799957275
61 8.19999980927
62 7.91499996185
63 7.63899993896
64 7.44000005722
65 7.23799991608
66 7.06799983978
67 6.90600013733
68 6.79300022125
69 6.76499986649
70 6.79400014877
71 6.83300018311
72 6.86000013351
73 6.87799978256
74 6.78299999237
75 6.64300012589
76 6.52500009537
77 6.39400005341
78 6.27099990845
79 6.13999986649
80 5.23600006104
81 4.96199989319
82 4.83900022507
83 4.77299976349
84 4.68499994278
85 4.60799980164
86 4.54400014877
87 4.47300004959
88 4.41300010681
89 4.32999992371
90 4.26399993896
91 4.21299982071
92 4.15500020981
93 4.09700012207
94 4.05000019073
95 3.992000103
96 3.93799996376
97 3.89400005341
98 3.85500001907
99 3.80900001526
100 3.77900004387
101 3.78399991989
102 3.81299996376
103 3.84599995613
104 3.88400006294
105 3.90899991989
106 3.93000006676
107 3.95199990273
108 3.92000007629
109 3.87800002098
110 3.83999991417
111 3.79999995232
112 3.77800011635
113 3.73300004005
114 3.7009999752
115 3.67000007629
116 3.62800002098
117 3.59599995613
118 3.54999995232
119 3.53200006485
120 3.50300002098
121 3.48099994659
122 3.4509999752
123 3.41899991035
124 3.40100002289
125 3.39800000191
126 3.4279999733
127 3.45300006866
128 3.49099993706
129 3.52300000191
130 3.57699990273
131 3.6099998951
132 3.65100002289
133 4.00699996948
134 4.0609998703
135 4.09700012207
136 4.09700012207
137 4.14200019836
138 4.18200016022
139 4.21500015259
140 4.25
141 4.29300022125
142 4.32700014114
143 4.33699989319
144 4.37900018692
145 4.41699981689
146 4.45200014114
147 4.48400020599
148 4.50600004196
149 4.53299999237
150 4.55999994278
151 4.21000003815
152 4.28499984741
153 4.61000013351
154 3.25500011444
155 3.42199993134
156 4.71000003815
157 4.61499977112
158 4.55800008774
159 4.80700016022
160 4.83500003815
161 4.85200023651
162 4.90100002289
163 4.91099977493
164 4.96600008011
165 4.99499988556
166 5.02600002289
167 5.04300022125
168 3.18899989128
169 3.21399998665
170 3.37299990654
171 4.10400009155
172 4.91599988937
173 4.87200021744
174 4.85099983215
175 4.83400011063
176 4.82000017166
177 4.82600021362
178 4.82700014114
179 4.84499979019
180 4.87300014496
181 4.89900016785
182 4.82000017166
183 5.32600021362
184 5.46799993515
185 5.47499990463
186 5.50199985504
187 5.51200008392
188 4.61800003052
189 4.58099985123
190 5.55800008774
191 5.58599996567
192 3.63000011444
193 3.51300001144
194 4.07999992371
195 4.03800010681
196 5.69899988174
197 5.71600008011
198 5.74700021744
199 5.75500011444
200 5.77799987793
201 5.80800008774
202 5.80900001526
203 5.81699991226
204 5.83599996567
205 5.85900020599
206 5.86100006104
207 5.88800001144
208 5.90899991989
209 5.90199995041
210 5.92000007629
211 5.9439997673
212 5.94500017166
213 5.95699977875
214 5.98000001907
215 6.00299978256
216 6.02099990845
217 6.04199981689
218 6.05100011826
219 6.06699991226
220 6.0560002327
221 6.07299995422
222 6.09600019455
223 6.10099983215
224 6.10599994659
225 6.11899995804
226 6.12099981308
227 6.12900018692
228 6.12300014496
229 6.14200019836
230 6.14200019836
231 6.16300010681
232 6.1779999733
233 6.19600009918
234 6.21000003815
235 6.21500015259
236 6.21799993515
237 6.23199987411
238 6.22800016403
239 6.21500015259
240 6.22200012207
241 6.23500013351
242 6.23400020599
243 6.24499988556
244 6.23600006104
245 6.24599981308
246 6.22599983215
247 6.23099994659
248 6.22900009155
249 6.25299978256
250 6.25600004196
251 6.27199983597
252 6.26999998093
253 6.27899980545
254 6.28200006485
255 6.2610001564
256 6.25500011444
257 6.24700021744
258 6.23799991608
259 6.25099992752
260 6.23699998856
261 5.20399999619
262 5.04600000381
263 5.03499984741
264 5.03900003433
265 5.02799987793
266 5.03299999237
267 5.02699995041
268 5.07000017166
269 5.24499988556
270 2.43000006676
271 2.41700005531
272 2.43899989128
273 5.24499988556
274 5.21299982071
275 5.21099996567
276 5.23999977112
277 5.27500009537
278 5.41099977493
279 5.66099977493
280 5.74499988556
281 5.77899980545
282 5.79799985886
283 5.95100021362
284 6.06699991226
285 6.05999994278
286 6.06799983978
287 6.0529999733
288 6.04500007629
289 6.05800008774
290 6.03900003433
291 6.02199983597
292 5.99100017548
293 5.97399997711
294 5.95399999619
295 5.93499994278
296 5.92199993134
297 5.90199995041
298 5.89300012589
299 5.88500022888
300 5.86000013351
301 5.84899997711
302 5.84000015259
303 5.80800008774
304 5.79600000381
305 5.78100013733
306 5.78599977493
307 5.76200008392
308 5.75600004196
309 5.72300004959
310 5.6970000267
311 5.67100000381
312 5.64400005341
313 5.61299991608
314 5.59100008011
315 5.57999992371
316 5.56500005722
317 5.53900003433
318 5.51200008392
319 5.33699989319
320 5.09800004959
321 5.45399999619
322 5.44899988174
323 5.42299985886
324 5.40600013733
325 5.39799976349
326 5.36000013351
327 5.32100009918
328 5.29199981689
329 4.36000013351
330 4.05700016022
331 4.10900020599
332 5.02600002289
333 5.16099977493
334 5.1360001564
335 5.117000103
336 5.09800004959
337 5.05800008774
338 5.03999996185
339 5.03000020981
340 4.94099998474
341 4.8140001297
342 4.95300006866
343 4.94299983978
344 4.91099977493
345 4.8639998436
346 4.83099985123
347 4.70900011063
348 4.5609998703
349 4.72700023651
350 4.70100021362
351 4.67999982834
352 4.65799999237
353 4.62300014496
354 4.58599996567
355 4.56199979782
356 4.30100011826
357 4.35400009155
358 4.48699998856
359 4.45399999619
360 4.4310002327
361 4.4310002327
362 4.39799976349
363 4.36999988556
364 4.32100009918
365 4.28999996185
366 4.23099994659
367 4.20699977875
368 4.17100000381
369 4.13700008392
370 4.10799980164
371 4.07800006866
372 4.04400014877
373 4.01499986649
374 3.98799991608
375 3.95799994469
376 3.91400003433
377 3.89100003242
378 3.86299991608
379 3.85700011253
380 3.82699990273
381 3.72399997711
382 3.6289999485
383 3.59599995613
384 3.56999993324
385 3.51200008392
386 3.492000103
387 3.46399998665
388 3.41799998283
389 3.3900001049
390 3.35299992561
391 3.32699990273
392 3.31399989128
393 3.28699994087
394 3.2650001049
395 3.27399992943
396 3.29999995232
397 3.33100008965
398 3.38000011444
399 3.40100002289
400 3.44099998474
401 3.48099994659
402 3.51799988747
403 3.56100010872
404 3.60199999809
405 3.63599991798
406 3.69099998474
407 3.72399997711
408 3.74499988556
409 3.79600000381
410 3.83899998665
411 3.87299990654
412 3.92300009727
413 3.98900008202
414 4.0529999733
415 4.11100006104
416 4.17299985886
417 4.25400018692
418 4.32000017166
419 4.37900018692
420 4.42500019073
421 4.49499988556
422 4.57600021362
423 4.66499996185
424 4.73600006104
425 4.80800008774
426 4.92000007629
427 5.02899980545
428 5.11600017548
429 5.21500015259
430 5.31599998474
431 5.42000007629
432 5.52899980545
433 5.65199995041
434 5.76399993896
435 5.89599990845
436 6.02099990845
437 6.15700006485
438 6.3029999733
439 6.45300006866
440 6.49300003052
441 6.59600019455
442 6.47900009155
443 3.06200003624
444 3.03900003433
445 3.04299998283
446 3.03200006485
447 3.02399992943
448 3.01600003242
449 3.01900005341
450 3.01300001144
451 2.98000001907
452 2.97499990463
453 2.97499990463
454 2.96700000763
455 2.97199988365
456 2.96300005913
457 2.95199990273
458 2.95499992371
459 2.9509999752
460 2.94199991226
461 2.94400000572
462 2.94400000572
463 2.92899990082
464 2.92499995232
465 2.93499994278
466 2.92600011826
467 2.93700003624
468 2.9240000248
469 2.91599988937
470 2.6819999218
471 2.65000009537
472 2.64400005341
473 2.65100002289
474 0.947000026703
475 0.705999970436
476 0.699000000954
477 0.92199999094
478 2.6400001049
479 2.64400005341
480 2.64800000191
481 2.64899992943
482 2.64800000191
483 2.63800001144
484 2.66100001335
485 2.65899991989
486 2.66700005531
487 2.65300011635
488 2.66199994087
489 2.67600011826
490 2.83299994469
491 2.92600011826
492 2.93600010872
493 2.93499994278
494 2.94600009918
495 2.9509999752
496 2.95199990273
497 2.95499992371
498 2.96700000763
499 2.96799993515
500 2.96700000763
501 2.97099995613
502 2.97499990463
503 2.98300004005
504 1.27900004387
505 1.14100003242
506 1.13300001621
507 1.14600002766
508 1.14400005341
509 1.14100003242
510 1.15699994564
511 1.14499998093
512 1.17900002003
513 1.19200003147
514 1.21500003338
515 1.18700003624
516 1.22500002384
517 1.22699999809
518 1.24300003052
519 1.25300002098
520 1.26199996471
521 1.36899995804
522 1.52199995518
523 3.17000007629
524 0.933000028133
525 0.925000011921
526 0.907999992371
527 0.954999983311
528 3.03699994087
529 2.99499988556
530 2.92499995232
531 1.3370000124
532 1.18200004101
533 1.1210000515
534 1.0759999752
535 1.09500002861
536 1.07899999619
537 1.07799994946
538 1.08500003815
539 1.04299998283
540 1.03999996185
