0 4.52099990845
1 4.42299985886
2 4.4390001297
3 4.47399997711
4 4.52699995041
5 4.65100002289
6 4.6779999733
7 4.71999979019
8 4.73099994659
9 4.75
10 4.78900003433
11 4.82399988174
12 4.85599994659
13 4.89499998093
14 4.92700004578
15 4.93499994278
16 4.82700014114
17 4.85099983215
18 4.87599992752
19 4.95399999619
20 5.13399982452
21 5.17899990082
22 5.22300004959
23 5.26700019836
24 5.30200004578
25 5.34899997711
26 5.40600013733
27 5.45499992371
28 5.49700021744
29 5.54199981689
30 5.58400011063
31 5.63800001144
32 5.66400003433
33 0.0
34 17.1459999084
35 17.1359996796
36 17.1359996796
37 0.0
38 0.0
39 0.0
40 17.2250003815
41 17.172000885
42 17.0520000458
43 17.013999939
44 16.5279998779
45 16.5359992981
46 16.5310001373
47 13.1649999619
48 13.0850000381
49 12.3280000687
50 11.9350004196
51 11.609000206
52 11.6009998322
53 11.6289997101
54 11.6180000305
55 11.3470001221
56 10.9899997711
57 10.4739999771
58 10.0749998093
59 8.32999992371
60 8.32600021362
61 8.20300006866
62 7.91200017929
63 7.64799976349
64 7.44299983978
65 7.24100017548
66 7.0529999733
67 6.88700008392
68 6.78900003433
69 6.76700019836
70 6.79500007629
71 6.82899999619
72 6.85799980164
73 6.87400007248
74 6.79500007629
75 6.64699983597
76 6.5
77 6.37799978256
78 6.25199985504
79 6.15999984741
80 5.21000003815
81 4.97200012207
82 4.86000013351
83 4.77299976349
84 4.67600011826
85 4.59700012207
86 4.54300022125
87 4.47399997711
88 4.40600013733
89 4.32399988174
90 4.27299976349
91 4.22700023651
92 4.15500020981
93 4.09000015259
94 4.03299999237
95 3.97199988365
96 3.93700003624
97 3.89899992943
98 3.82299995422
99 3.79600000381
100 3.76600003242
101 3.78800010681
102 3.82699990273
103 3.83800005913
104 3.8789999485
105 3.89100003242
106 3.9279999733
107 3.96099996567
108 3.92899990082
109 3.88599991798
110 3.84500002861
111 3.80100011826
112 3.77900004387
113 3.72099995613
114 3.68099999428
115 3.64199995995
116 3.62800002098
117 3.58599996567
118 3.5529999733
119 3.54099988937
120 3.50699996948
121 3.45499992371
122 3.43899989128
123 3.40199995041
124 3.39700007439
125 3.37700009346
126 3.42499995232
127 3.44400000572
128 3.47600007057
129 3.54099988937
130 3.57800006866
131 3.60500001907
132 3.65400004387
133 4.00299978256
134 4.06599998474
135 4.09200000763
136 4.12200021744
137 4.13500022888
138 4.19199991226
139 4.21999979019
140 4.23699998856
141 4.25899982452
142 4.32399988174
143 4.34299993515
144 4.39499998093
145 4.41800022125
146 4.46500015259
147 4.46600008011
148 4.5
149 4.53100013733
150 4.52600002289
151 4.18699979782
152 4.31300020218
153 4.55900001526
154 3.27200007439
155 3.41400003433
156 4.72300004959
157 4.60099983215
158 4.55900001526
159 4.79300022125
160 4.84299993515
161 4.8639998436
162 4.88000011444
163 4.92600011826
164 4.96899986267
165 4.98799991608
166 5.01800012589
167 5.04300022125
168 3.16199994087
169 3.20900011063
170 3.36199998856
171 4.10599994659
172 4.90999984741
173 4.88100004196
174 4.85400009155
175 4.83300018311
176 4.80399990082
177 4.81500005722
178 4.84399986267
179 4.83900022507
180 4.86499977112
181 4.90199995041
182 4.81300020218
183 5.30499982834
184 5.46500015259
185 5.48500013351
186 5.48799991608
187 5.51300001144
188 4.57800006866
189 4.59700012207
190 5.54899978638
191 5.57600021362
192 3.632999897
193 3.52699995041
194 4.07600021362
195 4.04099988937
196 5.67500019073
197 5.70300006866
198 5.73000001907
199 5.73999977112
200 5.77500009537
201 5.81199979782
202 5.82600021362
203 5.83500003815
204 5.85599994659
205 5.84700012207
206 5.86100006104
207 5.87099981308
208 5.89099979401
209 5.91200017929
210 5.91699981689
211 5.93800020218
212 5.96500015259
213 5.97399997711
214 5.98299980164
215 6.00099992752
216 5.99700021744
217 6.01599979401
218 6.05100011826
219 6.07899999619
220 6.08300018311
221 6.08099985123
222 6.09600019455
223 6.10099983215
224 6.08699989319
225 6.09800004959
226 6.10300016403
227 6.12200021744
228 6.14099979401
229 6.15399980545
230 6.15399980545
231 6.15700006485
232 6.18400001526
233 6.18800020218
234 6.18499994278
235 6.20200014114
236 6.22100019455
237 6.22300004959
238 6.23799991608
239 6.22800016403
240 6.23099994659
241 6.22800016403
242 6.22599983215
243 6.23500013351
244 6.22499990463
245 6.23099994659
246 6.22700023651
247 6.22700023651
248 6.257999897
249 6.25600004196
250 6.23400020599
251 6.2389998436
252 6.25
253 6.27600002289
254 6.28999996185
255 6.25600004196
256 6.27099990845
257 6.26800012589
258 6.25699996948
259 6.22599983215
260 6.24499988556
261 5.1779999733
262 5.04899978638
263 5.03100013733
264 5.03000020981
265 5.02600002289
266 5.02500009537
267 5.02799987793
268 5.0609998703
269 5.24399995804
270 2.40700006485
271 2.41499996185
272 2.46399998665
273 5.25400018692
274 5.20499992371
275 5.21500015259
276 5.23999977112
277 5.25699996948
278 5.39900016785
279 5.66499996185
280 5.73299980164
281 5.77799987793
282 5.8140001297
283 5.95300006866
284 6.06599998474
285 6.0640001297
286 6.06500005722
287 6.04600000381
288 6.05999994278
289 6.03900003433
290 6.02899980545
291 6.01700019836
292 6.00099992752
293 5.98400020599
294 5.96700000763
295 5.9390001297
296 5.92600011826
297 5.90399980545
298 5.87200021744
299 5.88399982452
300 5.86100006104
301 5.84200000763
302 5.82399988174
303 5.81199979782
304 5.79799985886
305 5.79600000381
306 5.78599977493
307 5.75199985504
308 5.73799991608
309 5.70399999619
310 5.69500017166
311 5.66599988937
312 5.64499998093
313 5.62699985504
314 5.58799982071
315 5.57899999619
316 5.5609998703
317 5.54099988937
318 5.51999998093
319 5.3220000267
320 5.09999990463
321 5.45399999619
322 5.44899988174
323 5.42000007629
324 5.40899991989
325 5.39200019836
326 5.35099983215
327 5.3189997673
328 5.29699993134
329 4.36600017548
330 4.04500007629
331 4.09299993515
332 5.00600004196
333 5.16400003433
334 5.14499998093
335 5.11299991608
336 5.09499979019
337 5.0640001297
338 5.04400014877
339 5.01900005341
340 4.95200014114
341 4.81699991226
342 4.95300006866
343 4.93499994278
344 4.90899991989
345 4.8639998436
346 4.82999992371
347 4.69099998474
348 4.55200004578
349 4.72399997711
350 4.71199989319
351 4.67000007629
352 4.64400005341
353 4.61100006104
354 4.57800006866
355 4.5720000267
356 4.31799983978
357 4.35099983215
358 4.48299980164
359 4.45900011063
360 4.43499994278
361 4.40899991989
362 4.39200019836
363 4.36800003052
364 4.32600021362
365 4.28900003433
366 4.23600006104
367 4.1890001297
368 4.16800022125
369 4.13100004196
370 4.11100006104
371 4.08699989319
372 4.04699993134
373 3.99399995804
374 3.99099993706
375 3.95399999619
376 3.92700004578
377 3.88499999046
378 3.85899996758
379 3.82899999619
380 3.81699991226
381 3.72399997711
382 3.64299988747
383 3.59500002861
384 3.54600000381
385 3.52099990845
386 3.49399995804
387 3.45499992371
388 3.41300010681
389 3.382999897
390 3.36599993706
391 3.33100008965
392 3.31399989128
393 3.28699994087
394 3.26099991798
395 3.26600003242
396 3.28699994087
397 3.31699991226
398 3.36400008202
399 3.40300011635
400 3.44600009918
401 3.48300004005
402 3.51099991798
403 3.5529999733
404 3.59800004959
405 3.65199995041
406 3.67000007629
407 3.71700000763
408 3.73200011253
409 3.79200005531
410 3.84200000763
411 3.86999988556
412 3.93099999428
413 3.97600007057
414 4.04500007629
415 4.11600017548
416 4.16900014877
417 4.25
418 4.31599998474
419 4.38500022888
420 4.44000005722
421 4.48999977112
422 4.59200000763
423 4.67000007629
424 4.72900009155
425 4.8060002327
426 4.91800022125
427 5.00899982452
428 5.11199998856
429 5.1970000267
430 5.3189997673
431 5.41300010681
432 5.51700019836
433 5.64400005341
434 5.74499988556
435 5.882999897
436 6.03900003433
437 6.16300010681
438 6.31500005722
439 6.45399999619
440 6.50299978256
441 6.58500003815
442 6.46799993515
443 3.06500005722
444 3.0490000248
445 3.02200007439
446 3.04399991035
447 3.02200007439
448 3.01399993896
449 3.0
450 3.01699995995
451 2.99900007248
452 3.00300002098
453 2.98200011253
454 2.97099995613
455 2.97000002861
456 2.96300005913
457 2.95300006866
458 2.95000004768
459 2.96399998665
460 2.96300005913
461 2.93899989128
462 2.93499994278
463 2.94000005722
464 2.92700004578
465 2.92300009727
466 2.92199993134
467 2.92199993134
468 2.90300011635
469 2.91599988937
470 2.6779999733
471 2.65300011635
472 2.65400004387
473 2.64100003242
474 0.944000005722
475 0.708000004292
476 0.717000007629
477 0.925999999046
478 2.67199993134
479 2.64499998093
480 2.65100002289
481 2.64899992943
482 1.52300000191
483 1.16700005531
484 1.05400002003
485 1.05599999428
486 1.04799997807
487 1.04700005054
488 1.01400005817
489 1.02100002766
490 1.02699995041
491 1.04299998283
492 1.04299998283
493 1.03499996662
494 1.04299998283
495 1.06099998951
496 1.0759999752
497 1.07700002193
498 1.21800005436
499 1.16499996185
500 2.97000002861
501 2.98300004005
502 2.99900007248
503 2.97799992561
504 2.98799991608
505 1.26300001144
506 1.12699997425
507 1.06099998951
508 1.02799999714
509 1.04600000381
510 1.02499997616
511 1.00600004196
512 1.01800000668
513 1.02300000191
514 1.02900004387
515 0.998000025749
516 1.01600003242
517 1.01999998093
518 1.05099999905
519 1.07799994946
520 1.18499994278
521 1.11899995804
522 3.16499996185
523 3.17100000381
524 0.92199999094
525 0.925000011921
526 0.902000010014
527 0.950999975204
528 3.04299998283
529 2.98900008202
530 2.92100000381
531 2.8710000515
532 2.83400011063
533 2.77900004387
534 2.73900008202
535 2.72099995613
536 2.95700001717
537 2.91499996185
538 0.0
539 0.0
540 0.0
