0 4.51700019836
1 4.43400001526
2 4.46099996567
3 4.47399997711
4 4.53000020981
5 4.65799999237
6 4.68499994278
7 4.72100019455
8 4.73999977112
9 4.7610001564
10 4.8060002327
11 4.83400011063
12 4.875
13 4.89099979401
14 4.9359998703
15 4.9359998703
16 4.83699989319
17 4.85300016403
18 4.88199996948
19 4.96700000763
20 5.14099979401
21 5.19299983978
22 5.22200012207
23 5.27799987793
24 5.3220000267
25 5.36100006104
26 5.40100002289
27 5.45100021362
28 5.50699996948
29 5.55200004578
30 5.60099983215
31 5.65100002289
32 5.64499998093
33 0.0
34 17.1509990692
35 17.142999649
36 17.156999588
37 0.0
38 0.0
39 0.0
40 17.2450008392
41 17.1749992371
42 17.079000473
43 16.9979991913
44 16.5209999084
45 16.5440006256
46 16.5219993591
47 13.170999527
48 13.0959997177
49 12.3549995422
50 11.9379997253
51 11.5869998932
52 11.6260004044
53 11.6339998245
54 11.6260004044
55 11.3400001526
56 10.9799995422
57 10.4720001221
58 10.1239995956
59 8.35999965668
60 8.34700012207
61 8.20400047302
62 7.92199993134
63 7.63000011444
64 7.45399999619
65 7.24499988556
66 7.05399990082
67 6.90399980545
68 6.78399991989
69 6.79199981689
70 6.80000019073
71 6.83599996567
72 6.85099983215
73 6.87300014496
74 6.79500007629
75 6.64900016785
76 6.53200006485
77 6.3860001564
78 6.28499984741
79 6.15100002289
80 5.22499990463
81 4.96600008011
82 4.85400009155
83 4.76399993896
84 4.67500019073
85 4.61600017548
86 4.55000019073
87 4.48299980164
88 4.42100000381
89 4.34700012207
90 4.26800012589
91 4.20100021362
92 4.16300010681
93 4.10200023651
94 4.03000020981
95 3.97300004959
96 3.94400000572
97 3.89800000191
98 3.8599998951
99 3.80800008774
100 3.76900005341
101 3.78900003433
102 3.83299994469
103 3.83800005913
104 3.87400007248
105 3.89299988747
106 3.96499991417
107 3.95300006866
108 3.91599988937
109 3.88599991798
110 3.84299993515
111 3.78600001335
112 3.76200008392
113 3.73099994659
114 3.71199989319
115 3.67100000381
116 3.63000011444
117 3.58999991417
118 3.56500005722
119 3.52500009537
120 3.50900006294
121 3.46399998665
122 3.44400000572
123 3.42000007629
124 3.40300011635
125 3.40100002289
126 3.43899989128
127 3.45700001717
128 3.49799990654
129 3.53900003433
130 3.57299995422
131 3.61100006104
132 3.66799998283
133 4.03000020981
134 4.07100009918
135 4.09499979019
136 4.13199996948
137 4.13700008392
138 4.17700004578
139 4.23199987411
140 4.25699996948
141 4.30000019073
142 4.32299995422
143 4.35500001907
144 4.40399980545
145 4.4390001297
146 4.45699977875
147 4.49300003052
148 4.51399993896
149 4.52899980545
150 4.55900001526
151 4.21999979019
152 4.3060002327
153 4.51300001144
154 3.25600004196
155 3.44000005722
156 4.72399997711
157 4.61299991608
158 4.56300020218
159 4.81300020218
160 4.84399986267
161 4.86000013351
162 4.90199995041
163 4.92299985886
164 4.96999979019
165 4.99700021744
166 5.02500009537
167 5.04300022125
168 3.14700007439
169 3.22499990463
170 3.36999988556
171 4.10099983215
172 4.92299985886
173 4.87699985504
174 4.85799980164
175 4.83500003815
176 4.84000015259
177 4.81500005722
178 4.83500003815
179 4.84499979019
180 4.87900018692
181 4.90100002289
182 4.82700014114
183 5.30499982834
184 5.48099994659
185 5.46899986267
186 5.51700019836
187 5.51999998093
188 4.61299991608
189 4.57899999619
190 5.56599998474
191 5.58699989319
192 3.65100002289
193 3.52999997139
194 4.08199977875
195 4.04899978638
196 5.69799995422
197 5.71799993515
198 5.73600006104
199 5.75099992752
200 5.80000019073
201 5.80200004578
202 5.8140001297
203 5.8220000267
204 5.84899997711
205 5.86899995804
206 5.88899993896
207 5.86999988556
208 5.89300012589
209 5.90799999237
210 5.91200017929
211 5.94999980927
212 5.94199991226
213 5.95599985123
214 5.992000103
215 6.01000022888
216 6.02199983597
217 6.04400014877
218 6.05999994278
219 6.05999994278
220 6.07000017166
221 6.08500003815
222 6.10200023651
223 6.10699987411
224 6.12099981308
225 6.125
226 6.1139998436
227 6.11199998856
228 6.13199996948
229 6.14200019836
230 6.15999984741
231 6.17299985886
232 6.19299983978
233 6.18499994278
234 6.18499994278
235 6.22900009155
236 6.21199989319
237 6.22900009155
238 6.22700023651
239 6.23000001907
240 6.23799991608
241 6.25600004196
242 6.23400020599
243 6.22599983215
244 6.22499990463
245 6.25899982452
246 6.23699998856
247 6.25699996948
248 6.242000103
249 6.25899982452
250 6.27400016785
251 6.25899982452
252 6.26700019836
253 6.26000022888
254 6.27500009537
255 6.27600002289
256 6.27400016785
257 6.24900007248
258 6.24700021744
259 6.26499986649
260 6.242000103
261 5.20399999619
262 5.03299999237
263 5.03100013733
264 5.04099988937
265 5.04300022125
266 5.02799987793
267 5.02899980545
268 5.07000017166
269 5.24700021744
270 2.41799998283
271 2.41499996185
272 2.44899988174
273 5.26399993896
274 5.22700023651
275 5.21600008011
276 5.23999977112
277 5.26599979401
278 5.42000007629
279 5.64900016785
280 5.73600006104
281 5.76499986649
282 5.80100011826
283 5.94899988174
284 6.08300018311
285 6.08500003815
286 6.07899999619
287 6.07899999619
288 6.05800008774
289 6.03800010681
290 6.01800012589
291 6.02600002289
292 5.98600006104
293 5.98000001907
294 5.9470000267
295 5.95399999619
296 5.9310002327
297 5.92299985886
298 5.90500020981
299 5.867000103
300 5.85400009155
301 5.85200023651
302 5.85400009155
303 5.8140001297
304 5.82600021362
305 5.78900003433
306 5.78700017929
307 5.77899980545
308 5.75400018692
309 5.70499992371
310 5.6939997673
311 5.67899990082
312 5.66099977493
313 5.632999897
314 5.61199998856
315 5.57600021362
316 5.57299995422
317 5.55399990082
318 5.53200006485
319 5.32899999619
320 5.10799980164
321 5.46700000763
322 5.45100021362
323 5.41800022125
324 5.41499996185
325 5.38999986649
326 5.37300014496
327 5.32999992371
328 5.30800008774
329 4.37300014496
330 4.05499982834
331 4.117000103
332 5.01300001144
333 5.17000007629
334 5.13700008392
335 5.117000103
336 5.09999990463
337 5.07399988174
338 5.04400014877
339 5.02400016785
340 4.96099996567
341 4.82600021362
342 4.96199989319
343 4.93800020218
344 4.90799999237
345 4.86999988556
346 4.84999990463
347 4.69799995422
348 4.55499982834
349 4.73299980164
350 4.70499992371
351 4.69600009918
352 4.64699983597
353 4.625
354 4.59899997711
355 4.55700016022
356 4.32299995422
357 4.37900018692
358 4.46600008011
359 4.45499992371
360 4.42199993134
361 4.41599988937
362 4.38899993896
363 4.37400007248
364 4.30900001526
365 4.29600000381
366 4.257999897
367 4.21500015259
368 4.15399980545
369 4.15000009537
370 4.10900020599
371 4.08300018311
372 4.06199979782
373 4.01800012589
374 3.97399997711
375 3.95199990273
376 3.92499995232
377 3.90700006485
378 3.875
379 3.83899998665
380 3.82500004768
381 3.72499990463
382 3.64599990845
383 3.60299992561
384 3.56599998474
385 3.54099988937
386 3.507999897
387 3.47199988365
388 3.43799996376
389 3.39499998093
390 3.36599993706
391 3.33400011063
392 3.3069999218
393 3.27099990845
394 3.25699996948
395 3.27900004387
396 3.30599999428
397 3.3180000782
398 3.36100006104
399 3.41000008583
400 3.45700001717
401 3.48000001907
402 3.51999998093
403 3.55900001526
404 3.60100007057
405 3.63000011444
406 3.67300009727
407 3.72199988365
408 3.75
409 3.79200005531
410 3.83299994469
411 3.87599992752
412 3.94899988174
413 3.99900007248
414 4.0609998703
415 4.13700008392
416 4.19000005722
417 4.25899982452
418 4.31500005722
419 4.39099979401
420 4.42600011826
421 4.50899982452
422 4.60599994659
423 4.66400003433
424 4.72800016403
425 4.82700014114
426 4.92600011826
427 5.02600002289
428 5.12400007248
429 5.21600008011
430 5.33099985123
431 5.42000007629
432 5.53599977493
433 5.62799978256
434 5.78700017929
435 5.87799978256
436 6.04199981689
437 6.17000007629
438 6.3140001297
439 6.46400022507
440 6.50199985504
441 6.61299991608
442 6.46600008011
443 3.06500005722
444 3.06399989128
445 3.03800010681
446 3.02999997139
447 3.02500009537
448 3.00699996948
449 3.02200007439
450 3.01099991798
451 3.01099991798
452 2.99000000954
453 2.9960000515
454 2.97499990463
455 2.98900008202
456 2.96600008011
457 2.96199989319
458 2.97399997711
459 2.95900011063
460 2.95000004768
461 2.95199990273
462 2.9470000267
463 2.95600008965
464 2.93400001526
465 2.92499995232
466 2.92899990082
467 2.93700003624
468 2.92499995232
469 2.93099999428
470 2.65799999237
471 2.65300011635
472 2.64899992943
473 2.65199995041
474 0.941999971867
475 0.717000007629
476 0.70300000906
477 0.930999994278
478 2.66199994087
479 2.65799999237
480 2.63499999046
481 2.65799999237
482 2.65700006485
483 2.66000008583
484 2.66000008583
485 2.67499995232
486 2.66599988937
487 2.66499996185
488 2.66000008583
489 2.6819999218
490 2.82299995422
491 2.95199990273
492 2.93099999428
493 2.94600009918
494 2.96199989319
495 2.9430000782
496 2.95600008965
497 2.96199989319
498 2.96000003815
499 2.96799993515
500 2.992000103
501 2.98000001907
502 2.98200011253
503 3.00600004196
504 3.00699996948
505 1.29100000858
506 1.16400003433
507 1.16799998283
508 1.15499997139
509 1.14800000191
510 1.14800000191
511 1.15699994564
512 1.1590000391
513 1.18700003624
514 1.24000000954
515 1.22099995613
516 1.23699998856
517 1.24000000954
518 1.23599994183
519 1.25999999046
520 1.26400005817
521 1.33899998665
522 1.45200002193
523 3.17100000381
524 0.947000026703
525 0.913999974728
526 0.922999978065
527 0.955999970436
528 3.03900003433
529 2.97699999809
530 2.95000004768
531 1.29600000381
532 1.18599998951
533 1.13100004196
534 1.11300003529
535 1.0759999752
536 1.08899998665
537 1.09500002861
538 1.09700000286
539 1.0720000267
540 1.04299998283
