0 4.51300001144
1 4.40000009537
2 4.41699981689
3 4.45800018311
4 4.52899980545
5 4.63999986649
6 4.6779999733
7 4.71600008011
8 4.74100017548
9 4.75600004196
10 4.78800010681
11 4.83099985123
12 4.84800004959
13 4.88700008392
14 4.92700004578
15 4.93800020218
16 4.82800006866
17 4.84399986267
18 4.86800003052
19 4.95499992371
20 5.13399982452
21 5.19199991226
22 5.23600006104
23 5.27400016785
24 5.31500005722
25 5.34800004959
26 5.40399980545
27 5.45300006866
28 5.49599981308
29 5.54899978638
30 5.59299993515
31 5.63800001144
32 5.62599992752
33 0.0
34 17.1609992981
35 17.1490001678
36 17.142999649
37 0.0
38 0.0
39 0.0
40 17.2350006104
41 17.1679992676
42 17.0650005341
43 16.9979991913
44 16.531999588
45 16.5440006256
46 16.5200004578
47 13.1619997025
48 13.0769996643
49 12.3280000687
50 11.9250001907
51 11.5880002975
52 11.607000351
53 11.6239995956
54 11.6129999161
55 11.3409996033
56 10.9910001755
57 10.4709997177
58 10.107000351
59 8.33300018311
60 8.32999992371
61 8.20199966431
62 7.91099977493
63 7.63500022888
64 7.44999980927
65 7.24300003052
66 7.0720000267
67 6.89900016785
68 6.78900003433
69 6.77699995041
70 6.80499982834
71 6.82600021362
72 6.84399986267
73 6.86299991608
74 6.79099988937
75 6.64499998093
76 6.51800012589
77 6.38700008392
78 6.26800012589
79 6.14200019836
80 5.22399997711
81 4.95100021362
82 4.84999990463
83 4.77099990845
84 4.68200016022
85 4.60799980164
86 4.53999996185
87 4.4439997673
88 4.39799976349
89 4.32299995422
90 4.28399991989
91 4.22700023651
92 4.1360001564
93 4.10799980164
94 4.03900003433
95 3.96000003815
96 3.93700003624
97 3.88700008392
98 3.83800005913
99 3.78099989891
100 3.75999999046
101 3.79600000381
102 3.82899999619
103 3.85199999809
104 3.87700009346
105 3.90199995041
106 3.93099999428
107 3.93300008774
108 3.90899991989
109 3.86999988556
110 3.83699989319
111 3.80500006676
112 3.77399992943
113 3.7349998951
114 3.68400001526
115 3.63899993896
116 3.61100006104
117 3.59500002861
118 3.55500006676
119 3.52999997139
120 3.49099993706
121 3.46700000763
122 3.45000004768
123 3.42000007629
124 3.40799999237
125 3.39599990845
126 3.42300009727
127 3.45000004768
128 3.49000000954
129 3.52600002289
130 3.56900000572
131 3.62199997902
132 3.66799998283
133 4.02799987793
134 4.06199979782
135 4.07000017166
136 4.10400009155
137 4.14099979401
138 4.1779999733
139 4.21400022507
140 4.25899982452
141 4.29199981689
142 4.31599998474
143 4.34299993515
144 4.36100006104
145 4.41400003433
146 4.47499990463
147 4.48299980164
148 4.50199985504
149 4.53700017929
150 4.5609998703
151 4.19500017166
152 4.28599977493
153 4.61100006104
154 3.24699997902
155 3.42700004578
156 4.71099996567
157 4.60900020599
158 4.56799983978
159 4.80100011826
160 4.83599996567
161 4.85599994659
162 4.89799976349
163 4.93200016022
164 4.96600008011
165 5.00099992752
166 5.02099990845
167 5.04899978638
168 3.132999897
169 3.21399998665
170 3.36199998856
171 4.09600019455
172 4.9279999733
173 4.86999988556
174 4.84700012207
175 4.83199977875
176 4.82299995422
177 4.8109998703
178 4.84000015259
179 4.84499979019
180 4.8639998436
181 4.89400005341
182 4.8140001297
183 5.30399990082
184 5.46799993515
185 5.47399997711
186 5.48600006104
187 5.51900005341
188 4.60400009155
189 4.57899999619
190 5.58500003815
191 5.59000015259
192 3.63899993896
193 3.51200008392
194 4.07999992371
195 4.04899978638
196 5.6890001297
197 5.71600008011
198 5.73699998856
199 5.73699998856
200 5.77199983597
201 5.79699993134
202 5.8060002327
203 5.81500005722
204 5.84499979019
205 5.85300016403
206 5.85699987411
207 5.882999897
208 5.89400005341
209 5.90600013733
210 5.9310002327
211 5.92700004578
212 5.95200014114
213 5.96700000763
214 5.98699998856
215 5.98799991608
216 6.02899980545
217 6.03200006485
218 6.05000019073
219 6.07299995422
220 6.05999994278
221 6.08199977875
222 6.08500003815
223 6.09800004959
224 6.09800004959
225 6.09800004959
226 6.12400007248
227 6.10799980164
228 6.12099981308
229 6.12799978256
230 6.14699983597
231 6.16699981689
232 6.17899990082
233 6.19799995422
234 6.20499992371
235 6.22200012207
236 6.23500013351
237 6.22300004959
238 6.23600006104
239 6.21799993515
240 6.21700000763
241 6.22700023651
242 6.22300004959
243 6.22700023651
244 6.21999979019
245 6.22700023651
246 6.22200012207
247 6.23000001907
248 6.242000103
249 6.23999977112
250 6.24900007248
251 6.24800014496
252 6.26900005341
253 6.25500011444
254 6.28299999237
255 6.25699996948
256 6.25
257 6.24599981308
258 6.24499988556
259 6.25400018692
260 6.23500013351
261 5.19899988174
262 5.04300022125
263 5.03999996185
264 5.03299999237
265 5.03700017929
266 5.01800012589
267 5.03900003433
268 5.07499980927
269 5.24399995804
270 2.42000007629
271 2.41499996185
272 2.43000006676
273 5.24399995804
274 5.21899986267
275 5.21099996567
276 5.23799991608
277 5.26300001144
278 5.40199995041
279 5.65799999237
280 5.74900007248
281 5.77299976349
282 5.8140001297
283 5.95699977875
284 6.06599998474
285 6.06500005722
286 6.05499982834
287 6.0640001297
288 6.05399990082
289 6.06300020218
290 6.01800012589
291 6.01000022888
292 5.98799991608
293 5.96700000763
294 5.94299983978
295 5.93300008774
296 5.91800022125
297 5.90799999237
298 5.89400005341
299 5.8639998436
300 5.86899995804
301 5.83400011063
302 5.84700012207
303 5.80900001526
304 5.79199981689
305 5.78900003433
306 5.79699993134
307 5.76200008392
308 5.74900007248
309 5.71899986267
310 5.68499994278
311 5.66099977493
312 5.64799976349
313 5.62200021744
314 5.59800004959
315 5.57899999619
316 5.56699991226
317 5.54500007629
318 5.52299976349
319 5.32499980927
320 5.09200000763
321 5.45300006866
322 5.44600009918
323 5.42199993134
324 5.40399980545
325 5.382999897
326 5.36000013351
327 5.33300018311
328 5.30200004578
329 4.36000013351
330 4.03800010681
331 4.10900020599
332 5.01000022888
333 5.16400003433
334 5.13399982452
335 5.11299991608
336 5.08599996567
337 5.0640001297
338 5.04899978638
339 5.02500009537
340 4.95399999619
341 4.8189997673
342 4.96099996567
343 4.94500017166
344 4.89699983597
345 4.85900020599
346 4.81500005722
347 4.68800020218
348 4.56500005722
349 4.72900009155
350 4.71899986267
351 4.67999982834
352 4.66099977493
353 4.62099981308
354 4.59000015259
355 4.5689997673
356 4.31500005722
357 4.34499979019
358 4.48799991608
359 4.4470000267
360 4.4359998703
361 4.40500020981
362 4.39900016785
363 4.35599994659
364 4.30399990082
365 4.28599977493
366 4.24599981308
367 4.21000003815
368 4.17000007629
369 4.14300012589
370 4.10400009155
371 4.0640001297
372 4.04400014877
373 4.01700019836
374 3.97499990463
375 3.94799995422
376 3.91599988937
377 3.89199995995
378 3.87800002098
379 3.85700011253
380 3.83500003815
381 3.71499991417
382 3.62400007248
383 3.60299992561
384 3.56900000572
385 3.51999998093
386 3.48099994659
387 3.45199990273
388 3.42600011826
389 3.39299988747
390 3.3710000515
391 3.3180000782
392 3.31399989128
393 3.28900003433
394 3.27200007439
395 3.26799988747
396 3.28600001335
397 3.34299993515
398 3.36299991608
399 3.40400004387
400 3.43799996376
401 3.47499990463
402 3.51699995995
403 3.56200003624
404 3.58599996567
405 3.65100002289
406 3.67700004578
407 3.72099995613
408 3.72699999809
409 3.77200007439
410 3.8259999752
411 3.88599991798
412 3.9470000267
413 3.99900007248
414 4.05700016022
415 4.117000103
416 4.18400001526
417 4.23600006104
418 4.30999994278
419 4.38999986649
420 4.42600011826
421 4.51499986649
422 4.58900022507
423 4.66099977493
424 4.73699998856
425 4.80700016022
426 4.90899991989
427 5.01399993896
428 5.10200023651
429 5.22200012207
430 5.3060002327
431 5.42100000381
432 5.52400016785
433 5.62900018692
434 5.75899982452
435 5.88399982452
436 6.02500009537
437 6.14900016785
438 6.3109998703
439 6.47900009155
440 6.49100017548
441 6.61100006104
442 6.46600008011
443 3.07500004768
444 3.04099988937
445 3.03299999237
446 3.03699994087
447 3.02500009537
448 3.00300002098
449 3.01900005341
450 2.98699998856
451 2.99499988556
452 2.98600006104
453 2.99499988556
454 2.97300004959
455 2.97199988365
456 2.96099996567
457 2.96399998665
458 2.96000003815
459 2.94499993324
460 2.94799995422
461 2.9470000267
462 2.93300008774
463 2.93300008774
464 2.92700004578
465 2.92100000381
466 2.9240000248
467 2.9319999218
468 2.93300008774
469 2.90700006485
470 2.67000007629
471 2.65300011635
472 2.63700008392
473 2.64199995995
474 0.952000021935
475 0.699999988079
476 0.699000000954
477 0.936999976635
478 2.66700005531
479 2.64199995995
480 2.65799999237
481 2.65000009537
482 2.64800000191
483 2.66000008583
484 2.65000009537
485 2.65499997139
486 2.65499997139
487 2.67100000381
488 2.68000006676
489 2.68499994278
490 2.82100009918
491 2.93000006676
492 2.94099998474
493 2.95300006866
494 2.94600009918
495 2.95900011063
496 2.9470000267
497 2.95799994469
498 2.95700001717
499 2.97000002861
500 2.97799992561
501 2.97399997711
502 2.9849998951
503 2.98399996758
504 1.27300000191
505 1.13100004196
506 1.14199995995
507 1.13399994373
508 1.13100004196
509 1.12399995327
510 1.14199995995
511 1.14400005341
512 1.1779999733
513 1.20000004768
514 1.20000004768
515 1.18499994278
516 1.20599997044
517 1.22000002861
518 1.22200000286
519 1.22399997711
520 1.25800001621
521 1.36899995804
522 1.50100004673
523 3.18000006676
524 0.920000016689
525 0.911000013351
526 0.897000014782
527 0.938000023365
528 3.03500008583
529 2.98799991608
530 2.93099999428
531 1.47099995613
532 1.23099994659
533 1.15600001812
534 1.0909999609
535 1.07500004768
536 1.08899998665
537 1.08000004292
538 1.07400000095
539 1.04499995708
540 1.01400005817
