0 4.51200008392
1 4.42500019073
2 4.45200014114
3 4.46799993515
4 4.52500009537
5 4.66400003433
6 4.67600011826
7 4.69299983978
8 4.72800016403
9 4.75600004196
10 4.79400014877
11 4.82499980927
12 4.85799980164
13 4.89900016785
14 4.91699981689
15 4.92199993134
16 4.82700014114
17 4.84200000763
18 4.87099981308
19 4.95900011063
20 5.14400005341
21 5.19600009918
22 5.22499990463
23 5.25500011444
24 5.30900001526
25 5.36100006104
26 5.39699983597
27 5.44999980927
28 5.4889998436
29 5.54699993134
30 5.58699989319
31 5.632999897
32 5.67000007629
33 0.0
34 17.1490001678
35 17.1490001678
36 17.1639995575
37 0.0
38 0.0
39 0.0
40 17.2299995422
41 17.1760005951
42 17.0699996948
43 17.0020008087
44 16.5279998779
45 16.5219993591
46 16.5119991302
47 13.1440000534
48 13.0579996109
49 12.3210000992
50 11.9499998093
51 11.5880002975
52 11.6079998016
53 11.6260004044
54 11.6280002594
55 11.343000412
56 10.9890003204
57 10.4630002975
58 10.1040000916
59 8.35400009155
60 8.34799957275
61 8.19600009918
62 7.9279999733
63 7.65199995041
64 7.44799995422
65 7.25299978256
66 7.06500005722
67 6.88800001144
68 6.78000020981
69 6.77400016785
70 6.80399990082
71 6.83099985123
72 6.84200000763
73 6.86499977112
74 6.79699993134
75 6.64699983597
76 6.49900007248
77 6.38700008392
78 6.2610001564
79 6.14099979401
80 5.22399997711
81 4.95800018311
82 4.83799982071
83 4.76000022888
84 4.67399978638
85 4.61600017548
86 4.51700019836
87 4.45699977875
88 4.41300010681
89 4.33599996567
90 4.27500009537
91 4.22200012207
92 4.15100002289
93 4.10200023651
94 4.02199983597
95 3.97900009155
96 3.91899991035
97 3.88400006294
98 3.84200000763
99 3.79200005531
100 3.77399992943
101 3.78399991989
102 3.81599998474
103 3.84200000763
104 3.86100006104
105 3.89599990845
106 3.92899990082
107 3.96199989319
108 3.92499995232
109 3.88700008392
110 3.82299995422
111 3.80200004578
112 3.76399993896
113 3.72600007057
114 3.68700003624
115 3.65199995041
116 3.61400008202
117 3.59400010109
118 3.5529999733
119 3.53399991989
120 3.50600004196
121 3.47300004959
122 3.43899989128
123 3.41899991035
124 3.39700007439
125 3.39599990845
126 3.41499996185
127 3.45399999619
128 3.49300003052
129 3.52099990845
130 3.5720000267
131 3.60800004005
132 3.66899991035
133 4.02799987793
134 4.05900001526
135 4.08599996567
136 4.12400007248
137 4.16099977493
138 4.18800020218
139 4.22599983215
140 4.23199987411
141 4.25199985504
142 4.30100011826
143 4.34800004959
144 4.38899993896
145 4.42700004578
146 4.44799995422
147 4.49399995804
148 4.51000022888
149 4.507999897
150 4.54300022125
151 4.1970000267
152 4.28900003433
153 4.53299999237
154 3.26699995995
155 3.41400003433
156 4.72200012207
157 4.60300016403
158 4.54199981689
159 4.78999996185
160 4.82999992371
161 4.86100006104
162 4.89699983597
163 4.92600011826
164 4.96600008011
165 4.98999977112
166 5.01399993896
167 5.03299999237
168 3.15700006485
169 3.21300005913
170 3.35700011253
171 4.11499977112
172 4.91599988937
173 4.88399982452
174 4.84600019455
175 4.82899999619
176 4.81500005722
177 4.81599998474
178 4.8189997673
179 4.84399986267
180 4.86899995804
181 4.89799976349
182 4.82000017166
183 5.30700016022
184 5.46700000763
185 5.47900009155
186 5.48000001907
187 5.49900007248
188 4.59899997711
189 4.58300018311
190 5.55800008774
191 5.57899999619
192 3.63599991798
193 3.52699995041
194 4.06699991226
195 4.04799985886
196 5.67000007629
197 5.70200014114
198 5.73099994659
199 5.77099990845
200 5.78000020981
201 5.79199981689
202 5.8189997673
203 5.83699989319
204 5.82999992371
205 5.85799980164
206 5.8639998436
207 5.8639998436
208 5.8860001564
209 5.91699981689
210 5.92100000381
211 5.93300008774
212 5.95599985123
213 5.95699977875
214 5.98500013351
215 5.992000103
216 5.99700021744
217 6.01999998093
218 6.03999996185
219 6.08099985123
220 6.05800008774
221 6.08400011063
222 6.09800004959
223 6.09100008011
224 6.10099983215
225 6.09499979019
226 6.12400007248
227 6.11899995804
228 6.14400005341
229 6.1360001564
230 6.15999984741
231 6.16599988937
232 6.17500019073
233 6.17600011826
234 6.19999980927
235 6.20100021362
236 6.22599983215
237 6.22499990463
238 6.23299980164
239 6.23199987411
240 6.22200012207
241 6.21999979019
242 6.22300004959
243 6.21899986267
244 6.22399997711
245 6.22800016403
246 6.23400020599
247 6.23699998856
248 6.23799991608
249 6.25699996948
250 6.25299978256
251 6.23600006104
252 6.25600004196
253 6.25899982452
254 6.257999897
255 6.27199983597
256 6.26499986649
257 6.25
258 6.26000022888
259 6.25
260 6.21799993515
261 5.19199991226
262 5.02699995041
263 5.04300022125
264 5.02600002289
265 5.01999998093
266 5.01499986649
267 5.02899980545
268 5.07000017166
269 5.22499990463
270 2.39700007439
271 2.43499994278
272 2.4470000267
273 5.25899982452
274 5.21099996567
275 5.20300006866
276 5.23299980164
277 5.26499986649
278 5.40500020981
279 5.65600013733
280 5.742000103
281 5.75899982452
282 5.81699991226
283 5.95200014114
284 6.06599998474
285 6.06599998474
286 6.07800006866
287 6.0560002327
288 6.03999996185
289 6.03000020981
290 6.03999996185
291 6.01800012589
292 5.99599981308
293 5.98099994659
294 5.96999979019
295 5.94500017166
296 5.92000007629
297 5.90100002289
298 5.88700008392
299 5.85599994659
300 5.86800003052
301 5.85400009155
302 5.84100008011
303 5.82399988174
304 5.81300020218
305 5.79600000381
306 5.76599979401
307 5.757999897
308 5.74100017548
309 5.70599985123
310 5.68499994278
311 5.66400003433
312 5.64200019836
313 5.625
314 5.59700012207
315 5.57899999619
316 5.55999994278
317 5.53999996185
318 5.52699995041
319 5.31799983978
320 5.08799982071
321 5.46099996567
322 5.44799995422
323 5.41099977493
324 5.40000009537
325 5.38999986649
326 5.34700012207
327 5.33300018311
328 5.28900003433
329 4.36999988556
330 4.04799985886
331 4.10699987411
332 5.00400018692
333 5.17000007629
334 5.14099979401
335 5.11199998856
336 5.08400011063
337 5.05700016022
338 5.04799985886
339 5.02199983597
340 4.9470000267
341 4.82000017166
342 4.96299982071
343 4.92700004578
344 4.89400005341
345 4.86999988556
346 4.83400011063
347 4.70599985123
348 4.56799983978
349 4.72499990463
350 4.69500017166
351 4.66699981689
352 4.62900018692
353 4.61800003052
354 4.59499979019
355 4.55000019073
356 4.30800008774
357 4.37599992752
358 4.49300003052
359 4.44600009918
360 4.44099998474
361 4.41699981689
362 4.39099979401
363 4.34999990463
364 4.31599998474
365 4.28800010681
366 4.24800014496
367 4.21799993515
368 4.19000005722
369 4.13399982452
370 4.08900022507
371 4.07700014114
372 4.0529999733
373 4.01300001144
374 3.98399996758
375 3.96000003815
376 3.9319999218
377 3.91599988937
378 3.86899995804
379 3.83599996567
380 3.80599999428
381 3.70600008965
382 3.63100004196
383 3.59200000763
384 3.56200003624
385 3.53299999237
386 3.47900009155
387 3.45700001717
388 3.43300008774
389 3.40599989891
390 3.36800003052
391 3.33599996567
392 3.30599999428
393 3.26600003242
394 3.26900005341
395 3.26600003242
396 3.30399990082
397 3.33599996567
398 3.36999988556
399 3.39100003242
400 3.43600010872
401 3.46700000763
402 3.51999998093
403 3.56299996376
404 3.59899997711
405 3.63400006294
406 3.6779999733
407 3.71700000763
408 3.72799992561
409 3.78099989891
410 3.82999992371
411 3.88000011444
412 3.93400001526
413 4.00500011444
414 4.05399990082
415 4.11499977112
416 4.16699981689
417 4.24100017548
418 4.31500005722
419 4.38000011444
420 4.45200014114
421 4.52299976349
422 4.59000015259
423 4.66300010681
424 4.72200012207
425 4.81199979782
426 4.91800022125
427 5.01700019836
428 5.11199998856
429 5.20300006866
430 5.30800008774
431 5.42600011826
432 5.52699995041
433 5.6360001564
434 5.76000022888
435 5.88000011444
436 6.01300001144
437 6.15799999237
438 6.31699991226
439 6.46999979019
440 6.492000103
441 6.61100006104
442 6.41699981689
443 3.07100009918
444 3.04800009727
445 3.04200005531
446 3.01799988747
447 3.02200007439
448 3.02600002289
449 2.99399995804
450 3.01200008392
451 2.98399996758
452 2.98900008202
453 2.97499990463
454 2.98399996758
455 2.95600008965
456 2.9509999752
457 2.95499992371
458 2.95000004768
459 2.95799994469
460 2.9430000782
461 2.93700003624
462 2.93400001526
463 2.93899989128
464 2.92600011826
465 2.92899990082
466 2.92700004578
467 2.92000007629
468 2.92100000381
469 2.90199995041
470 2.66000008583
471 2.6400001049
472 2.62800002098
473 2.64800000191
474 0.941999971867
475 0.716000020504
476 0.722000002861
477 0.929000020027
478 2.65899991989
479 2.62400007248
480 2.65400004387
481 2.64499998093
482 2.64499998093
483 2.65000009537
484 2.66000008583
485 2.66599988937
486 2.65799999237
487 2.66400003433
488 2.67499995232
489 2.67199993134
490 2.83800005913
491 2.92700004578
492 2.92600011826
493 2.93700003624
494 2.9509999752
495 2.94499993324
496 2.94400000572
497 2.94899988174
498 1.3789999485
499 1.32000005245
500 1.35800004005
501 1.25699996948
502 1.20200002193
503 1.20299994946
504 1.17100000381
505 1.19099998474
506 1.17700004578
507 1.18599998951
508 1.17599999905
509 1.19400000572
510 1.19400000572
511 1.20299994946
512 1.2159999609
513 1.23599994183
514 1.33899998665
515 1.27300000191
516 3.08299994469
517 3.10800004005
518 3.117000103
519 3.12199997902
520 3.11999988556
521 3.14199995995
522 1.4279999733
523 1.24800002575
524 0.991999983788
525 0.908999979496
526 0.92199999094
527 1.11800003052
528 1.14800000191
529 1.13600003719
530 1.14199995995
531 1.14699995518
532 1.12999999523
533 1.16799998283
534 1.14900004864
535 1.16600000858
536 1.19200003147
537 1.27100002766
538 0.0
539 0.0
540 0.0
