0 4.51999998093
1 4.4390001297
2 4.42500019073
3 4.44899988174
4 4.52500009537
5 4.65799999237
6 4.69000005722
7 4.70499992371
8 4.73400020599
9 4.78399991989
10 4.80399990082
11 4.81799983978
12 4.85200023651
13 4.89099979401
14 4.93200016022
15 4.94199991226
16 4.84800004959
17 4.85400009155
18 4.88899993896
19 4.96999979019
20 5.14400005341
21 5.19099998474
22 5.22700023651
23 5.26999998093
24 5.31199979782
25 5.36899995804
26 5.40500020981
27 5.44999980927
28 5.49599981308
29 5.54699993134
30 5.59899997711
31 5.63999986649
32 5.67700004578
33 0.0
34 17.1520004272
35 17.1410007477
36 17.1499996185
37 0.0
38 0.0
39 0.0
40 17.2420005798
41 17.158000946
42 17.0650005341
43 17.0
44 16.533000946
45 16.5389995575
46 16.5300006866
47 13.1680002213
48 13.0830001831
49 12.3299999237
50 11.9280004501
51 11.5799999237
52 11.5939998627
53 11.6300001144
54 11.6120004654
55 11.3439998627
56 10.9949998856
57 10.4600000381
58 10.1149997711
59 8.33800029755
60 8.33199977875
61 8.19699954987
62 7.91699981689
63 7.63199996948
64 7.45800018311
65 7.25
66 7.06199979782
67 6.89900016785
68 6.78399991989
69 6.77600002289
70 6.79300022125
71 6.82100009918
72 6.84499979019
73 6.87400007248
74 6.79099988937
75 6.63500022888
76 6.50500011444
77 6.38700008392
78 6.27600002289
79 6.15199995041
80 5.23500013351
81 4.95699977875
82 4.83799982071
83 4.76900005341
84 4.65899991989
85 4.61000013351
86 4.55000019073
87 4.46799993515
88 4.41699981689
89 4.33300018311
90 4.26000022888
91 4.1970000267
92 4.16699981689
93 4.10500001907
94 4.03900003433
95 3.98600006104
96 3.94000005722
97 3.8900001049
98 3.82100009918
99 3.78699994087
100 3.77500009537
101 3.77999997139
102 3.80200004578
103 3.84299993515
104 3.87700009346
105 3.89400005341
106 3.95000004768
107 3.94799995422
108 3.91599988937
109 3.88800001144
110 3.83100008965
111 3.79800009727
112 3.76999998093
113 3.7349998951
114 3.69799995422
115 3.66400003433
116 3.62299990654
117 3.59599995613
118 3.54800009727
119 3.53399991989
120 3.49000000954
121 3.46900010109
122 3.4319999218
123 3.41499996185
124 3.40199995041
125 3.38800001144
126 3.43099999428
127 3.45199990273
128 3.48699998856
129 3.52800011635
130 3.56399989128
131 3.61100006104
132 3.6819999218
133 4.02299976349
134 4.06799983978
135 4.09600019455
136 4.09999990463
137 4.15799999237
138 4.17399978638
139 4.22599983215
140 4.24399995804
141 4.28200006485
142 4.33099985123
143 4.32899999619
144 4.38100004196
145 4.42999982834
146 4.46400022507
147 4.4889998436
148 4.51499986649
149 4.53299999237
150 4.52699995041
151 4.21400022507
152 4.31500005722
153 4.59499979019
154 3.25500011444
155 3.41199994087
156 4.70300006866
157 4.58900022507
158 4.5529999733
159 4.78299999237
160 4.8220000267
161 4.86499977112
162 4.89300012589
163 4.92100000381
164 4.95699977875
165 4.99599981308
166 5.01999998093
167 5.05000019073
168 3.16100001335
169 3.22900009155
170 3.3710000515
171 4.12099981308
172 4.91499996185
173 4.875
174 4.84299993515
175 4.82800006866
176 4.80999994278
177 4.82800006866
178 4.82499980927
179 4.85400009155
180 4.86600017548
181 4.90000009537
182 4.81699991226
183 5.3140001297
184 5.46199989319
185 5.48299980164
186 5.48999977112
187 5.51200008392
188 4.61199998856
189 4.55900001526
190 5.55499982834
191 5.57800006866
192 3.65000009537
193 3.51600003242
194 4.05499982834
195 4.04400014877
196 5.68499994278
197 5.71400022507
198 5.73799991608
199 5.76399993896
200 5.76900005341
201 5.8029999733
202 5.82499980927
203 5.8220000267
204 5.84999990463
205 5.86199998856
206 5.86999988556
207 5.87300014496
208 5.89900016785
209 5.91800022125
210 5.92000007629
211 5.94199991226
212 5.9390001297
213 5.98299980164
214 5.98799991608
215 6.007999897
216 6.03000020981
217 6.04600000381
218 6.06199979782
219 6.08199977875
220 6.06199979782
221 6.08099985123
222 6.09399986267
223 6.09800004959
224 6.10599994659
225 6.09600019455
226 6.12099981308
227 6.13999986649
228 6.132999897
229 6.12699985504
230 6.1360001564
231 6.15999984741
232 6.17600011826
233 6.19099998474
234 6.19999980927
235 6.1970000267
236 6.22900009155
237 6.21899986267
238 6.22300004959
239 6.24599981308
240 6.21700000763
241 6.22200012207
242 6.23099994659
243 6.23199987411
244 6.25199985504
245 6.23500013351
246 6.21400022507
247 6.23699998856
248 6.25
249 6.25199985504
250 6.25299978256
251 6.26000022888
252 6.26300001144
253 6.28100013733
254 6.28399991989
255 6.28200006485
256 6.26200008392
257 6.24700021744
258 6.23999977112
259 6.25099992752
260 6.24599981308
261 5.19199991226
262 5.04500007629
263 5.02199983597
264 5.03000020981
265 5.02699995041
266 5.01900005341
267 5.03100013733
268 5.0689997673
269 5.24300003052
270 2.40300011635
271 2.41799998283
272 2.43899989128
273 5.25699996948
274 5.22399997711
275 5.20699977875
276 5.24399995804
277 5.26300001144
278 5.39900016785
279 5.65700006485
280 5.74700021744
281 5.76900005341
282 5.80800008774
283 5.9439997673
284 6.06500005722
285 6.07899999619
286 6.05999994278
287 6.07600021362
288 6.05000019073
289 6.06199979782
290 6.03800010681
291 6.01999998093
292 5.99399995804
293 5.97700023651
294 5.97100019455
295 5.92500019073
296 5.91800022125
297 5.90500020981
298 5.90000009537
299 5.88100004196
300 5.87300014496
301 5.82499980927
302 5.82800006866
303 5.81699991226
304 5.79400014877
305 5.78599977493
306 5.78499984741
307 5.77699995041
308 5.74900007248
309 5.71999979019
310 5.68200016022
311 5.66400003433
312 5.64599990845
313 5.625
314 5.59600019455
315 5.56799983978
316 5.57100009918
317 5.53800010681
318 5.52500009537
319 5.34000015259
320 5.10599994659
321 5.45300006866
322 5.44500017166
323 5.43400001526
324 5.40299987793
325 5.38700008392
326 5.35300016403
327 5.33699989319
328 5.29300022125
329 4.37200021744
330 4.05000019073
331 4.14200019836
332 5.01399993896
333 5.17100000381
334 5.12900018692
335 5.10699987411
336 5.09999990463
337 5.06300020218
338 5.04799985886
339 5.01599979401
340 4.94999980927
341 4.80499982834
342 4.96500015259
343 4.9390001297
344 4.90399980545
345 4.87200021744
346 4.82600021362
347 4.70699977875
348 4.55800008774
349 4.73099994659
350 4.71000003815
351 4.67999982834
352 4.65199995041
353 4.61100006104
354 4.58599996567
355 4.54099988937
356 4.30399990082
357 4.35300016403
358 4.48500013351
359 4.46099996567
360 4.43400001526
361 4.42199993134
362 4.38000011444
363 4.37099981308
364 4.32299995422
365 4.26499986649
366 4.257999897
367 4.20399999619
368 4.17700004578
369 4.14200019836
370 4.11000013351
371 4.0609998703
372 4.05700016022
373 4.02699995041
374 3.98000001907
375 3.94899988174
376 3.93700003624
377 3.89299988747
378 3.89100003242
379 3.83599996567
380 3.82800006866
381 3.70399999619
382 3.63800001144
383 3.60599994659
384 3.56699991226
385 3.52600002289
386 3.48300004005
387 3.45499992371
388 3.42100000381
389 3.38100004196
390 3.37199997902
391 3.33899998665
392 3.30800008774
393 3.26300001144
394 3.26699995995
395 3.26399993896
396 3.28299999237
397 3.33299994469
398 3.375
399 3.41000008583
400 3.44099998474
401 3.46799993515
402 3.52099990845
403 3.55599999428
404 3.59100008011
405 3.6289999485
406 3.68400001526
407 3.72499990463
408 3.74300003052
409 3.79500007629
410 3.84599995613
411 3.88400006294
412 3.93400001526
413 3.9849998951
414 4.0529999733
415 4.13199996948
416 4.19600009918
417 4.22300004959
418 4.31799983978
419 4.382999897
420 4.44299983978
421 4.52400016785
422 4.60099983215
423 4.66599988937
424 4.73199987411
425 4.82000017166
426 4.92199993134
427 5.01800012589
428 5.10799980164
429 5.20800018311
430 5.31199979782
431 5.41499996185
432 5.53100013733
433 5.64300012589
434 5.75699996948
435 5.87799978256
436 6.02500009537
437 6.16099977493
438 6.31799983978
439 6.45399999619
440 6.49599981308
441 6.60799980164
442 6.46600008011
443 3.06200003624
444 3.04399991035
445 3.04099988937
446 3.02399992943
447 3.01300001144
448 3.00900006294
449 2.99399995804
450 3.01699995995
451 2.99300003052
452 2.98399996758
453 2.98600006104
454 2.97499990463
455 2.98200011253
456 2.96199989319
457 2.95799994469
458 2.97399997711
459 2.97199988365
460 2.96900010109
461 2.95900011063
462 2.95900011063
463 2.95199990273
464 2.92899990082
465 2.9240000248
466 2.92300009727
467 2.92600011826
468 2.92100000381
469 2.91499996185
470 2.67300009727
471 2.65499997139
472 2.64299988747
473 2.64899992943
474 0.958000004292
475 0.704999983311
476 0.709999978542
477 0.935000002384
478 2.66499996185
479 2.64499998093
480 2.65300011635
481 2.64800000191
482 2.65199995041
483 2.65400004387
484 2.66300010681
485 2.65899991989
486 2.65599989891
487 2.67600011826
488 2.6779999733
489 2.6930000782
490 2.83299994469
491 2.95199990273
492 2.94000005722
493 2.9470000267
494 2.94899988174
495 2.96000003815
496 2.94799995422
497 2.9509999752
498 2.95600008965
499 2.96900010109
500 2.97499990463
501 2.98099994659
502 2.97699999809
503 2.99799990654
504 1.26600003242
505 1.12600004673
506 1.12600004673
507 1.14600002766
508 1.14800000191
509 1.14100003242
510 1.14800000191
511 1.14199995995
512 1.18200004101
513 1.20500004292
514 1.20399999619
515 1.19099998474
516 1.20700001717
517 1.20500004292
518 1.23199999332
519 1.2539999485
520 1.26199996471
521 1.3789999485
522 1.5720000267
523 3.17899990082
524 0.930000007153
525 0.915000021458
526 0.917999982834
527 0.948000013828
528 3.05100011826
529 2.9849998951
530 2.9240000248
531 1.30999994278
532 1.18499994278
533 1.11300003529
534 1.07700002193
535 1.08399999142
536 1.08500003815
537 1.08299994469
538 1.07700002193
539 1.0490000248
540 1.03999996185
