0 4.51000022888
1 4.44299983978
2 4.44000005722
3 4.47800016403
4 4.52299976349
5 4.65000009537
6 4.67899990082
7 4.70900011063
8 4.742000103
9 4.75299978256
10 4.78599977493
11 4.81300020218
12 4.85099983215
13 4.8860001564
14 4.93499994278
15 4.94000005722
16 4.84200000763
17 4.84299993515
18 4.89099979401
19 4.96299982071
20 5.1360001564
21 5.19099998474
22 5.22200012207
23 5.26499986649
24 5.30800008774
25 5.34800004959
26 5.40700006485
27 5.43800020218
28 5.49599981308
29 5.54699993134
30 5.60599994659
31 5.64300012589
32 5.65500020981
33 0.0
34 17.1450004578
35 17.1480007172
36 17.1459999084
37 0.0
38 0.0
39 0.0
40 17.2369995117
41 17.1669998169
42 17.0569992065
43 16.9969997406
44 16.5170001984
45 16.533000946
46 16.5370006561
47 13.1520004272
48 13.0939998627
49 12.3409996033
50 11.9530000687
51 11.593000412
52 11.5880002975
53 11.6260004044
54 11.6319999695
55 11.3439998627
56 10.9890003204
57 10.4750003815
58 10.0970001221
59 8.34599971771
60 8.33500003815
61 8.20699977875
62 7.90000009537
63 7.62300014496
64 7.45100021362
65 7.23999977112
66 7.05499982834
67 6.89300012589
68 6.78299999237
69 6.77899980545
70 6.79899978638
71 6.82600021362
72 6.86199998856
73 6.87200021744
74 6.79799985886
75 6.65000009537
76 6.5110001564
77 6.39200019836
78 6.25500011444
79 6.14699983597
80 5.23600006104
81 4.97700023651
82 4.8639998436
83 4.75600004196
84 4.68800020218
85 4.59499979019
86 4.54500007629
87 4.47599983215
88 4.41900014877
89 4.34100008011
90 4.25400018692
91 4.19199991226
92 4.16300010681
93 4.11600017548
94 4.04099988937
95 3.99000000954
96 3.93499994278
97 3.88499999046
98 3.84400010109
99 3.79399991035
100 3.77699995041
101 3.77800011635
102 3.8069999218
103 3.85700011253
104 3.89299988747
105 3.90000009537
106 3.9470000267
107 3.95900011063
108 3.90799999237
109 3.87700009346
110 3.83400011063
111 3.78900003433
112 3.757999897
113 3.72000002861
114 3.68099999428
115 3.66400003433
116 3.61899995804
117 3.59500002861
118 3.56399989128
119 3.52600002289
120 3.50500011444
121 3.45700001717
122 3.43000006676
123 3.40899991989
124 3.39899992943
125 3.39899992943
126 3.42600011826
127 3.43700003624
128 3.48699998856
129 3.53699994087
130 3.56599998474
131 3.59899997711
132 3.66100001335
133 4.02099990845
134 4.06199979782
135 4.09899997711
136 4.13800001144
137 4.15899991989
138 4.17899990082
139 4.20900011063
140 4.24599981308
141 4.29099988937
142 4.33099985123
143 4.35799980164
144 4.39699983597
145 4.42899990082
146 4.44299983978
147 4.47800016403
148 4.50699996948
149 4.53299999237
150 4.55200004578
151 4.20200014114
152 4.28800010681
153 4.59999990463
154 3.26799988747
155 3.42100000381
156 4.70499992371
157 4.59200000763
158 4.5529999733
159 4.80000019073
160 4.83300018311
161 4.85200023651
162 4.90199995041
163 4.91900014877
164 4.96000003815
165 4.98999977112
166 5.01800012589
167 5.03599977493
168 3.13100004196
169 3.22000002861
170 3.36299991608
171 4.11499977112
172 4.91800022125
173 4.882999897
174 4.83900022507
175 4.82899999619
176 4.81599998474
177 4.83400011063
178 4.83699989319
179 4.84700012207
180 4.87900018692
181 4.90799999237
182 4.81300020218
183 5.32499980927
184 5.46899986267
185 5.47800016403
186 5.5
187 5.51300001144
188 4.60300016403
189 4.5720000267
190 5.55200004578
191 5.59700012207
192 3.63800001144
193 3.52999997139
194 4.06599998474
195 4.05200004578
196 5.68499994278
197 5.69299983978
198 5.72800016403
199 5.75600004196
200 5.78399991989
201 5.82399988174
202 5.83699989319
203 5.83799982071
204 5.84700012207
205 5.86499977112
206 5.85500001907
207 5.87900018692
208 5.90299987793
209 5.90799999237
210 5.92600011826
211 5.92299985886
212 5.95399999619
213 5.95599985123
214 5.95900011063
215 5.99499988556
216 6.01200008392
217 6.03999996185
218 6.05100011826
219 6.07399988174
220 6.08599996567
221 6.09499979019
222 6.09499979019
223 6.08500003815
224 6.10300016403
225 6.1139998436
226 6.11999988556
227 6.1360001564
228 6.14200019836
229 6.13199996948
230 6.16400003433
231 6.15299987793
232 6.15999984741
233 6.17100000381
234 6.20200014114
235 6.20599985123
236 6.23000001907
237 6.24700021744
238 6.22399997711
239 6.23000001907
240 6.22900009155
241 6.21899986267
242 6.25099992752
243 6.22700023651
244 6.21899986267
245 6.25699996948
246 6.21799993515
247 6.24700021744
248 6.24499988556
249 6.23299980164
250 6.26599979401
251 6.24399995804
252 6.26399993896
253 6.26999998093
254 6.28000020981
255 6.27899980545
256 6.27099990845
257 6.26300001144
258 6.23400020599
259 6.23400020599
260 6.22499990463
261 5.20900011063
262 5.05000019073
263 5.03100013733
264 5.03200006485
265 5.02899980545
266 5.03200006485
267 5.04099988937
268 5.06300020218
269 5.24599981308
270 2.43000006676
271 2.41300010681
272 2.44400000572
273 5.25699996948
274 5.20300006866
275 5.20900011063
276 5.23500013351
277 5.26599979401
278 5.40700006485
279 5.65600013733
280 5.742000103
281 5.78200006485
282 5.80499982834
283 5.95499992371
284 6.08900022507
285 6.07600021362
286 6.05900001526
287 6.0720000267
288 6.04300022125
289 6.03800010681
290 6.02899980545
291 6.01200008392
292 5.99900007248
293 5.97900009155
294 5.96299982071
295 5.93400001526
296 5.91900014877
297 5.90600013733
298 5.882999897
299 5.87599992752
300 5.86999988556
301 5.85799980164
302 5.83400011063
303 5.83099985123
304 5.80200004578
305 5.79500007629
306 5.78299999237
307 5.78000020981
308 5.742000103
309 5.73000001907
310 5.6970000267
311 5.67600011826
312 5.63500022888
313 5.62200021744
314 5.60500001907
315 5.58900022507
316 5.55900001526
317 5.53000020981
318 5.52099990845
319 5.30100011826
320 5.09100008011
321 5.45599985123
322 5.44299983978
323 5.44199991226
324 5.41200017929
325 5.38999986649
326 5.37699985504
327 5.31599998474
328 5.29099988937
329 4.38000011444
330 4.04300022125
331 4.11999988556
332 5.02400016785
333 5.17299985886
334 5.14499998093
335 5.11999988556
336 5.09499979019
337 5.06500005722
338 5.03800010681
339 5.02500009537
340 4.94299983978
341 4.80800008774
342 4.94899988174
343 4.94299983978
344 4.90600013733
345 4.88000011444
346 4.82399988174
347 4.70300006866
348 4.5560002327
349 4.72900009155
350 4.70900011063
351 4.66599988937
352 4.64499998093
353 4.61800003052
354 4.60400009155
355 4.54099988937
356 4.32399988174
357 4.36600017548
358 4.46899986267
359 4.44299983978
360 4.45499992371
361 4.40299987793
362 4.38800001144
363 4.35099983215
364 4.32299995422
365 4.29099988937
366 4.25500011444
367 4.21899986267
368 4.16300010681
369 4.13199996948
370 4.10500001907
371 4.06799983978
372 4.05100011826
373 4.01800012589
374 3.98900008202
375 3.95900011063
376 3.94199991226
377 3.90400004387
378 3.86800003052
379 3.82699990273
380 3.8180000782
381 3.72000002861
382 3.64299988747
383 3.60299992561
384 3.57100009918
385 3.52699995041
386 3.48399996758
387 3.46099996567
388 3.4319999218
389 3.3900001049
390 3.35500001907
391 3.33899998665
392 3.3180000782
393 3.28200006485
394 3.25
395 3.25999999046
396 3.28099989891
397 3.32500004768
398 3.367000103
399 3.39800000191
400 3.4319999218
401 3.48200011253
402 3.52500009537
403 3.55500006676
404 3.61400008202
405 3.64100003242
406 3.69099998474
407 3.71700000763
408 3.72799992561
409 3.78600001335
410 3.83200001717
411 3.882999897
412 3.9470000267
413 4.01200008392
414 4.06300020218
415 4.12699985504
416 4.18499994278
417 4.23999977112
418 4.3220000267
419 4.36600017548
420 4.44999980927
421 4.52699995041
422 4.56799983978
423 4.64699983597
424 4.72499990463
425 4.8109998703
426 4.91499996185
427 5.01800012589
428 5.11100006104
429 5.21199989319
430 5.31799983978
431 5.42100000381
432 5.53100013733
433 5.65399980545
434 5.76300001144
435 5.87200021744
436 6.01999998093
437 6.17000007629
438 6.29300022125
439 6.47800016403
440 6.50099992752
441 6.60500001907
442 6.43200016022
443 3.06399989128
444 3.05800008774
445 3.03600001335
446 3.01999998093
447 3.01699995995
448 3.02699995041
449 3.01699995995
450 3.00300002098
451 2.98900008202
452 2.98399996758
453 2.99900007248
454 3.00099992752
455 2.96199989319
456 2.97099995613
457 2.97300004959
458 2.97699999809
459 2.94499993324
460 2.94000005722
461 2.94400000572
462 2.95499992371
463 2.93600010872
464 2.93700003624
465 2.92899990082
466 2.93700003624
467 2.92700004578
468 2.92199993134
469 2.91000008583
470 2.65300011635
471 2.65400004387
472 2.62400007248
473 2.64899992943
474 0.944999992847
475 0.712999999523
476 0.709999978542
477 0.925000011921
478 2.63599991798
479 2.6400001049
480 2.62700009346
481 2.64599990845
482 2.65000009537
483 2.65199995041
484 2.66799998283
485 2.6740000248
486 2.66300010681
487 2.65400004387
488 2.67700004578
489 2.67899990082
490 2.8259999752
491 2.94799995422
492 2.93400001526
493 2.93499994278
494 2.94600009918
495 2.94499993324
496 2.94799995422
497 2.95900011063
498 2.96300005913
499 2.97099995613
500 2.98200011253
501 2.97300004959
502 2.97799992561
503 2.99300003052
504 1.27900004387
505 1.16199994087
506 1.13499999046
507 1.11800003052
508 1.14100003242
509 1.11300003529
510 1.13499999046
511 1.15699994564
512 1.19000005722
513 1.19799995422
514 1.2120000124
515 1.21399998665
516 1.20200002193
517 1.22500002384
518 1.2159999609
519 1.23199999332
520 1.26499998569
521 1.37999999523
522 1.53900003433
523 3.1779999733
524 0.938000023365
525 0.916999995708
526 0.912000000477
527 0.953999996185
528 3.0490000248
529 2.99000000954
530 2.92199993134
531 1.29799997807
532 1.18200004101
533 1.10500001907
534 1.09200000763
535 1.07400000095
536 1.09300005436
537 1.07899999619
538 1.07799994946
539 1.04999995232
540 1.02699995041
