0 4.52799987793
1 4.44199991226
2 4.45300006866
3 4.46000003815
4 4.53700017929
5 4.64300012589
6 4.67899990082
7 4.70399999619
8 4.742000103
9 4.76000022888
10 4.80399990082
11 4.81799983978
12 4.85500001907
13 4.90000009537
14 4.92199993134
15 4.94000005722
16 4.82999992371
17 4.86100006104
18 4.88199996948
19 4.97499990463
20 5.14599990845
21 5.18300008774
22 5.22900009155
23 5.2610001564
24 5.30999994278
25 5.35300016403
26 5.41099977493
27 5.45300006866
28 5.48600006104
29 5.54899978638
30 5.60099983215
31 5.64200019836
32 5.67000007629
33 0.0
34 17.1490001678
35 17.1420001984
36 17.1529998779
37 0.0
38 0.0
39 0.0
40 17.2290000916
41 17.1790008545
42 17.063999176
43 16.9890003204
44 16.5259990692
45 16.531999588
46 16.517999649
47 13.1540002823
48 13.0769996643
49 12.3330001831
50 11.9580001831
51 11.5909996033
52 11.6000003815
53 11.6180000305
54 11.625
55 11.3360004425
56 10.9849996567
57 10.4530000687
58 10.1199998856
59 8.35400009155
60 8.34700012207
61 8.20400047302
62 7.90100002289
63 7.63100004196
64 7.45399999619
65 7.23099994659
66 7.05200004578
67 6.90299987793
68 6.79400014877
69 6.77600002289
70 6.79899978638
71 6.8189997673
72 6.85799980164
73 6.86899995804
74 6.79199981689
75 6.65299987793
76 6.51700019836
77 6.39400005341
78 6.26900005341
79 6.14099979401
80 5.21400022507
81 4.95800018311
82 4.85200023651
83 4.76999998093
84 4.68499994278
85 4.59800004959
86 4.54300022125
87 4.47599983215
88 4.40299987793
89 4.32299995422
90 4.27600002289
91 4.21000003815
92 4.16599988937
93 4.10300016403
94 4.04099988937
95 3.99000000954
96 3.93899989128
97 3.90000009537
98 3.85299992561
99 3.80100011826
100 3.757999897
101 3.77300000191
102 3.81299996376
103 3.83899998665
104 3.88000011444
105 3.91300010681
106 3.94799995422
107 3.96900010109
108 3.91899991035
109 3.88400006294
110 3.85100007057
111 3.78099989891
112 3.77900004387
113 3.72699999809
114 3.70300006866
115 3.67100000381
116 3.62400007248
117 3.60400009155
118 3.5569999218
119 3.53500008583
120 3.49699997902
121 3.45799994469
122 3.45000004768
123 3.41400003433
124 3.39299988747
125 3.39400005341
126 3.43099999428
127 3.45300006866
128 3.492000103
129 3.53699994087
130 3.57299995422
131 3.61599993706
132 3.67199993134
133 4.02199983597
134 4.07700014114
135 4.09999990463
136 4.10900020599
137 4.13500022888
138 4.17299985886
139 4.21000003815
140 4.25600004196
141 4.29099988937
142 4.32999992371
143 4.35799980164
144 4.38800001144
145 4.40399980545
146 4.44299983978
147 4.48299980164
148 4.49900007248
149 4.54099988937
150 4.54500007629
151 4.1939997673
152 4.29400014877
153 3.22499990463
154 3.28099989891
155 3.41300010681
156 4.69799995422
157 4.60200023651
158 4.55100011826
159 4.78800010681
160 4.83500003815
161 4.87300014496
162 4.89400005341
163 4.93499994278
164 4.96799993515
165 5.00099992752
166 5.01999998093
167 5.03399991989
168 3.14199995995
169 3.20499992371
170 3.367000103
171 4.12300014496
172 4.92299985886
173 4.8639998436
174 4.84999990463
175 4.84000015259
176 4.82000017166
177 4.83500003815
178 4.83900022507
179 4.84200000763
180 4.88199996948
181 4.89900016785
182 4.82000017166
183 5.31500005722
184 5.45800018311
185 5.48699998856
186 5.49300003052
187 5.51900005341
188 4.60900020599
189 4.5720000267
190 5.57100009918
191 5.58799982071
192 3.64599990845
193 3.51399993896
194 4.0640001297
195 4.03200006485
196 5.68499994278
197 5.71799993515
198 5.73500013351
199 5.74900007248
200 5.77500009537
201 5.79799985886
202 5.8189997673
203 5.83799982071
204 5.84000015259
205 5.84899997711
206 5.87099981308
207 5.8860001564
208 5.90600013733
209 5.91300010681
210 5.92199993134
211 5.93300008774
212 5.94799995422
213 5.97599983215
214 5.98500013351
215 6.00400018692
216 6.01599979401
217 6.04699993134
218 6.06199979782
219 6.07000017166
220 6.06699991226
221 6.08900022507
222 6.08400011063
223 6.10300016403
224 6.08699989319
225 6.11899995804
226 6.12099981308
227 6.13500022888
228 6.13399982452
229 6.13100004196
230 6.14499998093
231 6.17000007629
232 6.1859998703
233 6.1939997673
234 6.20200014114
235 6.21600008011
236 6.20900011063
237 6.21299982071
238 6.21899986267
239 6.21199989319
240 6.22399997711
241 6.22499990463
242 6.23000001907
243 6.24900007248
244 6.23000001907
245 6.23500013351
246 6.22700023651
247 6.22499990463
248 6.24300003052
249 6.25600004196
250 6.27199983597
251 6.24599981308
252 6.2610001564
253 6.27500009537
254 6.28399991989
255 6.2610001564
256 6.26900005341
257 6.24900007248
258 6.25199985504
259 6.24399995804
260 6.22800016403
261 5.20300006866
262 5.04899978638
263 5.02799987793
264 5.03700017929
265 5.03299999237
266 5.02400016785
267 5.03900003433
268 5.07899999619
269 5.25400018692
270 2.42000007629
271 2.39899992943
272 2.44400000572
273 5.24100017548
274 5.21199989319
275 5.20800018311
276 5.25500011444
277 5.26300001144
278 5.40600013733
279 5.65899991989
280 5.7389998436
281 5.75
282 5.79400014877
283 5.9439997673
284 6.07999992371
285 6.06300020218
286 6.07800006866
287 6.06199979782
288 6.05499982834
289 6.06199979782
290 6.03399991989
291 6.01200008392
292 6.00099992752
293 5.96099996567
294 5.94099998474
295 5.9359998703
296 5.92899990082
297 5.91599988937
298 5.90000009537
299 5.86800003052
300 5.85400009155
301 5.84800004959
302 5.82800006866
303 5.82999992371
304 5.80800008774
305 5.80200004578
306 5.78000020981
307 5.76800012589
308 5.75199985504
309 5.71500015259
310 5.69000005722
311 5.67600011826
312 5.64200019836
313 5.61199998856
314 5.59800004959
315 5.59200000763
316 5.56199979782
317 5.54500007629
318 5.52600002289
319 5.3060002327
320 5.09999990463
321 5.46199989319
322 5.44899988174
323 5.41900014877
324 5.41900014877
325 5.40000009537
326 5.36899995804
327 5.33300018311
328 5.29400014877
329 4.36000013351
330 4.04500007629
331 4.10799980164
332 5.01200008392
333 5.16300010681
334 5.13899993896
335 5.10799980164
336 5.07700014114
337 5.0640001297
338 5.03599977493
339 5.02400016785
340 4.94000005722
341 4.82499980927
342 4.95499992371
343 4.93300008774
344 4.89599990845
345 4.87799978256
346 4.83599996567
347 4.69999980927
348 4.5529999733
349 4.73199987411
350 4.71099996567
351 4.68499994278
352 4.63500022888
353 4.60900020599
354 4.58799982071
355 4.5560002327
356 4.32800006866
357 4.34700012207
358 4.48400020599
359 4.46899986267
360 4.44899988174
361 4.41599988937
362 4.39499998093
363 4.35599994659
364 4.3029999733
365 4.27600002289
366 4.23699998856
367 4.20200014114
368 4.17700004578
369 4.14599990845
370 4.11299991608
371 4.08900022507
372 4.04199981689
373 4.00699996948
374 3.98799991608
375 3.95399999619
376 3.93400001526
377 3.89899992943
378 3.88400006294
379 3.85500001907
380 3.81399989128
381 3.71900010109
382 3.63800001144
383 3.59299993515
384 3.54399991035
385 3.52200007439
386 3.49499988556
387 3.46300005913
388 3.43300008774
389 3.38000011444
390 3.36999988556
391 3.32800006866
392 3.31599998474
393 3.27800011635
394 3.24900007248
395 3.26399993896
396 3.29999995232
397 3.32500004768
398 3.36899995804
399 3.40700006485
400 3.4470000267
401 3.47699999809
402 3.53099989891
403 3.54500007629
404 3.60100007057
405 3.65199995041
406 3.68099999428
407 3.71499991417
408 3.73699998856
409 3.78200006485
410 3.81299996376
411 3.87400007248
412 3.95300006866
413 4.00299978256
414 4.05999994278
415 4.10699987411
416 4.19600009918
417 4.23999977112
418 4.31300020218
419 4.36899995804
420 4.45399999619
421 4.52600002289
422 4.59000015259
423 4.67000007629
424 4.73600006104
425 4.81300020218
426 4.91400003433
427 5.02299976349
428 5.10300016403
429 5.20499992371
430 5.31500005722
431 5.40899991989
432 5.54799985886
433 5.63899993896
434 5.77500009537
435 5.88800001144
436 6.03100013733
437 6.15999984741
438 6.31300020218
439 6.46700000763
440 6.51700019836
441 6.59499979019
442 6.48600006104
443 3.09100008011
444 3.04999995232
445 3.05100011826
446 3.02699995041
447 3.03200006485
448 3.01300001144
449 2.99699997902
450 3.00200009346
451 2.99099993706
452 3.0
453 2.98099994659
454 2.96600008011
455 2.97000002861
456 2.96300005913
457 2.95399999619
458 2.9470000267
459 2.97099995613
460 2.96199989319
461 2.95000004768
462 2.93600010872
463 2.92199993134
464 2.93499994278
465 2.93099999428
466 2.92100000381
467 2.91599988937
468 2.92300009727
469 2.91199994087
470 2.64800000191
471 2.63000011444
472 2.64199995995
473 2.63499999046
474 0.93599998951
475 0.71899998188
476 0.699999988079
477 0.930999994278
478 2.67000007629
479 2.63100004196
480 2.64199995995
481 2.63899993896
482 2.63700008392
483 2.65700006485
484 2.66899991035
485 2.64599990845
486 2.66400003433
487 2.68099999428
488 2.67300009727
489 2.66300010681
490 2.82999992371
491 2.93099999428
492 2.93600010872
493 2.95600008965
494 2.94199991226
495 2.9430000782
496 2.96499991417
497 2.95399999619
498 2.95300006866
499 2.95700001717
500 2.97099995613
501 2.98900008202
502 2.98399996758
503 2.992000103
504 1.27400004864
505 1.15699994564
506 1.14800000191
507 1.11899995804
508 1.13999998569
509 1.13699996471
510 1.13800001144
511 1.13300001621
512 1.16999995708
513 1.20000004768
514 1.21500003338
515 1.22200000286
516 1.2009999752
517 1.23199999332
518 1.24899995327
519 1.25199997425
520 1.27999997139
521 1.37800002098
522 1.54299998283
523 3.17199993134
524 0.934000015259
525 0.912000000477
526 0.911000013351
527 0.945999979973
528 3.04299998283
529 2.98600006104
530 1.28900003433
531 1.28100001812
532 1.16700005531
533 1.10099995136
534 1.10500001907
535 1.08000004292
536 1.08500003815
537 1.08399999142
538 1.09200000763
539 1.06500005722
540 1.05599999428
