0 4.51999998093
1 4.43699979782
2 4.44799995422
3 4.46999979019
4 4.53499984741
5 4.66400003433
6 4.68699979782
7 4.71500015259
8 4.75500011444
9 4.76800012589
10 4.80999994278
11 4.83300018311
12 4.867000103
13 4.88199996948
14 4.92600011826
15 4.93400001526
16 4.85599994659
17 4.84700012207
18 4.875
19 4.96600008011
20 5.13800001144
21 5.19199991226
22 5.23000001907
23 5.27099990845
24 5.32700014114
25 5.36899995804
26 5.41099977493
27 5.44500017166
28 5.50699996948
29 5.54899978638
30 5.59499979019
31 5.63899993896
32 5.65500020981
33 0.0
34 17.1450004578
35 17.1560001373
36 17.1539993286
37 0.0
38 0.0
39 0.0
40 17.2339992523
41 17.1639995575
42 17.0650005341
43 17.0090007782
44 16.5340003967
45 16.5429992676
46 16.5219993591
47 13.1649999619
48 13.0860004425
49 12.3350000381
50 11.9329996109
51 11.6000003815
52 11.6020002365
53 11.6370000839
54 11.6300001144
55 11.3470001221
56 10.998000145
57 10.4600000381
58 10.1020002365
59 8.34300041199
60 8.34399986267
61 8.19900035858
62 7.92899990082
63 7.65399980545
64 7.46299982071
65 7.25400018692
66 7.08199977875
67 6.91499996185
68 6.79500007629
69 6.78700017929
70 6.80999994278
71 6.82499980927
72 6.86199998856
73 6.87799978256
74 6.79799985886
75 6.65199995041
76 6.50699996948
77 6.39200019836
78 6.26900005341
79 6.16599988937
80 5.21999979019
81 4.98299980164
82 4.84800004959
83 4.76700019836
84 4.67600011826
85 4.61000013351
86 4.54300022125
87 4.48000001907
88 4.40999984741
89 4.33599996567
90 4.27400016785
91 4.23199987411
92 4.15000009537
93 4.11100006104
94 4.04899978638
95 3.98600006104
96 3.93000006676
97 3.87700009346
98 3.83899998665
99 3.79099988937
100 3.78099989891
101 3.80200004578
102 3.80399990082
103 3.85400009155
104 3.87299990654
105 3.92000007629
106 3.93499994278
107 3.95000004768
108 3.92199993134
109 3.89100003242
110 3.85899996758
111 3.80100011826
112 3.78399991989
113 3.72799992561
114 3.70300006866
115 3.66499996185
116 3.63100004196
117 3.59200000763
118 3.56500005722
119 3.54699993134
120 3.50999999046
121 3.48399996758
122 3.4470000267
123 3.42199993134
124 3.40700006485
125 3.39599990845
126 3.43099999428
127 3.44499993324
128 3.49399995804
129 3.52900004387
130 3.57500004768
131 3.61800003052
132 3.67899990082
133 4.00699996948
134 4.05700016022
135 4.09800004959
136 4.11299991608
137 4.15999984741
138 4.1939997673
139 4.22399997711
140 4.24300003052
141 4.27199983597
142 4.30900001526
143 4.36600017548
144 4.39099979401
145 4.42899990082
146 4.47300004959
147 4.50099992752
148 4.51300001144
149 4.52699995041
150 4.52899980545
151 4.20399999619
152 4.3109998703
153 4.60400009155
154 3.27099990845
155 3.40700006485
156 4.72700023651
157 4.61600017548
158 4.54600000381
159 4.8109998703
160 4.83799982071
161 4.86800003052
162 4.90199995041
163 4.93499994278
164 4.96299982071
165 4.99399995804
166 5.02400016785
167 5.04600000381
168 3.16499996185
169 3.22300004959
170 3.3789999485
171 4.11600017548
172 4.91900014877
173 4.87799978256
174 4.85599994659
175 4.82700014114
176 4.82100009918
177 4.82600021362
178 4.84200000763
179 4.84999990463
180 4.87900018692
181 4.90500020981
182 4.83900022507
183 5.32299995422
184 5.46799993515
185 5.49499988556
186 5.5
187 5.51800012589
188 4.617000103
189 4.57399988174
190 5.5689997673
191 5.59600019455
192 3.64499998093
193 3.52800011635
194 4.09000015259
195 4.03800010681
196 5.71500015259
197 5.72700023651
198 5.73199987411
199 5.75500011444
200 5.79400014877
201 5.80999994278
202 5.84399986267
203 5.84499979019
204 5.85300016403
205 5.86600017548
206 5.86000013351
207 5.8860001564
208 5.89400005341
209 5.91300010681
210 5.93300008774
211 5.94299983978
212 5.96899986267
213 5.97200012207
214 5.98699998856
215 6.01800012589
216 6.007999897
217 6.02400016785
218 6.06300020218
219 6.08599996567
220 6.09299993515
221 6.09600019455
222 6.08400011063
223 6.08300018311
224 6.09499979019
225 6.11000013351
226 6.12900018692
227 6.132999897
228 6.15000009537
229 6.15700006485
230 6.17399978638
231 6.16400003433
232 6.17500019073
233 6.17999982834
234 6.19299983978
235 6.21600008011
236 6.21700000763
237 6.25600004196
238 6.22100019455
239 6.22800016403
240 6.23400020599
241 6.21899986267
242 6.22599983215
243 6.22800016403
244 6.23299980164
245 6.23600006104
246 6.25899982452
247 6.22800016403
248 6.257999897
249 6.257999897
250 6.2389998436
251 6.25299978256
252 6.26499986649
253 6.27799987793
254 6.26599979401
255 6.28800010681
256 6.28000020981
257 6.26599979401
258 6.26300001144
259 6.242000103
260 6.23199987411
261 5.20699977875
262 5.05200004578
263 5.04099988937
264 5.04500007629
265 5.04500007629
266 5.04400014877
267 5.04099988937
268 5.05800008774
269 5.25099992752
270 2.42600011826
271 2.43300008774
272 2.45300006866
273 5.24599981308
274 5.22499990463
275 5.22900009155
276 5.25
277 5.27899980545
278 5.40500020981
279 5.67700004578
280 5.73799991608
281 5.75600004196
282 5.81500005722
283 5.95399999619
284 6.08500003815
285 6.0720000267
286 6.08099985123
287 6.06199979782
288 6.0529999733
289 6.0529999733
290 6.03399991989
291 6.02400016785
292 6.00600004196
293 5.97900009155
294 5.95200014114
295 5.95599985123
296 5.9279999733
297 5.90399980545
298 5.89599990845
299 5.8860001564
300 5.86899995804
301 5.85300016403
302 5.83300018311
303 5.82800006866
304 5.80700016022
305 5.8060002327
306 5.80399990082
307 5.77299976349
308 5.75199985504
309 5.72900009155
310 5.70900011063
311 5.68200016022
312 5.64900016785
313 5.63899993896
314 5.60099983215
315 5.57299995422
316 5.5560002327
317 5.54199981689
318 5.53599977493
319 5.34800004959
320 5.10300016403
321 5.45900011063
322 5.45499992371
323 5.42899990082
324 5.41599988937
325 5.39799976349
326 5.36100006104
327 5.33799982071
328 5.31599998474
329 4.39599990845
330 4.04099988937
331 4.10099983215
332 5.02400016785
333 5.17399978638
334 5.14099979401
335 5.117000103
336 5.09899997711
337 5.08400011063
338 5.04699993134
339 5.03399991989
340 4.95699977875
341 4.82399988174
342 4.96199989319
343 4.95100021362
344 4.90999984741
345 4.8639998436
346 4.82399988174
347 4.71400022507
348 4.57299995422
349 4.73000001907
350 4.71899986267
351 4.66800022125
352 4.66599988937
353 4.63800001144
354 4.60099983215
355 4.54899978638
356 4.30399990082
357 4.35300016403
358 4.4889998436
359 4.46500015259
360 4.44999980927
361 4.40000009537
362 4.39599990845
363 4.36299991608
364 4.30100011826
365 4.25899982452
366 4.25600004196
367 4.21600008011
368 4.17899990082
369 4.15000009537
370 4.12300014496
371 4.07399988174
372 4.06599998474
373 4.01499986649
374 3.97399997711
375 3.94600009918
376 3.91700005531
377 3.90300011635
378 3.89100003242
379 3.85500001907
380 3.83100008965
381 3.72300004959
382 3.64499998093
383 3.60800004005
384 3.56699991226
385 3.54200005531
386 3.49399995804
387 3.45199990273
388 3.43400001526
389 3.41100001335
390 3.36500000954
391 3.33400011063
392 3.31200003624
393 3.29399991035
394 3.27099990845
395 3.27399992943
396 3.30599999428
397 3.33400011063
398 3.36299991608
399 3.40100002289
400 3.44899988174
401 3.48399996758
402 3.50999999046
403 3.54699993134
404 3.58800005913
405 3.65599989891
406 3.68899989128
407 3.72000002861
408 3.72499990463
409 3.79099988937
410 3.84100008011
411 3.88100004196
412 3.92000007629
413 4.00099992752
414 4.07000017166
415 4.132999897
416 4.1890001297
417 4.24399995804
418 4.29400014877
419 4.37099981308
420 4.45499992371
421 4.52799987793
422 4.60300016403
423 4.67600011826
424 4.73000001907
425 4.81300020218
426 4.91300010681
427 5.01999998093
428 5.12200021744
429 5.21400022507
430 5.32499980927
431 5.43200016022
432 5.53700017929
433 5.64400005341
434 5.77099990845
435 5.88100004196
436 6.02699995041
437 6.15100002289
438 6.31500005722
439 6.47599983215
440 6.51300001144
441 6.60400009155
442 6.40600013733
443 3.10500001907
444 3.04999995232
445 3.03800010681
446 3.04200005531
447 3.03200006485
448 3.00600004196
449 3.00300002098
450 3.01099991798
451 2.99499988556
452 3.00699996948
453 2.98300004005
454 2.97900009155
455 2.9849998951
456 2.97300004959
457 2.97199988365
458 2.95700001717
459 2.96600008011
460 2.94799995422
461 2.95499992371
462 2.94000005722
463 2.93899989128
464 2.94199991226
465 2.93899989128
466 2.9240000248
467 2.93300008774
468 2.94099998474
469 2.92199993134
470 2.6779999733
471 2.64700007439
472 2.65599989891
473 2.65300011635
474 0.954999983311
475 0.712999999523
476 0.700999975204
477 0.930999994278
478 2.65199995041
479 2.65000009537
480 2.63400006294
481 2.65300011635
482 2.65499997139
483 2.65899991989
484 2.66499996185
485 2.66700005531
486 2.65499997139
487 2.67899990082
488 2.66700005531
489 2.68799996376
490 2.84400010109
491 2.93799996376
492 2.94000005722
493 2.93600010872
494 2.95399999619
495 2.96099996567
496 2.95000004768
497 2.97000002861
498 2.95900011063
499 2.95900011063
500 2.97300004959
501 3.00099992752
502 2.97900009155
503 2.98799991608
504 3.0039999485
505 1.36899995804
506 1.22099995613
507 1.14800000191
508 1.15299999714
509 1.14300000668
510 1.13699996471
511 1.14600002766
512 1.17200005054
513 1.17900002003
514 1.22699999809
515 1.23099994659
516 1.23399996758
517 1.24100005627
518 1.24800002575
519 1.23000001907
520 1.25999999046
521 1.29799997807
522 1.40600001812
523 1.32799994946
524 0.934000015259
525 0.920000016689
526 0.916000008583
527 0.949999988079
528 3.05100011826
529 2.99399995804
530 2.94199991226
531 1.34800004959
532 1.20399999619
533 1.16900002956
534 1.10199999809
535 1.11300003529
536 1.11199998856
537 1.09300005436
538 1.09000003338
539 1.06500005722
540 1.03600001335
