0 4.50600004196
1 4.4279999733
2 4.45300006866
3 4.45699977875
4 4.53800010681
5 4.65100002289
6 4.68300008774
7 4.70499992371
8 4.72800016403
9 4.77400016785
10 4.79300022125
11 4.8109998703
12 4.86600017548
13 4.89599990845
14 4.92199993134
15 4.93499994278
16 4.84399986267
17 4.84000015259
18 4.88199996948
19 4.95100021362
20 5.15299987793
21 5.18200016022
22 5.22300004959
23 5.27299976349
24 5.32700014114
25 5.35900020599
26 5.40700006485
27 5.45200014114
28 5.50400018692
29 5.53499984741
30 5.58900022507
31 5.65000009537
32 5.67000007629
33 0.0
34 17.1509990692
35 17.1350002289
36 17.1550006866
37 0.0
38 0.0
39 0.0
40 17.2369995117
41 17.1800003052
42 17.061000824
43 17.0049991608
44 16.5259990692
45 16.531999588
46 16.5270004272
47 13.1590003967
48 13.0819997787
49 12.3319997787
50 11.9390001297
51 11.5819997787
52 11.6020002365
53 11.6319999695
54 11.6210002899
55 11.3350000381
56 11.0
57 10.4469995499
58 10.1059999466
59 8.32499980927
60 8.33899974823
61 8.20300006866
62 7.90999984741
63 7.65100002289
64 7.42899990082
65 7.24700021744
66 7.07600021362
67 6.89599990845
68 6.78200006485
69 6.78200006485
70 6.8060002327
71 6.82700014114
72 6.86199998856
73 6.86800003052
74 6.78599977493
75 6.62699985504
76 6.51599979401
77 6.38000011444
78 6.26800012589
79 6.13800001144
80 5.21199989319
81 4.97200012207
82 4.84700012207
83 4.77099990845
84 4.67299985886
85 4.59499979019
86 4.54099988937
87 4.47599983215
88 4.40299987793
89 4.33500003815
90 4.27400016785
91 4.22800016403
92 4.16099977493
93 4.10300016403
94 4.03200006485
95 3.97600007057
96 3.91499996185
97 3.87400007248
98 3.83699989319
99 3.79399991035
100 3.77399992943
101 3.79099988937
102 3.81699991226
103 3.84899997711
104 3.87199997902
105 3.89499998093
106 3.92899990082
107 3.94799995422
108 3.91899991035
109 3.88700008392
110 3.84299993515
111 3.80599999428
112 3.7650001049
113 3.73099994659
114 3.69099998474
115 3.66499996185
116 3.61599993706
117 3.58500003815
118 3.55900001526
119 3.52699995041
120 3.50300002098
121 3.47799992561
122 3.44799995422
123 3.41100001335
124 3.39199995995
125 3.38199996948
126 3.43499994278
127 3.44199991226
128 3.49399995804
129 3.53800010681
130 3.56900000572
131 3.61400008202
132 3.66000008583
133 4.01200008392
134 4.05900001526
135 4.09000015259
136 4.10400009155
137 4.14499998093
138 4.1779999733
139 4.22399997711
140 4.25600004196
141 4.26200008392
142 4.30000019073
143 4.35300016403
144 4.38399982452
145 4.43499994278
146 4.46799993515
147 4.46600008011
148 4.51399993896
149 4.52299976349
150 4.53200006485
151 4.19500017166
152 4.29300022125
153 4.54099988937
154 3.27099990845
155 3.41599988937
156 4.70800018311
157 4.60300016403
158 4.5529999733
159 4.8029999733
160 4.8220000267
161 4.86999988556
162 4.90100002289
163 4.92399978638
164 4.96700000763
165 5.00299978256
166 5.01000022888
167 5.03900003433
168 3.16700005531
169 3.21799993515
170 3.37400007248
171 4.10300016403
172 4.92199993134
173 4.88800001144
174 4.85699987411
175 4.82700014114
176 4.81500005722
177 4.83199977875
178 4.83199977875
179 4.84399986267
180 4.882999897
181 4.91300010681
182 4.8189997673
183 5.29600000381
184 5.47200012207
185 5.48799991608
186 5.49300003052
187 5.51200008392
188 4.58199977875
189 4.5720000267
190 5.55800008774
191 5.58699989319
192 3.64400005341
193 3.53099989891
194 4.07499980927
195 4.04699993134
196 5.68499994278
197 5.70900011063
198 5.73099994659
199 5.74499988556
200 5.77299976349
201 5.8029999733
202 5.83199977875
203 5.83199977875
204 5.85099983215
205 5.85200023651
206 5.8639998436
207 5.87900018692
208 5.90500020981
209 5.91599988937
210 5.92500019073
211 5.93699979782
212 5.94999980927
213 5.97200012207
214 5.98799991608
215 5.99599981308
216 6.0110001564
217 6.03800010681
218 6.05499982834
219 6.06699991226
220 6.07700014114
221 6.09100008011
222 6.08599996567
223 6.08599996567
224 6.08400011063
225 6.09499979019
226 6.10500001907
227 6.12799978256
228 6.125
229 6.14699983597
230 6.16400003433
231 6.1779999733
232 6.17000007629
233 6.19500017166
234 6.19199991226
235 6.20100021362
236 6.22800016403
237 6.23000001907
238 6.21799993515
239 6.23099994659
240 6.21799993515
241 6.21899986267
242 6.22499990463
243 6.21799993515
244 6.23199987411
245 6.23099994659
246 6.23299980164
247 6.24599981308
248 6.2610001564
249 6.25299978256
250 6.25699996948
251 6.257999897
252 6.2610001564
253 6.26300001144
254 6.27400016785
255 6.27799987793
256 6.26999998093
257 6.26399993896
258 6.25699996948
259 6.23000001907
260 6.22499990463
261 5.18699979782
262 5.04500007629
263 5.03599977493
264 5.02500009537
265 5.02400016785
266 5.02799987793
267 5.02699995041
268 5.0689997673
269 5.22399997711
270 2.39899992943
271 2.41400003433
272 2.45300006866
273 5.24800014496
274 5.20499992371
275 5.19600009918
276 5.24399995804
277 5.27099990845
278 5.41200017929
279 5.64200019836
280 5.74800014496
281 5.74900007248
282 5.78800010681
283 5.95100021362
284 6.0689997673
285 6.07999992371
286 6.07100009918
287 6.06300020218
288 6.04199981689
289 6.03599977493
290 6.04099988937
291 6.01599979401
292 5.9889998436
293 5.99399995804
294 5.96600008011
295 5.9470000267
296 5.92399978638
297 5.89400005341
298 5.88100004196
299 5.87900018692
300 5.85099983215
301 5.83300018311
302 5.84299993515
303 5.82899999619
304 5.79600000381
305 5.79099988937
306 5.78700017929
307 5.75699996948
308 5.75400018692
309 5.70200014114
310 5.67399978638
311 5.67199993134
312 5.65199995041
313 5.62300014496
314 5.60099983215
315 5.57899999619
316 5.55800008774
317 5.53399991989
318 5.51000022888
319 5.32899999619
320 5.10699987411
321 5.45699977875
322 5.45200014114
323 5.4359998703
324 5.42299985886
325 5.39200019836
326 5.36299991608
327 5.33400011063
328 5.29799985886
329 4.35300016403
330 4.04799985886
331 4.09299993515
332 5.03200006485
333 5.16699981689
334 5.13399982452
335 5.11600017548
336 5.09499979019
337 5.06599998474
338 5.05000019073
339 5.02699995041
340 4.94899988174
341 4.81300020218
342 4.94500017166
343 4.94199991226
344 4.90899991989
345 4.86299991608
346 4.84600019455
347 4.69199991226
348 4.55700016022
349 4.72300004959
350 4.71299982071
351 4.67000007629
352 4.65799999237
353 4.625
354 4.59700012207
355 4.5689997673
356 4.30399990082
357 4.36899995804
358 4.46899986267
359 4.44899988174
360 4.4390001297
361 4.41200017929
362 4.38500022888
363 4.36199998856
364 4.33300018311
365 4.28499984741
366 4.24100017548
367 4.20399999619
368 4.18499994278
369 4.12900018692
370 4.11199998856
371 4.07499980927
372 4.05200004578
373 4.01999998093
374 3.9849998951
375 3.96799993515
376 3.9279999733
377 3.88899993896
378 3.86299991608
379 3.84899997711
380 3.82500004768
381 3.70199990273
382 3.617000103
383 3.59800004959
384 3.55800008774
385 3.51799988747
386 3.49900007248
387 3.45399999619
388 3.42199993134
389 3.40499997139
390 3.35199999809
391 3.33800005913
392 3.31200003624
393 3.27999997139
394 3.24499988556
395 3.27500009537
396 3.3029999733
397 3.33699989319
398 3.34899997711
399 3.39800000191
400 3.43099999428
401 3.47900009155
402 3.50600004196
403 3.5569999218
404 3.58999991417
405 3.63100004196
406 3.67199993134
407 3.72499990463
408 3.75
409 3.77900004387
410 3.83599996567
411 3.89199995995
412 3.93499994278
413 3.98399996758
414 4.0609998703
415 4.125
416 4.18200016022
417 4.24399995804
418 4.29500007629
419 4.382999897
420 4.44600009918
421 4.52600002289
422 4.57600021362
423 4.65799999237
424 4.72300004959
425 4.80999994278
426 4.91499996185
427 5.02099990845
428 5.12200021744
429 5.19500017166
430 5.30800008774
431 5.41400003433
432 5.52400016785
433 5.63199996948
434 5.75400018692
435 5.88500022888
436 6.02199983597
437 6.14799976349
438 6.3109998703
439 6.45300006866
440 6.50199985504
441 6.60500001907
442 6.44299983978
443 3.07899999619
444 3.04200005531
445 3.04999995232
446 3.03299999237
447 3.03600001335
448 3.00900006294
449 3.02099990845
450 2.99099993706
451 2.99699997902
452 2.9960000515
453 2.97600007057
454 2.97399997711
455 2.96700000763
456 2.97399997711
457 2.95000004768
458 2.95499992371
459 2.94600009918
460 2.94400000572
461 2.93700003624
462 2.94600009918
463 2.95600008965
464 2.95000004768
465 2.91599988937
466 2.9240000248
467 2.9240000248
468 2.92199993134
469 2.90799999237
470 2.69099998474
471 2.65300011635
472 2.64199995995
473 2.64299988747
474 0.949000000954
475 0.721000015736
476 0.702000021935
477 0.922999978065
478 2.65700006485
479 2.64400005341
480 2.64899992943
481 2.66700005531
482 2.64499998093
483 2.65199995041
484 2.64800000191
485 2.65899991989
486 2.66400003433
487 2.66700005531
488 2.67199993134
489 2.69000005722
490 2.83100008965
491 2.92899990082
492 2.93099999428
493 2.92899990082
494 2.94799995422
495 2.9470000267
496 2.9430000782
497 2.9509999752
498 2.96799993515
499 2.95600008965
500 2.97000002861
501 2.99000000954
502 2.96799993515
503 2.97600007057
504 1.29600000381
505 1.16700005531
506 1.12800002098
507 1.13600003719
508 1.13100004196
509 1.13900005817
510 1.14100003242
511 1.14300000668
512 1.17499995232
513 1.18799996376
514 1.18299996853
515 1.18900001049
516 1.21800005436
517 1.22099995613
518 1.23099994659
519 1.24000000954
520 1.25100004673
521 1.30599999428
522 1.43799996376
523 3.17899990082
524 0.919000029564
525 0.915000021458
526 0.907000005245
527 0.945999979973
528 3.03999996185
529 2.97799992561
530 2.9240000248
531 2.882999897
532 1.31599998474
533 1.16999995708
534 1.14199995995
535 1.05999994278
536 1.08299994469
537 1.0759999752
538 1.07099997997
539 1.03499996662
540 1.00600004196
