0 4.50500011444
1 4.42700004578
2 4.44099998474
3 4.44600009918
4 4.52400016785
5 4.63899993896
6 4.67000007629
7 4.72399997711
8 4.73199987411
9 4.77199983597
10 4.79400014877
11 4.83599996567
12 4.85900020599
13 4.89599990845
14 4.93499994278
15 4.93400001526
16 4.83500003815
17 4.84700012207
18 4.87599992752
19 4.96299982071
20 5.15399980545
21 5.1859998703
22 5.23299980164
23 5.26700019836
24 5.32000017166
25 5.36299991608
26 5.39300012589
27 5.45499992371
28 5.48699998856
29 5.54500007629
30 5.60799980164
31 5.64400005341
32 5.6779999733
33 0.0
34 17.1280002594
35 17.158000946
36 17.138999939
37 0.0
38 0.0
39 0.0
40 17.232000351
41 17.1690006256
42 17.077999115
43 17.0079994202
44 16.5209999084
45 16.5389995575
46 16.5310001373
47 13.138999939
48 13.0670003891
49 12.3350000381
50 11.9139995575
51 11.595000267
52 11.6099996567
53 11.6300001144
54 11.6379995346
55 11.3470001221
56 10.986000061
57 10.4729995728
58 10.1000003815
59 8.32100009918
60 8.34599971771
61 8.19999980927
62 7.9310002327
63 7.65500020981
64 7.44799995422
65 7.23199987411
66 7.0609998703
67 6.91300010681
68 6.80000019073
69 6.78499984741
70 6.8060002327
71 6.83599996567
72 6.84299993515
73 6.875
74 6.78800010681
75 6.64200019836
76 6.52400016785
77 6.40000009537
78 6.26499986649
79 6.14400005341
80 5.23600006104
81 4.96600008011
82 4.85400009155
83 4.76300001144
84 4.67600011826
85 4.60300016403
86 4.54099988937
87 4.46199989319
88 4.40600013733
89 4.34800004959
90 4.28499984741
91 4.22800016403
92 4.17600011826
93 4.09299993515
94 4.04099988937
95 3.96300005913
96 3.93099999428
97 3.88700008392
98 3.85100007057
99 3.78800010681
100 3.757999897
101 3.8069999218
102 3.8259999752
103 3.86400008202
104 3.88599991798
105 3.89700007439
106 3.93799996376
107 3.96700000763
108 3.92199993134
109 3.882999897
110 3.82999992371
111 3.80900001526
112 3.76600003242
113 3.72699999809
114 3.68700003624
115 3.67499995232
116 3.6210000515
117 3.59299993515
118 3.5680000782
119 3.53600001335
120 3.50699996948
121 3.48000001907
122 3.44899988174
123 3.41899991035
124 3.40700006485
125 3.39100003242
126 3.42899990082
127 3.45600008965
128 3.49099993706
129 3.51699995995
130 3.57399988174
131 3.61800003052
132 3.67300009727
133 4.03800010681
134 4.06300020218
135 4.09299993515
136 4.13399982452
137 4.15899991989
138 4.1970000267
139 4.21899986267
140 4.24900007248
141 4.28700017929
142 4.31199979782
143 4.34800004959
144 4.39599990845
145 4.43300008774
146 4.47300004959
147 4.48799991608
148 4.4889998436
149 4.53900003433
150 4.53599977493
151 4.20900011063
152 4.30700016022
153 4.50400018692
154 3.27099990845
155 3.43000006676
156 4.71700000763
157 4.58099985123
158 4.54300022125
159 4.79300022125
160 4.83900022507
161 4.86199998856
162 4.90199995041
163 4.93499994278
164 4.96899986267
165 5.00099992752
166 5.02299976349
167 5.04199981689
168 3.15899991989
169 3.22799992561
170 3.36400008202
171 4.11000013351
172 4.9279999733
173 4.87900018692
174 4.86499977112
175 4.82700014114
176 4.83500003815
177 4.81500005722
178 4.83900022507
179 4.85300016403
180 4.87799978256
181 4.91099977493
182 4.8140001297
183 5.32399988174
184 5.46700000763
185 5.48500013351
186 5.49499988556
187 5.52299976349
188 4.59600019455
189 4.57100009918
190 5.55000019073
191 5.58900022507
192 3.65400004387
193 3.54200005531
194 4.07999992371
195 4.04300022125
196 5.69500017166
197 5.71099996567
198 5.72300004959
199 5.76200008392
200 5.77899980545
201 5.8140001297
202 5.83199977875
203 5.82999992371
204 5.84600019455
205 5.84299993515
206 5.86299991608
207 5.86600017548
208 5.89900016785
209 5.90100002289
210 5.92299985886
211 5.94500017166
212 5.94899988174
213 5.96099996567
214 5.98799991608
215 5.98799991608
216 6.01499986649
217 6.03999996185
218 6.07000017166
219 6.06599998474
220 6.07600021362
221 6.07999992371
222 6.0720000267
223 6.09100008011
224 6.09899997711
225 6.10799980164
226 6.10500001907
227 6.12699985504
228 6.14699983597
229 6.15399980545
230 6.15399980545
231 6.16300010681
232 6.17100000381
233 6.1970000267
234 6.21099996567
235 6.22499990463
236 6.23500013351
237 6.22499990463
238 6.22399997711
239 6.22900009155
240 6.22800016403
241 6.22100019455
242 6.22399997711
243 6.22399997711
244 6.23199987411
245 6.257999897
246 6.24499988556
247 6.23799991608
248 6.22700023651
249 6.23699998856
250 6.24599981308
251 6.26800012589
252 6.27500009537
253 6.28299999237
254 6.29500007629
255 6.25500011444
256 6.25600004196
257 6.24599981308
258 6.24100017548
259 6.257999897
260 6.24100017548
261 5.19600009918
262 5.03200006485
263 5.03200006485
264 5.03000020981
265 5.03200006485
266 5.02799987793
267 5.03000020981
268 5.08099985123
269 5.26200008392
270 2.41599988937
271 2.43499994278
272 2.45399999619
273 5.25099992752
274 5.22300004959
275 5.21000003815
276 5.24300003052
277 5.26399993896
278 5.41099977493
279 5.65500020981
280 5.73000001907
281 5.77099990845
282 5.82000017166
283 5.95499992371
284 6.08699989319
285 6.08500003815
286 6.05900001526
287 6.06500005722
288 6.07100009918
289 6.05499982834
290 6.03800010681
291 6.01399993896
292 6.00600004196
293 5.97900009155
294 5.94799995422
295 5.94799995422
296 5.92100000381
297 5.91400003433
298 5.90500020981
299 5.882999897
300 5.87300014496
301 5.84800004959
302 5.84399986267
303 5.82800006866
304 5.80900001526
305 5.79500007629
306 5.79099988937
307 5.76700019836
308 5.74300003052
309 5.73400020599
310 5.69500017166
311 5.67000007629
312 5.64799976349
313 5.625
314 5.60699987411
315 5.58099985123
316 5.56199979782
317 5.55200004578
318 5.53200006485
319 5.34299993515
320 5.08900022507
321 5.45699977875
322 5.45100021362
323 5.42600011826
324 5.40299987793
325 5.38199996948
326 5.367000103
327 5.33900022507
328 5.28999996185
329 4.37099981308
330 4.04500007629
331 4.12699985504
332 5.03000020981
333 5.16200017929
334 5.13399982452
335 5.11600017548
336 5.09899997711
337 5.06300020218
338 5.04699993134
339 5.01599979401
340 4.93800020218
341 4.80800008774
342 4.96299982071
343 4.93300008774
344 4.90199995041
345 4.87599992752
346 4.83300018311
347 4.70499992371
348 4.56500005722
349 4.73699998856
350 4.70499992371
351 4.67700004578
352 4.65399980545
353 4.61499977112
354 4.59200000763
355 4.57299995422
356 4.30800008774
357 4.37099981308
358 4.48099994659
359 4.46500015259
360 4.42700004578
361 4.42999982834
362 4.39200019836
363 4.33900022507
364 4.29600000381
365 4.26399993896
366 4.22800016403
367 4.21000003815
368 4.17100000381
369 4.15199995041
370 4.12200021744
371 4.09000015259
372 4.02799987793
373 4.01499986649
374 3.99799990654
375 3.96799993515
376 3.92700004578
377 3.91400003433
378 3.88599991798
379 3.84800004959
380 3.82899999619
381 3.72099995613
382 3.63199996948
383 3.59599995613
384 3.56900000572
385 3.52200007439
386 3.48699998856
387 3.46399998665
388 3.43499994278
389 3.41199994087
390 3.36599993706
391 3.34400010109
392 3.3180000782
393 3.27500009537
394 3.25099992752
395 3.26200008392
396 3.30800008774
397 3.32899999619
398 3.37599992752
399 3.40199995041
400 3.43600010872
401 3.48200011253
402 3.50300002098
403 3.5569999218
404 3.60199999809
405 3.64499998093
406 3.69199991226
407 3.72399997711
408 3.73399996758
409 3.77099990845
410 3.81999993324
411 3.87299990654
412 3.94099998474
413 4.00099992752
414 4.07100009918
415 4.12799978256
416 4.1939997673
417 4.26000022888
418 4.30100011826
419 4.37900018692
420 4.44899988174
421 4.52600002289
422 4.59299993515
423 4.65600013733
424 4.73299980164
425 4.8109998703
426 4.90700006485
427 5.02099990845
428 5.11499977112
429 5.20800018311
430 5.32299995422
431 5.42700004578
432 5.52600002289
433 5.64300012589
434 5.77500009537
435 5.89300012589
436 6.01900005341
437 6.17299985886
438 6.3109998703
439 6.48199987411
440 6.51000022888
441 6.59999990463
442 6.44600009918
443 3.08800005913
444 3.04999995232
445 3.04800009727
446 3.02099990845
447 3.03200006485
448 2.99900007248
449 3.02099990845
450 3.01999998093
451 2.99099993706
452 3.0039999485
453 2.992000103
454 2.97300004959
455 2.96900010109
456 2.97300004959
457 2.95199990273
458 2.94799995422
459 2.96799993515
460 2.95199990273
461 2.96600008011
462 2.93600010872
463 2.93499994278
464 2.95000004768
465 2.93499994278
466 2.94000005722
467 2.9240000248
468 2.9240000248
469 2.91300010681
470 2.67000007629
471 2.66700005531
472 2.64100003242
473 2.64899992943
474 0.949999988079
475 0.699000000954
476 0.722000002861
477 0.930999994278
478 2.65599989891
479 2.6400001049
480 2.6289999485
481 2.64800000191
482 2.65599989891
483 2.66700005531
484 2.63899993896
485 2.66700005531
486 2.67600011826
487 2.66700005531
488 2.67499995232
489 2.68300008774
490 2.82100009918
491 2.94400000572
492 2.94000005722
493 2.93899989128
494 2.95399999619
495 2.94600009918
496 2.94499993324
497 2.97099995613
498 2.96199989319
499 2.96300005913
500 2.97699999809
501 2.97099995613
502 2.97799992561
503 2.9849998951
504 2.99099993706
505 1.16499996185
506 1.23300004005
507 1.11000001431
508 1.11000001431
509 1.08500003815
510 1.07500004768
511 1.09700000286
512 1.11800003052
513 1.12600004673
514 1.16600000858
515 1.16999995708
516 1.18700003624
517 1.17700004578
518 1.19200003147
519 1.21800005436
520 1.21399998665
521 1.36199998856
522 1.30200004578
523 3.17600011826
524 0.924000024796
525 0.929000020027
526 0.912999987602
527 0.949000000954
528 3.04099988937
529 2.99099993706
530 2.93899989128
531 1.42599999905
532 1.20399999619
533 1.17700004578
534 1.16100001335
535 1.13100004196
536 1.09200000763
537 1.06099998951
538 1.06900000572
539 1.02600002289
540 0.999000012875
