0 4.50699996948
1 4.43800020218
2 4.44999980927
3 4.44600009918
4 4.53700017929
5 4.63999986649
6 4.67500019073
7 4.71799993515
8 4.73699998856
9 4.76999998093
10 4.80999994278
11 4.82800006866
12 4.8639998436
13 4.87900018692
14 4.92899990082
15 4.94899988174
16 4.84100008011
17 4.84800004959
18 4.88000011444
19 4.96299982071
20 5.132999897
21 5.19299983978
22 5.22800016403
23 5.26800012589
24 5.31599998474
25 5.36299991608
26 5.40399980545
27 5.4390001297
28 5.50099992752
29 5.55399990082
30 5.62300014496
31 5.65700006485
32 5.65600013733
33 0.0
34 17.1399993896
35 17.1509990692
36 17.1439990997
37 0.0
38 0.0
39 0.0
40 17.2409992218
41 17.1599998474
42 17.0739994049
43 17.013999939
44 16.5310001373
45 16.5499992371
46 16.5209999084
47 13.1660003662
48 13.0869998932
49 12.3330001831
50 11.9350004196
51 11.5830001831
52 11.607000351
53 11.6239995956
54 11.6260004044
55 11.343000412
56 10.9779996872
57 10.4610004425
58 10.0909996033
59 8.31299972534
60 8.33100032806
61 8.19600009918
62 7.89699983597
63 7.64599990845
64 7.4470000267
65 7.24599981308
66 7.06699991226
67 6.89400005341
68 6.78800010681
69 6.77199983597
70 6.80399990082
71 6.83300018311
72 6.8639998436
73 6.87200021744
74 6.79600000381
75 6.63100004196
76 6.51800012589
77 6.38399982452
78 6.28200006485
79 6.14699983597
80 5.21500015259
81 4.96899986267
82 4.85500001907
83 4.77500009537
84 4.6810002327
85 4.61499977112
86 4.54500007629
87 4.46600008011
88 4.40399980545
89 4.34200000763
90 4.27400016785
91 4.22300004959
92 4.15199995041
93 4.09299993515
94 4.01900005341
95 3.98000001907
96 3.93300008774
97 3.87700009346
98 3.82800006866
99 3.79200005531
100 3.75999999046
101 3.77699995041
102 3.8180000782
103 3.83299994469
104 3.88100004196
105 3.89700007439
106 3.93300008774
107 3.94400000572
108 3.91300010681
109 3.89499998093
110 3.84899997711
111 3.79800009727
112 3.77200007439
113 3.72699999809
114 3.69199991226
115 3.65499997139
116 3.61299991608
117 3.58200001717
118 3.56900000572
119 3.53200006485
120 3.51200008392
121 3.48000001907
122 3.45399999619
123 3.42600011826
124 3.40799999237
125 3.38000011444
126 3.4240000248
127 3.4470000267
128 3.48300004005
129 3.53399991989
130 3.55800008774
131 3.61299991608
132 3.66300010681
133 4.02600002289
134 4.0609998703
135 4.09399986267
136 4.12699985504
137 4.15500020981
138 4.19099998474
139 4.22399997711
140 4.24700021744
141 4.28299999237
142 4.30399990082
143 4.36299991608
144 4.38199996948
145 4.40700006485
146 4.46899986267
147 4.46400022507
148 4.51000022888
149 4.51599979401
150 4.53900003433
151 4.20100021362
152 4.31199979782
153 4.59999990463
154 3.24699997902
155 3.43000006676
156 4.70900011063
157 4.60400009155
158 4.53800010681
159 4.80499982834
160 4.84200000763
161 4.87300014496
162 4.90299987793
163 4.94000005722
164 4.96500015259
165 4.9889998436
166 5.00899982452
167 5.04500007629
168 3.16300010681
169 3.24799990654
170 3.36599993706
171 4.11000013351
172 4.92199993134
173 4.88500022888
174 4.86600017548
175 4.83500003815
176 4.83500003815
177 4.81300020218
178 4.82600021362
179 4.85200023651
180 4.86600017548
181 4.90299987793
182 4.82999992371
183 5.33199977875
184 5.46999979019
185 5.4889998436
186 5.49399995804
187 5.51999998093
188 4.60900020599
189 4.58900022507
190 5.55200004578
191 5.59600019455
192 3.64499998093
193 3.52399992943
194 4.05999994278
195 4.04899978638
196 5.6890001297
197 5.70399999619
198 5.73699998856
199 5.75600004196
200 5.78499984741
201 5.80900001526
202 5.83500003815
203 5.82700014114
204 5.83900022507
205 5.84999990463
206 5.87300014496
207 5.88999986649
208 5.90500020981
209 5.91499996185
210 5.91499996185
211 5.92500019073
212 5.96500015259
213 5.96799993515
214 5.99599981308
215 5.98799991608
216 6.00500011444
217 6.03299999237
218 6.05700016022
219 6.07700014114
220 6.09100008011
221 6.07700014114
222 6.07700014114
223 6.09399986267
224 6.11199998856
225 6.11499977112
226 6.11499977112
227 6.13100004196
228 6.14099979401
229 6.14699983597
230 6.14900016785
231 6.15199995041
232 6.15899991989
233 6.1810002327
234 6.21099996567
235 6.22300004959
236 6.21299982071
237 6.22900009155
238 6.23999977112
239 6.21899986267
240 6.22499990463
241 6.21799993515
242 6.22700023651
243 6.22800016403
244 6.22800016403
245 6.25199985504
246 6.23999977112
247 6.242000103
248 6.2389998436
249 6.23799991608
250 6.25299978256
251 6.25199985504
252 6.26900005341
253 6.27600002289
254 6.28499984741
255 6.28000020981
256 6.24900007248
257 6.26700019836
258 6.24399995804
259 6.24900007248
260 6.24499988556
261 5.19000005722
262 5.03999996185
263 5.03399991989
264 5.03499984741
265 5.02799987793
266 5.02299976349
267 5.02500009537
268 5.0720000267
269 5.25400018692
270 2.42000007629
271 2.42499995232
272 2.44400000572
273 5.24399995804
274 5.21099996567
275 5.20900011063
276 5.24800014496
277 5.27099990845
278 5.40399980545
279 5.65899991989
280 5.74700021744
281 5.78100013733
282 5.8189997673
283 5.94099998474
284 6.08199977875
285 6.05800008774
286 6.0609998703
287 6.0640001297
288 6.05399990082
289 6.03499984741
290 6.04199981689
291 6.01399993896
292 5.99900007248
293 5.98299980164
294 5.95399999619
295 5.93499994278
296 5.9359998703
297 5.91200017929
298 5.882999897
299 5.88399982452
300 5.85599994659
301 5.84800004959
302 5.83300018311
303 5.80499982834
304 5.8029999733
305 5.78200006485
306 5.77899980545
307 5.78299999237
308 5.74399995804
309 5.71600008011
310 5.6939997673
311 5.68200016022
312 5.63800001144
313 5.6139998436
314 5.60400009155
315 5.59299993515
316 5.55700016022
317 5.54899978638
318 5.51399993896
319 5.31500005722
320 5.11600017548
321 5.45499992371
322 5.4359998703
323 5.4310002327
324 5.42100000381
325 5.40000009537
326 5.36600017548
327 5.32600021362
328 5.29899978638
329 4.367000103
330 4.05999994278
331 4.11999988556
332 5.01800012589
333 5.16900014877
334 5.14200019836
335 5.11199998856
336 5.09399986267
337 5.06599998474
338 5.04699993134
339 5.03399991989
340 4.94899988174
341 4.81199979782
342 4.95499992371
343 4.92899990082
344 4.89699983597
345 4.86899995804
346 4.82700014114
347 4.71199989319
348 4.56599998474
349 4.74499988556
350 4.70800018311
351 4.66699981689
352 4.63700008392
353 4.6139998436
354 4.59399986267
355 4.55800008774
356 4.30399990082
357 4.35500001907
358 4.46899986267
359 4.44099998474
360 4.44199991226
361 4.39900016785
362 4.37599992752
363 4.36800003052
364 4.32499980927
365 4.29699993134
366 4.22900009155
367 4.22200012207
368 4.15500020981
369 4.15000009537
370 4.09999990463
371 4.07700014114
372 4.03700017929
373 4.0110001564
374 3.99300003052
375 3.94799995422
376 3.9319999218
377 3.91199994087
378 3.86500000954
379 3.84500002861
380 3.81399989128
381 3.70199990273
382 3.64199995995
383 3.60500001907
384 3.55599999428
385 3.53800010681
386 3.50300002098
387 3.46799993515
388 3.4319999218
389 3.39800000191
390 3.36800003052
391 3.34699988365
392 3.3069999218
393 3.26999998093
394 3.26600003242
395 3.25300002098
396 3.29299998283
397 3.33899998665
398 3.37599992752
399 3.40499997139
400 3.44400000572
401 3.47900009155
402 3.52600002289
403 3.55800008774
404 3.61199998856
405 3.6400001049
406 3.68300008774
407 3.72499990463
408 3.74399995804
409 3.76799988747
410 3.84500002861
411 3.89800000191
412 3.9240000248
413 4.00099992752
414 4.06599998474
415 4.12300014496
416 4.16900014877
417 4.23699998856
418 4.32000017166
419 4.3860001564
420 4.45399999619
421 4.53299999237
422 4.59000015259
423 4.65799999237
424 4.72599983215
425 4.81599998474
426 4.91599988937
427 5.02600002289
428 5.11000013351
429 5.21799993515
430 5.3109998703
431 5.41400003433
432 5.53000020981
433 5.63500022888
434 5.76200008392
435 5.90100002289
436 6.02099990845
437 6.16800022125
438 6.31500005722
439 6.48099994659
440 6.50600004196
441 4.54199981689
442 4.48699998856
443 3.61999988556
444 3.04399991035
445 3.02699995041
446 3.04999995232
447 3.02099990845
448 3.00999999046
449 2.99900007248
450 3.01200008392
451 3.00500011444
452 2.99799990654
453 2.992000103
454 2.98200011253
455 2.99300003052
456 2.97900009155
457 2.97000002861
458 2.95900011063
459 2.9470000267
460 2.9470000267
461 2.96799993515
462 2.94799995422
463 2.93600010872
464 2.92899990082
465 2.91799998283
466 2.93300008774
467 2.91199994087
468 2.91899991035
469 2.91000008583
470 2.69000005722
471 2.65599989891
472 2.64299988747
473 2.632999897
474 0.952000021935
475 0.70300000906
476 0.699999988079
477 0.926999986172
478 2.65599989891
479 2.64700007439
480 2.65000009537
481 2.65100002289
482 2.65300011635
483 2.66700005531
484 2.6400001049
485 2.64100003242
486 2.67899990082
487 2.67600011826
488 2.68300008774
489 2.66599988937
490 2.82899999619
491 2.93099999428
492 2.94099998474
493 2.9279999733
494 2.94099998474
495 2.9430000782
496 2.96799993515
497 2.96300005913
498 2.95399999619
499 2.98399996758
500 2.96799993515
501 2.97900009155
502 2.96900010109
503 2.97699999809
504 2.99300003052
505 1.36899995804
506 1.20700001717
507 1.15799999237
508 1.14600002766
509 1.14100003242
510 1.15799999237
511 1.16400003433
512 1.15999996662
513 1.18499994278
514 1.22899997234
515 1.21399998665
516 1.22099995613
517 1.22899997234
518 1.24500000477
519 1.25300002098
520 1.24199998379
521 1.28699994087
522 1.39499998093
523 1.30700004101
524 0.945999979973
525 0.916000008583
526 0.92199999094
527 0.954999983311
528 3.04600000381
529 2.98600006104
530 2.93700003624
531 1.30900001526
532 1.20799994469
533 1.14100003242
534 1.11099994183
535 1.08899998665
536 1.10599994659
537 1.10099995136
538 1.08200001717
539 1.07400000095
540 1.04999995232
