0 4.49700021744
1 4.41900014877
2 4.45100021362
3 4.46199989319
4 4.54099988937
5 4.64699983597
6 4.67399978638
7 4.72200012207
8 4.73500013351
9 4.76200008392
10 4.78399991989
11 4.83300018311
12 4.85799980164
13 4.90399980545
14 4.91699981689
15 4.9439997673
16 4.84299993515
17 4.84200000763
18 4.8860001564
19 4.95699977875
20 5.14699983597
21 5.1890001297
22 5.21899986267
23 5.257999897
24 5.31599998474
25 5.36100006104
26 5.39699983597
27 5.46000003815
28 5.49900007248
29 5.54500007629
30 5.59899997711
31 5.64699983597
32 5.65100002289
33 0.0
34 17.1490001678
35 17.1439990997
36 17.1590003967
37 0.0
38 0.0
39 0.0
40 17.2339992523
41 17.1669998169
42 17.0620002747
43 17.0069999695
44 16.5340003967
45 16.5400009155
46 16.5170001984
47 13.1680002213
48 13.0640001297
49 12.3380002975
50 11.9449996948
51 11.5970001221
52 11.6140003204
53 11.6309995651
54 11.6219997406
55 11.359000206
56 11.0069999695
57 10.4650001526
58 10.1120004654
59 8.28499984741
60 8.33699989319
61 8.20400047302
62 7.92399978638
63 7.65000009537
64 7.45599985123
65 7.24900007248
66 7.05999994278
67 6.90799999237
68 6.78399991989
69 6.77199983597
70 6.79899978638
71 6.81799983978
72 6.84800004959
73 6.87699985504
74 6.80100011826
75 6.64499998093
76 6.49900007248
77 6.37699985504
78 6.2610001564
79 6.14499998093
80 5.21500015259
81 4.97200012207
82 4.85400009155
83 4.77299976349
84 4.68200016022
85 4.61999988556
86 4.53700017929
87 4.47900009155
88 4.40100002289
89 4.33500003815
90 4.26999998093
91 4.21099996567
92 4.13999986649
93 4.11800003052
94 4.03999996185
95 3.98099994659
96 3.9240000248
97 3.8710000515
98 3.84699988365
99 3.78600001335
100 3.77900004387
101 3.79999995232
102 3.82699990273
103 3.84200000763
104 3.88499999046
105 3.92199993134
106 3.96000003815
107 3.96499991417
108 3.91599988937
109 3.89800000191
110 3.84699988365
111 3.81699991226
112 3.77099990845
113 3.74099993706
114 3.69099998474
115 3.66599988937
116 3.61800003052
117 3.58100008965
118 3.56100010872
119 3.53200006485
120 3.507999897
121 3.48000001907
122 3.4470000267
123 3.41899991035
124 3.40199995041
125 3.382999897
126 3.43099999428
127 3.4430000782
128 3.48799991608
129 3.53200006485
130 3.57699990273
131 3.59800004959
132 3.67199993134
133 4.01599979401
134 4.04600000381
135 4.08500003815
136 4.12799978256
137 4.14599990845
138 4.17399978638
139 4.22100019455
140 4.24900007248
141 4.28000020981
142 4.29799985886
143 4.34100008011
144 4.37900018692
145 4.42399978638
146 4.46899986267
147 4.49800014496
148 4.507999897
149 4.54300022125
150 4.54500007629
151 4.1810002327
152 4.28999996185
153 4.6139998436
154 3.26200008392
155 3.41100001335
156 4.71700000763
157 4.61000013351
158 4.5609998703
159 4.79799985886
160 4.83599996567
161 4.87599992752
162 4.90399980545
163 4.93499994278
164 4.95399999619
165 5.0
166 5.02299976349
167 5.04099988937
168 3.17499995232
169 3.22099995613
170 3.367000103
171 4.125
172 4.91300010681
173 4.88199996948
174 4.85699987411
175 4.84600019455
176 4.8140001297
177 4.82100009918
178 4.82499980927
179 4.84800004959
180 4.86999988556
181 4.90199995041
182 4.8220000267
183 5.32999992371
184 5.46799993515
185 5.4889998436
186 5.50500011444
187 5.50199985504
188 4.58400011063
189 4.56500005722
190 5.55499982834
191 5.59100008011
192 3.63700008392
193 3.53600001335
194 4.0689997673
195 4.07600021362
196 5.68400001526
197 5.70900011063
198 5.73099994659
199 5.75199985504
200 5.77199983597
201 5.82100009918
202 5.8220000267
203 5.82800006866
204 5.85300016403
205 5.83799982071
206 5.87799978256
207 5.88100004196
208 5.89599990845
209 5.89499998093
210 5.91699981689
211 5.94099998474
212 5.95900011063
213 5.96999979019
214 5.99399995804
215 6.00099992752
216 6.01700019836
217 6.04600000381
218 6.03800010681
219 6.08199977875
220 6.07600021362
221 6.07600021362
222 6.10099983215
223 6.11199998856
224 6.10099983215
225 6.10400009155
226 6.09899997711
227 6.11800003052
228 6.13899993896
229 6.15000009537
230 6.14400005341
231 6.17399978638
232 6.17999982834
233 6.19799995422
234 6.1939997673
235 6.20599985123
236 6.21400022507
237 6.22700023651
238 6.22399997711
239 6.22100019455
240 6.23699998856
241 6.23699998856
242 6.23000001907
243 6.22300004959
244 6.24499988556
245 6.23299980164
246 6.23799991608
247 6.24900007248
248 6.24300003052
249 6.26000022888
250 6.26900005341
251 6.26300001144
252 6.27400016785
253 6.2610001564
254 6.26599979401
255 6.28299999237
256 6.26599979401
257 6.25299978256
258 6.25199985504
259 6.26200008392
260 6.22100019455
261 5.19999980927
262 5.03599977493
263 5.02699995041
264 5.04500007629
265 5.03900003433
266 5.02799987793
267 5.02099990845
268 5.05700016022
269 5.25899982452
270 2.39899992943
271 2.43600010872
272 2.4509999752
273 5.24300003052
274 5.21000003815
275 5.22300004959
276 5.24700021744
277 5.27299976349
278 5.41499996185
279 5.65299987793
280 5.74100017548
281 5.76399993896
282 5.80800008774
283 5.94600009918
284 6.09000015259
285 6.07700014114
286 6.07399988174
287 6.0689997673
288 6.04699993134
289 6.03599977493
290 6.02199983597
291 6.0110001564
292 6.0110001564
293 5.96500015259
294 5.96299982071
295 5.94099998474
296 5.93699979782
297 5.90799999237
298 5.88899993896
299 5.88899993896
300 5.84800004959
301 5.85799980164
302 5.84899997711
303 5.80900001526
304 5.81699991226
305 5.80399990082
306 5.77299976349
307 5.76399993896
308 5.75199985504
309 5.71199989319
310 5.67899990082
311 5.67299985886
312 5.64499998093
313 5.62300014496
314 5.60599994659
315 5.59800004959
316 5.5560002327
317 5.54600000381
318 5.53399991989
319 5.32999992371
320 5.09800004959
321 5.45699977875
322 5.44999980927
323 5.42199993134
324 5.42600011826
325 5.38999986649
326 5.35799980164
327 5.33099985123
328 5.30900001526
329 4.37200021744
330 4.04799985886
331 4.14499998093
332 5.00099992752
333 5.15899991989
334 5.13999986649
335 5.10799980164
336 5.09499979019
337 5.07600021362
338 5.05200004578
339 5.02799987793
340 4.94000005722
341 4.8140001297
342 4.95100021362
343 4.9439997673
344 4.91099977493
345 4.87400007248
346 4.84999990463
347 4.70499992371
348 4.55800008774
349 4.7389998436
350 4.70200014114
351 4.67299985886
352 4.65700006485
353 4.617000103
354 4.58900022507
355 4.55499982834
356 4.3109998703
357 4.37699985504
358 4.48999977112
359 4.46600008011
360 4.42399978638
361 4.40299987793
362 4.39200019836
363 4.35500001907
364 4.31799983978
365 4.29699993134
366 4.25600004196
367 4.21000003815
368 4.18499994278
369 4.15299987793
370 4.11800003052
371 4.05700016022
372 4.04199981689
373 4.02600002289
374 3.98900008202
375 3.95700001717
376 3.93000006676
377 3.91799998283
378 3.86599993706
379 3.85700011253
380 3.81500005722
381 3.71399998665
382 3.64899992943
383 3.60199999809
384 3.55500006676
385 3.53399991989
386 3.4960000515
387 3.45199990273
388 3.43000006676
389 3.40400004387
390 3.36500000954
391 3.3259999752
392 3.30100011826
393 3.28900003433
394 3.25999999046
395 3.25900006294
396 3.30500006676
397 3.33999991417
398 3.36500000954
399 3.40199995041
400 3.45499992371
401 3.47099995613
402 3.5150001049
403 3.56900000572
404 3.58899998665
405 3.64299988747
406 3.67300009727
407 3.72099995613
408 3.74000000954
409 3.79399991035
410 3.83100008965
411 3.87700009346
412 3.93799996376
413 4.00400018692
414 4.07399988174
415 4.12900018692
416 4.16300010681
417 4.25199985504
418 4.30999994278
419 4.37900018692
420 4.4310002327
421 4.52400016785
422 4.58599996567
423 4.65399980545
424 4.72499990463
425 4.8060002327
426 4.91300010681
427 5.02199983597
428 5.11000013351
429 5.21199989319
430 5.31699991226
431 5.42299985886
432 5.53000020981
433 5.63800001144
434 5.75899982452
435 5.89499998093
436 6.01999998093
437 6.17000007629
438 6.33300018311
439 6.47599983215
440 6.51000022888
441 6.61800003052
442 6.48199987411
443 3.07899999619
444 3.05100011826
445 3.05200004578
446 3.04399991035
447 3.02300000191
448 3.00500011444
449 3.00600004196
450 3.02399992943
451 2.98699998856
452 2.97600007057
453 2.98200011253
454 2.99399995804
455 2.97199988365
456 2.96199989319
457 2.97600007057
458 2.97300004959
459 2.95000004768
460 2.94499993324
461 2.9319999218
462 2.96199989319
463 2.93300008774
464 2.93300008774
465 2.93799996376
466 2.9430000782
467 2.93400001526
468 2.91599988937
469 2.91700005531
470 2.67499995232
471 2.6400001049
472 2.62599992752
473 2.65899991989
474 0.949999988079
475 0.709999978542
476 0.72000002861
477 0.930000007153
478 2.64299988747
479 2.632999897
480 2.65499997139
481 2.65199995041
482 2.65199995041
483 2.66400003433
484 2.66599988937
485 2.65199995041
486 2.66599988937
487 2.64899992943
488 2.67600011826
489 2.68300008774
490 2.82800006866
491 2.94499993324
492 2.93099999428
493 2.94099998474
494 2.95900011063
495 2.9470000267
496 2.96199989319
497 2.95199990273
498 2.95799994469
499 2.97699999809
500 2.992000103
501 2.97099995613
502 2.99900007248
503 2.99099993706
504 1.24100005627
505 1.26499998569
506 1.15499997139
507 1.16499996185
508 1.1590000391
509 1.13499999046
510 1.16700005531
511 1.16199994087
512 1.17100000381
513 1.21800005436
514 1.21800005436
515 1.20500004292
516 1.22000002861
517 1.23000001907
518 1.21899998188
519 1.23500001431
520 1.27300000191
521 1.39400005341
522 1.38100004196
523 3.18000006676
524 0.944999992847
525 0.912999987602
526 0.907000005245
527 0.950999975204
528 3.05100011826
529 2.99399995804
530 1.27600002289
531 1.26699995995
532 1.17700004578
533 1.13399994373
534 1.09000003338
535 1.09599995613
536 1.10000002384
537 1.09399998188
538 1.09500002861
539 1.07500004768
540 1.03299999237
