0 4.507999897
1 4.43400001526
2 4.45599985123
3 4.47700023651
4 4.52899980545
5 4.64400005341
6 4.66800022125
7 4.70300006866
8 4.73000001907
9 4.77400016785
10 4.78700017929
11 4.82000017166
12 4.84999990463
13 4.88199996948
14 4.91800022125
15 4.93200016022
16 4.84100008011
17 4.85699987411
18 4.88700008392
19 4.97599983215
20 5.13999986649
21 5.1779999733
22 5.22900009155
23 5.2610001564
24 5.3060002327
25 5.35300016403
26 5.40299987793
27 5.45100021362
28 5.49100017548
29 5.54799985886
30 5.59899997711
31 5.6360001564
32 5.66099977493
33 0.0
34 17.1560001373
35 17.1469993591
36 17.1560001373
37 0.0
38 0.0
39 0.0
40 17.2390003204
41 17.1760005951
42 17.0729999542
43 17.0069999695
44 16.5300006866
45 16.5389995575
46 16.513999939
47 13.1540002823
48 13.0830001831
49 12.3559999466
50 11.9720001221
51 11.5830001831
52 11.6079998016
53 11.6319999695
54 11.6169996262
55 11.3389997482
56 10.9890003204
57 10.4639997482
58 10.1309995651
59 8.37100028992
60 8.32900047302
61 8.19600009918
62 7.90999984741
63 7.62799978256
64 7.45800018311
65 7.25299978256
66 7.06199979782
67 6.89400005341
68 6.78299999237
69 6.78900003433
70 6.80700016022
71 6.83900022507
72 6.84399986267
73 6.867000103
74 6.78800010681
75 6.63999986649
76 6.50899982452
77 6.40100002289
78 6.25899982452
79 6.15899991989
80 5.22399997711
81 4.96700000763
82 4.85099983215
83 4.76399993896
84 4.67600011826
85 4.60300016403
86 4.54300022125
87 4.47800016403
88 4.41099977493
89 4.33500003815
90 4.28200006485
91 4.20900011063
92 4.15299987793
93 4.08500003815
94 4.03700017929
95 3.97699999809
96 3.9319999218
97 3.88700008392
98 3.84200000763
99 3.78299999237
100 3.77800011635
101 3.79999995232
102 3.83599996567
103 3.85500001907
104 3.867000103
105 3.92199993134
106 3.93300008774
107 3.95900011063
108 3.9319999218
109 3.88700008392
110 3.83899998665
111 3.80100011826
112 3.76699995995
113 3.71399998665
114 3.69099998474
115 3.65799999237
116 3.6289999485
117 3.60500001907
118 3.56100010872
119 3.53299999237
120 3.50099992752
121 3.46000003815
122 3.45499992371
123 3.41499996185
124 3.39700007439
125 3.39499998093
126 3.42100000381
127 3.45600008965
128 3.48099994659
129 3.53299999237
130 3.57299995422
131 3.61800003052
132 3.66000008583
133 4.02899980545
134 4.04899978638
135 4.09800004959
136 4.11800003052
137 4.13199996948
138 4.1939997673
139 4.20699977875
140 4.22599983215
141 4.27799987793
142 4.31199979782
143 4.36199998856
144 4.39099979401
145 4.43300008774
146 4.46400022507
147 4.48999977112
148 4.52099990845
149 4.51599979401
150 4.55700016022
151 4.1970000267
152 4.29500007629
153 4.52699995041
154 3.27099990845
155 3.41700005531
156 4.72200012207
157 4.59100008011
158 4.53900003433
159 4.78800010681
160 4.83500003815
161 4.86899995804
162 4.88500022888
163 4.93699979782
164 4.95300006866
165 4.98699998856
166 5.02099990845
167 5.03499984741
168 3.16100001335
169 3.23600006104
170 3.3710000515
171 4.11499977112
172 4.91800022125
173 4.88999986649
174 4.85900020599
175 4.84299993515
176 4.81300020218
177 4.82100009918
178 4.83500003815
179 4.86000013351
180 4.87099981308
181 4.90199995041
182 4.81699991226
183 5.31300020218
184 5.45800018311
185 5.4889998436
186 5.49599981308
187 5.5110001564
188 4.60099983215
189 4.58099985123
190 5.55999994278
191 5.59200000763
192 3.6400001049
193 3.51900005341
194 4.08300018311
195 4.03999996185
196 5.67399978638
197 5.70900011063
198 5.73199987411
199 5.75199985504
200 5.78900003433
201 5.79899978638
202 5.82800006866
203 5.83300018311
204 5.85300016403
205 5.85099983215
206 5.867000103
207 5.88500022888
208 5.88199996948
209 5.90199995041
210 5.93499994278
211 5.93699979782
212 5.96199989319
213 5.97499990463
214 5.97900009155
215 5.99399995804
216 6.007999897
217 6.04400014877
218 6.05700016022
219 6.07399988174
220 6.07700014114
221 6.09299993515
222 6.10200023651
223 6.09600019455
224 6.09100008011
225 6.11000013351
226 6.12900018692
227 6.12400007248
228 6.13399982452
229 6.15199995041
230 6.16099977493
231 6.16699981689
232 6.18699979782
233 6.17299985886
234 6.17700004578
235 6.20699977875
236 6.23099994659
237 6.23099994659
238 6.21700000763
239 6.22399997711
240 6.22200012207
241 6.23799991608
242 6.21600008011
243 6.23699998856
244 6.21299982071
245 6.257999897
246 6.22100019455
247 6.23199987411
248 6.26000022888
249 6.26700019836
250 6.25400018692
251 6.2389998436
252 6.25299978256
253 6.28900003433
254 6.27199983597
255 6.27099990845
256 6.26000022888
257 6.26499986649
258 6.26300001144
259 6.25699996948
260 6.24900007248
261 5.17700004578
262 5.03200006485
263 5.03499984741
264 5.03599977493
265 5.03800010681
266 5.02299976349
267 5.03299999237
268 5.0609998703
269 5.24300003052
270 2.40000009537
271 2.41100001335
272 2.45000004768
273 5.24800014496
274 5.21700000763
275 5.21899986267
276 5.23699998856
277 5.27299976349
278 5.41300010681
279 5.67399978638
280 5.73799991608
281 5.77600002289
282 5.79500007629
283 5.9439997673
284 6.08699989319
285 6.07999992371
286 6.07800006866
287 6.07499980927
288 6.05200004578
289 6.04099988937
290 6.01800012589
291 6.007999897
292 5.99300003052
293 5.97900009155
294 5.94999980927
295 5.94899988174
296 5.91699981689
297 5.91900014877
298 5.8860001564
299 5.867000103
300 5.85099983215
301 5.84399986267
302 5.83199977875
303 5.82000017166
304 5.79600000381
305 5.77699995041
306 5.78800010681
307 5.7610001564
308 5.742000103
309 5.72100019455
310 5.70200014114
311 5.66499996185
312 5.65000009537
313 5.62900018692
314 5.60500001907
315 5.58099985123
316 5.55999994278
317 5.53499984741
318 5.52699995041
319 5.33400011063
320 5.09499979019
321 5.45599985123
322 5.44799995422
323 5.4390001297
324 5.42100000381
325 5.38700008392
326 5.36299991608
327 5.33300018311
328 5.30399990082
329 4.36899995804
330 4.05000019073
331 4.11899995804
332 5.02899980545
333 5.1779999733
334 5.1360001564
335 5.10599994659
336 5.09600019455
337 5.07000017166
338 5.03999996185
339 5.02500009537
340 4.9470000267
341 4.8109998703
342 4.95800018311
343 4.93499994278
344 4.89400005341
345 4.86499977112
346 4.84200000763
347 4.70100021362
348 4.57100009918
349 4.73999977112
350 4.71199989319
351 4.67000007629
352 4.65700006485
353 4.61600017548
354 4.58400011063
355 4.5609998703
356 4.32399988174
357 4.34999990463
358 4.48600006104
359 4.46000003815
360 4.44500017166
361 4.39900016785
362 4.39400005341
363 4.36000013351
364 4.31699991226
365 4.28200006485
366 4.24800014496
367 4.21099996567
368 4.16699981689
369 4.15600013733
370 4.10400009155
371 4.05999994278
372 4.04300022125
373 4.00600004196
374 3.99399995804
375 3.9509999752
376 3.92000007629
377 3.89400005341
378 3.882999897
379 3.84599995613
380 3.82299995422
381 3.71000003815
382 3.625
383 3.60199999809
384 3.56299996376
385 3.52999997139
386 3.49300003052
387 3.47099995613
388 3.43300008774
389 3.39100003242
390 3.3789999485
391 3.34599995613
392 3.30900001526
393 3.27099990845
394 3.25500011444
395 3.27099990845
396 3.30100011826
397 3.34100008011
398 3.3710000515
399 3.40400004387
400 3.44199991226
401 3.47900009155
402 3.52399992943
403 3.5490000248
404 3.59599995613
405 3.64499998093
406 3.69199991226
407 3.72699999809
408 3.73699998856
409 3.77999997139
410 3.81599998474
411 3.875
412 3.92499995232
413 3.99699997902
414 4.0689997673
415 4.12699985504
416 4.19999980927
417 4.22800016403
418 4.29899978638
419 4.37900018692
420 4.45699977875
421 4.52600002289
422 4.59600019455
423 4.66200017929
424 4.73699998856
425 4.81599998474
426 4.89900016785
427 5.0110001564
428 5.11899995804
429 5.21400022507
430 5.32000017166
431 5.40799999237
432 5.53200006485
433 5.64400005341
434 5.77899980545
435 5.87900018692
436 6.01999998093
437 6.17700004578
438 6.3140001297
439 6.47200012207
440 6.50899982452
441 6.60500001907
442 6.47800016403
443 3.08899998665
444 3.04800009727
445 3.02600002289
446 3.02399992943
447 3.01699995995
448 3.01799988747
449 3.01300001144
450 3.0
451 2.9960000515
452 3.0039999485
453 2.99499988556
454 2.96399998665
455 2.97000002861
456 2.96399998665
457 2.94899988174
458 2.97300004959
459 2.95199990273
460 2.96900010109
461 2.94499993324
462 2.94499993324
463 2.9319999218
464 2.93000006676
465 2.94000005722
466 2.9279999733
467 2.92300009727
468 2.92300009727
469 2.91199994087
470 2.66899991035
471 2.65000009537
472 2.61599993706
473 2.6400001049
474 0.943000018597
475 0.716000020504
476 0.708999991417
477 0.930999994278
478 2.66000008583
479 2.65000009537
480 2.65000009537
481 2.66700005531
482 2.6400001049
483 2.66799998283
484 2.65599989891
485 2.66599988937
486 2.66100001335
487 2.66700005531
488 2.66000008583
489 2.67100000381
490 2.83599996567
491 2.92899990082
492 2.93799996376
493 2.95499992371
494 2.95199990273
495 2.96900010109
496 2.95300006866
497 2.97000002861
498 2.97000002861
499 2.96900010109
500 2.96099996567
501 2.98600006104
502 2.98000001907
503 3.00200009346
504 1.34800004959
505 1.20000004768
506 1.14900004864
507 1.13800001144
508 1.13900005817
509 1.12399995327
510 1.13699996471
511 1.13900005817
512 1.16999995708
513 1.20799994469
514 1.19799995422
515 1.20000004768
516 1.19299995899
517 1.23199999332
518 1.22099995613
519 1.24000000954
520 1.26699995995
521 1.31900000572
522 1.45000004768
523 3.16499996185
524 0.930000007153
525 0.910000026226
526 0.903999984264
527 0.940999984741
528 3.03800010681
529 2.97399997711
530 2.93499994278
531 1.3259999752
532 1.1779999733
533 1.11600005627
534 1.08000004292
535 1.0759999752
536 1.10000002384
537 1.08899998665
538 1.07099997997
539 1.05799996853
540 1.04200005531
