0 4.50099992752
1 4.44000005722
2 4.45699977875
3 4.45300006866
4 4.53900003433
5 4.64400005341
6 4.68499994278
7 4.71700000763
8 4.72599983215
9 4.7610001564
10 4.78499984741
11 4.82499980927
12 4.87400007248
13 4.89200019836
14 4.92399978638
15 4.94600009918
16 4.83199977875
17 4.86100006104
18 4.87099981308
19 4.96199989319
20 5.15000009537
21 5.1890001297
22 5.23099994659
23 5.27099990845
24 5.3189997673
25 5.35699987411
26 5.40799999237
27 5.45499992371
28 5.49900007248
29 5.53800010681
30 5.59700012207
31 5.64200019836
32 5.65899991989
33 0.0
34 17.1469993591
35 17.1289997101
36 17.156999588
37 0.0
38 0.0
39 0.0
40 17.2269992828
41 17.1599998474
42 17.0540008545
43 16.9950008392
44 16.5160007477
45 16.5349998474
46 16.5240001678
47 13.1800003052
48 13.095000267
49 12.3219995499
50 11.9379997253
51 11.5900001526
52 11.6020002365
53 11.6289997101
54 11.6169996262
55 11.343000412
56 11.001999855
57 10.4619998932
58 10.0970001221
59 8.36200046539
60 8.33500003815
61 8.19099998474
62 7.90700006485
63 7.6360001564
64 7.43800020218
65 7.24800014496
66 7.05000019073
67 6.89200019836
68 6.78000020981
69 6.77199983597
70 6.80399990082
71 6.81799983978
72 6.86299991608
73 6.86600017548
74 6.79600000381
75 6.63100004196
76 6.507999897
77 6.3860001564
78 6.27299976349
79 6.15600013733
80 5.22399997711
81 4.97300004959
82 4.8639998436
83 4.76200008392
84 4.66200017929
85 4.61000013351
86 4.52899980545
87 4.46700000763
88 4.40399980545
89 4.33500003815
90 4.27400016785
91 4.21400022507
92 4.13800001144
93 4.09800004959
94 4.02799987793
95 3.98200011253
96 3.9240000248
97 3.8900001049
98 3.83200001717
99 3.80100011826
100 3.7650001049
101 3.78500008583
102 3.8220000267
103 3.85400009155
104 3.8789999485
105 3.88700008392
106 3.94099998474
107 3.95199990273
108 3.90599989891
109 3.882999897
110 3.84699988365
111 3.80599999428
112 3.76300001144
113 3.73099994659
114 3.6819999218
115 3.66000008583
116 3.60700011253
117 3.58899998665
118 3.56599998474
119 3.53600001335
120 3.50699996948
121 3.47000002861
122 3.4430000782
123 3.42199993134
124 3.40300011635
125 3.3900001049
126 3.43499994278
127 3.45300006866
128 3.49099993706
129 3.53699994087
130 3.55999994278
131 3.61599993706
132 3.6740000248
133 4.00099992752
134 4.05399990082
135 4.08500003815
136 4.11899995804
137 4.14699983597
138 4.15999984741
139 4.22399997711
140 4.257999897
141 4.28800010681
142 4.3140001297
143 4.35200023651
144 4.39200019836
145 4.41499996185
146 4.46799993515
147 4.48600006104
148 4.51300001144
149 4.52400016785
150 4.53999996185
151 4.19099998474
152 4.29699993134
153 4.53399991989
154 3.27099990845
155 3.41300010681
156 4.72300004959
157 4.60900020599
158 4.55100011826
159 4.78900003433
160 4.83900022507
161 4.86000013351
162 4.90000009537
163 4.93499994278
164 4.95399999619
165 4.992000103
166 5.00699996948
167 5.03200006485
168 3.14199995995
169 3.19499993324
170 3.36299991608
171 4.10799980164
172 4.91499996185
173 4.87900018692
174 4.86499977112
175 4.83500003815
176 4.81799983978
177 4.83199977875
178 4.82000017166
179 4.84999990463
180 4.86000013351
181 4.89799976349
182 4.81300020218
183 5.3029999733
184 5.46799993515
185 5.48199987411
186 5.50400018692
187 5.5110001564
188 4.59100008011
189 4.57299995422
190 5.5609998703
191 5.57800006866
192 3.64599990845
193 3.52099990845
194 4.08500003815
195 4.05499982834
196 5.68800020218
197 5.71299982071
198 5.73699998856
199 5.75
200 5.76599979401
201 5.8029999733
202 5.82800006866
203 5.84000015259
204 5.86100006104
205 5.84700012207
206 5.86499977112
207 5.867000103
208 5.90299987793
209 5.90000009537
210 5.90199995041
211 5.9359998703
212 5.95499992371
213 5.97100019455
214 5.9889998436
215 5.99700021744
216 6.00400018692
217 6.01599979401
218 6.04500007629
219 6.07000017166
220 6.07499980927
221 6.08099985123
222 6.07399988174
223 6.09299993515
224 6.11199998856
225 6.09700012207
226 6.10500001907
227 6.117000103
228 6.13800001144
229 6.14099979401
230 6.14499998093
231 6.16599988937
232 6.16200017929
233 6.17999982834
234 6.18499994278
235 6.19999980927
236 6.22100019455
237 6.22399997711
238 6.23400020599
239 6.23299980164
240 6.21999979019
241 6.22700023651
242 6.22599983215
243 6.22399997711
244 6.23299980164
245 6.25299978256
246 6.22399997711
247 6.23600006104
248 6.25299978256
249 6.25699996948
250 6.257999897
251 6.25
252 6.25400018692
253 6.26900005341
254 6.28399991989
255 6.27500009537
256 6.27299976349
257 6.26700019836
258 6.257999897
259 6.24599981308
260 6.21899986267
261 5.17899990082
262 5.03299999237
263 5.04099988937
264 5.03599977493
265 5.03900003433
266 5.03100013733
267 5.03599977493
268 5.06199979782
269 5.22499990463
270 2.39299988747
271 2.43799996376
272 2.45499992371
273 5.25099992752
274 5.21899986267
275 5.21199989319
276 5.25
277 5.26900005341
278 5.41499996185
279 5.65000009537
280 5.73799991608
281 5.76999998093
282 5.81300020218
283 5.9439997673
284 6.08199977875
285 6.07299995422
286 6.07600021362
287 6.0689997673
288 6.0529999733
289 6.05399990082
290 6.04400014877
291 6.0110001564
292 5.98299980164
293 5.96899986267
294 5.95900011063
295 5.94600009918
296 5.91900014877
297 5.89699983597
298 5.87699985504
299 5.88399982452
300 5.86999988556
301 5.85799980164
302 5.83400011063
303 5.8189997673
304 5.8189997673
305 5.78900003433
306 5.79400014877
307 5.76399993896
308 5.73600006104
309 5.71099996567
310 5.69600009918
311 5.66900014877
312 5.64699983597
313 5.62699985504
314 5.60200023651
315 5.58199977875
316 5.5609998703
317 5.52799987793
318 5.50600004196
319 5.31500005722
320 5.10500001907
321 5.45800018311
322 5.45900011063
323 5.43699979782
324 5.40899991989
325 5.38199996948
326 5.36100006104
327 5.33199977875
328 5.29199981689
329 4.37099981308
330 4.06199979782
331 4.11800003052
332 5.00500011444
333 5.15700006485
334 5.13800001144
335 5.10200023651
336 5.10099983215
337 5.0609998703
338 5.03700017929
339 5.02299976349
340 4.94299983978
341 4.82000017166
342 4.95300006866
343 4.9279999733
344 4.90899991989
345 4.87200021744
346 4.83500003815
347 4.70100021362
348 4.5560002327
349 4.72800016403
350 4.69500017166
351 4.66400003433
352 4.64699983597
353 4.62200021744
354 4.59000015259
355 4.57000017166
356 4.32100009918
357 4.37099981308
358 4.47800016403
359 4.46199989319
360 4.42700004578
361 4.41400003433
362 4.40000009537
363 4.35099983215
364 4.32800006866
365 4.29300022125
366 4.25
367 4.20100021362
368 4.17299985886
369 4.11899995804
370 4.09800004959
371 4.06599998474
372 4.03999996185
373 4.02400016785
374 3.992000103
375 3.94799995422
376 3.94600009918
377 3.91199994087
378 3.8599998951
379 3.83200001717
380 3.80999994278
381 3.70499992371
382 3.63800001144
383 3.59699988365
384 3.54999995232
385 3.52600002289
386 3.49499988556
387 3.45700001717
388 3.43000006676
389 3.40499997139
390 3.35100007057
391 3.33500003815
392 3.31100010872
393 3.29299998283
394 3.26300001144
395 3.26200008392
396 3.30200004578
397 3.32299995422
398 3.36999988556
399 3.39499998093
400 3.43300008774
401 3.46700000763
402 3.52300000191
403 3.55399990082
404 3.60400009155
405 3.64899992943
406 3.6740000248
407 3.73000001907
408 3.72900009155
409 3.77900004387
410 3.83299994469
411 3.88499999046
412 3.94899988174
413 4.0110001564
414 4.04699993134
415 4.10799980164
416 4.17700004578
417 4.23999977112
418 4.31799983978
419 4.36899995804
420 4.45200014114
421 4.52699995041
422 4.59399986267
423 4.64900016785
424 4.72700023651
425 4.81300020218
426 4.90500020981
427 5.02799987793
428 5.12099981308
429 5.20499992371
430 5.3220000267
431 5.41200017929
432 5.52099990845
433 5.62699985504
434 5.7610001564
435 5.90000009537
436 6.01000022888
437 6.17399978638
438 6.32000017166
439 6.47399997711
440 6.50899982452
441 6.60699987411
442 6.49599981308
443 3.07699990273
444 3.04999995232
445 3.03900003433
446 3.01799988747
447 3.01300001144
448 3.01900005341
449 3.00699996948
450 2.99399995804
451 2.9849998951
452 3.00500011444
453 2.99699997902
454 2.97499990463
455 2.98300004005
456 2.96399998665
457 2.97099995613
458 2.97499990463
459 2.9470000267
460 2.93799996376
461 2.95199990273
462 2.93499994278
463 2.94099998474
464 2.94499993324
465 2.93300008774
466 2.9240000248
467 2.91799998283
468 2.91300010681
469 2.90899991989
470 2.66799998283
471 2.64199995995
472 2.64299988747
473 2.65400004387
474 0.943000018597
475 0.704999983311
476 0.708999991417
477 0.924000024796
478 2.64899992943
479 2.64299988747
480 2.65599989891
481 2.64199995995
482 2.65400004387
483 2.66799998283
484 2.65799999237
485 2.66400003433
486 2.64700007439
487 2.67000007629
488 2.66499996185
489 2.68400001526
490 2.82299995422
491 2.93899989128
492 2.94600009918
493 2.95300006866
494 2.9509999752
495 2.96000003815
496 2.94600009918
497 2.96399998665
498 2.98099994659
499 2.95300006866
500 2.96499991417
501 2.97399997711
502 2.96799993515
503 1.21800005436
504 1.26300001144
505 1.13600003719
506 1.13800001144
507 1.1210000515
508 1.1289999485
509 1.12699997425
510 1.14999997616
511 1.14199995995
512 1.19500005245
513 1.20200002193
514 1.21000003815
515 1.20200002193
516 1.1970000267
517 1.22000002861
518 1.23899996281
519 1.23699998856
520 1.26800000668
521 1.38199996948
522 1.32700002193
523 3.16599988937
524 0.929000020027
525 0.903999984264
526 0.915000021458
527 0.939999997616
528 3.04800009727
529 2.97300004959
530 2.93300008774
531 1.30599999428
532 1.1740000248
533 1.11899995804
534 1.09300005436
535 1.0720000267
536 1.06900000572
537 1.07799994946
538 1.07700002193
539 1.05700004101
540 1.03600001335
