0 4.51200008392
1 4.4439997673
2 4.4359998703
3 4.4470000267
4 4.53999996185
5 4.66200017929
6 4.68400001526
7 4.71000003815
8 4.7389998436
9 4.76000022888
10 4.8029999733
11 4.81500005722
12 4.85300016403
13 4.89599990845
14 4.92299985886
15 4.94099998474
16 4.82899999619
17 4.83599996567
18 4.88399982452
19 4.96299982071
20 5.14400005341
21 5.18800020218
22 5.21199989319
23 5.26800012589
24 5.3109998703
25 5.34299993515
26 5.39400005341
27 5.45100021362
28 5.50199985504
29 5.54600000381
30 5.59800004959
31 5.64599990845
32 5.67899990082
33 0.0
34 17.1630001068
35 17.1329994202
36 17.1329994202
37 0.0
38 0.0
39 0.0
40 17.2299995422
41 17.1809997559
42 17.0699996948
43 17.013999939
44 16.5170001984
45 16.5370006561
46 16.5160007477
47 13.1470003128
48 13.0760002136
49 12.3260002136
50 11.9530000687
51 11.5909996033
52 11.609000206
53 11.640999794
54 11.6239995956
55 11.3520002365
56 10.9899997711
57 10.4610004425
58 10.1149997711
59 8.30099964142
60 8.33800029755
61 8.20400047302
62 7.91099977493
63 7.63000011444
64 7.4470000267
65 7.242000103
66 7.06199979782
67 6.89300012589
68 6.78900003433
69 6.78800010681
70 6.80399990082
71 6.82899999619
72 6.84700012207
73 6.86899995804
74 6.78499984741
75 6.63800001144
76 6.51599979401
77 6.38500022888
78 6.28499984741
79 6.16200017929
80 5.23999977112
81 4.96500015259
82 4.85799980164
83 4.77799987793
84 4.67299985886
85 4.59399986267
86 4.54500007629
87 4.46500015259
88 4.40999984741
89 4.34100008011
90 4.27199983597
91 4.20800018311
92 4.14099979401
93 4.10500001907
94 4.03900003433
95 3.95900011063
96 3.93300008774
97 3.89499998093
98 3.84800004959
99 3.77699995041
100 3.77999997139
101 3.77999997139
102 3.80599999428
103 3.83599996567
104 3.882999897
105 3.90199995041
106 3.9319999218
107 3.93899989128
108 3.92899990082
109 3.88000011444
110 3.84100008011
111 3.78900003433
112 3.75099992752
113 3.72000002861
114 3.71300005913
115 3.66300010681
116 3.62599992752
117 3.60100007057
118 3.56100010872
119 3.52900004387
120 3.50300002098
121 3.46600008011
122 3.42899990082
123 3.40700006485
124 3.41100001335
125 3.39899992943
126 3.43099999428
127 3.45900011063
128 3.48900008202
129 3.53699994087
130 3.57299995422
131 3.61500000954
132 3.66700005531
133 4.02799987793
134 4.07399988174
135 4.09700012207
136 4.132999897
137 4.132999897
138 4.16200017929
139 4.19500017166
140 4.25600004196
141 4.28000020981
142 4.31199979782
143 4.35699987411
144 4.39300012589
145 4.42100000381
146 4.4439997673
147 4.48600006104
148 4.5
149 4.52600002289
150 4.5529999733
151 4.17700004578
152 4.32399988174
153 4.59399986267
154 3.26099991798
155 3.41300010681
156 4.72300004959
157 4.59299993515
158 4.5560002327
159 4.8029999733
160 4.83099985123
161 4.85500001907
162 4.89200019836
163 4.92500019073
164 4.95300006866
165 4.99700021744
166 5.01499986649
167 5.04199981689
168 3.17700004578
169 3.22600007057
170 3.37700009346
171 4.13100004196
172 4.91699981689
173 4.87300014496
174 4.84100008011
175 4.82999992371
176 4.8220000267
177 4.82700014114
178 4.83799982071
179 4.84700012207
180 4.85799980164
181 4.88700008392
182 4.8060002327
183 5.31599998474
184 5.46400022507
185 5.46899986267
186 5.50699996948
187 5.50500011444
188 4.58900022507
189 4.57700014114
190 5.5640001297
191 5.57899999619
192 3.63899993896
193 3.51600003242
194 4.06300020218
195 4.04600000381
196 5.69000005722
197 5.71199989319
198 5.72800016403
199 5.76800012589
200 5.78299999237
201 5.80100011826
202 5.81500005722
203 5.82499980927
204 5.83500003815
205 5.84999990463
206 5.87599992752
207 5.88100004196
208 5.89099979401
209 5.89699983597
210 5.92100000381
211 5.94299983978
212 5.94999980927
213 5.96199989319
214 5.97499990463
215 5.99700021744
216 6.02799987793
217 6.03900003433
218 6.05000019073
219 6.08099985123
220 6.07700014114
221 6.07899999619
222 6.08500003815
223 6.08900022507
224 6.10500001907
225 6.11600017548
226 6.11600017548
227 6.13199996948
228 6.12300014496
229 6.13899993896
230 6.14099979401
231 6.16800022125
232 6.17399978638
233 6.19600009918
234 6.20599985123
235 6.19799995422
236 6.22700023651
237 6.23000001907
238 6.22900009155
239 6.22100019455
240 6.21799993515
241 6.22800016403
242 6.23500013351
243 6.23000001907
244 6.23500013351
245 6.23500013351
246 6.22200012207
247 6.25299978256
248 6.23099994659
249 6.25699996948
250 6.25299978256
251 6.26000022888
252 6.27799987793
253 6.27899980545
254 6.27299976349
255 6.27299976349
256 6.26300001144
257 6.24800014496
258 6.26200008392
259 6.2389998436
260 6.24700021744
261 5.1890001297
262 5.03299999237
263 5.04099988937
264 5.02600002289
265 5.04199981689
266 5.02699995041
267 5.03399991989
268 5.08400011063
269 5.24499988556
270 2.41100001335
271 2.41700005531
272 2.45300006866
273 5.24300003052
274 5.22300004959
275 5.20599985123
276 5.24399995804
277 5.27099990845
278 5.41400003433
279 5.65799999237
280 5.74399995804
281 5.75500011444
282 5.79799985886
283 5.95800018311
284 6.08500003815
285 6.07600021362
286 6.0720000267
287 6.0609998703
288 6.06300020218
289 6.0609998703
290 6.03100013733
291 6.02099990845
292 5.99900007248
293 5.97300004959
294 5.95300006866
295 5.9470000267
296 5.91599988937
297 5.91800022125
298 5.90299987793
299 5.86899995804
300 5.8639998436
301 5.85699987411
302 5.83900022507
303 5.82399988174
304 5.81199979782
305 5.78700017929
306 5.76999998093
307 5.77799987793
308 5.7389998436
309 5.71099996567
310 5.68699979782
311 5.65799999237
312 5.63899993896
313 5.60699987411
314 5.59899997711
315 5.58300018311
316 5.55499982834
317 5.53599977493
318 5.52199983597
319 5.33400011063
320 5.09800004959
321 5.44600009918
322 5.44299983978
323 5.43400001526
324 5.42899990082
325 5.38700008392
326 5.36600017548
327 5.32499980927
328 5.30499982834
329 4.367000103
330 4.04300022125
331 4.11000013351
332 5.01300001144
333 5.16900014877
334 5.13500022888
335 5.10699987411
336 5.08799982071
337 5.07000017166
338 5.03999996185
339 5.02600002289
340 4.9470000267
341 4.82399988174
342 4.94999980927
343 4.9359998703
344 4.90700006485
345 4.86499977112
346 4.84399986267
347 4.70699977875
348 4.56799983978
349 4.72599983215
350 4.70599985123
351 4.66800022125
352 4.62799978256
353 4.61299991608
354 4.58799982071
355 4.5560002327
356 4.31300020218
357 4.37400007248
358 4.49399995804
359 4.47100019455
360 4.42999982834
361 4.39400005341
362 4.38000011444
363 4.36199998856
364 4.31799983978
365 4.26000022888
366 4.23999977112
367 4.19799995422
368 4.18200016022
369 4.15500020981
370 4.10099983215
371 4.0609998703
372 4.06199979782
373 4.007999897
374 3.99900007248
375 3.96399998665
376 3.92899990082
377 3.90400004387
378 3.8789999485
379 3.85500001907
380 3.8220000267
381 3.70199990273
382 3.62599992752
383 3.58599996567
384 3.56699991226
385 3.53600001335
386 3.48799991608
387 3.45300006866
388 3.4319999218
389 3.39899992943
390 3.367000103
391 3.32800006866
392 3.2990000248
393 3.27999997139
394 3.26099991798
395 3.26600003242
396 3.28500008583
397 3.32999992371
398 3.37599992752
399 3.40100002289
400 3.42499995232
401 3.46900010109
402 3.51900005341
403 3.56599998474
404 3.59400010109
405 3.63800001144
406 3.69499993324
407 3.71099996567
408 3.74099993706
409 3.78600001335
410 3.83800005913
411 3.87299990654
412 3.94199991226
413 4.00299978256
414 4.06699991226
415 4.09999990463
416 4.15999984741
417 4.23799991608
418 4.3140001297
419 4.38700008392
420 4.45100021362
421 4.53100013733
422 4.59200000763
423 4.65299987793
424 4.72300004959
425 4.80700016022
426 4.90899991989
427 5.01900005341
428 5.10200023651
429 5.21600008011
430 5.3140001297
431 5.42700004578
432 5.51900005341
433 5.63800001144
434 5.76800012589
435 5.86999988556
436 6.02299976349
437 6.16599988937
438 6.30800008774
439 6.46700000763
440 6.50699996948
441 6.61499977112
442 6.4470000267
443 3.05399990082
444 3.04699993134
445 3.02999997139
446 3.02099990845
447 3.01399993896
448 3.00900006294
449 3.01699995995
450 2.98799991608
451 2.98600006104
452 2.98799991608
453 3.0
454 2.97199988365
455 2.96600008011
456 2.98399996758
457 2.97699999809
458 2.96700000763
459 2.9470000267
460 2.94499993324
461 2.94199991226
462 2.93899989128
463 2.92899990082
464 2.92899990082
465 2.9470000267
466 2.92199993134
467 2.92000007629
468 2.90599989891
469 2.91300010681
470 2.65000009537
471 2.64700007439
472 2.61500000954
473 2.63599991798
474 0.935000002384
475 0.71899998188
476 0.717999994755
477 0.925000011921
478 2.64499998093
479 2.65000009537
480 2.65599989891
481 2.63700008392
482 2.65000009537
483 2.65700006485
484 2.65799999237
485 2.64299988747
486 2.66100001335
487 2.65300011635
488 2.66899991035
489 2.66799998283
490 2.83299994469
491 2.92300009727
492 2.95300006866
493 2.95199990273
494 2.95399999619
495 2.95499992371
496 2.94099998474
497 2.95900011063
498 2.95900011063
499 2.95700001717
500 2.96600008011
501 2.97900009155
502 2.992000103
503 2.99499988556
504 1.26499998569
505 1.15299999714
506 1.12999999523
507 1.11000001431
508 1.13100004196
509 1.12600004673
510 1.13699996471
511 1.15100002289
512 1.18599998951
513 1.2009999752
514 1.21000003815
515 1.20299994946
516 1.21899998188
517 1.22000002861
518 1.22399997711
519 1.23300004005
520 1.26900005341
521 1.38199996948
522 1.57899999619
523 3.16700005531
524 0.931999981403
525 0.902999997139
526 0.919000029564
527 0.949999988079
528 3.03200006485
529 2.96900010109
530 2.93899989128
531 1.3220000267
532 1.17999994755
533 1.12399995327
534 1.08399999142
535 1.07299995422
536 1.0909999609
537 1.07799994946
538 1.08000004292
539 1.06200003624
540 1.01900005341
