0 4.52299976349
1 4.42899990082
2 4.45900011063
3 4.46000003815
4 4.53599977493
5 4.65999984741
6 4.6810002327
7 4.70699977875
8 4.73999977112
9 4.77199983597
10 4.78800010681
11 4.83500003815
12 4.85300016403
13 4.90700006485
14 4.92600011826
15 4.93300008774
16 4.84399986267
17 4.86199998856
18 4.87699985504
19 4.96899986267
20 5.14699983597
21 5.18300008774
22 5.21899986267
23 5.26499986649
24 5.31799983978
25 5.35599994659
26 5.40600013733
27 5.44899988174
28 5.49700021744
29 5.54699993134
30 5.59999990463
31 5.64099979401
32 5.67500019073
33 0.0
34 17.1329994202
35 17.1450004578
36 17.1609992981
37 0.0
38 0.0
39 0.0
40 17.2329998016
41 17.1690006256
42 17.0620002747
43 17.0119991302
44 16.5300006866
45 16.5520000458
46 16.517999649
47 13.1660003662
48 13.1009998322
49 12.3400001526
50 11.9130001068
51 11.5760002136
52 11.6020002365
53 11.611000061
54 11.6190004349
55 11.3360004425
56 10.9829998016
57 10.4610004425
58 10.1020002365
59 8.34200000763
60 8.35900020599
61 8.20199966431
62 7.91900014877
63 7.64699983597
64 7.45300006866
65 7.25099992752
66 7.06599998474
67 6.90500020981
68 6.79500007629
69 6.77500009537
70 6.80100011826
71 6.81799983978
72 6.85099983215
73 6.87699985504
74 6.78800010681
75 6.65100002289
76 6.52500009537
77 6.38100004196
78 6.26499986649
79 6.13999986649
80 5.21500015259
81 4.96799993515
82 4.84499979019
83 4.77299976349
84 4.69600009918
85 4.61000013351
86 4.52199983597
87 4.4470000267
88 4.40000009537
89 4.33500003815
90 4.25
91 4.21799993515
92 4.16599988937
93 4.10400009155
94 4.05100011826
95 3.97499990463
96 3.9430000782
97 3.89199995995
98 3.84599995613
99 3.80100011826
100 3.77500009537
101 3.79600000381
102 3.80500006676
103 3.85100007057
104 3.88899993896
105 3.91300010681
106 3.94400000572
107 3.94000005722
108 3.91899991035
109 3.87700009346
110 3.83400011063
111 3.80900001526
112 3.75900006294
113 3.71499991417
114 3.69799995422
115 3.64599990845
116 3.63000011444
117 3.58999991417
118 3.54500007629
119 3.52399992943
120 3.49099993706
121 3.47499990463
122 3.44799995422
123 3.41799998283
124 3.40499997139
125 3.39400005341
126 3.43000006676
127 3.45600008965
128 3.49900007248
129 3.52500009537
130 3.57399988174
131 3.61500000954
132 3.67100000381
133 4.02899980545
134 4.05399990082
135 4.07000017166
136 4.13399982452
137 4.15299987793
138 4.1859998703
139 4.19600009918
140 4.25699996948
141 4.26300001144
142 4.3189997673
143 4.33300018311
144 4.37799978256
145 4.42199993134
146 4.46199989319
147 4.48799991608
148 4.51800012589
149 4.52899980545
150 4.54600000381
151 4.20100021362
152 4.29699993134
153 4.53499984741
154 3.24699997902
155 3.40499997139
156 4.71899986267
157 4.59299993515
158 4.54799985886
159 4.80399990082
160 4.82299995422
161 4.86000013351
162 4.88500022888
163 4.92899990082
164 4.96600008011
165 4.99900007248
166 5.02600002289
167 5.04400014877
168 3.16599988937
169 3.21700000763
170 3.36899995804
171 4.10699987411
172 4.92399978638
173 4.87599992752
174 4.85500001907
175 4.84000015259
176 4.82499980927
177 4.81699991226
178 4.84299993515
179 4.84499979019
180 4.86800003052
181 4.90000009537
182 4.81799983978
183 5.30999994278
184 5.45699977875
185 5.47700023651
186 5.492000103
187 5.51800012589
188 4.61100006104
189 4.56300020218
190 5.57000017166
191 5.60200023651
192 3.64599990845
193 3.52200007439
194 4.08500003815
195 4.04500007629
196 5.6970000267
197 5.71199989319
198 5.72100019455
199 5.75299978256
200 5.77899980545
201 5.79799985886
202 5.83300018311
203 5.83500003815
204 5.86000013351
205 5.86800003052
206 5.85599994659
207 5.87400007248
208 5.88800001144
209 5.90100002289
210 5.91099977493
211 5.91699981689
212 5.95200014114
213 5.97300004959
214 5.99300003052
215 5.99800014496
216 6.02199983597
217 6.03100013733
218 6.04099988937
219 6.08300018311
220 6.07000017166
221 6.08199977875
222 6.08699989319
223 6.10699987411
224 6.11100006104
225 6.12200021744
226 6.1139998436
227 6.14099979401
228 6.12799978256
229 6.1360001564
230 6.15199995041
231 6.16599988937
232 6.16800022125
233 6.1970000267
234 6.20800018311
235 6.20699977875
236 6.21000003815
237 6.21600008011
238 6.22900009155
239 6.24499988556
240 6.23600006104
241 6.24100017548
242 6.23400020599
243 6.23000001907
244 6.22200012207
245 6.23299980164
246 6.22399997711
247 6.24100017548
248 6.25099992752
249 6.24499988556
250 6.25600004196
251 6.27500009537
252 6.27299976349
253 6.26499986649
254 6.27799987793
255 6.28299999237
256 6.24900007248
257 6.26800012589
258 6.25199985504
259 6.25400018692
260 6.24700021744
261 5.19299983978
262 5.05399990082
263 5.02199983597
264 5.02400016785
265 5.01999998093
266 5.03800010681
267 5.02099990845
268 5.08500003815
269 5.23199987411
270 2.40599989891
271 2.41499996185
272 2.44600009918
273 5.24499988556
274 5.21700000763
275 5.20699977875
276 5.25199985504
277 5.257999897
278 5.41499996185
279 5.64900016785
280 5.742000103
281 5.77199983597
282 5.81699991226
283 5.95200014114
284 6.08500003815
285 6.06599998474
286 6.0720000267
287 6.07299995422
288 6.03999996185
289 6.04699993134
290 6.02500009537
291 5.99700021744
292 5.98199987411
293 5.97399997711
294 5.96500015259
295 5.93800020218
296 5.92100000381
297 5.89599990845
298 5.89400005341
299 5.8860001564
300 5.85400009155
301 5.84800004959
302 5.83199977875
303 5.81699991226
304 5.82000017166
305 5.79699993134
306 5.79699993134
307 5.76499986649
308 5.74900007248
309 5.72200012207
310 5.70200014114
311 5.67199993134
312 5.64099979401
313 5.617000103
314 5.59899997711
315 5.58300018311
316 5.5609998703
317 5.53999996185
318 5.51399993896
319 5.34200000763
320 5.10300016403
321 5.44899988174
322 5.44600009918
323 5.4310002327
324 5.41400003433
325 5.40000009537
326 5.36299991608
327 5.33199977875
328 5.29699993134
329 4.38199996948
330 4.05000019073
331 4.11299991608
332 5.01000022888
333 5.17399978638
334 5.13100004196
335 5.10900020599
336 5.09299993515
337 5.06599998474
338 5.04300022125
339 5.03599977493
340 4.95499992371
341 4.81699991226
342 4.96199989319
343 4.9359998703
344 4.88999986649
345 4.86800003052
346 4.83799982071
347 4.70499992371
348 4.54799985886
349 4.74399995804
350 4.70800018311
351 4.67000007629
352 4.65700006485
353 4.60699987411
354 4.59899997711
355 4.55900001526
356 4.3140001297
357 4.36299991608
358 4.49700021744
359 4.45300006866
360 4.43400001526
361 4.39900016785
362 4.37400007248
363 4.33300018311
364 4.31599998474
365 4.29199981689
366 4.23699998856
367 4.20100021362
368 4.16300010681
369 4.15100002289
370 4.125
371 4.07800006866
372 4.03299999237
373 4.00400018692
374 3.97900009155
375 3.96099996567
376 3.92199993134
377 3.90700006485
378 3.8710000515
379 3.85100007057
380 3.82299995422
381 3.71900010109
382 3.61999988556
383 3.60700011253
384 3.5680000782
385 3.52900004387
386 3.50699996948
387 3.46799993515
388 3.43000006676
389 3.40499997139
390 3.35400009155
391 3.32999992371
392 3.29600000381
393 3.28600001335
394 3.26900005341
395 3.27099990845
396 3.30999994278
397 3.33699989319
398 3.37299990654
399 3.39199995995
400 3.44400000572
401 3.46799993515
402 3.51200008392
403 3.56299996376
404 3.60599994659
405 3.64700007439
406 3.68799996376
407 3.72900009155
408 3.7349998951
409 3.76200008392
410 3.82500004768
411 3.88499999046
412 3.93600010872
413 3.98399996758
414 4.06699991226
415 4.12799978256
416 4.1810002327
417 4.23699998856
418 4.3109998703
419 4.37599992752
420 4.4470000267
421 4.52500009537
422 4.58599996567
423 4.65600013733
424 4.73699998856
425 4.81199979782
426 4.90799999237
427 5.02799987793
428 5.11000013351
429 5.20200014114
430 5.3060002327
431 5.40799999237
432 5.52400016785
433 5.65899991989
434 5.757999897
435 5.882999897
436 6.01499986649
437 6.16599988937
438 6.3109998703
439 6.48000001907
440 6.49599981308
441 6.60400009155
442 6.43499994278
443 3.07800006866
444 3.05200004578
445 3.05999994278
446 3.03500008583
447 3.03600001335
448 3.01600003242
449 3.03200006485
450 2.99699997902
451 3.00500011444
452 2.98799991608
453 2.98300004005
454 2.97900009155
455 2.99099993706
456 2.95300006866
457 2.96099996567
458 2.95600008965
459 2.96900010109
460 2.95499992371
461 2.95300006866
462 2.94099998474
463 2.94199991226
464 2.93600010872
465 2.92300009727
466 2.93400001526
467 2.9319999218
468 2.92100000381
469 2.91100001335
470 2.64700007439
471 2.63499999046
472 2.64400005341
473 2.65100002289
474 0.962999999523
475 0.716000020504
476 0.71899998188
477 0.925000011921
478 2.66899991035
479 2.63800001144
480 2.62700009346
481 2.65100002289
482 2.65700006485
483 2.65100002289
484 2.65799999237
485 2.6400001049
486 2.66799998283
487 2.67300009727
488 2.6740000248
489 2.67499995232
490 2.81500005722
491 2.94600009918
492 2.93700003624
493 2.92899990082
494 2.95300006866
495 2.9430000782
496 2.9509999752
497 2.9470000267
498 2.95900011063
499 2.95799994469
500 2.98300004005
501 2.98900008202
502 2.97600007057
503 2.9849998951
504 1.26699995995
505 1.15699994564
506 1.12199997902
507 1.13199996948
508 1.12199997902
509 1.14100003242
510 1.13499999046
511 1.14999997616
512 1.17900002003
513 1.20200002193
514 1.2159999609
515 1.21800005436
516 1.21300005913
517 1.21500003338
518 1.23099994659
519 1.24800002575
520 1.26800000668
521 1.37300002575
522 1.31500005722
523 3.17700004578
524 0.934000015259
525 0.907999992371
526 0.917999982834
527 0.957000017166
528 3.04999995232
529 2.99300003052
530 2.93499994278
531 1.32400000095
532 1.19000005722
533 1.12000000477
534 1.07899999619
535 1.08599996567
536 1.09200000763
537 1.0870000124
538 1.05799996853
539 1.04600000381
540 1.02999997139
