0 4.51200008392
1 4.43200016022
2 4.42299985886
3 4.45200014114
4 4.51900005341
5 4.63999986649
6 4.67199993134
7 4.70300006866
8 4.75
9 4.77899980545
10 4.80399990082
11 4.8189997673
12 4.85200023651
13 4.90100002289
14 4.9279999733
15 4.93200016022
16 4.82800006866
17 4.85799980164
18 4.87300014496
19 4.96099996567
20 5.125
21 5.18499994278
22 5.22800016403
23 5.26700019836
24 5.31199979782
25 5.35300016403
26 5.39200019836
27 5.4390001297
28 5.50500011444
29 5.55100011826
30 5.60699987411
31 5.63500022888
32 5.63899993896
33 17.1639995575
34 17.1359996796
35 17.1420001984
36 17.1480007172
37 0.0
38 0.0
39 0.0
40 17.2229995728
41 17.1630001068
42 17.0629997253
43 17.0
44 16.5100002289
45 16.5359992981
46 16.5079994202
47 13.1780004501
48 13.0690002441
49 12.3199996948
50 11.9259996414
51 11.5769996643
52 11.6040000916
53 11.6280002594
54 11.6239995956
55 11.3540000916
56 10.998000145
57 10.4510002136
58 10.1099996567
59 8.32400035858
60 8.33699989319
61 8.2110004425
62 7.91400003433
63 7.65100002289
64 7.4439997673
65 7.23299980164
66 7.07000017166
67 6.89699983597
68 6.78900003433
69 6.76900005341
70 6.80200004578
71 6.83099985123
72 6.84399986267
73 6.87200021744
74 6.79199981689
75 6.625
76 6.5
77 6.37599992752
78 6.257999897
79 6.15700006485
80 5.242000103
81 4.96600008011
82 4.85300016403
83 4.77400016785
84 4.67600011826
85 4.58199977875
86 4.53599977493
87 4.46400022507
88 4.41099977493
89 4.33199977875
90 4.27099990845
91 4.21299982071
92 4.16300010681
93 4.09700012207
94 4.03100013733
95 3.97900009155
96 3.9319999218
97 3.88100004196
98 3.84400010109
99 3.78600001335
100 3.77399992943
101 3.78399991989
102 3.81699991226
103 3.85700011253
104 3.87299990654
105 3.89199995995
106 3.9279999733
107 3.95199990273
108 3.91000008583
109 3.89400005341
110 3.84100008011
111 3.8180000782
112 3.76900005341
113 3.72799992561
114 3.69099998474
115 3.65100002289
116 3.60400009155
117 3.58899998665
118 3.55399990082
119 3.53099989891
120 3.50900006294
121 3.47000002861
122 3.45199990273
123 3.42199993134
124 3.38899993896
125 3.38400006294
126 3.4279999733
127 3.43499994278
128 3.49000000954
129 3.52800011635
130 3.57399988174
131 3.60700011253
132 3.65899991989
133 4.00099992752
134 4.06799983978
135 4.09399986267
136 4.11999988556
137 4.14799976349
138 4.1859998703
139 4.20499992371
140 4.25699996948
141 4.257999897
142 4.30100011826
143 4.35300016403
144 4.38700008392
145 4.41400003433
146 4.43699979782
147 4.48199987411
148 4.50899982452
149 4.50600004196
150 4.55100011826
151 4.19199991226
152 4.30000019073
153 4.58900022507
154 3.25999999046
155 3.39899992943
156 4.71999979019
157 4.57999992371
158 4.55200004578
159 4.78800010681
160 4.82700014114
161 4.85599994659
162 4.89499998093
163 4.93800020218
164 4.97100019455
165 4.98400020599
166 5.01499986649
167 5.01900005341
168 3.16300010681
169 3.21900010109
170 3.367000103
171 4.10300016403
172 4.91699981689
173 4.88100004196
174 4.83699989319
175 4.8189997673
176 4.8189997673
177 4.82899999619
178 4.84000015259
179 4.84899997711
180 4.87099981308
181 4.89300012589
182 4.82499980927
183 5.32999992371
184 5.46400022507
185 5.47100019455
186 5.4889998436
187 5.51399993896
188 4.60599994659
189 4.58500003815
190 5.54500007629
191 5.58699989319
192 3.64199995995
193 3.52099990845
194 4.06699991226
195 4.0609998703
196 5.6890001297
197 5.70499992371
198 5.73500013351
199 5.74700021744
200 5.78000020981
201 5.80900001526
202 5.80499982834
203 5.8140001297
204 5.82800006866
205 5.85599994659
206 5.87099981308
207 5.87300014496
208 5.88000011444
209 5.90299987793
210 5.92000007629
211 5.9470000267
212 5.95900011063
213 5.96999979019
214 5.98500013351
215 5.99800014496
216 6.01399993896
217 6.03999996185
218 6.05000019073
219 6.06599998474
220 6.05999994278
221 6.07800006866
222 6.07399988174
223 6.07700014114
224 6.09700012207
225 6.10599994659
226 6.12300014496
227 6.11800003052
228 6.11899995804
229 6.15500020981
230 6.16200017929
231 6.16300010681
232 6.16800022125
233 6.17299985886
234 6.19000005722
235 6.20699977875
236 6.23199987411
237 6.21000003815
238 6.22499990463
239 6.22300004959
240 6.22300004959
241 6.21799993515
242 6.24599981308
243 6.22800016403
244 6.21999979019
245 6.23000001907
246 6.24599981308
247 6.23299980164
248 6.24700021744
249 6.25299978256
250 6.26200008392
251 6.26399993896
252 6.26499986649
253 6.26000022888
254 6.28299999237
255 6.28200006485
256 6.25899982452
257 6.24499988556
258 6.23999977112
259 6.23299980164
260 6.22599983215
261 5.1859998703
262 5.04899978638
263 5.02600002289
264 5.03700017929
265 5.02799987793
266 5.03399991989
267 5.02099990845
268 5.05800008774
269 5.23999977112
270 2.40899991989
271 2.43499994278
272 2.45499992371
273 5.242000103
274 5.21700000763
275 5.22399997711
276 5.23799991608
277 5.26499986649
278 5.40899991989
279 5.68300008774
280 5.742000103
281 5.76700019836
282 5.81599998474
283 5.9279999733
284 6.07800006866
285 6.08400011063
286 6.0609998703
287 6.07100009918
288 6.06300020218
289 6.04799985886
290 6.03800010681
291 6.0110001564
292 5.99700021744
293 5.97200012207
294 5.95200014114
295 5.94500017166
296 5.91599988937
297 5.90399980545
298 5.89900016785
299 5.86999988556
300 5.86800003052
301 5.84600019455
302 5.83699989319
303 5.82100009918
304 5.81500005722
305 5.78299999237
306 5.78399991989
307 5.76800012589
308 5.74300003052
309 5.72900009155
310 5.68499994278
311 5.66400003433
312 5.65500020981
313 5.62300014496
314 5.59999990463
315 5.57100009918
316 5.5609998703
317 5.54699993134
318 5.52299976349
319 5.3109998703
320 5.10900020599
321 5.4439997673
322 5.45499992371
323 5.42500019073
324 5.40600013733
325 5.38800001144
326 5.3639998436
327 5.32399988174
328 5.29899978638
329 4.367000103
330 4.03800010681
331 4.12300014496
332 5.01800012589
333 5.16599988937
334 5.13899993896
335 5.11499977112
336 5.08099985123
337 5.0560002327
338 5.04199981689
339 5.02899980545
340 4.95300006866
341 4.8140001297
342 4.96299982071
343 4.9279999733
344 4.90100002289
345 4.86000013351
346 4.84200000763
347 4.69500017166
348 4.55900001526
349 4.73999977112
350 4.70200014114
351 4.67299985886
352 4.65899991989
353 4.61299991608
354 4.57600021362
355 4.56799983978
356 4.29799985886
357 4.34800004959
358 4.49100017548
359 4.46899986267
360 4.43699979782
361 4.39699983597
362 4.37300014496
363 4.33300018311
364 4.30100011826
365 4.27099990845
366 4.25299978256
367 4.20399999619
368 4.17100000381
369 4.14900016785
370 4.08900022507
371 4.07499980927
372 4.03499984741
373 3.99799990654
374 3.99399995804
375 3.94099998474
376 3.92700004578
377 3.90700006485
378 3.8710000515
379 3.84500002861
380 3.81999993324
381 3.72699999809
382 3.6289999485
383 3.60199999809
384 3.54600000381
385 3.5150001049
386 3.48099994659
387 3.46600008011
388 3.43499994278
389 3.39299988747
390 3.367000103
391 3.33100008965
392 3.30200004578
393 3.27099990845
394 3.27500009537
395 3.26200008392
396 3.30500006676
397 3.31900000572
398 3.35700011253
399 3.41000008583
400 3.44000005722
401 3.46399998665
402 3.51799988747
403 3.54800009727
404 3.60700011253
405 3.64299988747
406 3.68600010872
407 3.70700001717
408 3.73799991608
409 3.76699995995
410 3.82100009918
411 3.88100004196
412 3.93700003624
413 3.99000000954
414 4.05100011826
415 4.12599992752
416 4.17199993134
417 4.22100019455
418 4.3140001297
419 4.37599992752
420 4.42700004578
421 4.51900005341
422 4.59899997711
423 4.66800022125
424 4.70699977875
425 4.80399990082
426 4.90299987793
427 5.01000022888
428 5.11600017548
429 5.21299982071
430 5.30200004578
431 5.42199993134
432 5.52699995041
433 5.63399982452
434 5.75299978256
435 5.88399982452
436 6.00400018692
437 6.15299987793
438 6.30999994278
439 6.47499990463
440 6.48999977112
441 6.6139998436
442 6.44600009918
443 3.08599996567
444 3.0490000248
445 3.04800009727
446 3.03999996185
447 3.01200008392
448 3.01399993896
449 2.99699997902
450 3.01200008392
451 3.00099992752
452 2.97399997711
453 2.97199988365
454 2.97600007057
455 2.96399998665
456 2.95399999619
457 2.96600008011
458 2.9509999752
459 2.96499991417
460 2.94000005722
461 2.94499993324
462 2.94199991226
463 2.92899990082
464 2.92600011826
465 2.94000005722
466 2.93899989128
467 2.94000005722
468 2.91400003433
469 2.91899991035
470 2.65499997139
471 2.64499998093
472 2.63100004196
473 2.64599990845
474 0.935000002384
475 0.708000004292
476 0.717000007629
477 0.938000023365
478 2.63899993896
479 2.63599991798
480 2.63599991798
481 2.66599988937
482 2.65300011635
483 2.65400004387
484 2.65799999237
485 2.65799999237
486 2.66300010681
487 2.64800000191
488 2.66400003433
489 2.68000006676
490 2.83999991417
491 2.92899990082
492 2.94099998474
493 2.94000005722
494 2.93700003624
495 1.33200001717
496 1.1590000391
497 1.15299999714
498 1.14400005341
499 1.15799999237
500 1.14499998093
501 1.11899995804
502 1.1289999485
503 1.14699995518
504 1.12399995327
505 1.13900005817
506 1.14900004864
507 1.16700005531
508 1.1740000248
509 1.34599995613
510 1.47200000286
511 1.34000003338
512 1.32700002193
513 1.31700003147
514 1.29999995232
515 1.29499995708
516 1.27699995041
517 1.29999995232
518 1.31599998474
519 1.30499994755
520 1.31500005722
521 1.34399998188
522 1.47899997234
523 3.16199994087
524 0.930000007153
525 0.899999976158
526 0.912999987602
527 0.931999981403
528 3.04299998283
529 2.97000002861
530 2.91400003433
531 2.86800003052
532 2.82800006866
533 2.78900003433
534 2.7349998951
535 2.71399998665
536 2.94499993324
537 2.90700006485
538 0.0
539 0.0
540 0.0
