0 4.51900005341
1 4.42700004578
2 4.44600009918
3 4.47200012207
4 4.53100013733
5 4.65000009537
6 4.67000007629
7 4.69600009918
8 4.73099994659
9 4.77099990845
10 4.78800010681
11 4.82800006866
12 4.86600017548
13 4.88100004196
14 4.92700004578
15 4.93499994278
16 4.83199977875
17 4.85400009155
18 4.87799978256
19 4.97200012207
20 5.14300012589
21 5.18699979782
22 5.22700023651
23 5.27199983597
24 5.30499982834
25 5.36199998856
26 5.41300010681
27 5.44600009918
28 5.50299978256
29 5.53999996185
30 5.60900020599
31 5.64099979401
32 5.62900018692
33 0.0
34 17.1459999084
35 17.1480007172
36 17.1590003967
37 0.0
38 0.0
39 0.0
40 17.2290000916
41 17.1690006256
42 17.0690002441
43 16.9939994812
44 16.5249996185
45 16.5289993286
46 16.5249996185
47 13.1599998474
48 13.0749998093
49 12.3409996033
50 11.9379997253
51 11.5909996033
52 11.609000206
53 11.6300001144
54 11.6280002594
55 11.345000267
56 10.9739999771
57 10.454000473
58 10.111000061
59 8.36499977112
60 8.33199977875
61 8.20699977875
62 7.92899990082
63 7.65199995041
64 7.4390001297
65 7.24599981308
66 7.05800008774
67 6.90799999237
68 6.79099988937
69 6.78800010681
70 6.8060002327
71 6.83900022507
72 6.85300016403
73 6.87300014496
74 6.78900003433
75 6.64599990845
76 6.50500011444
77 6.382999897
78 6.25899982452
79 6.14900016785
80 5.242000103
81 4.96500015259
82 4.84499979019
83 4.76200008392
84 4.67299985886
85 4.58799982071
86 4.54799985886
87 4.48400020599
88 4.41900014877
89 4.33400011063
90 4.28399991989
91 4.21199989319
92 4.14099979401
93 4.09899997711
94 4.03000020981
95 3.99699997902
96 3.92499995232
97 3.87400007248
98 3.83500003815
99 3.78800010681
100 3.77200007439
101 3.80399990082
102 3.82699990273
103 3.84699988365
104 3.86100006104
105 3.89899992943
106 3.94000005722
107 3.95300006866
108 3.9279999733
109 3.86999988556
110 3.84699988365
111 3.8069999218
112 3.76799988747
113 3.7349998951
114 3.69199991226
115 3.65100002289
116 3.62599992752
117 3.58999991417
118 3.56200003624
119 3.53800010681
120 3.49499988556
121 3.47000002861
122 3.45000004768
123 3.41899991035
124 3.40400004387
125 3.38800001144
126 3.42199993134
127 3.46700000763
128 3.5
129 3.53200006485
130 3.57100009918
131 3.61100006104
132 3.67600011826
133 4.03800010681
134 4.05499982834
135 4.09499979019
136 4.132999897
137 4.15899991989
138 4.19600009918
139 4.19600009918
140 4.22100019455
141 4.27699995041
142 4.32499980927
143 4.35200023651
144 4.38800001144
145 4.40799999237
146 4.46700000763
147 4.48699998856
148 4.49100017548
149 4.51300001144
150 4.55800008774
151 4.19199991226
152 4.30900001526
153 4.60900020599
154 3.2650001049
155 3.42000007629
156 4.71400022507
157 4.60799980164
158 4.54500007629
159 4.79500007629
160 4.84399986267
161 4.87400007248
162 4.90000009537
163 4.92399978638
164 4.96899986267
165 4.99599981308
166 5.01300001144
167 5.03999996185
168 3.15599989891
169 3.21000003815
170 3.36400008202
171 4.10099983215
172 4.92899990082
173 4.87599992752
174 4.85799980164
175 4.82600021362
176 4.82100009918
177 4.8140001297
178 4.82399988174
179 4.84800004959
180 4.87599992752
181 4.91300010681
182 4.80900001526
183 5.31799983978
184 5.45599985123
185 5.47800016403
186 5.49700021744
187 5.51000022888
188 4.59700012207
189 4.57299995422
190 5.5720000267
191 5.59100008011
192 3.64700007439
193 3.53099989891
194 4.08699989319
195 4.03900003433
196 5.68499994278
197 5.69799995422
198 5.75
199 5.75199985504
200 5.78599977493
201 5.80399990082
202 5.80999994278
203 5.8220000267
204 5.84000015259
205 5.85400009155
206 5.86299991608
207 5.88800001144
208 5.90299987793
209 5.91099977493
210 5.92999982834
211 5.9439997673
212 5.93499994278
213 5.96099996567
214 5.96999979019
215 5.99499988556
216 6.01000022888
217 6.03100013733
218 6.04199981689
219 6.07499980927
220 6.09299993515
221 6.07399988174
222 6.07800006866
223 6.08500003815
224 6.09800004959
225 6.10699987411
226 6.10200023651
227 6.13800001144
228 6.14099979401
229 6.15199995041
230 6.14499998093
231 6.17299985886
232 6.16800022125
233 6.17999982834
234 6.19799995422
235 6.21999979019
236 6.23099994659
237 6.21600008011
238 6.21700000763
239 6.21700000763
240 6.21299982071
241 6.24599981308
242 6.25500011444
243 6.22700023651
244 6.21600008011
245 6.21799993515
246 6.23600006104
247 6.21899986267
248 6.2389998436
249 6.257999897
250 6.26200008392
251 6.26700019836
252 6.26599979401
253 6.27199983597
254 6.28399991989
255 6.28200006485
256 6.27199983597
257 6.23799991608
258 6.24700021744
259 6.26399993896
260 6.242000103
261 5.20900011063
262 5.04199981689
263 5.03999996185
264 5.03499984741
265 5.04099988937
266 5.02799987793
267 5.01999998093
268 5.08099985123
269 5.24100017548
270 2.41599988937
271 2.39899992943
272 2.45399999619
273 5.25600004196
274 5.20699977875
275 5.20800018311
276 5.242000103
277 5.26300001144
278 5.40000009537
279 5.65299987793
280 5.73999977112
281 5.77199983597
282 5.81500005722
283 5.9439997673
284 6.09299993515
285 6.07800006866
286 6.05700016022
287 6.05999994278
288 6.03999996185
289 6.06199979782
290 6.03200006485
291 6.01000022888
292 5.98500013351
293 5.96600008011
294 5.95399999619
295 5.94099998474
296 5.91900014877
297 5.89200019836
298 5.88999986649
299 5.8639998436
300 5.87300014496
301 5.84000015259
302 5.83199977875
303 5.81300020218
304 5.8060002327
305 5.78999996185
306 5.78800010681
307 5.7610001564
308 5.74399995804
309 5.70200014114
310 5.68699979782
311 5.67399978638
312 5.64799976349
313 5.61600017548
314 5.59200000763
315 5.58500003815
316 5.57000017166
317 5.53900003433
318 5.51399993896
319 5.31699991226
320 5.09299993515
321 5.44899988174
322 5.4439997673
323 5.42000007629
324 5.41599988937
325 5.39599990845
326 5.36100006104
327 5.33300018311
328 5.29799985886
329 4.36299991608
330 4.07100009918
331 4.10300016403
332 5.02899980545
333 5.15500020981
334 5.14200019836
335 5.11000013351
336 5.08799982071
337 5.06300020218
338 5.04300022125
339 5.03299999237
340 4.95800018311
341 4.82600021362
342 4.95200014114
343 4.93400001526
344 4.91099977493
345 4.87699985504
346 4.82800006866
347 4.70499992371
348 4.55200004578
349 4.74900007248
350 4.70399999619
351 4.68400001526
352 4.65500020981
353 4.61199998856
354 4.57700014114
355 4.5609998703
356 4.30000019073
357 4.36299991608
358 4.49499988556
359 4.46500015259
360 4.4439997673
361 4.41300010681
362 4.39599990845
363 4.33599996567
364 4.29899978638
365 4.27899980545
366 4.24399995804
367 4.20200014114
368 4.18200016022
369 4.14799976349
370 4.09200000763
371 4.08699989319
372 4.04899978638
373 4.01300001144
374 3.97399997711
375 3.9470000267
376 3.93300008774
377 3.90400004387
378 3.87299990654
379 3.85800004005
380 3.82899999619
381 3.72000002861
382 3.64700007439
383 3.58299994469
384 3.5529999733
385 3.51699995995
386 3.492000103
387 3.46199989319
388 3.42300009727
389 3.3900001049
390 3.36599993706
391 3.33500003815
392 3.30800008774
393 3.28999996185
394 3.26300001144
395 3.2539999485
396 3.28500008583
397 3.34500002861
398 3.3599998951
399 3.40599989891
400 3.4430000782
401 3.48300004005
402 3.50999999046
403 3.55900001526
404 3.60599994659
405 3.64400005341
406 3.6779999733
407 3.72099995613
408 3.74000000954
409 3.77699995041
410 3.81599998474
411 3.88000011444
412 3.9430000782
413 4.00400018692
414 4.0609998703
415 4.12599992752
416 4.17899990082
417 4.24499988556
418 4.29699993134
419 4.37400007248
420 4.45699977875
421 4.52099990845
422 4.60500001907
423 4.65199995041
424 4.72499990463
425 4.81599998474
426 4.92000007629
427 5.00899982452
428 5.09600019455
429 5.20300006866
430 5.31799983978
431 5.42299985886
432 5.53100013733
433 5.65999984741
434 5.75400018692
435 5.89599990845
436 6.02699995041
437 6.16499996185
438 6.30800008774
439 6.48600006104
440 6.49700021744
441 6.60500001907
442 6.46700000763
443 3.07899999619
444 3.04399991035
445 3.04699993134
446 3.04399991035
447 3.01399993896
448 3.02900004387
449 3.00200009346
450 2.99499988556
451 2.98399996758
452 2.99499988556
453 2.97399997711
454 2.98699998856
455 2.97799992561
456 2.95399999619
457 2.96900010109
458 2.95799994469
459 2.95499992371
460 2.9470000267
461 2.94099998474
462 2.93499994278
463 2.95700001717
464 2.93300008774
465 2.9279999733
466 2.92300009727
467 2.92499995232
468 2.91499996185
469 2.91700005531
470 2.65799999237
471 2.63000011444
472 2.6400001049
473 2.64800000191
474 0.95300000906
475 0.708999991417
476 0.713999986649
477 0.929000020027
478 2.64299988747
479 2.63100004196
480 2.64100003242
481 2.66000008583
482 2.67199993134
483 2.66000008583
484 2.65599989891
485 2.66100001335
486 2.66599988937
487 2.67000007629
488 2.67000007629
489 2.67700004578
490 2.82100009918
491 2.93799996376
492 2.92300009727
493 2.9470000267
494 2.96399998665
495 2.96399998665
496 2.96799993515
497 2.94799995422
498 2.95900011063
499 2.95700001717
500 2.98200011253
501 2.97499990463
502 2.97000002861
503 2.98200011253
504 2.99399995804
505 1.36500000954
506 1.19299995899
507 1.16100001335
508 1.125
509 1.14999997616
510 1.15299999714
511 1.15600001812
512 1.15699994564
513 1.18900001049
514 1.21300005913
515 1.20799994469
516 1.21800005436
517 1.21700000763
518 1.24300003052
519 1.24300003052
520 1.26900005341
521 1.28199994564
522 1.40100002289
523 1.31799995899
524 0.929000020027
525 0.92199999094
526 0.912999987602
527 0.940999984741
528 3.04699993134
529 2.98600006104
530 2.9319999218
531 1.34300005436
532 1.20000004768
533 1.12999999523
534 1.09899997711
535 1.10099995136
536 1.10199999809
537 1.0720000267
538 1.07299995422
539 1.05900001526
540 1.04499995708
