0 4.51300001144
1 4.42999982834
2 4.44000005722
3 4.46700000763
4 4.53000020981
5 4.65799999237
6 4.65100002289
7 4.70599985123
8 4.72900009155
9 4.77199983597
10 4.78999996185
11 4.8220000267
12 4.85599994659
13 4.90500020981
14 4.90899991989
15 4.9439997673
16 4.84299993515
17 4.84399986267
18 4.88899993896
19 4.96299982071
20 5.132999897
21 5.1810002327
22 5.23000001907
23 5.26900005341
24 5.31599998474
25 5.36100006104
26 5.40299987793
27 5.45100021362
28 5.5
29 5.5560002327
30 5.60200023651
31 5.632999897
32 5.65000009537
33 0.0
34 17.1590003967
35 17.1469993591
36 17.1539993286
37 0.0
38 0.0
39 0.0
40 17.2460002899
41 17.1760005951
42 17.0650005341
43 17.0149993896
44 16.5240001678
45 16.5340003967
46 16.5270004272
47 13.1529998779
48 13.0760002136
49 12.329000473
50 11.9519996643
51 11.5749998093
52 11.5959997177
53 11.6309995651
54 11.6120004654
55 11.343000412
56 11.0059995651
57 10.4549999237
58 10.0900001526
59 8.34500026703
60 8.34500026703
61 8.21199989319
62 7.91800022125
63 7.64300012589
64 7.4439997673
65 7.24800014496
66 7.0720000267
67 6.90600013733
68 6.79899978638
69 6.76999998093
70 6.81699991226
71 6.81500005722
72 6.85099983215
73 6.86199998856
74 6.79500007629
75 6.63800001144
76 6.50899982452
77 6.38999986649
78 6.27799987793
79 6.15299987793
80 5.22200012207
81 4.96799993515
82 4.84600019455
83 4.77400016785
84 4.67899990082
85 4.60799980164
86 4.53499984741
87 4.46600008011
88 4.38899993896
89 4.31799983978
90 4.27199983597
91 4.21199989319
92 4.15500020981
93 4.10699987411
94 4.04199981689
95 3.992000103
96 3.92300009727
97 3.88899993896
98 3.84400010109
99 3.78500008583
100 3.757999897
101 3.78699994087
102 3.83200001717
103 3.8599998951
104 3.87599992752
105 3.91199994087
106 3.9509999752
107 3.95399999619
108 3.92700004578
109 3.867000103
110 3.82399988174
111 3.79699993134
112 3.76399993896
113 3.73699998856
114 3.69899988174
115 3.66000008583
116 3.62400007248
117 3.58999991417
118 3.5720000267
119 3.53200006485
120 3.48600006104
121 3.45499992371
122 3.44000005722
123 3.42000007629
124 3.40400004387
125 3.38700008392
126 3.42499995232
127 3.44799995422
128 3.49699997902
129 3.53500008583
130 3.5720000267
131 3.61800003052
132 3.67499995232
133 4.04099988937
134 4.07100009918
135 4.08599996567
136 4.13399982452
137 4.15600013733
138 4.19099998474
139 4.20599985123
140 4.23000001907
141 4.28100013733
142 4.32000017166
143 4.35699987411
144 4.3860001564
145 4.40100002289
146 4.45699977875
147 4.47300004959
148 4.50699996948
149 4.53100013733
150 4.54600000381
151 4.19600009918
152 4.31599998474
153 4.60400009155
154 3.26200008392
155 3.40700006485
156 4.71999979019
157 4.59399986267
158 4.55499982834
159 4.80100011826
160 4.82299995422
161 4.87900018692
162 4.88800001144
163 4.92899990082
164 4.95399999619
165 5.0
166 5.02600002289
167 5.04199981689
168 3.1289999485
169 3.22000002861
170 3.35700011253
171 4.10799980164
172 4.92100000381
173 4.87400007248
174 4.84499979019
175 4.83799982071
176 4.82399988174
177 4.83199977875
178 4.83599996567
179 4.86299991608
180 4.88100004196
181 4.89599990845
182 4.8189997673
183 5.3029999733
184 5.47399997711
185 5.48299980164
186 5.50699996948
187 5.50199985504
188 4.60599994659
189 4.57600021362
190 5.56799983978
191 5.59999990463
192 3.6400001049
193 3.51600003242
194 4.06199979782
195 4.03599977493
196 5.67500019073
197 5.70900011063
198 5.74300003052
199 5.74399995804
200 5.78700017929
201 5.81799983978
202 5.81699991226
203 5.82700014114
204 5.82999992371
205 5.84200000763
206 5.87599992752
207 5.87599992752
208 5.90799999237
209 5.90999984741
210 5.91400003433
211 5.94500017166
212 5.94000005722
213 5.95300006866
214 5.97900009155
215 5.99900007248
216 6.01800012589
217 6.02600002289
218 6.06500005722
219 6.0640001297
220 6.07299995422
221 6.0640001297
222 6.08300018311
223 6.09100008011
224 6.10500001907
225 6.11800003052
226 6.125
227 6.13500022888
228 6.14099979401
229 6.12799978256
230 6.14699983597
231 6.14900016785
232 6.16900014877
233 6.20100021362
234 6.20900011063
235 6.1939997673
236 6.21899986267
237 6.22100019455
238 6.22499990463
239 6.23000001907
240 6.23299980164
241 6.23199987411
242 6.2389998436
243 6.22599983215
244 6.23000001907
245 6.25699996948
246 6.23400020599
247 6.22900009155
248 6.23299980164
249 6.242000103
250 6.26499986649
251 6.27299976349
252 6.26300001144
253 6.28499984741
254 6.28800010681
255 6.28399991989
256 6.28000020981
257 6.24700021744
258 6.24700021744
259 6.23299980164
260 6.25099992752
261 5.21299982071
262 5.03299999237
263 5.02799987793
264 5.03900003433
265 5.03700017929
266 5.02899980545
267 5.03200006485
268 5.05800008774
269 5.23799991608
270 2.41300010681
271 2.43899989128
272 2.45300006866
273 5.24599981308
274 5.21500015259
275 5.21099996567
276 5.24100017548
277 5.26599979401
278 5.41699981689
279 5.66400003433
280 5.75600004196
281 5.77600002289
282 5.8109998703
283 5.96600008011
284 6.08900022507
285 6.07499980927
286 6.07600021362
287 6.07000017166
288 6.04799985886
289 6.05700016022
290 6.03999996185
291 6.02899980545
292 6.00199985504
293 5.97499990463
294 5.96199989319
295 5.93300008774
296 5.90700006485
297 5.90199995041
298 5.89300012589
299 5.88500022888
300 5.86999988556
301 5.85500001907
302 5.83199977875
303 5.81599998474
304 5.80499982834
305 5.80900001526
306 5.77400016785
307 5.75400018692
308 5.74399995804
309 5.72100019455
310 5.70499992371
311 5.68400001526
312 5.64400005341
313 5.61600017548
314 5.60200023651
315 5.59200000763
316 5.5689997673
317 5.53499984741
318 5.52299976349
319 5.34200000763
320 5.11100006104
321 5.46400022507
322 5.45399999619
323 5.42899990082
324 5.41800022125
325 5.39099979401
326 5.36600017548
327 5.32600021362
328 5.30999994278
329 4.375
330 4.02600002289
331 4.11899995804
332 5.01900005341
333 5.16200017929
334 5.13800001144
335 5.11299991608
336 5.09000015259
337 5.0689997673
338 5.04500007629
339 5.01599979401
340 4.94799995422
341 4.80999994278
342 4.96199989319
343 4.93300008774
344 4.91400003433
345 4.87099981308
346 4.82299995422
347 4.69299983978
348 4.55100011826
349 4.73400020599
350 4.71700000763
351 4.66900014877
352 4.64400005341
353 4.625
354 4.59899997711
355 4.55499982834
356 4.3189997673
357 4.35900020599
358 4.47599983215
359 4.46099996567
360 4.43499994278
361 4.40799999237
362 4.382999897
363 4.33400011063
364 4.32600021362
365 4.29300022125
366 4.24300003052
367 4.19600009918
368 4.1779999733
369 4.14200019836
370 4.11499977112
371 4.07299995422
372 4.05000019073
373 4.03200006485
374 3.9960000515
375 3.96600008011
376 3.93600010872
377 3.88899993896
378 3.85500001907
379 3.85299992561
380 3.82800006866
381 3.72600007057
382 3.632999897
383 3.58299994469
384 3.5569999218
385 3.52399992943
386 3.49499988556
387 3.46399998665
388 3.40799999237
389 3.38800001144
390 3.367000103
391 3.34599995613
392 3.31599998474
393 3.28900003433
394 3.24799990654
395 3.25300002098
396 3.30900001526
397 3.32999992371
398 3.35199999809
399 3.40400004387
400 3.4430000782
401 3.48600006104
402 3.52300000191
403 3.5490000248
404 3.60599994659
405 3.64700007439
406 3.68600010872
407 3.73900008202
408 3.73699998856
409 3.77900004387
410 3.82800006866
411 3.88100004196
412 3.93700003624
413 4.0
414 4.05200004578
415 4.10300016403
416 4.1859998703
417 4.23500013351
418 4.30700016022
419 4.36199998856
420 4.45100021362
421 4.50400018692
422 4.59100008011
423 4.65799999237
424 4.73699998856
425 4.80700016022
426 4.90500020981
427 5.0110001564
428 5.10099983215
429 5.22599983215
430 5.32299995422
431 5.42000007629
432 5.51900005341
433 5.64300012589
434 5.76900005341
435 5.88700008392
436 6.01599979401
437 6.17500019073
438 6.32000017166
439 6.48400020599
440 6.5
441 6.6139998436
442 6.49800014496
443 3.07699990273
444 3.05100011826
445 3.03099989891
446 3.03800010681
447 3.01900005341
448 3.02900004387
449 2.99799990654
450 2.99099993706
451 2.9849998951
452 3.00999999046
453 2.99699997902
454 2.97000002861
455 2.97600007057
456 2.96499991417
457 2.95700001717
458 2.95199990273
459 2.9509999752
460 2.9470000267
461 2.96000003815
462 2.93600010872
463 2.9279999733
464 2.94400000572
465 2.93499994278
466 2.94199991226
467 2.92899990082
468 2.91899991035
469 2.90499997139
470 2.66000008583
471 2.65199995041
472 2.62199997902
473 2.64599990845
474 0.952000021935
475 0.711000025272
476 0.712999999523
477 0.92199999094
478 2.65700006485
479 2.65199995041
480 2.65499997139
481 2.65300011635
482 2.64899992943
483 2.66499996185
484 2.65799999237
485 2.67100000381
486 2.64599990845
487 2.65000009537
488 2.67000007629
489 2.67499995232
490 2.83500003815
491 2.9279999733
492 2.94000005722
493 2.94600009918
494 2.94400000572
495 2.95000004768
496 2.95399999619
497 2.9509999752
498 2.95199990273
499 2.97099995613
500 2.96199989319
501 2.97799992561
502 2.99900007248
503 2.98399996758
504 1.27999997139
505 1.15199995041
506 1.14800000191
507 1.11800003052
508 1.13900005817
509 1.13600003719
510 1.13900005817
511 1.14600002766
512 1.19200003147
513 1.19200003147
514 1.20500004292
515 1.21000003815
516 1.21300005913
517 1.21800005436
518 1.22099995613
519 1.25499999523
520 1.25100004673
521 1.36899995804
522 1.52199995518
523 3.17700004578
524 0.925999999046
525 0.90499997139
526 0.920000016689
527 0.93599998951
528 3.04600000381
529 2.97799992561
530 2.93099999428
531 1.31900000572
532 1.19099998474
533 1.11800003052
534 1.09300005436
535 1.08899998665
536 1.0909999609
537 1.06400001049
538 1.08099997044
539 1.05700004101
540 1.03600001335
