0 4.51900005341
1 4.4279999733
2 4.44999980927
3 4.46299982071
4 4.50500011444
5 4.63700008392
6 4.67000007629
7 4.71500015259
8 4.74700021744
9 4.757999897
10 4.80700016022
11 4.83799982071
12 4.85200023651
13 4.90000009537
14 4.92899990082
15 4.93800020218
16 4.82999992371
17 4.85599994659
18 4.8860001564
19 4.97900009155
20 5.13399982452
21 5.1859998703
22 5.23299980164
23 5.26399993896
24 5.30800008774
25 5.35500001907
26 5.40399980545
27 5.45399999619
28 5.48199987411
29 5.54699993134
30 5.60099983215
31 5.64599990845
32 5.66200017929
33 0.0
34 17.1469993591
35 17.1450004578
36 17.1509990692
37 0.0
38 0.0
39 0.0
40 17.2339992523
41 17.1840000153
42 17.0569992065
43 17.0009994507
44 16.5310001373
45 16.5370006561
46 16.5149993896
47 13.1470003128
48 13.0679998398
49 12.3479995728
50 11.9650001526
51 11.5920000076
52 11.6099996567
53 11.6330003738
54 11.6180000305
55 11.3229999542
56 10.9969997406
57 10.4729995728
58 10.111000061
59 8.33899974823
60 8.34300041199
61 8.19600009918
62 7.90500020981
63 7.63500022888
64 7.43699979782
65 7.23999977112
66 7.05399990082
67 6.90199995041
68 6.78900003433
69 6.79099988937
70 6.79899978638
71 6.82800006866
72 6.84600019455
73 6.867000103
74 6.78299999237
75 6.65399980545
76 6.50400018692
77 6.39200019836
78 6.26700019836
79 6.16099977493
80 5.23199987411
81 4.96099996567
82 4.84700012207
83 4.76599979401
84 4.67500019073
85 4.60200023651
86 4.54600000381
87 4.47200012207
88 4.40199995041
89 4.33699989319
90 4.27799987793
91 4.21299982071
92 4.14099979401
93 4.10599994659
94 4.02600002289
95 3.96900010109
96 3.93700003624
97 3.89299988747
98 3.83500003815
99 3.78099989891
100 3.78299999237
101 3.80200004578
102 3.82500004768
103 3.84899997711
104 3.86800003052
105 3.90300011635
106 3.94000005722
107 3.95799994469
108 3.9240000248
109 3.89400005341
110 3.85199999809
111 3.80900001526
112 3.76699995995
113 3.72399997711
114 3.68000006676
115 3.66799998283
116 3.625
117 3.60100007057
118 3.56500005722
119 3.53299999237
120 3.4960000515
121 3.47399997711
122 3.4430000782
123 3.41300010681
124 3.40199995041
125 3.39499998093
126 3.42700004578
127 3.45700001717
128 3.50200009346
129 3.53399991989
130 3.5720000267
131 3.59800004959
132 3.66300010681
133 4.01999998093
134 4.0529999733
135 4.08599996567
136 4.10400009155
137 4.15399980545
138 4.19000005722
139 4.20399999619
140 4.23199987411
141 4.26999998093
142 4.30900001526
143 4.34899997711
144 4.39599990845
145 4.43499994278
146 4.45599985123
147 4.49300003052
148 4.51300001144
149 4.51900005341
150 4.53499984741
151 4.19099998474
152 4.30700016022
153 4.60599994659
154 3.26900005341
155 3.40499997139
156 4.70699977875
157 4.58900022507
158 4.54400014877
159 4.80200004578
160 4.81500005722
161 4.86499977112
162 4.90299987793
163 4.9359998703
164 4.96799993515
165 4.98500013351
166 5.01599979401
167 5.03399991989
168 3.14100003242
169 3.23399996758
170 3.36100006104
171 4.10599994659
172 4.91499996185
173 4.88500022888
174 4.86199998856
175 4.83099985123
176 4.83400011063
177 4.81699991226
178 4.82600021362
179 4.85300016403
180 4.87900018692
181 4.90700006485
182 4.82499980927
183 5.30200004578
184 5.46500015259
185 5.49300003052
186 5.50400018692
187 5.51000022888
188 4.59100008011
189 4.57899999619
190 5.55100011826
191 5.58599996567
192 3.62599992752
193 3.51999998093
194 4.06500005722
195 4.05100011826
196 5.68499994278
197 5.71000003815
198 5.72900009155
199 5.73999977112
200 5.78000020981
201 5.82000017166
202 5.82999992371
203 5.83900022507
204 5.83400011063
205 5.86299991608
206 5.86800003052
207 5.87799978256
208 5.87900018692
209 5.90199995041
210 5.92000007629
211 5.94199991226
212 5.96299982071
213 5.95200014114
214 5.98600006104
215 6.0110001564
216 6.01700019836
217 6.03000020981
218 6.05000019073
219 6.07399988174
220 6.07800006866
221 6.08799982071
222 6.10099983215
223 6.10599994659
224 6.11600017548
225 6.12599992752
226 6.12599992752
227 6.11800003052
228 6.13399982452
229 6.15299987793
230 6.13800001144
231 6.15399980545
232 6.17899990082
233 6.19299983978
234 6.19999980927
235 6.21299982071
236 6.23099994659
237 6.22700023651
238 6.21500015259
239 6.23500013351
240 6.23799991608
241 6.22399997711
242 6.21600008011
243 6.22700023651
244 6.21999979019
245 6.22599983215
246 6.24399995804
247 6.23000001907
248 6.2389998436
249 6.26000022888
250 6.26800012589
251 6.26800012589
252 6.24599981308
253 6.26700019836
254 6.26999998093
255 6.28800010681
256 6.26700019836
257 6.25899982452
258 6.25
259 6.23999977112
260 6.22399997711
261 5.18400001526
262 5.02799987793
263 5.02699995041
264 5.04600000381
265 5.03599977493
266 5.03800010681
267 5.02400016785
268 5.06500005722
269 5.23099994659
270 2.39499998093
271 2.4319999218
272 2.45199990273
273 5.24300003052
274 5.21700000763
275 5.21700000763
276 5.23099994659
277 5.26999998093
278 5.41699981689
279 5.67199993134
280 5.74100017548
281 5.77600002289
282 5.80700016022
283 5.94600009918
284 6.07499980927
285 6.0720000267
286 6.0609998703
287 6.0720000267
288 6.0560002327
289 6.04300022125
290 6.02899980545
291 5.99499988556
292 5.98400020599
293 5.97499990463
294 5.94299983978
295 5.9390001297
296 5.92299985886
297 5.91800022125
298 5.89099979401
299 5.87400007248
300 5.84600019455
301 5.83300018311
302 5.82499980927
303 5.81199979782
304 5.8060002327
305 5.79199981689
306 5.79300022125
307 5.76200008392
308 5.74399995804
309 5.71700000763
310 5.69500017166
311 5.65299987793
312 5.65600013733
313 5.62799978256
314 5.61299991608
315 5.58699989319
316 5.55999994278
317 5.54600000381
318 5.52500009537
319 5.32600021362
320 5.10400009155
321 5.44299983978
322 5.43699979782
323 5.42899990082
324 5.42600011826
325 5.40000009537
326 5.36100006104
327 5.32600021362
328 5.29699993134
329 4.37799978256
330 4.0529999733
331 4.11199998856
332 5.01599979401
333 5.17399978638
334 5.14200019836
335 5.10900020599
336 5.08599996567
337 5.0720000267
338 5.04899978638
339 5.02799987793
340 4.9470000267
341 4.80499982834
342 4.96700000763
343 4.93200016022
344 4.89599990845
345 4.87099981308
346 4.83099985123
347 4.69999980927
348 4.55800008774
349 4.742000103
350 4.6970000267
351 4.68200016022
352 4.63800001144
353 4.61899995804
354 4.59499979019
355 4.57299995422
356 4.31300020218
357 4.36199998856
358 4.49700021744
359 4.47399997711
360 4.44799995422
361 4.41699981689
362 4.37400007248
363 4.3639998436
364 4.30999994278
365 4.28999996185
366 4.2610001564
367 4.20699977875
368 4.18699979782
369 4.15000009537
370 4.09399986267
371 4.07899999619
372 4.03399991989
373 4.01300001144
374 3.99399995804
375 3.97099995613
376 3.9319999218
377 3.91100001335
378 3.86800003052
379 3.83899998665
380 3.8259999752
381 3.72399997711
382 3.63100004196
383 3.58699989319
384 3.55500006676
385 3.53099989891
386 3.50200009346
387 3.46700000763
388 3.43899989128
389 3.39599990845
390 3.36299991608
391 3.34299993515
392 3.31699991226
393 3.28200006485
394 3.24300003052
395 3.2650001049
396 3.29600000381
397 3.34299993515
398 3.367000103
399 3.40499997139
400 3.4470000267
401 3.47399997711
402 3.51600003242
403 3.56100010872
404 3.58899998665
405 3.65000009537
406 3.68300008774
407 3.73200011253
408 3.7349998951
409 3.78600001335
410 3.8180000782
411 3.87299990654
412 3.93799996376
413 4.007999897
414 4.05100011826
415 4.132999897
416 4.1890001297
417 4.24300003052
418 4.3109998703
419 4.38399982452
420 4.44099998474
421 4.51300001144
422 4.59600019455
423 4.66699981689
424 4.73999977112
425 4.80800008774
426 4.90299987793
427 5.007999897
428 5.11299991608
429 5.20499992371
430 5.31599998474
431 5.42000007629
432 5.51499986649
433 5.64599990845
434 5.77500009537
435 5.89400005341
436 6.03700017929
437 6.15999984741
438 6.32800006866
439 6.46400022507
440 6.51700019836
441 6.617000103
442 6.38899993896
443 3.08100008965
444 3.04800009727
445 3.03500008583
446 3.02300000191
447 3.01300001144
448 3.007999897
449 3.00500011444
450 3.00999999046
451 2.99799990654
452 2.99000000954
453 2.98699998856
454 2.97900009155
455 2.96700000763
456 2.98200011253
457 2.97399997711
458 2.97199988365
459 2.95000004768
460 2.94899988174
461 2.9430000782
462 2.93799996376
463 2.94600009918
464 2.9240000248
465 2.93300008774
466 2.9240000248
467 2.93700003624
468 2.92100000381
469 2.92300009727
470 2.66199994087
471 2.64299988747
472 2.64100003242
473 2.63199996948
474 0.934000015259
475 0.704999983311
476 0.717000007629
477 0.922999978065
478 2.64499998093
479 2.65300011635
480 2.65199995041
481 2.65199995041
482 2.64299988747
483 2.65700006485
484 2.64700007439
485 2.66899991035
486 2.67199993134
487 2.6740000248
488 2.67300009727
489 2.66100001335
490 2.82699990273
491 2.94899988174
492 2.95900011063
493 2.93000006676
494 2.93799996376
495 2.94899988174
496 2.94799995422
497 2.95600008965
498 2.96799993515
499 2.96600008011
500 2.97600007057
501 2.97300004959
502 2.97399997711
503 2.98900008202
504 1.26900005341
505 1.14199995995
506 1.15199995041
507 1.13100004196
508 1.13499999046
509 1.14100003242
510 1.14800000191
511 1.17299997807
512 1.19799995422
513 1.19000005722
514 1.21800005436
515 1.20200002193
516 1.22800004482
517 1.22500002384
518 1.24199998379
519 1.25800001621
520 1.26300001144
521 1.37600004673
522 1.52900004387
523 3.16700005531
524 0.943000018597
525 0.902999997139
526 0.921000003815
527 0.954999983311
528 3.05100011826
529 2.98000001907
530 2.93099999428
531 1.29999995232
532 1.17700004578
533 1.10000002384
534 1.09399998188
535 1.06500005722
536 1.0759999752
537 1.0870000124
538 1.08399999142
539 1.05799996853
540 1.04600000381
