0 4.50400018692
1 4.44199991226
2 4.44500017166
3 4.44000005722
4 4.53399991989
5 4.64699983597
6 4.68200016022
7 4.69999980927
8 4.73099994659
9 4.77099990845
10 4.79400014877
11 4.83199977875
12 4.86899995804
13 4.90100002289
14 4.93499994278
15 4.92000007629
16 4.82800006866
17 4.83900022507
18 4.88899993896
19 4.97200012207
20 5.14300012589
21 5.1859998703
22 5.21999979019
23 5.27600002289
24 5.30399990082
25 5.36299991608
26 5.39499998093
27 5.4439997673
28 5.49499988556
29 5.53000020981
30 5.59600019455
31 5.63100004196
32 5.67199993134
33 0.0
34 17.1490001678
35 17.138999939
36 17.1509990692
37 0.0
38 0.0
39 0.0
40 17.2189998627
41 17.172000885
42 17.0650005341
43 17.0069999695
44 16.513999939
45 16.5370006561
46 16.5109996796
47 13.1450004578
48 13.0699996948
49 12.3400001526
50 11.9589996338
51 11.5900001526
52 11.6149997711
53 11.6219997406
54 11.611000061
55 11.3500003815
56 10.9960002899
57 10.4409999847
58 10.1120004654
59 8.34700012207
60 8.33899974823
61 8.20199966431
62 7.90299987793
63 7.64400005341
64 7.4439997673
65 7.24900007248
66 7.0560002327
67 6.89599990845
68 6.78800010681
69 6.78599977493
70 6.80200004578
71 6.82999992371
72 6.85599994659
73 6.87200021744
74 6.79099988937
75 6.63700008392
76 6.50600004196
77 6.39699983597
78 6.26499986649
79 6.16099977493
80 5.24900007248
81 4.96799993515
82 4.84100008011
83 4.77699995041
84 4.67000007629
85 4.59399986267
86 4.54199981689
87 4.44899988174
88 4.40100002289
89 4.30900001526
90 4.26300001144
91 4.21099996567
92 4.15500020981
93 4.09200000763
94 4.02600002289
95 3.98000001907
96 3.92499995232
97 3.882999897
98 3.84299993515
99 3.79399991035
100 3.77600002289
101 3.79299998283
102 3.81500005722
103 3.83299994469
104 3.89800000191
105 3.90000009537
106 3.93499994278
107 3.95600008965
108 3.91599988937
109 3.88400006294
110 3.84299993515
111 3.7990000248
112 3.75999999046
113 3.71600008011
114 3.68600010872
115 3.66199994087
116 3.63800001144
117 3.60500001907
118 3.57899999619
119 3.51300001144
120 3.49799990654
121 3.46600008011
122 3.45000004768
123 3.40499997139
124 3.40499997139
125 3.39400005341
126 3.42300009727
127 3.45700001717
128 3.49900007248
129 3.52600002289
130 3.5720000267
131 3.60100007057
132 3.65400004387
133 4.007999897
134 4.05700016022
135 4.08300018311
136 4.13000011444
137 4.16300010681
138 4.16599988937
139 4.20100021362
140 4.22300004959
141 4.28200006485
142 4.3109998703
143 4.35799980164
144 4.38899993896
145 4.41800022125
146 4.45699977875
147 4.46799993515
148 4.49900007248
149 4.53399991989
150 4.53999996185
151 4.19099998474
152 4.28800010681
153 4.61899995804
154 3.27099990845
155 3.40799999237
156 4.69999980927
157 4.58900022507
158 4.56500005722
159 4.79600000381
160 4.82999992371
161 4.87300014496
162 4.90199995041
163 4.92299985886
164 4.96899986267
165 4.98799991608
166 5.01499986649
167 5.04199981689
168 3.15199995041
169 3.21799993515
170 3.36500000954
171 4.125
172 4.91900014877
173 4.87300014496
174 4.83900022507
175 4.84299993515
176 4.83099985123
177 4.81300020218
178 4.83900022507
179 4.85500001907
180 4.87400007248
181 4.89900016785
182 4.8140001297
183 5.30100011826
184 5.46700000763
185 5.48000001907
186 5.49599981308
187 5.5110001564
188 4.59899997711
189 4.58199977875
190 5.5689997673
191 5.59200000763
192 3.65300011635
193 3.52600002289
194 4.06699991226
195 4.03700017929
196 5.67899990082
197 5.70300006866
198 5.73199987411
199 5.76000022888
200 5.77400016785
201 5.8140001297
202 5.82000017166
203 5.83599996567
204 5.84399986267
205 5.84399986267
206 5.8639998436
207 5.8860001564
208 5.90100002289
209 5.88800001144
210 5.92700004578
211 5.93400001526
212 5.96299982071
213 5.94500017166
214 5.96700000763
215 5.99599981308
216 6.02199983597
217 6.03700017929
218 6.04699993134
219 6.06699991226
220 6.07600021362
221 6.0640001297
222 6.07899999619
223 6.11000013351
224 6.1139998436
225 6.10900020599
226 6.13000011444
227 6.1360001564
228 6.14499998093
229 6.14099979401
230 6.1360001564
231 6.14799976349
232 6.17500019073
233 6.17100000381
234 6.18800020218
235 6.21299982071
236 6.22700023651
237 6.22900009155
238 6.22900009155
239 6.23600006104
240 6.21999979019
241 6.22100019455
242 6.21899986267
243 6.22900009155
244 6.22499990463
245 6.25400018692
246 6.21799993515
247 6.25600004196
248 6.22700023651
249 6.25400018692
250 6.26900005341
251 6.25500011444
252 6.26000022888
253 6.27799987793
254 6.28499984741
255 6.26700019836
256 6.25299978256
257 6.25500011444
258 6.2389998436
259 6.23500013351
260 6.21600008011
261 5.18800020218
262 5.04099988937
263 5.03100013733
264 5.02099990845
265 5.02699995041
266 5.02500009537
267 5.02199983597
268 5.07700014114
269 5.23600006104
270 2.42000007629
271 2.43300008774
272 2.45199990273
273 5.25400018692
274 5.20200014114
275 5.20100021362
276 5.24499988556
277 5.26200008392
278 5.40999984741
279 5.65000009537
280 5.74700021744
281 5.76499986649
282 5.80999994278
283 5.93400001526
284 6.07100009918
285 6.08099985123
286 6.07899999619
287 6.05399990082
288 6.05800008774
289 6.03900003433
290 6.02699995041
291 6.01499986649
292 6.01300001144
293 5.97300004959
294 5.97200012207
295 5.94500017166
296 5.90799999237
297 5.91099977493
298 5.89799976349
299 5.88000011444
300 5.87099981308
301 5.83599996567
302 5.82000017166
303 5.82000017166
304 5.8029999733
305 5.79500007629
306 5.78399991989
307 5.77099990845
308 5.74399995804
309 5.72800016403
310 5.69199991226
311 5.66800022125
312 5.64900016785
313 5.62699985504
314 5.59000015259
315 5.59700012207
316 5.56500005722
317 5.54199981689
318 5.52299976349
319 5.31500005722
320 5.09999990463
321 5.45499992371
322 5.45499992371
323 5.44000005722
324 5.40100002289
325 5.38999986649
326 5.36000013351
327 5.33599996567
328 5.29699993134
329 4.34700012207
330 4.04699993134
331 4.1139998436
332 5.02600002289
333 5.16599988937
334 5.132999897
335 5.11100006104
336 5.09999990463
337 5.07100009918
338 5.04699993134
339 5.02199983597
340 4.95300006866
341 4.8189997673
342 4.96000003815
343 4.94000005722
344 4.90899991989
345 4.867000103
346 4.82800006866
347 4.70399999619
348 4.55399990082
349 4.73400020599
350 4.70100021362
351 4.67299985886
352 4.63399982452
353 4.61899995804
354 4.58599996567
355 4.56599998474
356 4.30100011826
357 4.34999990463
358 4.48400020599
359 4.44600009918
360 4.42299985886
361 4.39300012589
362 4.36800003052
363 4.35200023651
364 4.29899978638
365 4.28100013733
366 4.24399995804
367 4.21000003815
368 4.17700004578
369 4.14599990845
370 4.12099981308
371 4.08300018311
372 4.05800008774
373 4.02699995041
374 3.97000002861
375 3.94400000572
376 3.94099998474
377 3.91300010681
378 3.88199996948
379 3.85800004005
380 3.80800008774
381 3.72000002861
382 3.632999897
383 3.60299992561
384 3.55100011826
385 3.53099989891
386 3.48300004005
387 3.45600008965
388 3.43000006676
389 3.40400004387
390 3.34999990463
391 3.32500004768
392 3.3069999218
393 3.29299998283
394 3.25999999046
395 3.27300000191
396 3.29299998283
397 3.31999993324
398 3.37400007248
399 3.39199995995
400 3.43700003624
401 3.46799993515
402 3.50900006294
403 3.53800010681
404 3.58400011063
405 3.64199995995
406 3.68700003624
407 3.72699999809
408 3.73900008202
409 3.77399992943
410 3.81999993324
411 3.86500000954
412 3.93499994278
413 3.99300003052
414 4.06599998474
415 4.12099981308
416 4.1890001297
417 4.25299978256
418 4.3109998703
419 4.38800001144
420 4.4470000267
421 4.51399993896
422 4.59600019455
423 4.64799976349
424 4.73999977112
425 4.8060002327
426 4.91400003433
427 5.007999897
428 5.10699987411
429 5.21199989319
430 5.31699991226
431 5.42299985886
432 5.54300022125
433 5.63000011444
434 5.77500009537
435 5.90100002289
436 6.01399993896
437 6.16599988937
438 6.30399990082
439 6.46799993515
440 6.50099992752
441 6.59999990463
442 6.46899986267
443 3.08899998665
444 3.05399990082
445 3.03500008583
446 3.02600002289
447 3.01900005341
448 3.02999997139
449 2.9960000515
450 2.992000103
451 2.99699997902
452 2.98699998856
453 2.992000103
454 2.97300004959
455 2.97099995613
456 2.96000003815
457 2.97399997711
458 2.94899988174
459 2.95900011063
460 2.9470000267
461 2.94600009918
462 2.93799996376
463 2.9470000267
464 2.93099999428
465 2.9279999733
466 2.94099998474
467 2.92499995232
468 2.92100000381
469 2.91100001335
470 2.65799999237
471 2.64599990845
472 2.61999988556
473 2.63400006294
474 0.940999984741
475 0.713999986649
476 0.714999973774
477 0.924000024796
478 2.66499996185
479 2.65499997139
480 2.64800000191
481 2.64299988747
482 2.63499999046
483 2.65100002289
484 2.66100001335
485 2.66899991035
486 2.66499996185
487 2.67700004578
488 2.67100000381
489 2.66100001335
490 2.83800005913
491 2.92700004578
492 2.9319999218
493 2.93099999428
494 2.9509999752
495 2.93899989128
496 2.95199990273
497 2.97600007057
498 2.95499992371
499 2.97699999809
500 2.95799994469
501 2.97900009155
502 2.99499988556
503 3.00200009346
504 1.28699994087
505 1.15400004387
506 1.14800000191
507 1.12000000477
508 1.14499998093
509 1.13699996471
510 1.15499997139
511 1.14600002766
512 1.17999994755
513 1.21099996567
514 1.22300004959
515 1.2120000124
516 1.22599995136
517 1.22200000286
518 1.23599994183
519 1.25800001621
520 1.27300000191
521 1.35300004482
522 1.4960000515
523 3.17600011826
524 0.936999976635
525 0.916000008583
526 0.916000008583
527 0.934000015259
528 3.04399991035
529 2.97399997711
530 2.93400001526
531 1.28900003433
532 1.18099999428
533 1.10699999332
534 1.10699999332
535 1.0909999609
536 1.10199999809
537 1.07799994946
538 1.08399999142
539 1.05799996853
540 1.04200005531
