0 4.51399993896
1 4.43200016022
2 4.44999980927
3 4.44099998474
4 4.53200006485
5 4.64099979401
6 4.68800020218
7 4.71500015259
8 4.73000001907
9 4.76000022888
10 4.81300020218
11 4.83799982071
12 4.85200023651
13 4.88000011444
14 4.91800022125
15 4.93800020218
16 4.83699989319
17 4.84899997711
18 4.89099979401
19 4.95499992371
20 5.14400005341
21 5.18400001526
22 5.22100019455
23 5.26999998093
24 5.30999994278
25 5.36000013351
26 5.40299987793
27 5.44000005722
28 5.49700021744
29 5.54400014877
30 5.60400009155
31 5.64200019836
32 5.64900016785
33 0.0
34 17.1499996185
35 17.1289997101
36 17.1529998779
37 0.0
38 0.0
39 0.0
40 17.2240009308
41 17.1550006866
42 17.0699996948
43 16.9990005493
44 16.5149993896
45 16.5370006561
46 16.5289993286
47 13.1619997025
48 13.0850000381
49 12.3260002136
50 11.9359998703
51 11.579000473
52 11.5939998627
53 11.6169996262
54 11.6160001755
55 11.3529996872
56 10.9989995956
57 10.4739999771
58 10.1099996567
59 8.29899978638
60 8.32600021362
61 8.18999958038
62 7.90899991989
63 7.6360001564
64 7.45499992371
65 7.24700021744
66 7.07000017166
67 6.90399980545
68 6.77899980545
69 6.77400016785
70 6.8029999733
71 6.82000017166
72 6.83900022507
73 6.86100006104
74 6.78399991989
75 6.63000011444
76 6.51000022888
77 6.38999986649
78 6.26499986649
79 6.14499998093
80 5.23500013351
81 4.95699977875
82 4.85500001907
83 4.76300001144
84 4.69099998474
85 4.60400009155
86 4.53999996185
87 4.45599985123
88 4.38000011444
89 4.31500005722
90 4.257999897
91 4.22399997711
92 4.15999984741
93 4.10300016403
94 4.01900005341
95 3.96799993515
96 3.93899989128
97 3.88400006294
98 3.82699990273
99 3.77300000191
100 3.76399993896
101 3.77300000191
102 3.82399988174
103 3.85400009155
104 3.88800001144
105 3.91300010681
106 3.92300009727
107 3.94899988174
108 3.91300010681
109 3.86899995804
110 3.84699988365
111 3.79999995232
112 3.76900005341
113 3.72600007057
114 3.6930000782
115 3.66400003433
116 3.61100006104
117 3.59299993515
118 3.56100010872
119 3.52500009537
120 3.49499988556
121 3.47699999809
122 3.44099998474
123 3.41400003433
124 3.40599989891
125 3.38700008392
126 3.42700004578
127 3.44899988174
128 3.47600007057
129 3.52900004387
130 3.5759999752
131 3.61400008202
132 3.67600011826
133 4.02400016785
134 4.06500005722
135 4.07499980927
136 4.10900020599
137 4.15399980545
138 4.16499996185
139 4.21299982071
140 4.23999977112
141 4.28299999237
142 4.30399990082
143 4.32600021362
144 4.37200021744
145 4.41900014877
146 4.45499992371
147 4.492000103
148 4.50699996948
149 4.53399991989
150 4.55399990082
151 4.1779999733
152 4.28100013733
153 4.54099988937
154 3.26300001144
155 3.41199994087
156 4.71000003815
157 4.58500003815
158 4.54799985886
159 4.79899978638
160 4.81599998474
161 4.86600017548
162 4.89099979401
163 4.92899990082
164 4.96799993515
165 5.00199985504
166 5.01900005341
167 5.04199981689
168 3.12800002098
169 3.22699999809
170 3.37199997902
171 4.09600019455
172 4.92500019073
173 4.88000011444
174 4.84800004959
175 4.83599996567
176 4.80999994278
177 4.81799983978
178 4.82700014114
179 4.83699989319
180 4.85900020599
181 4.90100002289
182 4.81300020218
183 5.3029999733
184 5.46000003815
185 5.48500013351
186 5.50500011444
187 5.51499986649
188 4.58099985123
189 4.56300020218
190 5.56199979782
191 5.58699989319
192 3.62700009346
193 3.51900005341
194 4.06199979782
195 4.04799985886
196 5.69000005722
197 5.70200014114
198 5.73199987411
199 5.75199985504
200 5.76999998093
201 5.8029999733
202 5.82100009918
203 5.83099985123
204 5.84399986267
205 5.84000015259
206 5.86299991608
207 5.875
208 5.87699985504
209 5.89400005341
210 5.92700004578
211 5.9359998703
212 5.95200014114
213 5.97399997711
214 5.98699998856
215 5.99599981308
216 6.01900005341
217 6.02699995041
218 6.04400014877
219 6.0640001297
220 6.08400011063
221 6.08199977875
222 6.09299993515
223 6.09899997711
224 6.10200023651
225 6.09000015259
226 6.11100006104
227 6.12099981308
228 6.13899993896
229 6.13399982452
230 6.16800022125
231 6.17700004578
232 6.16099977493
233 6.17999982834
234 6.20499992371
235 6.1890001297
236 6.21899986267
237 6.22599983215
238 6.23000001907
239 6.22399997711
240 6.22399997711
241 6.22399997711
242 6.21600008011
243 6.22399997711
244 6.21099996567
245 6.23099994659
246 6.22900009155
247 6.23199987411
248 6.25299978256
249 6.257999897
250 6.26599979401
251 6.257999897
252 6.24399995804
253 6.24499988556
254 6.27799987793
255 6.26700019836
256 6.2610001564
257 6.25699996948
258 6.24499988556
259 6.25899982452
260 6.21600008011
261 5.1779999733
262 5.04300022125
263 5.02899980545
264 5.02699995041
265 5.01499986649
266 5.03700017929
267 5.01800012589
268 5.05900001526
269 5.23199987411
270 2.39800000191
271 2.41599988937
272 2.45199990273
273 5.25299978256
274 5.21299982071
275 5.21099996567
276 5.23999977112
277 5.25899982452
278 5.40199995041
279 5.65899991989
280 5.742000103
281 5.77400016785
282 5.80200004578
283 5.95100021362
284 6.09000015259
285 6.06300020218
286 6.06199979782
287 6.06599998474
288 6.04400014877
289 6.05700016022
290 6.02199983597
291 6.007999897
292 5.99300003052
293 5.98199987411
294 5.96299982071
295 5.9359998703
296 5.92600011826
297 5.90500020981
298 5.875
299 5.88500022888
300 5.86000013351
301 5.84100008011
302 5.82899999619
303 5.82499980927
304 5.80399990082
305 5.79500007629
306 5.77299976349
307 5.76200008392
308 5.72200012207
309 5.71400022507
310 5.69299983978
311 5.67199993134
312 5.65600013733
313 5.63399982452
314 5.60200023651
315 5.58199977875
316 5.57100009918
317 5.51999998093
318 5.51000022888
319 5.30399990082
320 5.10400009155
321 5.46000003815
322 5.45499992371
323 5.42399978638
324 5.40999984741
325 5.39599990845
326 5.36499977112
327 5.32000017166
328 5.30800008774
329 4.37699985504
330 4.05700016022
331 4.09999990463
332 5.02899980545
333 5.15399980545
334 5.12900018692
335 5.12200021744
336 5.08799982071
337 5.0560002327
338 5.04199981689
339 5.00899982452
340 4.94899988174
341 4.80700016022
342 4.95200014114
343 4.94199991226
344 4.90600013733
345 4.87300014496
346 4.83699989319
347 4.69500017166
348 4.55100011826
349 4.72800016403
350 4.70100021362
351 4.67199993134
352 4.65100002289
353 4.617000103
354 4.59600019455
355 4.5689997673
356 4.31599998474
357 4.35900020599
358 4.47300004959
359 4.46099996567
360 4.44999980927
361 4.40999984741
362 4.3860001564
363 4.34600019455
364 4.30999994278
365 4.28800010681
366 4.23799991608
367 4.1890001297
368 4.16400003433
369 4.13899993896
370 4.11199998856
371 4.0689997673
372 4.03700017929
373 4.03100013733
374 3.992000103
375 3.95700001717
376 3.92100000381
377 3.882999897
378 3.86100006104
379 3.85100007057
380 3.83299994469
381 3.71900010109
382 3.6400001049
383 3.59400010109
384 3.56500005722
385 3.52099990845
386 3.48799991608
387 3.45799994469
388 3.41899991035
389 3.39400005341
390 3.36199998856
391 3.34200000763
392 3.31299996376
393 3.28500008583
394 3.26399993896
395 3.26300001144
396 3.29200005531
397 3.33100008965
398 3.36800003052
399 3.39599990845
400 3.44099998474
401 3.47499990463
402 3.52200007439
403 3.55900001526
404 3.58800005913
405 3.63000011444
406 3.6779999733
407 3.73200011253
408 3.74799990654
409 3.78999996185
410 3.83200001717
411 3.8789999485
412 3.92300009727
413 3.97699999809
414 4.0640001297
415 4.13000011444
416 4.16699981689
417 4.25299978256
418 4.3109998703
419 4.37799978256
420 4.42500019073
421 4.51200008392
422 4.59399986267
423 4.65399980545
424 4.71600008011
425 4.82299995422
426 4.90399980545
427 5.01200008392
428 5.117000103
429 5.20599985123
430 5.30999994278
431 5.40999984741
432 5.52899980545
433 5.63700008392
434 5.76200008392
435 5.89400005341
436 6.02899980545
437 6.15299987793
438 6.30900001526
439 6.46099996567
440 6.492000103
441 6.59700012207
442 6.48000001907
443 3.07999992371
444 3.03999996185
445 3.04299998283
446 3.03099989891
447 3.00999999046
448 3.02399992943
449 3.01699995995
450 3.01300001144
451 2.98300004005
452 2.99099993706
453 2.9960000515
454 2.99000000954
455 2.96600008011
456 2.96000003815
457 2.94799995422
458 2.96799993515
459 2.95300006866
460 2.93600010872
461 2.95799994469
462 2.94000005722
463 2.9279999733
464 2.93700003624
465 2.92700004578
466 2.92499995232
467 2.91499996185
468 2.91799998283
469 2.92199993134
470 2.66899991035
471 2.64700007439
472 2.6400001049
473 2.66599988937
474 0.925000011921
475 0.705999970436
476 0.695999979973
477 0.92199999094
478 2.66499996185
479 2.64400005341
480 2.6400001049
481 2.64800000191
482 2.6400001049
483 2.6400001049
484 2.65100002289
485 2.65799999237
486 2.66700005531
487 2.65599989891
488 2.66400003433
489 2.67199993134
490 2.82699990273
491 2.92199993134
492 2.93000006676
493 2.93499994278
494 2.96199989319
495 1.30900001526
496 1.15799999237
497 1.1629999876
498 1.15600001812
499 1.14999997616
500 1.12999999523
501 1.11500000954
502 1.14900004864
503 1.14499998093
504 1.12800002098
505 1.15499997139
506 1.1590000391
507 1.17700004578
508 1.20000004768
509 1.36699998379
510 1.44599997997
511 1.32799994946
512 1.32899999619
513 1.30700004101
514 1.31200003624
515 1.29600000381
516 1.30900001526
517 1.30400002003
518 1.3029999733
519 1.30700004101
520 1.32500004768
521 1.35500001907
522 1.51199996471
523 3.15000009537
524 0.931999981403
525 0.90600001812
526 0.919000029564
527 0.938000023365
528 3.03500008583
529 2.97900009155
530 2.92199993134
531 2.88199996948
532 2.82699990273
533 2.78200006485
534 2.72099995613
535 2.71000003815
536 2.93899989128
537 2.92100000381
538 0.0
539 0.0
540 0.0
