0 4.52299976349
1 4.40100002289
2 4.44099998474
3 4.47300004959
4 4.52299976349
5 4.65799999237
6 4.67899990082
7 4.71500015259
8 4.73000001907
9 4.757999897
10 4.78299999237
11 4.81599998474
12 4.85699987411
13 4.89200019836
14 4.93200016022
15 4.91599988937
16 4.84600019455
17 4.84999990463
18 4.882999897
19 4.95699977875
20 5.13100004196
21 5.19099998474
22 5.22700023651
23 5.27099990845
24 5.30100011826
25 5.35500001907
26 5.39799976349
27 5.4390001297
28 5.49800014496
29 5.53299999237
30 5.59899997711
31 5.63399982452
32 5.64699983597
33 17.1340007782
34 17.1149997711
35 17.1469993591
36 17.1469993591
37 0.0
38 0.0
39 0.0
40 17.2530002594
41 17.1749992371
42 17.0499992371
43 17.0020008087
44 16.5310001373
45 16.533000946
46 16.5230007172
47 13.1529998779
48 13.0860004425
49 12.329000473
50 11.9429998398
51 11.5850000381
52 11.6049995422
53 11.626999855
54 11.6219997406
55 11.3350000381
56 11.0030002594
57 10.4580001831
58 10.1079998016
59 8.32800006866
60 8.33500003815
61 8.19400024414
62 7.91599988937
63 7.64499998093
64 7.45599985123
65 7.24700021744
66 7.0689997673
67 6.89200019836
68 6.78599977493
69 6.77600002289
70 6.79600000381
71 6.82600021362
72 6.85400009155
73 6.87400007248
74 6.79600000381
75 6.63899993896
76 6.52299976349
77 6.37099981308
78 6.25699996948
79 6.13700008392
80 5.21999979019
81 4.95699977875
82 4.84800004959
83 4.7610001564
84 4.67999982834
85 4.61299991608
86 4.53999996185
87 4.46500015259
88 4.41200017929
89 4.32800006866
90 4.27199983597
91 4.21899986267
92 4.14400005341
93 4.09999990463
94 4.04300022125
95 3.97399997711
96 3.94199991226
97 3.88000011444
98 3.8259999752
99 3.79099988937
100 3.77399992943
101 3.7990000248
102 3.8180000782
103 3.86400008202
104 3.88000011444
105 3.91899991035
106 3.93400001526
107 3.95000004768
108 3.91700005531
109 3.86899995804
110 3.84400010109
111 3.79999995232
112 3.76900005341
113 3.73099994659
114 3.6930000782
115 3.65300011635
116 3.60700011253
117 3.59599995613
118 3.56200003624
119 3.53600001335
120 3.5039999485
121 3.47900009155
122 3.43499994278
123 3.41499996185
124 3.39599990845
125 3.37800002098
126 3.42499995232
127 3.45399999619
128 3.4849998951
129 3.53399991989
130 3.5720000267
131 3.60199999809
132 3.66700005531
133 4.02799987793
134 4.04600000381
135 4.08099985123
136 4.1139998436
137 4.15000009537
138 4.18300008774
139 4.22399997711
140 4.25600004196
141 4.27799987793
142 4.29500007629
143 4.33099985123
144 4.38399982452
145 4.41300010681
146 4.46600008011
147 4.49100017548
148 4.51599979401
149 4.52899980545
150 4.54199981689
151 4.19299983978
152 4.29699993134
153 4.58599996567
154 3.257999897
155 3.4430000782
156 4.71999979019
157 4.59800004959
158 4.54799985886
159 4.78700017929
160 4.82700014114
161 4.86600017548
162 4.89300012589
163 4.93200016022
164 4.96199989319
165 5.00299978256
166 5.01900005341
167 5.04099988937
168 3.15700006485
169 3.20799994469
170 3.36800003052
171 4.09700012207
172 4.91300010681
173 4.87099981308
174 4.85400009155
175 4.82100009918
176 4.81599998474
177 4.8189997673
178 4.82100009918
179 4.83599996567
180 4.86100006104
181 4.90500020981
182 4.8220000267
183 5.29799985886
184 5.45399999619
185 5.4889998436
186 5.49900007248
187 5.51499986649
188 4.59299993515
189 4.57700014114
190 5.54600000381
191 5.59100008011
192 3.632999897
193 3.52500009537
194 4.08300018311
195 4.04699993134
196 5.6859998703
197 5.70699977875
198 5.73400020599
199 5.7389998436
200 5.78100013733
201 5.81300020218
202 5.8220000267
203 5.82700014114
204 5.85099983215
205 5.85599994659
206 5.8639998436
207 5.89300012589
208 5.87900018692
209 5.90100002289
210 5.92000007629
211 5.9439997673
212 5.94999980927
213 5.97399997711
214 5.97900009155
215 6.00299978256
216 6.02299976349
217 6.02199983597
218 6.05800008774
219 6.07100009918
220 6.08300018311
221 6.09000015259
222 6.08400011063
223 6.10699987411
224 6.10599994659
225 6.09800004959
226 6.12799978256
227 6.10900020599
228 6.13800001144
229 6.15399980545
230 6.16200017929
231 6.17299985886
232 6.19199991226
233 6.17199993134
234 6.19600009918
235 6.21199989319
236 6.21400022507
237 6.21999979019
238 6.22200012207
239 6.22100019455
240 6.23400020599
241 6.21700000763
242 6.22499990463
243 6.23199987411
244 6.21500015259
245 6.25299978256
246 6.23000001907
247 6.24800014496
248 6.23699998856
249 6.2610001564
250 6.23000001907
251 6.24599981308
252 6.26800012589
253 6.27799987793
254 6.26599979401
255 6.27199983597
256 6.27199983597
257 6.242000103
258 6.257999897
259 6.23299980164
260 6.22599983215
261 5.1890001297
262 5.03299999237
263 5.02899980545
264 5.03999996185
265 5.02299976349
266 5.03299999237
267 5.02799987793
268 5.0560002327
269 5.24399995804
270 2.42100000381
271 2.4240000248
272 2.45700001717
273 5.25600004196
274 5.20100021362
275 5.20699977875
276 5.24900007248
277 5.26399993896
278 5.40500020981
279 5.65799999237
280 5.73699998856
281 5.757999897
282 5.79400014877
283 5.9390001297
284 6.08199977875
285 6.07499980927
286 6.06199979782
287 6.04400014877
288 6.03999996185
289 6.03299999237
290 6.02099990845
291 6.01300001144
292 5.97399997711
293 5.97100019455
294 5.94199991226
295 5.93699979782
296 5.92100000381
297 5.89499998093
298 5.87200021744
299 5.867000103
300 5.86499977112
301 5.84999990463
302 5.84499979019
303 5.83300018311
304 5.80700016022
305 5.79300022125
306 5.76499986649
307 5.76999998093
308 5.7389998436
309 5.71500015259
310 5.69099998474
311 5.66699981689
312 5.64300012589
313 5.61899995804
314 5.60900020599
315 5.57800006866
316 5.55200004578
317 5.53599977493
318 5.51599979401
319 5.32399988174
320 5.09499979019
321 5.45399999619
322 5.44299983978
323 5.43200016022
324 5.41400003433
325 5.38899993896
326 5.34999990463
327 5.32399988174
328 5.30000019073
329 4.36199998856
330 4.03599977493
331 4.10300016403
332 4.99800014496
333 5.16499996185
334 5.14499998093
335 5.09999990463
336 5.07999992371
337 5.05800008774
338 5.03900003433
339 5.02299976349
340 4.9470000267
341 4.81300020218
342 4.96500015259
343 4.93800020218
344 4.91099977493
345 4.87099981308
346 4.82899999619
347 4.6970000267
348 4.55000019073
349 4.73099994659
350 4.70900011063
351 4.68699979782
352 4.64300012589
353 4.62599992752
354 4.59899997711
355 4.55499982834
356 4.31199979782
357 4.33799982071
358 4.46899986267
359 4.45900011063
360 4.4359998703
361 4.41300010681
362 4.39799976349
363 4.3639998436
364 4.31599998474
365 4.26599979401
366 4.23000001907
367 4.21600008011
368 4.16900014877
369 4.132999897
370 4.12200021744
371 4.06599998474
372 4.0529999733
373 4.01399993896
374 4.00400018692
375 3.93899989128
376 3.91700005531
377 3.89199995995
378 3.85800004005
379 3.84699988365
380 3.8180000782
381 3.72399997711
382 3.63800001144
383 3.59200000763
384 3.56299996376
385 3.53299999237
386 3.49000000954
387 3.44799995422
388 3.41300010681
389 3.39299988747
390 3.36500000954
391 3.34500002861
392 3.31500005722
393 3.2650001049
394 3.26200008392
395 3.27699995041
396 3.28800010681
397 3.30800008774
398 3.367000103
399 3.40700006485
400 3.44400000572
401 3.47699999809
402 3.51300001144
403 3.5569999218
404 3.59500002861
405 3.64599990845
406 3.67100000381
407 3.72900009155
408 3.74300003052
409 3.77800011635
410 3.84200000763
411 3.86800003052
412 3.9319999218
413 4.00299978256
414 4.06199979782
415 4.11199998856
416 4.1810002327
417 4.24700021744
418 4.30100011826
419 4.382999897
420 4.41800022125
421 4.50400018692
422 4.58199977875
423 4.65299987793
424 4.72599983215
425 4.81699991226
426 4.91599988937
427 5.01200008392
428 5.1139998436
429 5.19899988174
430 5.31300020218
431 5.41400003433
432 5.53700017929
433 5.61800003052
434 5.7610001564
435 5.89200019836
436 6.01599979401
437 6.15899991989
438 6.3140001297
439 6.45900011063
440 6.50299978256
441 6.60599994659
442 6.48699998856
443 3.05500006676
444 3.04099988937
445 3.04399991035
446 3.04500007629
447 3.01300001144
448 3.01900005341
449 3.01399993896
450 3.00900006294
451 2.98699998856
452 2.98900008202
453 2.98799991608
454 2.96700000763
455 2.97900009155
456 2.96399998665
457 2.9509999752
458 2.95700001717
459 2.94199991226
460 2.93700003624
461 2.9430000782
462 2.93499994278
463 2.95799994469
464 2.93700003624
465 2.91499996185
466 2.91899991035
467 2.92600011826
468 2.9240000248
469 2.91300010681
470 2.66700005531
471 2.65100002289
472 2.64400005341
473 2.64599990845
474 0.93599998951
475 0.704999983311
476 0.708000004292
477 0.925000011921
478 2.66000008583
479 2.64599990845
480 2.63100004196
481 2.66199994087
482 2.6400001049
483 2.65000009537
484 2.64700007439
485 2.65400004387
486 2.66199994087
487 2.66799998283
488 2.65300011635
489 2.6740000248
490 2.83699989319
491 2.92899990082
492 2.93799996376
493 2.93400001526
494 2.95000004768
495 1.38399994373
496 1.20599997044
497 1.16799998283
498 1.14999997616
499 1.14400005341
500 1.13100004196
501 1.13999998569
502 1.14800000191
503 1.14800000191
504 1.14699995518
505 1.15499997139
506 1.16600000858
507 1.12199997902
508 1.08000004292
509 1.0759999752
510 1.04799997807
511 1.02799999714
512 1.03499996662
513 1.0340000391
514 1.01999998093
515 1.04700005054
516 1.0379999876
517 1.04400002956
518 1.0529999733
519 1.03999996185
520 1.07000005245
521 1.0909999609
522 1.22000002861
523 3.16499996185
524 0.924000024796
525 0.908999979496
526 0.917999982834
527 0.944999992847
528 3.02900004387
529 2.98000001907
530 2.92700004578
531 2.86899995804
532 2.83299994469
533 2.77699995041
534 2.73000001907
535 2.69799995422
536 2.96300005913
537 2.92600011826
538 0.0
539 0.0
540 0.0
