0 4.51499986649
1 4.42600011826
2 4.45100021362
3 4.47800016403
4 4.53800010681
5 4.65899991989
6 4.67299985886
7 4.71700000763
8 4.73400020599
9 4.76399993896
10 4.78700017929
11 4.83699989319
12 4.86199998856
13 4.88899993896
14 4.91499996185
15 4.93499994278
16 4.83599996567
17 4.85300016403
18 4.87300014496
19 4.96600008011
20 5.14099979401
21 5.19500017166
22 5.23400020599
23 5.27199983597
24 5.32499980927
25 5.37200021744
26 5.40399980545
27 5.45100021362
28 5.50199985504
29 5.54799985886
30 5.60500001907
31 5.63500022888
32 5.65899991989
33 0.0
34 17.1439990997
35 17.1599998474
36 17.1490001678
37 0.0
38 0.0
39 0.0
40 17.2420005798
41 17.158000946
42 17.0590000153
43 17.0100002289
44 16.5219993591
45 16.5440006256
46 16.5279998779
47 13.1789999008
48 13.093000412
49 12.3299999237
50 11.968000412
51 11.5880002975
52 11.6099996567
53 11.6169996262
54 11.6379995346
55 11.3489999771
56 10.970000267
57 10.4720001221
58 10.1160001755
59 8.35200023651
60 8.34300041199
61 8.20600032806
62 7.90700006485
63 7.64499998093
64 7.45200014114
65 7.24100017548
66 7.0640001297
67 6.90799999237
68 6.79699993134
69 6.78299999237
70 6.79799985886
71 6.82999992371
72 6.85699987411
73 6.87200021744
74 6.78499984741
75 6.64499998093
76 6.50500011444
77 6.39499998093
78 6.26599979401
79 6.15299987793
80 5.24700021744
81 4.97200012207
82 4.86000013351
83 4.76399993896
84 4.69500017166
85 4.59999990463
86 4.53599977493
87 4.47200012207
88 4.41200017929
89 4.34700012207
90 4.28499984741
91 4.23299980164
92 4.15999984741
93 4.11000013351
94 4.04400014877
95 3.98200011253
96 3.9319999218
97 3.88899993896
98 3.84599995613
99 3.80500006676
100 3.76699995995
101 3.80800008774
102 3.82899999619
103 3.83899998665
104 3.87700009346
105 3.89299988747
106 3.93400001526
107 3.95000004768
108 3.92600011826
109 3.88800001144
110 3.8599998951
111 3.8029999733
112 3.77200007439
113 3.73300004005
114 3.69600009918
115 3.66499996185
116 3.62299990654
117 3.59999990463
118 3.57299995422
119 3.53299999237
120 3.50600004196
121 3.46099996567
122 3.43899989128
123 3.42300009727
124 3.40700006485
125 3.3900001049
126 3.42199993134
127 3.43600010872
128 3.49000000954
129 3.53099989891
130 3.56900000572
131 3.61400008202
132 3.67000007629
133 4.01900005341
134 4.05800008774
135 4.09700012207
136 4.13000011444
137 4.13399982452
138 4.19899988174
139 4.20699977875
140 4.24900007248
141 4.26300001144
142 4.30900001526
143 4.36499977112
144 4.38800001144
145 4.4359998703
146 4.47300004959
147 4.48799991608
148 4.492000103
149 4.53200006485
150 4.54199981689
151 4.19299983978
152 4.29500007629
153 4.6139998436
154 3.26300001144
155 3.42300009727
156 4.71299982071
157 4.60400009155
158 4.53599977493
159 4.79300022125
160 4.83900022507
161 4.85599994659
162 4.89099979401
163 4.93699979782
164 4.96899986267
165 5.00199985504
166 5.01999998093
167 5.03999996185
168 3.15700006485
169 3.23399996758
170 3.38100004196
171 4.10599994659
172 4.91699981689
173 4.88500022888
174 4.85799980164
175 4.83300018311
176 4.8189997673
177 4.81799983978
178 4.84200000763
179 4.85099983215
180 4.87200021744
181 4.90700006485
182 4.82899999619
183 5.32999992371
184 5.47599983215
185 5.49100017548
186 5.5
187 5.51700019836
188 4.60900020599
189 4.56599998474
190 5.56699991226
191 5.59000015259
192 3.64700007439
193 3.52500009537
194 4.06599998474
195 4.04400014877
196 5.69199991226
197 5.70900011063
198 5.74800014496
199 5.75699996948
200 5.78599977493
201 5.81199979782
202 5.82800006866
203 5.82499980927
204 5.83900022507
205 5.84499979019
206 5.86600017548
207 5.89200019836
208 5.90700006485
209 5.91499996185
210 5.93499994278
211 5.92500019073
212 5.9439997673
213 5.96799993515
214 5.97700023651
215 5.98299980164
216 6.01499986649
217 6.04199981689
218 6.05100011826
219 6.05900001526
220 6.09100008011
221 6.08599996567
222 6.08400011063
223 6.08400011063
224 6.10099983215
225 6.125
226 6.12200021744
227 6.132999897
228 6.14499998093
229 6.15199995041
230 6.15999984741
231 6.15600013733
232 6.15999984741
233 6.1810002327
234 6.21000003815
235 6.21400022507
236 6.22200012207
237 6.25500011444
238 6.22700023651
239 6.23400020599
240 6.21799993515
241 6.21500015259
242 6.23000001907
243 6.24300003052
244 6.22499990463
245 6.23999977112
246 6.26000022888
247 6.25099992752
248 6.22399997711
249 6.23799991608
250 6.24499988556
251 6.25600004196
252 6.27899980545
253 6.26999998093
254 6.26000022888
255 6.28299999237
256 6.27799987793
257 6.26300001144
258 6.257999897
259 6.24800014496
260 6.24300003052
261 5.19600009918
262 5.04300022125
263 5.02099990845
264 5.04400014877
265 5.04699993134
266 5.04400014877
267 5.03700017929
268 5.06699991226
269 5.25400018692
270 2.41300010681
271 2.43499994278
272 2.45700001717
273 5.24700021744
274 5.21700000763
275 5.21600008011
276 5.23400020599
277 5.26300001144
278 5.41599988937
279 5.64900016785
280 5.74499988556
281 5.76599979401
282 5.81199979782
283 5.95499992371
284 6.08699989319
285 6.0689997673
286 6.05800008774
287 6.05999994278
288 6.05999994278
289 6.0560002327
290 6.03299999237
291 6.02299976349
292 6.0110001564
293 5.97800016403
294 5.94500017166
295 5.93200016022
296 5.92899990082
297 5.90299987793
298 5.89099979401
299 5.87799978256
300 5.85900020599
301 5.85799980164
302 5.83199977875
303 5.82700014114
304 5.81799983978
305 5.80900001526
306 5.79099988937
307 5.76700019836
308 5.74900007248
309 5.73699998856
310 5.69600009918
311 5.67500019073
312 5.65399980545
313 5.62799978256
314 5.60200023651
315 5.58400011063
316 5.56799983978
317 5.54199981689
318 5.51999998093
319 5.3220000267
320 5.10500001907
321 5.45900011063
322 5.44199991226
323 5.44099998474
324 5.40999984741
325 5.38399982452
326 5.34899997711
327 5.34200000763
328 5.3109998703
329 4.37200021744
330 4.03999996185
331 4.11299991608
332 5.03000020981
333 5.17199993134
334 5.13500022888
335 5.10900020599
336 5.09200000763
337 5.06599998474
338 5.04699993134
339 5.01800012589
340 4.93699979782
341 4.8109998703
342 4.96000003815
343 4.94899988174
344 4.91400003433
345 4.85900020599
346 4.84399986267
347 4.6890001297
348 4.55000019073
349 4.73400020599
350 4.70399999619
351 4.66200017929
352 4.65299987793
353 4.60500001907
354 4.60300016403
355 4.55499982834
356 4.29500007629
357 4.34899997711
358 4.49800014496
359 4.46500015259
360 4.44600009918
361 4.42000007629
362 4.39900016785
363 4.36600017548
364 4.32000017166
365 4.26800012589
366 4.22100019455
367 4.20699977875
368 4.17700004578
369 4.14400005341
370 4.09100008011
371 4.08699989319
372 4.02799987793
373 4.03499984741
374 4.00699996948
375 3.96199989319
376 3.90899991989
377 3.91799998283
378 3.8789999485
379 3.85800004005
380 3.83299994469
381 3.71799993515
382 3.64199995995
383 3.59999990463
384 3.55900001526
385 3.53500008583
386 3.47499990463
387 3.47000002861
388 3.43600010872
389 3.40100002289
390 3.37599992752
391 3.33100008965
392 3.3029999733
393 3.26999998093
394 3.26200008392
395 3.25600004196
396 3.28399991989
397 3.33599996567
398 3.35899996758
399 3.40300011635
400 3.44600009918
401 3.47699999809
402 3.52500009537
403 3.55500006676
404 3.60199999809
405 3.63599991798
406 3.6740000248
407 3.71499991417
408 3.74399995804
409 3.77099990845
410 3.84500002861
411 3.88000011444
412 3.9430000782
413 4.0
414 4.0689997673
415 4.12099981308
416 4.18499994278
417 4.242000103
418 4.32700014114
419 4.37400007248
420 4.45599985123
421 4.5
422 4.58900022507
423 4.65799999237
424 4.72700023651
425 4.80999994278
426 4.91800022125
427 5.02400016785
428 5.11600017548
429 5.21099996567
430 5.31500005722
431 5.4310002327
432 5.53599977493
433 5.62799978256
434 5.75500011444
435 5.90100002289
436 6.01000022888
437 6.16300010681
438 6.31300020218
439 6.46700000763
440 6.50299978256
441 6.59000015259
442 6.41099977493
443 3.09200000763
444 3.0529999733
445 3.02999997139
446 3.03200006485
447 3.02600002289
448 3.02900004387
449 3.01900005341
450 2.99499988556
451 2.99099993706
452 3.0
453 2.99799990654
454 2.97499990463
455 2.97199988365
456 2.97199988365
457 2.97499990463
458 2.96300005913
459 2.95000004768
460 2.95399999619
461 2.96799993515
462 2.9430000782
463 2.93799996376
464 2.9279999733
465 2.93300008774
466 2.93899989128
467 2.92899990082
468 2.92100000381
469 2.91599988937
470 2.67000007629
471 2.64599990845
472 2.64100003242
473 2.63400006294
474 0.949000000954
475 0.702000021935
476 0.717000007629
477 0.922999978065
478 2.6400001049
479 2.63000011444
480 2.64499998093
481 2.65000009537
482 2.65899991989
483 2.66100001335
484 2.66199994087
485 2.67000007629
486 2.66700005531
487 2.66599988937
488 2.66499996185
489 2.68499994278
490 2.81999993324
491 2.9279999733
492 2.9470000267
493 2.94199991226
494 2.96300005913
495 2.94400000572
496 2.9509999752
497 2.94499993324
498 2.95600008965
499 2.97600007057
500 2.98399996758
501 2.96900010109
502 2.98099994659
503 2.99799990654
504 2.98600006104
505 3.00999999046
506 1.2840000391
507 1.15999996662
508 1.13100004196
509 1.12399995327
510 1.11899995804
511 1.13100004196
512 1.10800004005
513 1.13900005817
514 1.16499996185
515 1.19900000095
516 1.20599997044
517 1.21000003815
518 1.20500004292
519 1.21899998188
520 1.24000000954
521 1.24899995327
522 1.37300002575
523 1.29400002956
524 0.944999992847
525 0.920000016689
526 0.92199999094
527 0.943000018597
528 3.04600000381
529 2.98200011253
530 2.94000005722
531 2.85100007057
532 1.31500005722
533 1.18299996853
534 1.16999995708
535 1.15299999714
536 1.12000000477
537 1.09800004959
538 1.06599998474
539 1.03600001335
540 1.00899994373
