293 5.95800018311 0
292 5.97800016403 0
291 5.99700021744 0
290 6.02299976349 0
289 6.05200004578 0
288 6.06300020218 0
287 2.4240000248 1
286 2.41400003433 1
285 2.38899993896 1
284 2.33899998665 1
283 2.26399993896 1
282 2.1970000267 1
281 2.20399999619 1
280 2.15599989891 1
279 2.14499998093 1
278 2.13800001144 1
277 2.14899992943 1
276 2.13899993896 1
275 2.13899993896 1
274 2.15300011635 1
273 2.17600011826 1
272 2.20199990273 1
271 2.22300004959 1
270 2.31100010872 1
269 2.32100009918 1
268 2.37400007248 1
267 2.38700008392 1
266 2.38700008392 1
265 6.21299982071 2
264 2.03999996185 3
263 2.00699996948 3
262 2.00999999046 3
261 2.0039999485 3
260 1.99199998379 3
259 1.99199998379 3
258 2.0039999485 3
257 1.99100005627 3
256 2.0 3
255 2.00699996948 3
254 2.00699996948 3
253 2.01300001144 3
252 2.01300001144 3
251 2.02300000191 3
250 2.01200008392 3
249 2.00900006294 3
248 2.02300000191 3
247 2.02900004387 3
246 2.03800010681 3
245 2.06100010872 3
244 2.08299994469 3
243 6.21799993515 4
242 6.22100019455 4
