294 5.95200014114 0
293 5.97399997711 0
292 5.97399997711 0
291 6.00899982452 0
290 6.03399991989 0
289 6.05499982834 0
288 6.04600000381 0
287 2.42499995232 1
286 2.38100004196 1
285 2.39700007439 1
284 2.31900000572 1
283 2.26200008392 1
282 2.20600008965 1
281 2.17000007629 1
280 2.15400004387 1
279 2.12800002098 1
278 2.1289999485 1
277 2.12400007248 1
276 2.15400004387 1
275 2.16199994087 1
274 2.1819999218 1
273 2.16899991035 1
272 2.1930000782 1
271 2.19899988174 1
270 2.28500008583 1
269 2.32500004768 1
268 2.37199997902 1
267 2.39499998093 1
266 2.41599988937 1
265 6.23699998856 2
264 2.06200003624 3
263 2.01399993896 3
262 1.98699998856 3
261 1.98000001907 3
260 1.99100005627 3
259 2.0 3
258 2.00300002098 3
257 2.00900006294 3
256 1.99399995804 3
255 2.00600004196 3
254 2.00900006294 3
253 1.99100005627 3
252 2.0 3
251 2.0039999485 3
250 2.00500011444 3
249 2.00500011444 3
248 2.03200006485 3
247 2.01200008392 3
246 2.02200007439 3
245 2.03900003433 3
244 2.07399988174 3
