294 5.9439997673 0
293 5.95800018311 0
292 5.98699998856 0
291 6.01000022888 0
290 6.03700017929 0
289 6.03599977493 0
288 6.05800008774 0
287 2.41499996185 1
286 2.40799999237 1
285 2.39299988747 1
284 2.33400011063 1
283 2.25500011444 1
282 2.18000006676 1
281 2.1930000782 1
280 2.15400004387 1
279 2.14499998093 1
278 2.1099998951 1
277 2.1400001049 1
276 2.13599991798 1
275 2.132999897 1
274 2.15799999237 1
273 2.17700004578 1
272 2.18600010872 1
271 2.22699999809 1
270 2.31699991226 1
269 2.33699989319 1
268 2.37800002098 1
267 2.39199995995 1
266 2.38599991798 1
265 6.21199989319 2
264 2.04600000381 3
263 2.02999997139 3
262 2.0150001049 3
261 2.007999897 3
260 1.98300004005 3
259 1.99000000954 3
258 2.0 3
257 1.99199998379 3
256 1.99699997902 3
255 2.01600003242 3
254 2.007999897 3
253 2.02099990845 3
252 2.00099992752 3
251 2.01300001144 3
250 2.02399992943 3
249 2.01399993896 3
248 2.01300001144 3
247 2.04099988937 3
246 2.04600000381 3
245 2.03999996185 3
244 2.0759999752 3
