294 5.95399999619 0
293 5.97300004959 0
292 5.99800014496 0
291 6.01499986649 0
290 6.04300022125 0
289 6.0560002327 0
288 6.07399988174 0
287 2.43099999428 1
286 2.38599991798 1
285 2.40199995041 1
284 2.33800005913 1
283 2.28800010681 1
282 2.19899988174 1
281 2.18700003624 1
280 2.16899991035 1
279 2.14100003242 1
278 2.1289999485 1
277 2.125 1
276 2.1289999485 1
275 2.14899992943 1
274 2.18300008774 1
273 2.18499994278 1
272 2.19400000572 1
271 2.21700000763 1
270 2.31299996376 1
269 2.33800005913 1
268 2.375 1
267 2.40499997139 1
266 2.39299988747 1
265 6.24100017548 2
264 2.05599999428 3
263 2.0150001049 3
262 1.98300004005 3
261 2.00999999046 3
260 1.99100005627 3
259 2.0 3
258 2.00600004196 3
257 2.01399993896 3
256 2.01399993896 3
255 2.00500011444 3
254 2.01699995995 3
253 1.9960000515 3
252 2.00300002098 3
251 2.01399993896 3
250 2.01200008392 3
249 2.00200009346 3
248 2.02399992943 3
247 2.03399991989 3
246 2.03999996185 3
245 2.04299998283 3
244 2.06900000572 3
