292 5.97900009155 0
291 6.02299976349 0
290 6.03499984741 0
289 6.05000019073 0
288 6.05999994278 0
287 2.43499994278 1
286 2.39599990845 1
285 2.38100004196 1
284 2.3180000782 1
283 2.27900004387 1
282 2.21900010109 1
281 2.18899989128 1
280 2.16499996185 1
279 2.13499999046 1
278 2.125 1
277 2.13599991798 1
276 2.13700008392 1
275 2.15499997139 1
274 2.16799998283 1
273 2.20199990273 1
272 2.18400001526 1
271 2.20700001717 1
270 2.30200004578 1
269 2.33100008965 1
268 2.38199996948 1
267 2.37299990654 1
266 2.38800001144 1
265 6.23600006104 2
264 2.03299999237 3
263 1.9960000515 3
262 1.99199998379 3
261 1.98800003529 3
260 1.98399996758 3
259 2.00500011444 3
258 1.98800003529 3
257 1.9960000515 3
256 2.0150001049 3
255 2.01200008392 3
254 2.00300002098 3
253 1.9960000515 3
252 2.01699995995 3
251 2.0039999485 3
250 2.00099992752 3
249 2.007999897 3
248 2.01099991798 3
247 2.01099991798 3
246 2.02800011635 3
245 2.04099988937 3
244 2.07100009918 3
243 6.22399997711 4
242 6.23000001907 4
