294 5.94999980927 0
293 5.96400022507 0
292 5.99399995804 0
291 6.01599979401 0
290 6.04199981689 0
289 6.04300022125 0
288 6.0720000267 0
287 2.43799996376 1
286 2.40499997139 1
285 2.382999897 1
284 2.33899998665 1
283 2.26999998093 1
282 2.21600008011 1
281 2.20900011063 1
280 2.14599990845 1
279 2.14400005341 1
278 2.14100003242 1
277 2.132999897 1
276 2.11500000954 1
275 2.15400004387 1
274 2.16899991035 1
273 2.16899991035 1
272 2.20600008965 1
271 2.20600008965 1
270 2.28699994087 1
269 2.33699989319 1
268 2.38400006294 1
267 2.36400008202 1
266 2.40499997139 1
265 6.22599983215 2
264 2.04200005531 3
263 2.0150001049 3
262 1.98800003529 3
261 1.98699998856 3
260 1.98800003529 3
259 1.98800003529 3
258 1.98399996758 3
257 2.00600004196 3
256 2.00500011444 3
255 2.00900006294 3
254 2.00999999046 3
253 2.0039999485 3
252 2.01600003242 3
251 2.00200009346 3
250 2.02300000191 3
249 2.02099990845 3
248 2.00900006294 3
247 2.02900004387 3
246 2.02300000191 3
245 2.04299998283 3
244 2.06999993324 3
