294 5.95900011063 0
293 5.97200012207 0
292 5.99399995804 0
291 6.01900005341 0
290 6.03299999237 0
289 6.0640001297 0
288 6.06799983978 0
287 2.43899989128 1
286 2.41199994087 1
285 2.38199996948 1
284 2.3180000782 1
283 2.27099990845 1
282 2.20399999619 1
281 2.20399999619 1
280 2.17000007629 1
279 2.14400005341 1
278 2.14599990845 1
277 2.14599990845 1
276 2.14499998093 1
275 2.12599992752 1
274 2.17000007629 1
273 2.2009999752 1
272 2.20399999619 1
271 2.20600008965 1
270 2.29699993134 1
269 2.33699989319 1
268 2.37700009346 1
267 2.38899993896 1
266 2.3900001049 1
265 6.21400022507 2
264 2.05999994278 3
263 2.01099991798 3
262 1.99699997902 3
261 1.98399996758 3
260 1.99199998379 3
259 1.9960000515 3
258 2.00500011444 3
257 2.00900006294 3
256 1.98899996281 3
255 2.01399993896 3
254 2.01799988747 3
253 1.99800002575 3
252 2.01300001144 3
251 1.99699997902 3
250 2.00999999046 3
249 2.0039999485 3
248 2.02600002289 3
247 2.01600003242 3
246 2.04999995232 3
245 2.04699993134 3
244 2.07800006866 3
