292 5.98199987411 0
291 5.99599981308 0
290 6.03000020981 0
289 6.04699993134 0
288 6.04799985886 0
287 2.43000006676 1
286 2.41599988937 1
285 2.40499997139 1
284 2.34200000763 1
283 2.27800011635 1
282 2.19499993324 1
281 2.17600011826 1
280 2.1779999733 1
279 2.14800000191 1
278 2.12299990654 1
277 2.1400001049 1
276 2.15400004387 1
275 2.15199995041 1
274 2.16799998283 1
273 2.18099999428 1
272 2.18300008774 1
271 2.18600010872 1
270 2.30200004578 2
269 2.34999990463 2
268 2.3900001049 2
267 2.40100002289 2
266 2.39899992943 2
265 6.21400022507 3
264 2.07299995422 4
263 1.99500000477 4
262 2.0039999485 4
261 2.00200009346 4
260 2.01200008392 4
259 1.98399996758 4
258 1.98300004005 4
257 1.99000000954 4
256 2.0150001049 4
255 1.99500000477 4
254 2.00500011444 4
253 2.01399993896 4
252 2.01699995995 4
251 2.0 4
250 2.01900005341 4
249 2.00200009346 4
248 2.00300002098 4
247 2.01300001144 4
246 2.03200006485 4
245 2.06100010872 4
244 2.07500004768 4
243 6.24300003052 5
242 6.2389998436 5
