294 5.96400022507 0
293 5.98199987411 0
292 5.98799991608 0
291 5.99800014496 0
290 6.01999998093 0
289 6.05000019073 0
288 6.04099988937 0
287 2.43899989128 1
286 2.39100003242 1
285 2.39299988747 1
284 2.34899997711 1
283 2.27300000191 1
282 2.20300006866 1
281 2.18700003624 1
280 2.18600010872 1
279 2.12800002098 1
278 2.15300011635 1
277 2.14499998093 1
276 2.13499999046 1
275 2.1289999485 1
274 2.14199995995 1
273 2.18799996376 1
272 2.18600010872 1
271 2.22099995613 1
270 2.28099989891 1
269 2.33800005913 1
268 2.38000011444 1
267 2.40300011635 1
266 2.40799999237 1
265 6.21400022507 2
264 2.05500006676 3
263 1.98699998856 3
262 2.01600003242 3
261 1.99300003052 3
260 2.01200008392 3
259 2.0 3
258 2.01200008392 3
257 2.0039999485 3
256 2.0 3
255 1.99100005627 3
254 2.01900005341 3
253 1.99500000477 3
252 2.00099992752 3
251 2.02099990845 3
250 2.02999997139 3
249 1.9960000515 3
248 2.03099989891 3
247 2.03500008583 3
246 2.02300000191 3
245 2.04500007629 3
244 2.05599999428 3
