294 5.96600008011 0
293 5.96799993515 0
292 6.0 0
291 6.00400018692 0
290 6.02400016785 0
289 6.03900003433 0
288 6.05999994278 0
287 2.42199993134 1
286 2.41400003433 1
285 2.40499997139 1
284 2.34400010109 1
283 2.25999999046 1
282 2.20199990273 1
281 2.16899991035 1
280 2.16700005531 1
279 2.14599990845 1
278 2.11500000954 1
277 2.14800000191 1
276 2.14899992943 1
275 2.16000008583 1
274 2.16499996185 1
273 2.18499994278 1
272 2.19199991226 1
271 2.19499993324 1
270 2.28699994087 1
269 2.33800005913 1
268 2.36400008202 1
267 2.39499998093 1
266 2.40700006485 1
265 6.21799993515 2
264 2.05999994278 3
263 1.99000000954 3
262 2.00500011444 3
261 1.99000000954 3
260 2.0039999485 3
259 1.99199998379 3
258 2.00699996948 3
257 1.98699998856 3
256 2.01200008392 3
255 1.99100005627 3
254 1.99000000954 3
253 2.01200008392 3
252 2.0150001049 3
251 1.99500000477 3
250 2.01900005341 3
249 2.02300000191 3
248 2.007999897 3
247 2.02900004387 3
246 2.04299998283 3
245 2.03800010681 3
244 2.0759999752 3
243 6.22499990463 4
242 6.23400020599 4
241 6.21899986267 4
