294 5.94999980927 0
293 5.95300006866 0
292 5.99900007248 0
291 6.01499986649 0
290 6.02899980545 0
289 6.04500007629 0
288 6.0689997673 0
287 2.42300009727 1
286 2.39299988747 1
285 2.39299988747 1
284 2.32999992371 1
283 2.28600001335 1
282 2.20399999619 1
281 2.18799996376 1
280 2.16000008583 1
279 2.1400001049 1
278 2.12800002098 1
277 2.11100006104 1
276 2.13599991798 1
275 2.14100003242 1
274 2.18799996376 1
273 2.1740000248 1
272 2.19000005722 1
271 2.21099996567 1
270 2.29500007629 1
269 2.32699990273 1
268 2.36400008202 1
267 2.37400007248 1
266 2.38499999046 1
265 6.20499992371 2
264 2.04999995232 3
263 2.01399993896 3
262 2.0 3
261 1.98199999332 3
260 1.99100005627 3
259 2.00900006294 3
258 1.98899996281 3
257 2.007999897 3
256 2.00999999046 3
255 2.01200008392 3
254 2.00500011444 3
253 1.99000000954 3
252 1.99500000477 3
251 1.99800002575 3
250 1.9960000515 3
249 2.02099990845 3
248 2.00500011444 3
247 2.02099990845 3
246 2.05100011826 3
245 2.04399991035 3
244 2.07699990273 3
