294 5.95300006866 0
293 5.96999979019 0
292 5.99700021744 0
291 6.02500009537 0
290 6.03000020981 0
289 6.05000019073 0
288 6.07299995422 0
287 2.43799996376 1
286 2.42100000381 1
285 2.3900001049 1
284 2.35100007057 1
283 2.28500008583 1
282 2.22000002861 1
281 2.18099999428 1
280 2.17499995232 1
279 2.12800002098 1
278 2.12299990654 1
277 2.14700007439 1
276 2.16000008583 1
275 2.15899991989 1
274 2.18700003624 1
273 2.18499994278 1
272 2.19099998474 1
271 2.23399996758 1
270 2.3029999733 1
269 2.33699989319 1
268 2.36400008202 1
267 2.3789999485 1
266 2.41199994087 1
265 6.22100019455 2
264 2.04999995232 3
263 2.02200007439 3
262 1.99500000477 3
261 1.99100005627 3
260 1.99399995804 3
259 1.99000000954 3
258 2.0039999485 3
257 2.00600004196 3
256 2.01799988747 3
255 1.99699997902 3
254 2.00099992752 3
253 2.01799988747 3
252 1.99699997902 3
251 2.007999897 3
250 2.007999897 3
249 2.02999997139 3
248 2.02600002289 3
247 2.04200005531 3
246 2.03399991989 3
245 2.0529999733 3
244 2.08200001717 3
