293 5.98299980164 0
292 6.00699996948 0
291 6.00699996948 0
290 6.02600002289 0
289 6.04699993134 0
288 6.07700014114 0
287 2.42100000381 1
286 2.41499996185 1
285 2.41199994087 1
284 2.34999990463 1
283 2.27900004387 1
282 2.21499991417 1
281 2.19000005722 1
280 2.18099999428 1
279 2.14700007439 1
278 2.1400001049 1
277 2.14100003242 1
276 2.1400001049 1
275 2.15499997139 1
274 2.1740000248 1
273 2.17300009727 1
272 2.18799996376 1
271 2.1970000267 1
270 2.29299998283 1
269 2.33500003815 1
268 2.36100006104 1
267 2.39599990845 1
266 2.40799999237 1
265 6.2389998436 2
264 2.06100010872 3
263 2.02200007439 3
262 1.99100005627 3
261 2.00300002098 3
260 2.00300002098 3
259 2.01399993896 3
258 2.00099992752 3
257 2.00699996948 3
256 2.00099992752 3
255 1.99500000477 3
254 2.02300000191 3
253 2.02099990845 3
252 2.01900005341 3
251 2.02200007439 3
250 2.02500009537 3
249 2.02300000191 3
248 2.02099990845 3
247 2.02500009537 3
246 2.03099989891 3
245 2.02999997139 3
244 2.06100010872 3
243 6.22599983215 4
242 6.22399997711 4
