291 6.01000022888 0
290 6.01999998093 0
289 6.03499984741 0
288 6.05700016022 0
287 2.42700004578 1
286 2.42000007629 1
285 2.39899992943 1
284 2.35400009155 1
283 2.29699993134 1
282 2.21099996567 1
281 2.20499992371 1
280 2.15400004387 1
279 2.125 1
278 2.11999988556 1
277 2.15499997139 1
276 2.16000008583 1
275 2.13599991798 1
274 2.17100000381 1
273 2.19600009918 1
272 2.1740000248 1
271 2.22300004959 1
270 2.29999995232 1
269 2.36299991608 1
268 2.38000011444 1
267 2.39899992943 1
266 2.41300010681 1
265 6.21899986267 2
264 2.0680000782 3
263 2.00200009346 3
262 1.9960000515 3
261 1.99399995804 3
260 2.00500011444 3
259 2.00500011444 3
258 2.00600004196 3
257 2.00600004196 3
256 1.9960000515 3
255 2.00999999046 3
254 2.0039999485 3
253 2.007999897 3
252 2.02699995041 3
251 2.02099990845 3
250 2.02399992943 3
249 2.02699995041 3
248 2.02300000191 3
247 2.01999998093 3
246 2.05100011826 3
245 2.03399991989 3
244 2.07399988174 3
243 6.22900009155 4
242 6.20900011063 4
241 6.242000103 4
240 6.22499990463 4
