294 5.95399999619 0
293 5.97599983215 0
292 5.99100017548 0
291 6.01900005341 0
290 6.03900003433 0
289 6.05800008774 0
288 6.07499980927 0
287 2.4279999733 1
286 2.40599989891 1
285 2.38899993896 1
284 2.34100008011 1
283 2.28600001335 1
282 2.22199988365 1
281 2.18099999428 1
280 2.16899991035 1
279 2.13700008392 1
278 2.13499999046 1
277 2.14199995995 1
276 2.13000011444 1
275 2.16000008583 1
274 2.18899989128 1
273 2.19400000572 1
272 2.18899989128 1
271 2.19799995422 1
270 2.30100011826 1
269 2.32500004768 1
268 2.37599992752 1
267 2.36999988556 1
266 2.40300011635 1
265 6.23000001907 2
264 2.07999992371 3
263 2.02099990845 3
262 2.00300002098 3
261 1.98599994183 3
260 1.99399995804 3
259 2.00500011444 3
258 2.0039999485 3
257 1.99199998379 3
256 2.01699995995 3
255 2.0 3
254 2.00999999046 3
253 2.0150001049 3
252 2.00900006294 3
251 2.02099990845 3
250 2.01900005341 3
249 2.03200006485 3
248 2.01300001144 3
247 2.03099989891 3
246 2.04399991035 3
245 2.02800011635 3
244 2.08100008965 3
