293 5.9889998436 0
292 5.99800014496 0
291 6.01900005341 0
290 6.03299999237 0
289 6.04500007629 0
288 6.0689997673 0
287 2.43400001526 1
286 2.41199994087 1
285 2.39899992943 1
284 2.34999990463 1
283 2.28399991989 1
282 2.20000004768 1
281 2.17700004578 1
280 2.16700005531 1
279 2.132999897 1
278 2.13599991798 1
277 2.14499998093 1
276 2.14599990845 1
275 2.16799998283 1
274 2.16599988937 1
273 2.19499993324 1
272 2.2009999752 1
271 2.20300006866 1
270 2.29399991035 1
269 2.33200001717 1
268 2.38199996948 1
267 2.39100003242 1
266 2.41599988937 1
265 6.21999979019 2
264 2.0680000782 3
263 2.01099991798 3
262 1.9960000515 3
261 1.99100005627 3
260 1.99199998379 3
259 1.99100005627 3
258 1.99300003052 3
257 2.00900006294 3
256 2.00900006294 3
255 2.01600003242 3
254 2.00999999046 3
253 2.02399992943 3
252 2.01300001144 3
251 2.01200008392 3
250 2.01999998093 3
249 2.03099989891 3
248 2.03600001335 3
247 2.03099989891 3
246 2.03699994087 3
245 2.04500007629 3
244 2.06599998474 3
243 6.22499990463 4
242 6.24599981308 4
241 6.23199987411 4
