292 6.01000022888 0
291 6.01000022888 0
290 6.02899980545 0
289 6.04600000381 0
288 6.07000017166 0
287 2.42700004578 1
286 2.38800001144 1
285 2.39899992943 1
284 2.35100007057 1
283 2.29399991035 1
282 2.21600008011 1
281 2.19099998474 1
280 2.16400003433 1
279 2.14199995995 1
278 2.14800000191 1
277 2.12599992752 1
276 2.15799999237 1
275 2.14599990845 1
274 2.16300010681 1
273 2.18499994278 1
272 2.1970000267 1
271 2.2009999752 1
270 2.30999994278 2
269 2.33400011063 2
268 2.38400006294 2
267 2.40199995041 2
266 2.41400003433 2
265 6.23199987411 3
264 2.03900003433 4
263 2.01799988747 4
262 1.99300003052 4
261 1.99199998379 4
260 1.99300003052 4
259 2.00699996948 4
258 2.007999897 4
257 2.00600004196 4
256 2.01399993896 4
255 2.00900006294 4
254 1.9960000515 4
253 2.02699995041 4
252 2.00999999046 4
251 1.99500000477 4
250 2.0150001049 4
249 2.02200007439 4
248 2.03999996185 4
247 2.04099988937 4
246 2.02900004387 4
245 2.02999997139 4
244 2.07100009918 4
243 6.22599983215 5
242 6.22700023651 5
