291 6.02500009537 0
290 6.04099988937 0
289 6.05700016022 0
288 6.06300020218 0
287 2.43400001526 1
286 2.40700006485 1
285 2.41000008583 1
284 2.33500003815 1
283 2.28299999237 1
282 2.22000002861 1
281 2.19099998474 1
280 2.16799998283 1
279 2.15199995041 1
278 2.13599991798 1
277 2.14100003242 1
276 2.1400001049 1
275 2.14299988747 1
274 2.18700003624 1
273 2.2009999752 1
272 2.19799995422 1
271 2.20399999619 1
270 2.30100011826 1
269 2.33699989319 1
268 2.38000011444 1
267 2.37400007248 1
266 2.39299988747 1
265 6.24599981308 2
264 2.05200004578 3
263 2.00500011444 3
262 1.99699997902 3
261 2.00900006294 3
260 2.00500011444 3
259 1.99100005627 3
258 1.99399995804 3
257 1.99199998379 3
256 2.00699996948 3
255 2.01600003242 3
254 2.02300000191 3
253 2.02699995041 3
252 2.0039999485 3
251 2.01999998093 3
250 2.02999997139 3
249 2.01300001144 3
248 2.03800010681 3
247 2.0150001049 3
246 2.02699995041 3
245 2.0490000248 3
244 2.09200000763 3
243 6.21700000763 4
242 6.23400020599 4
241 6.23299980164 4
240 6.21999979019 4
