293 5.98999977112 0
292 5.98699998856 0
291 6.01300001144 0
290 6.04600000381 0
289 6.04099988937 0
288 6.05399990082 0
287 2.43899989128 1
286 2.39199995995 1
285 2.39899992943 1
284 2.34899997711 1
283 2.29200005531 1
282 2.21199989319 1
281 2.19400000572 1
280 2.18799996376 1
279 2.14899992943 1
278 2.15100002289 1
277 2.14299988747 1
276 2.13199996948 1
275 2.1740000248 1
274 2.18499994278 1
273 2.18400001526 1
272 2.19499993324 1
271 2.22199988365 1
270 2.27999997139 1
269 2.34500002861 1
268 2.38400006294 1
267 2.3900001049 1
266 2.40400004387 1
265 6.2389998436 2
264 2.07299995422 3
263 2.02300000191 3
262 2.00999999046 3
261 2.01200008392 3
260 1.99699997902 3
259 1.98699998856 3
258 2.0 3
257 2.00600004196 3
256 2.01600003242 3
255 2.01099991798 3
254 2.0039999485 3
253 1.99800002575 3
252 2.00900006294 3
251 2.00600004196 3
250 2.00099992752 3
249 2.02399992943 3
248 2.03999996185 3
247 2.04299998283 3
246 2.02999997139 3
245 2.0529999733 3
244 2.08100008965 3
243 6.22900009155 4
242 6.24800014496 4
