293 5.98199987411 0
292 6.007999897 0
291 6.01200008392 0
290 6.02099990845 0
289 6.06500005722 0
288 6.0609998703 0
287 2.44400000572 1
286 2.40799999237 1
285 2.40499997139 1
284 2.35700011253 1
283 2.27600002289 1
282 2.20499992371 1
281 2.19199991226 1
280 2.17600011826 1
279 2.16400003433 1
278 2.14899992943 1
277 2.16700005531 1
276 2.13700008392 1
275 2.13400006294 1
274 2.17100000381 1
273 2.20399999619 1
272 2.21199989319 1
271 2.21099996567 1
270 2.30399990082 1
269 2.36100006104 1
268 2.3900001049 1
267 2.40499997139 1
266 2.41000008583 1
265 6.22800016403 2
264 2.06999993324 3
263 2.02800011635 3
262 2.01799988747 3
261 2.007999897 3
260 1.99800002575 3
259 1.99300003052 3
258 2.00300002098 3
257 2.007999897 3
256 1.99300003052 3
255 2.01200008392 3
254 1.99399995804 3
253 2.02500009537 3
252 2.01300001144 3
251 2.03299999237 3
250 2.00300002098 3
249 2.01200008392 3
248 2.03999996185 3
247 2.03600001335 3
246 2.04399991035 3
245 2.05100011826 3
244 2.08999991417 3
243 6.23199987411 4
242 6.22900009155 4
241 6.21799993515 4
