293 5.96400022507 0
292 5.99900007248 0
291 6.02600002289 0
290 6.05200004578 0
289 6.05900001526 0
288 6.07899999619 0
287 2.44400000572 1
286 2.41300010681 1
285 2.39899992943 1
284 2.33599996567 1
283 2.28500008583 1
282 2.21300005913 1
281 2.19099998474 1
280 2.17000007629 1
279 2.14199995995 1
278 2.14299988747 1
277 2.14499998093 1
276 2.16199994087 1
275 2.15799999237 1
274 2.16599988937 1
273 2.19799995422 1
272 2.21000003815 1
271 2.21499991417 1
270 2.29800009727 1
269 2.34899997711 1
268 2.38400006294 1
267 2.40700006485 1
266 2.40199995041 1
265 6.24499988556 2
264 2.03999996185 3
263 2.03399991989 3
262 2.0150001049 3
261 1.99399995804 3
260 1.99000000954 3
259 2.00999999046 3
258 2.00900006294 3
257 1.99100005627 3
256 2.01399993896 3
255 2.01099991798 3
254 2.01799988747 3
253 2.01699995995 3
252 2.0 3
251 2.00300002098 3
250 2.00699996948 3
249 2.01099991798 3
248 2.03299999237 3
247 2.04500007629 3
246 2.0569999218 3
245 2.0529999733 3
244 2.09299993515 3
243 6.21899986267 4
242 6.23799991608 4
