292 5.98199987411 0
291 6.01300001144 0
290 6.02400016785 0
289 6.05000019073 0
288 6.05399990082 0
287 2.42300009727 1
286 2.41100001335 1
285 2.39800000191 1
284 2.34800004959 1
283 2.28299999237 1
282 2.21099996567 1
281 2.18600010872 1
280 2.18400001526 1
279 2.11999988556 1
278 2.11800003052 1
277 2.14499998093 1
276 2.132999897 1
275 2.14700007439 1
274 2.16599988937 1
273 2.18400001526 1
272 2.17600011826 1
271 2.20000004768 1
270 2.29099988937 1
269 2.33899998665 1
268 2.37800002098 1
267 2.39299988747 1
266 2.39199995995 1
265 6.21700000763 2
264 2.06100010872 3
263 1.99500000477 3
262 1.99100005627 3
261 1.98699998856 3
260 2.00600004196 3
259 1.99800002575 3
258 1.98899996281 3
257 2.00699996948 3
256 1.9960000515 3
255 1.99000000954 3
254 1.98699998856 3
253 1.99500000477 3
252 2.01099991798 3
251 2.00600004196 3
250 2.01399993896 3
249 2.02800011635 3
248 2.02900004387 3
247 2.02500009537 3
246 2.04200005531 3
245 2.03099989891 3
244 2.06500005722 3
243 6.21600008011 4
242 6.22499990463 4
241 6.22399997711 4
240 6.23199987411 4
