288 6.07000017166 0
287 2.43000006676 1
286 2.40700006485 1
285 2.40300011635 1
284 2.35899996758 1
283 2.27999997139 1
282 2.20300006866 1
281 2.18700003624 1
280 2.17700004578 1
279 2.16300010681 1
278 2.14199995995 1
277 2.14700007439 1
276 2.12299990654 1
275 2.15899991989 1
274 2.16300010681 1
273 2.17100000381 1
272 2.19099998474 1
271 2.20199990273 1
270 2.3220000267 2
269 2.35700011253 2
268 2.39499998093 2
267 2.40499997139 2
266 2.42600011826 2
265 6.25400018692 3
264 2.08400011063 4
263 1.99800002575 4
262 2.02099990845 4
261 1.99500000477 4
260 2.00099992752 4
259 2.01300001144 4
258 2.00600004196 4
257 1.9960000515 4
256 1.99800002575 4
255 2.01399993896 4
254 2.00900006294 4
253 2.0 4
252 2.01600003242 4
251 2.02600002289 4
250 2.03099989891 4
249 2.02900004387 4
248 2.01799988747 4
247 2.01999998093 4
246 2.03399991989 4
245 2.05800008774 4
244 2.0759999752 4
243 6.22499990463 5
242 6.21700000763 5
241 6.23799991608 5
240 6.22700023651 5
