293 5.97599983215 0
292 5.99100017548 0
291 6.01599979401 0
290 6.04099988937 0
289 6.05399990082 0
288 6.07299995422 0
287 2.43000006676 1
286 2.42499995232 1
285 2.41400003433 1
284 2.34800004959 1
283 2.28200006485 1
282 2.19799995422 1
281 2.18899989128 1
280 2.17600011826 1
279 2.12199997902 1
278 2.12800002098 1
277 2.13800001144 1
276 2.1400001049 1
275 2.15400004387 1
274 2.17199993134 1
273 2.18499994278 1
272 2.18400001526 1
271 2.21499991417 1
270 2.28099989891 1
269 2.34599995613 1
268 2.38499999046 1
267 2.382999897 1
266 2.41100001335 1
265 6.24700021744 2
264 2.0680000782 3
263 2.01200008392 3
262 2.01200008392 3
261 2.007999897 3
260 2.01799988747 3
259 2.01399993896 3
258 2.01999998093 3
257 1.99800002575 3
256 2.0150001049 3
255 2.01799988747 3
254 1.99699997902 3
253 2.0 3
252 2.0039999485 3
251 2.01600003242 3
250 2.02900004387 3
249 2.03200006485 3
248 2.03800010681 3
247 2.02999997139 3
246 2.02900004387 3
245 2.07299995422 3
244 2.0680000782 3
243 6.22300004959 4
242 6.22399997711 4
241 6.23999977112 4
