291 6.00299978256 0
290 6.03000020981 0
289 6.04300022125 0
288 6.07800006866 0
287 2.41899991035 1
286 2.41899991035 1
285 2.41700005531 1
284 2.35199999809 1
283 2.28600001335 1
282 2.20600008965 1
281 2.18499994278 1
280 2.18499994278 1
279 2.14700007439 1
278 2.14899992943 1
277 2.14700007439 1
276 2.14700007439 1
275 2.13899993896 1
274 2.1819999218 1
273 2.17300009727 1
272 2.18099999428 1
271 2.21099996567 1
270 2.28399991989 1
269 2.34599995613 1
268 2.38400006294 1
267 2.39100003242 1
266 2.41499996185 1
265 6.23199987411 2
264 2.06599998474 3
263 2.00999999046 3
262 2.0 3
261 1.99300003052 3
260 1.98899996281 3
259 1.99300003052 3
258 2.01300001144 3
257 2.01799988747 3
256 2.0 3
255 2.02300000191 3
254 2.0039999485 3
253 2.03399991989 3
252 2.00699996948 3
251 2.01900005341 3
250 2.02399992943 3
249 2.03399991989 3
248 2.01999998093 3
247 2.01699995995 3
246 2.03399991989 3
245 2.06699991226 3
244 2.07399988174 3
243 6.22200012207 4
242 6.22800016403 4
241 6.23199987411 4
240 6.23400020599 4
239 6.23600006104 4
238 6.22800016403 4
