291 6.00500011444 0
290 6.02199983597 0
289 6.05100011826 0
288 6.0640001297 0
287 2.42600011826 1
286 2.41799998283 1
285 2.40400004387 1
284 2.33699989319 1
283 2.28500008583 1
282 2.18799996376 1
281 2.16700005531 1
280 2.17000007629 1
279 2.14800000191 1
278 2.11299991608 1
277 2.13499999046 1
276 2.13499999046 1
275 2.14400005341 1
274 2.16499996185 1
273 2.18000006676 1
272 2.17199993134 1
271 2.23399996758 1
270 2.3029999733 1
269 2.33299994469 1
268 2.38100004196 1
267 2.37299990654 1
266 2.39499998093 1
265 6.20900011063 2
264 2.04699993134 3
263 1.99399995804 3
262 1.99000000954 3
261 1.98899996281 3
260 2.00699996948 3
259 1.9960000515 3
258 1.98599994183 3
257 1.98300004005 3
256 1.99300003052 3
255 2.01699995995 3
254 1.99300003052 3
253 2.01699995995 3
252 2.01399993896 3
251 2.0 3
250 1.99699997902 3
249 2.02300000191 3
248 2.02800011635 3
247 2.01099991798 3
246 2.01799988747 3
245 2.02699995041 3
244 2.07999992371 3
243 6.22399997711 4
242 6.21500015259 4
241 6.22200012207 4
240 6.22499990463 4
239 6.22100019455 4
238 6.20800018311 4
