294 5.95399999619 0
293 5.96999979019 0
292 5.97900009155 0
291 6.01599979401 0
290 6.04300022125 0
289 6.04500007629 0
288 6.0560002327 0
287 2.42700004578 1
286 2.40599989891 1
285 2.40499997139 1
284 2.34999990463 1
283 2.27399992943 1
282 2.19400000572 1
281 2.18600010872 1
280 2.14800000191 1
279 2.1400001049 1
278 2.15000009537 1
277 2.15700006485 1
276 2.14100003242 1
275 2.15199995041 1
274 2.16899991035 1
273 2.16599988937 1
272 2.1779999733 1
271 2.19499993324 1
270 2.31500005722 2
269 2.35299992561 2
268 2.3789999485 2
267 2.35899996758 2
266 2.40599989891 2
265 6.22399997711 3
264 2.04099988937 4
263 1.9960000515 4
262 1.99199998379 4
261 2.0039999485 4
260 2.01099991798 4
259 2.01399993896 4
258 2.00699996948 4
257 2.01300001144 4
256 1.99100005627 4
255 2.01399993896 4
254 2.00200009346 4
253 1.99100005627 4
252 2.01300001144 4
251 2.01600003242 4
250 2.01999998093 4
249 2.02099990845 4
248 2.02699995041 4
247 2.00900006294 4
246 2.02900004387 4
245 2.02500009537 4
244 2.07999992371 4
243 6.22399997711 5
242 6.22100019455 5
241 6.22900009155 5
