290 6.02500009537 0
289 6.0609998703 0
288 6.04600000381 0
287 2.41400003433 1
286 2.3789999485 1
285 2.38499999046 1
284 2.35299992561 1
283 2.27699995041 1
282 2.21000003815 1
281 2.17899990082 1
280 2.15599989891 1
279 2.11999988556 1
278 2.11500000954 1
277 2.15100002289 1
276 2.15599989891 1
275 2.14800000191 1
274 2.14899992943 1
273 2.17600011826 1
272 2.20399999619 1
271 2.21600008011 1
270 2.29299998283 1
269 2.34100008011 1
268 2.38000011444 1
267 2.39800000191 1
266 2.40199995041 1
265 6.24300003052 2
264 2.07100009918 3
263 2.02300000191 3
262 1.99000000954 3
261 2.00999999046 3
260 2.00900006294 3
259 2.00300002098 3
258 2.00900006294 3
257 1.99800002575 3
256 1.99300003052 3
255 1.99000000954 3
254 1.99800002575 3
253 1.99199998379 3
252 2.00999999046 3
251 1.9960000515 3
250 2.00900006294 3
249 2.02399992943 3
248 2.01099991798 3
247 2.01200008392 3
246 2.04099988937 3
245 2.04800009727 3
244 2.05999994278 3
243 6.22499990463 4
242 6.21500015259 4
241 6.23500013351 4
240 6.22700023651 4
