294 5.96199989319 0
293 5.98099994659 0
292 5.97200012207 0
291 6.007999897 0
290 6.03399991989 0
289 6.04699993134 0
288 6.06699991226 0
287 2.43899989128 1
286 2.42000007629 1
285 2.39899992943 1
284 2.33999991417 1
283 2.2539999485 1
282 2.21199989319 1
281 2.16799998283 1
280 2.17100000381 1
279 2.15000009537 1
278 2.14700007439 1
277 2.15000009537 1
276 2.14499998093 1
275 2.14299988747 1
274 2.16300010681 1
273 2.20199990273 1
272 2.17199993134 1
271 2.21900010109 1
270 2.29699993134 1
269 2.34299993515 1
268 2.38000011444 1
267 2.38700008392 1
266 2.39299988747 1
265 6.23000001907 2
264 2.07999992371 3
263 1.99699997902 3
262 2.00200009346 3
261 2.007999897 3
260 1.98500001431 3
259 2.00900006294 3
258 1.99699997902 3
257 2.00699996948 3
256 1.99699997902 3
255 2.00200009346 3
254 2.01200008392 3
253 2.0150001049 3
252 2.02399992943 3
251 2.01999998093 3
250 1.9960000515 3
249 2.00500011444 3
248 2.00200009346 3
247 2.01200008392 3
246 2.01900005341 3
245 2.04999995232 3
244 2.08400011063 3
