294 5.9470000267 0
293 5.95499992371 0
292 5.99900007248 0
291 6.00500011444 0
290 6.03000020981 0
289 6.05100011826 0
288 6.0689997673 0
287 2.42100000381 1
286 2.38199996948 1
285 2.38499999046 1
284 2.33899998665 1
283 2.28299999237 1
282 2.21300005913 1
281 2.19000005722 1
280 2.16700005531 1
279 2.15000009537 1
278 2.11800003052 1
277 2.13800001144 1
276 2.132999897 1
275 2.15000009537 1
274 2.15799999237 1
273 2.1740000248 1
272 2.18899989128 1
271 2.21099996567 1
270 2.30500006676 1
269 2.33299994469 1
268 2.367000103 1
267 2.37400007248 1
266 2.39599990845 1
265 6.24800014496 2
264 2.05599999428 3
263 1.98500001431 3
262 1.99399995804 3
261 1.98699998856 3
260 1.98699998856 3
259 1.98300004005 3
258 2.01099991798 3
257 1.98899996281 3
256 2.01799988747 3
255 2.01200008392 3
254 2.00699996948 3
253 1.9960000515 3
252 2.00900006294 3
251 2.02099990845 3
250 2.00200009346 3
249 2.02699995041 3
248 2.03099989891 3
247 2.01200008392 3
246 2.02399992943 3
245 2.05999994278 3
244 2.07299995422 3
243 6.23799991608 4
242 6.22399997711 4
