294 5.94999980927 0
293 5.98000001907 0
292 5.98600006104 0
291 6.01900005341 0
290 6.03900003433 0
289 6.05200004578 0
288 6.0640001297 0
287 2.43300008774 1
286 2.38199996948 1
285 2.39199995995 1
284 2.34500002861 1
283 2.28900003433 1
282 2.18099999428 2
281 2.1819999218 2
280 2.17100000381 2
279 2.13700008392 2
278 2.13499999046 2
277 2.11999988556 2
276 2.15300011635 2
275 2.15100002289 2
274 2.18600010872 2
273 2.19499993324 2
272 2.20199990273 2
271 2.20499992371 2
270 2.28900003433 2
269 2.33899998665 2
268 2.3789999485 2
267 2.36400008202 2
266 2.39400005341 2
265 6.22300004959 3
264 2.02600002289 4
263 2.00200009346 4
262 1.99000000954 4
261 2.00999999046 4
260 1.98699998856 4
259 2.00699996948 4
258 2.00200009346 4
257 2.01300001144 4
256 2.00200009346 4
255 2.007999897 4
254 2.01399993896 4
253 2.00900006294 4
252 2.02399992943 4
251 1.9960000515 4
250 2.02300000191 4
249 2.01900005341 4
248 2.03099989891 4
247 2.02600002289 4
246 2.04399991035 4
245 2.04500007629 4
244 2.0720000267 4
243 6.21799993515 5
242 6.22499990463 5
241 6.22300004959 5
