0 4.51900005341
1 4.4310002327
2 4.44600009918
3 4.47800016403
4 4.53999996185
5 4.65899991989
6 4.6779999733
7 4.70699977875
8 4.73199987411
9 4.78299999237
10 4.79199981689
11 4.84399986267
12 4.86199998856
13 4.89900016785
14 4.91800022125
15 4.93300008774
16 4.83300018311
17 4.84700012207
18 4.87699985504
19 4.96199989319
20 5.14099979401
21 5.1810002327
22 5.22499990463
23 5.27600002289
24 5.30900001526
25 5.36299991608
26 5.40700006485
27 5.4439997673
28 5.50400018692
29 5.53700017929
30 5.59600019455
31 5.64499998093
32 5.67700004578
33 0.0
34 17.1590003967
35 17.1539993286
36 17.1550006866
37 0.0
38 0.0
39 0.0
40 17.2399997711
41 17.172000885
42 17.0659999847
43 17.0160007477
44 16.5219993591
45 16.5389995575
46 16.5230007172
47 13.1770000458
48 13.0729999542
49 12.3269996643
50 11.9160003662
51 11.5920000076
52 11.609000206
53 11.6280002594
54 11.6180000305
55 11.3540000916
56 10.984000206
57 10.4619998932
58 10.1180000305
59 8.32299995422
60 8.34200000763
61 8.20699977875
62 7.92299985886
63 7.63100004196
64 7.44899988174
65 7.24499988556
66 7.0640001297
67 6.89400005341
68 6.78700017929
69 6.78700017929
70 6.82100009918
71 6.81699991226
72 6.84200000763
73 6.86800003052
74 6.78399991989
75 6.63500022888
76 6.50699996948
77 6.38500022888
78 6.27400016785
79 6.16200017929
80 5.22900009155
81 4.96999979019
82 4.85099983215
83 4.76900005341
84 4.6939997673
85 4.60699987411
86 4.51800012589
87 4.47900009155
88 4.40199995041
89 4.34200000763
90 4.27799987793
91 4.23000001907
92 4.15999984741
93 4.08900022507
94 4.02099990845
95 3.98200011253
96 3.9509999752
97 3.89199995995
98 3.84800004959
99 3.7990000248
100 3.77500009537
101 3.79600000381
102 3.82399988174
103 3.83500003815
104 3.867000103
105 3.89299988747
106 3.9470000267
107 3.94099998474
108 3.92100000381
109 3.88800001144
110 3.84999990463
111 3.81100010872
112 3.75999999046
113 3.72600007057
114 3.68799996376
115 3.65499997139
116 3.61599993706
117 3.60400009155
118 3.57100009918
119 3.52500009537
120 3.50200009346
121 3.47199988365
122 3.44899988174
123 3.42100000381
124 3.41000008583
125 3.39400005341
126 3.41499996185
127 3.45700001717
128 3.5
129 3.53099989891
130 3.55999994278
131 3.60700011253
132 3.67100000381
133 4.0110001564
134 4.06199979782
135 4.09000015259
136 4.12099981308
137 4.15899991989
138 4.18800020218
139 4.22800016403
140 4.23699998856
141 4.28999996185
142 4.30499982834
143 4.34399986267
144 4.37900018692
145 4.40500020981
146 4.47200012207
147 4.49599981308
148 4.51300001144
149 4.52899980545
150 4.53499984741
151 4.1970000267
152 4.32299995422
153 4.60200023651
154 3.26099991798
155 3.43300008774
156 4.72200012207
157 4.60099983215
158 4.55800008774
159 4.80499982834
160 4.82899999619
161 4.85699987411
162 4.90199995041
163 4.93800020218
164 4.95300006866
165 4.99399995804
166 5.02799987793
167 5.04699993134
168 3.14499998093
169 3.21300005913
170 3.375
171 4.09800004959
172 4.91300010681
173 4.88000011444
174 4.86000013351
175 4.83799982071
176 4.81199979782
177 4.81599998474
178 4.82700014114
179 4.85799980164
180 4.87200021744
181 4.90600013733
182 4.81300020218
183 5.31599998474
184 5.46600008011
185 5.49399995804
186 5.49700021744
187 5.52199983597
188 4.60300016403
189 4.58500003815
190 5.55999994278
191 5.58799982071
192 3.63400006294
193 3.51799988747
194 4.08099985123
195 4.05800008774
196 5.70200014114
197 5.70800018311
198 5.71999979019
199 5.77199983597
200 5.78200006485
201 5.80100011826
202 5.81799983978
203 5.84700012207
204 5.84800004959
205 5.86499977112
206 5.87599992752
207 5.8860001564
208 5.89099979401
209 5.90600013733
210 5.93699979782
211 5.93699979782
212 5.96199989319
213 5.95800018311
214 5.99399995804
215 6.00600004196
216 6.02099990845
217 6.02899980545
218 6.03700017929
219 6.06599998474
220 6.07700014114
221 6.09100008011
222 6.09100008011
223 6.09800004959
224 6.09800004959
225 6.12200021744
226 6.10599994659
227 6.11100006104
228 6.12200021744
229 6.13899993896
230 6.15500020981
231 6.15000009537
232 6.18800020218
233 6.19099998474
234 6.20200014114
235 6.21199989319
236 6.23099994659
237 6.22700023651
238 6.22700023651
239 6.22499990463
240 6.24100017548
241 6.22300004959
242 6.22300004959
243 6.22700023651
244 6.22599983215
245 6.22599983215
246 6.23099994659
247 6.25400018692
248 6.23500013351
249 6.23799991608
250 6.25899982452
251 6.27099990845
252 6.27099990845
253 6.25199985504
254 6.25699996948
255 6.27299976349
256 6.27799987793
257 6.2610001564
258 6.24599981308
259 6.24399995804
260 6.24900007248
261 6.24599981308
262 6.21099996567
263 6.21899986267
264 6.22700023651
265 6.21999979019
266 6.21799993515
267 6.2389998436
268 6.23400020599
269 6.23600006104
270 6.21799993515
271 6.21299982071
272 6.21400022507
273 6.11899995804
274 5.85200023651
275 5.77299976349
276 5.73699998856
277 5.73400020599
278 5.72700023651
279 5.71400022507
280 5.75099992752
281 5.7610001564
282 5.82000017166
283 5.93200016022
284 6.08799982071
285 6.07000017166
286 6.07399988174
287 6.0720000267
288 6.06300020218
289 6.04500007629
290 6.03999996185
291 6.00600004196
292 5.99499988556
293 5.28000020981
294 5.05499982834
295 5.02299976349
296 5.02600002289
297 5.02400016785
298 5.02299976349
299 5.02199983597
300 5.007999897
301 5.09999990463
302 5.59499979019
303 5.25500011444
304 5.12200021744
305 5.19799995422
306 5.30399990082
307 5.28999996185
308 5.20699977875
309 5.12099981308
310 5.25400018692
311 5.55200004578
312 5.64599990845
313 5.62099981308
314 5.60699987411
315 5.59000015259
316 5.56699991226
317 5.54500007629
318 5.52600002289
319 5.33500003815
320 5.10500001907
321 5.46000003815
322 5.43300008774
323 5.4279999733
324 5.41099977493
325 5.39499998093
326 5.36800003052
327 5.33699989319
328 5.29600000381
329 4.38000011444
330 4.03800010681
331 4.10900020599
332 5.01900005341
333 5.16099977493
334 5.13700008392
335 5.11899995804
336 5.09399986267
337 5.06699991226
338 5.03800010681
339 5.01200008392
340 4.95100021362
341 4.81500005722
342 4.95800018311
343 4.94000005722
344 4.89599990845
345 4.85900020599
346 4.82600021362
347 4.70599985123
348 4.55800008774
349 4.74100017548
350 4.71199989319
351 4.68699979782
352 4.64200019836
353 4.61499977112
354 4.5720000267
355 4.55399990082
356 4.30900001526
357 4.35300016403
358 4.49800014496
359 4.44600009918
360 4.45100021362
361 4.42899990082
362 4.40199995041
363 4.36899995804
364 4.3189997673
365 4.26800012589
366 4.24399995804
367 4.20599985123
368 4.17199993134
369 4.14400005341
370 4.11000013351
371 4.07800006866
372 4.03700017929
373 4.02699995041
374 3.97600007057
375 3.94199991226
376 3.92199993134
377 3.90100002289
378 3.88499999046
379 3.8599998951
380 3.82100009918
381 3.72900009155
382 3.6400001049
383 3.59899997711
384 3.56299996376
385 3.52699995041
386 3.50600004196
387 3.45000004768
388 3.4319999218
389 3.40799999237
390 3.36899995804
391 3.32800006866
392 3.30900001526
393 3.27800011635
394 3.26799988747
395 3.25200009346
396 3.3029999733
397 3.3259999752
398 3.3710000515
399 3.40100002289
400 3.44499993324
401 3.47900009155
402 3.51699995995
403 3.55800008774
404 3.59800004959
405 3.64100003242
406 3.68499994278
407 3.72600007057
408 3.73300004005
409 3.7990000248
410 3.83299994469
411 3.88100004196
412 3.94600009918
413 3.98699998856
414 4.05700016022
415 4.125
416 4.15799999237
417 4.25199985504
418 4.32399988174
419 4.36100006104
420 4.42899990082
421 4.53000020981
422 4.59299993515
423 4.67299985886
424 4.73400020599
425 4.83099985123
426 4.90799999237
427 5.01999998093
428 5.10099983215
429 5.21799993515
430 5.31300020218
431 5.42500019073
432 5.53399991989
433 5.65500020981
434 5.76399993896
435 5.89200019836
436 6.02600002289
437 6.17399978638
438 6.33400011063
439 6.47499990463
440 6.4889998436
441 6.60799980164
442 6.48600006104
443 3.0529999733
444 3.03399991989
445 3.02999997139
446 3.04099988937
447 3.02200007439
448 3.007999897
449 3.02300000191
450 3.00900006294
451 2.99099993706
452 3.0
453 2.992000103
454 2.98699998856
455 2.96799993515
456 2.9849998951
457 2.96199989319
458 2.95199990273
459 2.96799993515
460 2.95199990273
461 2.9319999218
462 2.95399999619
463 2.93899989128
464 2.94199991226
465 2.92499995232
466 2.91899991035
467 2.92600011826
468 2.93499994278
469 2.9240000248
470 2.68799996376
471 2.65199995041
472 2.63899993896
473 2.632999897
474 0.945999979973
475 0.699000000954
476 0.699000000954
477 0.929000020027
478 2.64199995995
479 2.64700007439
480 2.65000009537
481 2.65100002289
482 2.65799999237
483 2.66400003433
484 2.66899991035
485 2.66199994087
486 2.66499996185
487 2.67499995232
488 2.67499995232
489 2.68000006676
490 2.83100008965
491 2.93799996376
492 2.93400001526
493 2.93499994278
494 2.93700003624
495 2.96399998665
496 2.94600009918
497 2.98099994659
498 2.96799993515
499 2.96499991417
500 2.99000000954
501 2.97799992561
502 2.98399996758
503 2.98699998856
504 2.98699998856
505 3.00300002098
506 3.00099992752
507 3.007999897
508 3.01999998093
509 3.03299999237
510 3.04699993134
511 3.04500007629
512 3.07399988174
513 3.06999993324
514 3.0759999752
515 3.09500002861
516 3.09500002861
517 3.11299991608
518 3.10599994659
519 3.13199996948
520 3.13199996948
521 3.15000009537
522 3.14499998093
523 3.18700003624
524 0.924000024796
525 0.90499997139
526 0.910000026226
527 0.93599998951
528 3.04500007629
529 2.97499990463
530 2.93700003624
531 2.88599991798
532 2.83500003815
533 2.77999997139
534 2.7349998951
535 2.71900010109
536 2.9430000782
537 2.92499995232
538 0.0
539 0.0
540 0.0
