0 4.51000022888
1 4.40000009537
2 4.4390001297
3 4.46000003815
4 4.51999998093
5 4.65700006485
6 4.67100000381
7 4.70800018311
8 4.72399997711
9 4.7610001564
10 4.78299999237
11 4.82100009918
12 4.86100006104
13 4.89400005341
14 4.91099977493
15 4.92199993134
16 4.83400011063
17 4.84100008011
18 4.88100004196
19 4.96299982071
20 5.14099979401
21 5.17500019073
22 5.22700023651
23 5.25299978256
24 5.31199979782
25 5.35500001907
26 5.40799999237
27 5.44500017166
28 5.49599981308
29 5.54799985886
30 5.57899999619
31 5.63800001144
32 5.64799976349
33 0.0
34 17.1630001068
35 17.1329994202
36 17.1380004883
37 0.0
38 0.0
39 0.0
40 17.2119998932
41 17.1730003357
42 17.0720005035
43 16.9939994812
44 16.5189990997
45 16.5419998169
46 16.5119991302
47 13.1719999313
48 13.093000412
49 12.3339996338
50 11.9479999542
51 11.5939998627
52 11.6020002365
53 11.6420001984
54 11.6169996262
55 11.3529996872
56 10.9899997711
57 10.4750003815
58 10.1079998016
59 8.3079996109
60 8.35400009155
61 8.19099998474
62 7.91099977493
63 7.63000011444
64 7.44199991226
65 7.2389998436
66 7.0640001297
67 6.89200019836
68 6.77899980545
69 6.77799987793
70 6.79300022125
71 6.83400011063
72 6.84899997711
73 6.85699987411
74 6.79199981689
75 6.63700008392
76 6.50099992752
77 6.38500022888
78 6.26000022888
79 6.14400005341
80 5.21500015259
81 4.95699977875
82 4.86299991608
83 4.77699995041
84 4.67299985886
85 4.60500001907
86 4.53700017929
87 4.46400022507
88 4.41300010681
89 4.34100008011
90 4.27099990845
91 4.20699977875
92 4.15399980545
93 4.09200000763
94 4.02899980545
95 3.96900010109
96 3.92600011826
97 3.89100003242
98 3.84100008011
99 3.80100011826
100 3.77300000191
101 3.77600002289
102 3.8259999752
103 3.85899996758
104 3.87599992752
105 3.89400005341
106 3.93300008774
107 3.95499992371
108 3.92300009727
109 3.88899993896
110 3.85100007057
111 3.81699991226
112 3.76300001144
113 3.72399997711
114 3.6970000267
115 3.66899991035
116 3.61100006104
117 3.59500002861
118 3.54999995232
119 3.52900004387
120 3.49000000954
121 3.46700000763
122 3.44199991226
123 3.41499996185
124 3.39400005341
125 3.38899993896
126 3.43099999428
127 3.44799995422
128 3.48699998856
129 3.52699995041
130 3.57100009918
131 3.60599994659
132 3.66499996185
133 4.0110001564
134 4.0640001297
135 4.08699989319
136 4.117000103
137 4.15000009537
138 4.17999982834
139 4.20800018311
140 4.22599983215
141 4.26300001144
142 4.28900003433
143 4.36000013351
144 4.38399982452
145 4.42600011826
146 4.46799993515
147 4.49100017548
148 4.50299978256
149 4.52699995041
150 4.55000019073
151 4.17500019073
152 4.29500007629
153 4.52600002289
154 3.27399992943
155 3.40899991989
156 4.70599985123
157 4.59999990463
158 4.53499984741
159 4.79400014877
160 4.82299995422
161 4.86600017548
162 4.88199996948
163 4.93499994278
164 4.95900011063
165 4.992000103
166 5.02199983597
167 5.04099988937
168 3.15499997139
169 3.23300004005
170 3.367000103
171 4.11000013351
172 4.91200017929
173 4.882999897
174 4.84299993515
175 4.82299995422
176 4.83099985123
177 4.82399988174
178 4.8220000267
179 4.83900022507
180 4.86499977112
181 4.90600013733
182 4.8220000267
183 5.32000017166
184 5.47499990463
185 5.47599983215
186 5.48699998856
187 5.51700019836
188 4.60300016403
189 4.57899999619
190 5.54600000381
191 5.57899999619
192 3.6289999485
193 3.52399992943
194 4.0609998703
195 4.05999994278
196 5.67600011826
197 5.70399999619
198 5.73199987411
199 5.73999977112
200 5.76599979401
201 5.80700016022
202 5.83099985123
203 5.84100008011
204 5.84899997711
205 5.86000013351
206 5.85900020599
207 5.88399982452
208 5.89499998093
209 5.89900016785
210 5.92500019073
211 5.94099998474
212 5.9279999733
213 5.97399997711
214 5.97700023651
215 5.9889998436
216 6.00899982452
217 6.01900005341
218 6.0560002327
219 6.0720000267
220 6.07600021362
221 6.08300018311
222 6.09700012207
223 6.09499979019
224 6.08199977875
225 6.08500003815
226 6.09899997711
227 6.10699987411
228 6.11999988556
229 6.14900016785
230 6.16499996185
231 6.16699981689
232 6.16800022125
233 6.17700004578
234 6.20100021362
235 6.19000005722
236 6.21700000763
237 6.21400022507
238 6.23500013351
239 6.21600008011
240 6.2389998436
241 6.21799993515
242 6.21600008011
243 6.21799993515
244 6.24700021744
245 6.23299980164
246 6.22700023651
247 6.242000103
248 6.25500011444
249 6.24900007248
250 6.24300003052
251 6.23799991608
252 6.27199983597
253 6.26700019836
254 6.27799987793
255 6.25400018692
256 6.25
257 6.26000022888
258 6.25299978256
259 6.25400018692
260 6.22700023651
261 6.21899986267
262 6.21899986267
263 6.23000001907
264 6.19999980927
265 6.21099996567
266 6.21199989319
267 6.21700000763
268 6.20599985123
269 6.20699977875
270 6.21700000763
271 6.21199989319
272 6.20699977875
273 6.11999988556
274 5.86000013351
275 5.78700017929
276 5.73999977112
277 5.742000103
278 5.70699977875
279 5.71600008011
280 5.74700021744
281 5.75299978256
282 5.79899978638
283 5.94999980927
284 6.08199977875
285 6.08300018311
286 6.0560002327
287 6.0640001297
288 6.03800010681
289 6.03299999237
290 6.03399991989
291 5.99499988556
292 5.99499988556
293 5.28999996185
294 5.06799983978
295 5.02699995041
296 5.01300001144
297 5.01399993896
298 5.01999998093
299 5.01000022888
300 5.01999998093
301 5.09600019455
302 5.63899993896
303 5.24700021744
304 5.12900018692
305 5.18699979782
306 5.29099988937
307 5.29600000381
308 5.22100019455
309 5.117000103
310 5.23600006104
311 5.53900003433
312 5.64900016785
313 5.62900018692
314 5.60500001907
315 5.58099985123
316 5.5560002327
317 5.53900003433
318 5.51000022888
319 5.30399990082
320 5.09700012207
321 5.45399999619
322 5.45399999619
323 5.4279999733
324 5.41400003433
325 5.38800001144
326 5.367000103
327 5.33400011063
328 5.30100011826
329 4.36100006104
330 4.04899978638
331 4.12300014496
332 5.03100013733
333 5.17199993134
334 5.12300014496
335 5.11899995804
336 5.09499979019
337 5.07299995422
338 5.03599977493
339 5.01800012589
340 4.95100021362
341 4.8029999733
342 4.95300006866
343 4.9279999733
344 4.90799999237
345 4.87400007248
346 4.83900022507
347 4.70699977875
348 4.56500005722
349 4.74100017548
350 4.6939997673
351 4.65700006485
352 4.64300012589
353 4.617000103
354 4.59000015259
355 4.5689997673
356 4.29300022125
357 4.375
358 4.47900009155
359 4.4390001297
360 4.4470000267
361 4.40399980545
362 4.40299987793
363 4.34800004959
364 4.31699991226
365 4.28200006485
366 4.24499988556
367 4.20499992371
368 4.17199993134
369 4.13800001144
370 4.11999988556
371 4.06599998474
372 4.03499984741
373 4.01300001144
374 3.98399996758
375 3.95399999619
376 3.93700003624
377 3.90499997139
378 3.87400007248
379 3.83500003815
380 3.82399988174
381 3.72499990463
382 3.632999897
383 3.60299992561
384 3.56299996376
385 3.52200007439
386 3.4960000515
387 3.45799994469
388 3.42700004578
389 3.38700008392
390 3.34400010109
391 3.32399988174
392 3.3029999733
393 3.27500009537
394 3.26399993896
395 3.27200007439
396 3.28699994087
397 3.32800006866
398 3.3710000515
399 3.38899993896
400 3.42499995232
401 3.48200011253
402 3.51200008392
403 3.55399990082
404 3.59400010109
405 3.64299988747
406 3.68899989128
407 3.72799992561
408 3.72300004959
409 3.78099989891
410 3.83599996567
411 3.875
412 3.94400000572
413 3.97499990463
414 4.05800008774
415 4.10500001907
416 4.15899991989
417 4.24700021744
418 4.3029999733
419 4.38000011444
420 4.44799995422
421 4.52299976349
422 4.59499979019
423 4.64699983597
424 4.70599985123
425 4.82100009918
426 4.91699981689
427 5.01300001144
428 5.11199998856
429 5.21000003815
430 5.30999994278
431 5.42399978638
432 5.51800012589
433 5.64900016785
434 5.76499986649
435 5.86999988556
436 6.01599979401
437 6.15500020981
438 6.32999992371
439 6.46299982071
440 6.49700021744
441 6.59700012207
442 6.4439997673
443 3.0720000267
444 3.03900003433
445 3.03800010681
446 3.01600003242
447 3.01799988747
448 3.01999998093
449 2.99900007248
450 3.01900005341
451 2.99000000954
452 2.98000001907
453 3.0
454 2.99000000954
455 2.95900011063
456 2.96199989319
457 2.98099994659
458 2.95000004768
459 2.93899989128
460 2.94000005722
461 2.93700003624
462 2.93899989128
463 2.9470000267
464 2.93099999428
465 2.9319999218
466 2.9319999218
467 2.91799998283
468 2.91000008583
469 2.90100002289
470 2.65599989891
471 2.63800001144
472 2.63899993896
473 2.6289999485
474 0.947000026703
475 0.694999992847
476 0.70300000906
477 0.92199999094
478 2.65599989891
479 2.62800002098
480 2.64199995995
481 2.65000009537
482 2.65300011635
483 2.65400004387
484 2.65100002289
485 2.65199995041
486 2.67899990082
487 2.66700005531
488 2.66899991035
489 2.68600010872
490 2.82699990273
491 2.93300008774
492 2.92600011826
493 2.94199991226
494 2.95799994469
495 2.94099998474
496 2.97399997711
497 2.94799995422
498 2.95700001717
499 2.96900010109
500 2.97699999809
501 2.97099995613
502 2.97399997711
503 2.9960000515
504 2.9849998951
505 3.00999999046
506 3.0
507 3.0
508 3.01300001144
509 3.03699994087
510 3.02699995041
511 3.0529999733
512 3.06699991226
513 3.05800008774
514 3.06500005722
515 3.06900000572
516 3.07899999619
517 3.10299992561
518 3.11599993706
519 3.12400007248
520 3.14100003242
521 3.13899993896
522 3.15599989891
523 3.17700004578
524 0.917999982834
525 0.898999989033
526 0.915000021458
527 0.93599998951
528 3.04099988937
529 2.98200011253
530 2.93899989128
531 2.86599993706
532 2.81999993324
533 2.77900004387
534 2.72399997711
535 2.69799995422
536 2.94799995422
537 2.90499997139
538 0.0
539 0.0
540 0.0
