0 4.51499986649
1 4.4310002327
2 4.45800018311
3 4.44799995422
4 4.52600002289
5 4.64499998093
6 4.66900014877
7 4.70499992371
8 4.73000001907
9 4.76599979401
10 4.79500007629
11 4.82999992371
12 4.85099983215
13 4.89400005341
14 4.92700004578
15 4.9390001297
16 4.83599996567
17 4.84399986267
18 4.87599992752
19 4.95800018311
20 5.14499998093
21 5.19600009918
22 5.22499990463
23 5.26000022888
24 5.30900001526
25 5.34200000763
26 5.40299987793
27 5.44999980927
28 5.49900007248
29 5.53700017929
30 5.60200023651
31 5.64300012589
32 5.6859998703
33 0.0
34 17.1350002289
35 17.1340007782
36 17.1380004883
37 0.0
38 0.0
39 0.0
40 17.2450008392
41 17.1690006256
42 17.0729999542
43 17.017999649
44 16.5160007477
45 16.5510005951
46 16.5259990692
47 13.1619997025
48 13.0740003586
49 12.3350000381
50 11.9610004425
51 11.593000412
52 11.6260004044
53 11.6049995422
54 11.609000206
55 11.3479995728
56 11.0100002289
57 10.4449996948
58 10.1239995956
59 8.32999992371
60 8.32900047302
61 8.20600032806
62 7.90899991989
63 7.63800001144
64 7.43400001526
65 7.23600006104
66 7.05999994278
67 6.88700008392
68 6.77899980545
69 6.78599977493
70 6.80200004578
71 6.83799982071
72 6.84399986267
73 6.86499977112
74 6.79099988937
75 6.64499998093
76 6.52199983597
77 6.38199996948
78 6.27899980545
79 6.16099977493
80 5.24300003052
81 4.96099996567
82 4.85400009155
83 4.7610001564
84 4.69099998474
85 4.59999990463
86 4.53700017929
87 4.47900009155
88 4.40500020981
89 4.34100008011
90 4.26999998093
91 4.20900011063
92 4.15700006485
93 4.10799980164
94 4.04400014877
95 3.9849998951
96 3.9319999218
97 3.88199996948
98 3.84999990463
99 3.77800011635
100 3.77300000191
101 3.77999997139
102 3.79999995232
103 3.84400010109
104 3.89299988747
105 3.91599988937
106 3.94400000572
107 3.94400000572
108 3.9319999218
109 3.88400006294
110 3.84400010109
111 3.80200004578
112 3.74799990654
113 3.72600007057
114 3.6930000782
115 3.66599988937
116 3.617000103
117 3.59400010109
118 3.56200003624
119 3.53800010681
120 3.50999999046
121 3.47300004959
122 3.4279999733
123 3.41899991035
124 3.40000009537
125 3.38100004196
126 3.4319999218
127 3.44400000572
128 3.49300003052
129 3.52900004387
130 3.5759999752
131 3.59800004959
132 3.66799998283
133 4.02600002289
134 4.05900001526
135 4.09700012207
136 4.13500022888
137 4.14799976349
138 4.17899990082
139 4.1939997673
140 4.22499990463
141 4.26999998093
142 4.31199979782
143 4.33900022507
144 4.38800001144
145 4.42999982834
146 4.4439997673
147 4.48299980164
148 4.507999897
149 4.54099988937
150 4.55200004578
151 4.21600008011
152 4.32100009918
153 4.60699987411
154 3.27200007439
155 3.39599990845
156 4.71099996567
157 4.6139998436
158 4.55700016022
159 4.8029999733
160 4.84100008011
161 4.8639998436
162 4.88399982452
163 4.92500019073
164 4.96299982071
165 4.99499988556
166 5.01700019836
167 5.04199981689
168 3.14700007439
169 3.21799993515
170 3.37400007248
171 4.10799980164
172 4.91599988937
173 4.8860001564
174 4.85200023651
175 4.83300018311
176 4.82000017166
177 4.8189997673
178 4.83900022507
179 4.85900020599
180 4.875
181 4.88899993896
182 4.82800006866
183 5.33199977875
184 5.46600008011
185 5.48600006104
186 5.49900007248
187 5.50199985504
188 4.60300016403
189 4.58099985123
190 5.56500005722
191 5.59700012207
192 3.64299988747
193 3.51999998093
194 4.07000017166
195 4.04199981689
196 5.67399978638
197 5.71700000763
198 5.73600006104
199 5.77199983597
200 5.79300022125
201 5.78700017929
202 5.81599998474
203 5.83199977875
204 5.82899999619
205 5.85099983215
206 5.875
207 5.88999986649
208 5.89200019836
209 5.92000007629
210 5.92199993134
211 5.93800020218
212 5.96299982071
213 5.95399999619
214 5.97599983215
215 6.00199985504
216 6.02899980545
217 6.04500007629
218 6.0529999733
219 6.07899999619
220 6.0689997673
221 6.07100009918
222 6.08599996567
223 6.08699989319
224 6.09800004959
225 6.09200000763
226 6.13000011444
227 6.132999897
228 6.13000011444
229 6.15299987793
230 6.15799999237
231 6.16800022125
232 6.17999982834
233 6.19600009918
234 6.20800018311
235 6.1939997673
236 6.23099994659
237 6.23099994659
238 6.21600008011
239 6.21999979019
240 6.21999979019
241 6.22599983215
242 6.22399997711
243 6.25099992752
244 6.23000001907
245 6.23199987411
246 6.23199987411
247 6.23699998856
248 6.242000103
249 6.242000103
250 6.25899982452
251 6.26000022888
252 6.26900005341
253 6.26499986649
254 6.26800012589
255 6.27899980545
256 6.25199985504
257 6.25600004196
258 6.25299978256
259 6.24300003052
260 6.25400018692
261 6.24700021744
262 6.24499988556
263 6.24100017548
264 6.20200014114
265 6.21500015259
266 6.23799991608
267 6.22200012207
268 6.22300004959
269 6.21400022507
270 6.22800016403
271 6.23500013351
272 6.21600008011
273 6.13000011444
274 5.83400011063
275 5.79199981689
276 5.75099992752
277 5.72499990463
278 5.71999979019
279 5.73299980164
280 5.74900007248
281 5.76999998093
282 5.79899978638
283 5.95399999619
284 6.06599998474
285 6.0640001297
286 6.06500005722
287 6.0689997673
288 6.0529999733
289 6.03599977493
290 6.02799987793
291 6.01000022888
292 6.0
293 5.29600000381
294 5.05100011826
295 5.03399991989
296 5.01700019836
297 5.02899980545
298 5.01700019836
299 5.01599979401
300 5.02799987793
301 5.08699989319
302 5.65399980545
303 5.25699996948
304 5.1139998436
305 5.19799995422
306 5.29600000381
307 5.29600000381
308 5.22100019455
309 5.11899995804
310 5.24800014496
311 5.53900003433
312 5.64300012589
313 5.62300014496
314 5.60400009155
315 5.57000017166
316 5.56699991226
317 5.54799985886
318 5.52199983597
319 5.30999994278
320 5.11199998856
321 5.44999980927
322 5.44099998474
323 5.42000007629
324 5.41800022125
325 5.40000009537
326 5.36000013351
327 5.34100008011
328 5.30200004578
329 4.36299991608
330 4.0529999733
331 4.117000103
332 5.01200008392
333 5.16599988937
334 5.132999897
335 5.10900020599
336 5.09800004959
337 5.06199979782
338 5.04300022125
339 5.01900005341
340 4.95900011063
341 4.8060002327
342 4.96600008011
343 4.94000005722
344 4.89699983597
345 4.86199998856
346 4.84000015259
347 4.70399999619
348 4.5529999733
349 4.73999977112
350 4.69500017166
351 4.68200016022
352 4.6360001564
353 4.61499977112
354 4.58799982071
355 4.56500005722
356 4.30499982834
357 4.36499977112
358 4.49700021744
359 4.46999979019
360 4.42600011826
361 4.40299987793
362 4.39400005341
363 4.33699989319
364 4.3140001297
365 4.28100013733
366 4.25
367 4.19199991226
368 4.1810002327
369 4.12799978256
370 4.11499977112
371 4.07299995422
372 4.04500007629
373 4.00500011444
374 3.97900009155
375 3.95900011063
376 3.93400001526
377 3.90599989891
378 3.87400007248
379 3.83100008965
380 3.82699990273
381 3.72499990463
382 3.62400007248
383 3.58500003815
384 3.57699990273
385 3.53500008583
386 3.49300003052
387 3.46000003815
388 3.43400001526
389 3.39499998093
390 3.37400007248
391 3.34500002861
392 3.31500005722
393 3.26600003242
394 3.26200008392
395 3.27699995041
396 3.30900001526
397 3.34200000763
398 3.36100006104
399 3.41000008583
400 3.4470000267
401 3.47399997711
402 3.50300002098
403 3.5529999733
404 3.60899996758
405 3.64299988747
406 3.68899989128
407 3.71300005913
408 3.73799991608
409 3.78900003433
410 3.81299996376
411 3.88899993896
412 3.92300009727
413 4.00099992752
414 4.05100011826
415 4.13100004196
416 4.18200016022
417 4.22499990463
418 4.30100011826
419 4.375
420 4.45499992371
421 4.49499988556
422 4.59499979019
423 4.66800022125
424 4.73199987411
425 4.80800008774
426 4.90700006485
427 5.02400016785
428 5.10799980164
429 5.21799993515
430 5.31199979782
431 5.4279999733
432 5.52600002289
433 5.65799999237
434 5.76700019836
435 5.88399982452
436 6.02099990845
437 6.16300010681
438 6.31699991226
439 6.48199987411
440 6.50099992752
441 6.60400009155
442 6.43200016022
443 3.06100010872
444 3.04299998283
445 3.03299999237
446 3.04200005531
447 3.03399991989
448 3.01200008392
449 3.01099991798
450 3.01699995995
451 3.00500011444
452 2.99099993706
453 2.97799992561
454 2.97699999809
455 2.98600006104
456 2.96499991417
457 2.97699999809
458 2.97199988365
459 2.95199990273
460 2.96600008011
461 2.94899988174
462 2.9430000782
463 2.94600009918
464 2.95000004768
465 2.93099999428
466 2.92899990082
467 2.93099999428
468 2.93300008774
469 2.90499997139
470 2.6819999218
471 2.6289999485
472 2.63800001144
473 2.64899992943
474 0.943000018597
475 0.697000026703
476 0.712000012398
477 0.930000007153
478 2.65400004387
479 2.65199995041
480 2.64800000191
481 2.6400001049
482 2.65599989891
483 2.65100002289
484 2.65300011635
485 2.67499995232
486 2.66499996185
487 2.66599988937
488 2.65599989891
489 2.68400001526
490 2.82999992371
491 2.9279999733
492 2.93000006676
493 2.93400001526
494 2.96300005913
495 2.95000004768
496 2.96199989319
497 2.95300006866
498 2.95900011063
499 2.95900011063
500 2.97099995613
501 2.98699998856
502 2.97099995613
503 2.97099995613
504 3.00699996948
505 2.99499988556
506 3.0039999485
507 3.00900006294
508 3.02300000191
509 3.04699993134
510 3.04500007629
511 3.03500008583
512 3.04999995232
513 3.04999995232
514 3.07699990273
515 3.09100008011
516 3.08299994469
517 3.09299993515
518 3.1210000515
519 3.11500000954
520 3.12199997902
521 3.14700007439
522 3.17000007629
523 3.1740000248
524 0.943000018597
525 0.917999982834
526 0.917999982834
527 0.936999976635
528 3.04800009727
529 2.99000000954
530 2.93000006676
531 2.88100004196
532 2.82500004768
533 2.79200005531
534 2.73099994659
535 2.70300006866
536 2.94799995422
537 2.9240000248
538 0.0
539 0.0
540 0.0
