0 4.5
1 4.42899990082
2 4.4470000267
3 4.47599983215
4 4.53100013733
5 4.65000009537
6 4.69000005722
7 4.70800018311
8 4.73199987411
9 4.77199983597
10 4.79099988937
11 4.82600021362
12 4.86800003052
13 4.89400005341
14 4.92700004578
15 4.93400001526
16 4.83400011063
17 4.85900020599
18 4.87799978256
19 4.96899986267
20 5.14400005341
21 5.17899990082
22 5.22499990463
23 5.27199983597
24 5.30499982834
25 5.36000013351
26 5.41099977493
27 5.45800018311
28 5.49700021744
29 5.53999996185
30 5.60599994659
31 5.64799976349
32 5.67700004578
33 0.0
34 17.1539993286
35 17.1469993591
36 17.1469993591
37 0.0
38 0.0
39 0.0
40 17.2269992828
41 17.172000885
42 17.0550003052
43 17.0170001984
44 16.5200004578
45 16.5380001068
46 16.531999588
47 13.170999527
48 13.0799999237
49 12.3459997177
50 11.9429998398
51 11.5819997787
52 11.595000267
53 11.6289997101
54 11.6350002289
55 11.3529996872
56 10.982000351
57 10.4639997482
58 10.0880002975
59 8.37100028992
60 8.33399963379
61 8.21700000763
62 7.92199993134
63 7.61999988556
64 7.45300006866
65 7.25400018692
66 7.08099985123
67 6.90600013733
68 6.79099988937
69 6.78999996185
70 6.79899978638
71 6.82499980927
72 6.84000015259
73 6.8639998436
74 6.78499984741
75 6.65100002289
76 6.51499986649
77 6.39400005341
78 6.26000022888
79 6.16699981689
80 5.23500013351
81 4.97599983215
82 4.84999990463
83 4.77099990845
84 4.6970000267
85 4.60599994659
86 4.54199981689
87 4.45200014114
88 4.38800001144
89 4.33099985123
90 4.27099990845
91 4.21299982071
92 4.16300010681
93 4.11000013351
94 4.05000019073
95 3.99099993706
96 3.93499994278
97 3.8900001049
98 3.84400010109
99 3.78500008583
100 3.76399993896
101 3.80100011826
102 3.82999992371
103 3.85299992561
104 3.88400006294
105 3.8900001049
106 3.94099998474
107 3.93600010872
108 3.9319999218
109 3.87700009346
110 3.82999992371
111 3.80100011826
112 3.77200007439
113 3.73399996758
114 3.70000004768
115 3.64299988747
116 3.63199996948
117 3.59899997711
118 3.55999994278
119 3.51900005341
120 3.492000103
121 3.47699999809
122 3.44099998474
123 3.41899991035
124 3.40499997139
125 3.38199996948
126 3.41000008583
127 3.45300006866
128 3.49799990654
129 3.52300000191
130 3.57299995422
131 3.61599993706
132 3.6740000248
133 4.02899980545
134 4.05399990082
135 4.09100008011
136 4.10699987411
137 4.132999897
138 4.1810002327
139 4.22200012207
140 4.23299980164
141 4.28000020981
142 4.30999994278
143 4.33599996567
144 4.40000009537
145 4.40700006485
146 4.45699977875
147 4.48500013351
148 4.50500011444
149 4.54099988937
150 4.55000019073
151 4.19899988174
152 4.29899978638
153 4.61199998856
154 3.26600003242
155 3.41499996185
156 4.70900011063
157 4.60099983215
158 4.54899978638
159 4.80399990082
160 4.82100009918
161 4.84999990463
162 4.89599990845
163 4.93300008774
164 4.95699977875
165 4.98999977112
166 5.01499986649
167 5.04400014877
168 3.14299988747
169 3.23200011253
170 3.35700011253
171 4.13399982452
172 4.92500019073
173 4.87099981308
174 4.85400009155
175 4.83300018311
176 4.8189997673
177 4.82100009918
178 4.84299993515
179 4.86000013351
180 4.88100004196
181 4.89499998093
182 4.81699991226
183 5.32299995422
184 5.46299982071
185 5.47599983215
186 5.5
187 5.49800014496
188 4.60599994659
189 4.58300018311
190 5.56199979782
191 5.59999990463
192 3.64700007439
193 3.52999997139
194 4.06599998474
195 4.08099985123
196 5.69500017166
197 5.71199989319
198 5.73299980164
199 5.76399993896
200 5.78599977493
201 5.8060002327
202 5.80499982834
203 5.84499979019
204 5.84200000763
205 5.8639998436
206 5.85900020599
207 5.87599992752
208 5.89300012589
209 5.90899991989
210 5.92600011826
211 5.93800020218
212 5.95200014114
213 5.96000003815
214 5.97800016403
215 5.99300003052
216 6.01800012589
217 6.03800010681
218 6.05499982834
219 6.05700016022
220 6.06199979782
221 6.07299995422
222 6.08500003815
223 6.10300016403
224 6.08900022507
225 6.12799978256
226 6.13399982452
227 6.12799978256
228 6.14799976349
229 6.16599988937
230 6.15899991989
231 6.17299985886
232 6.18200016022
233 6.17999982834
234 6.1939997673
235 6.21400022507
236 6.22700023651
237 6.23099994659
238 6.24100017548
239 6.22900009155
240 6.23699998856
241 6.22200012207
242 6.24399995804
243 6.23099994659
244 6.23099994659
245 6.21700000763
246 6.23799991608
247 6.25299978256
248 6.23600006104
249 6.23099994659
250 6.24499988556
251 6.25
252 6.26900005341
253 6.28100013733
254 6.26399993896
255 6.26499986649
256 6.26599979401
257 6.27299976349
258 6.25400018692
259 6.23000001907
260 6.24900007248
261 6.22499990463
262 6.23600006104
263 6.22499990463
264 6.21899986267
265 6.21700000763
266 6.23099994659
267 6.21600008011
268 6.21199989319
269 6.21899986267
270 6.21000003815
271 6.21500015259
272 6.22200012207
273 6.14400005341
274 5.84700012207
275 5.79300022125
276 5.76599979401
277 5.72900009155
278 5.73000001907
279 5.72300004959
280 5.74100017548
281 5.76499986649
282 5.80200004578
283 5.96199989319
284 6.09600019455
285 6.08900022507
286 6.08599996567
287 6.05100011826
288 6.05000019073
289 6.04699993134
290 6.03599977493
291 6.01900005341
292 5.98500013351
293 5.28000020981
294 5.05200004578
295 5.03599977493
296 5.02500009537
297 5.01200008392
298 5.00699996948
299 5.01300001144
300 5.01700019836
301 5.09700012207
302 5.62200021744
303 5.25199985504
304 5.13199996948
305 5.19899988174
306 5.3029999733
307 5.29300022125
308 5.21999979019
309 5.12400007248
310 5.23799991608
311 5.54600000381
312 5.64400005341
313 5.632999897
314 5.59399986267
315 5.58099985123
316 5.5689997673
317 5.54600000381
318 5.51900005341
319 5.31699991226
320 5.09800004959
321 5.45599985123
322 5.45300006866
323 5.42700004578
324 5.41400003433
325 5.39499998093
326 5.367000103
327 5.34200000763
328 5.29799985886
329 4.382999897
330 4.04899978638
331 4.13500022888
332 4.99399995804
333 5.16300010681
334 5.14799976349
335 5.10799980164
336 5.08799982071
337 5.07399988174
338 5.0529999733
339 5.01900005341
340 4.9470000267
341 4.8189997673
342 4.96299982071
343 4.93699979782
344 4.90600013733
345 4.867000103
346 4.83500003815
347 4.69600009918
348 4.5689997673
349 4.74100017548
350 4.71000003815
351 4.67500019073
352 4.63999986649
353 4.61899995804
354 4.59100008011
355 4.55999994278
356 4.30999994278
357 4.36899995804
358 4.46999979019
359 4.46000003815
360 4.43499994278
361 4.41300010681
362 4.38199996948
363 4.34800004959
364 4.31699991226
365 4.27699995041
366 4.242000103
367 4.22300004959
368 4.1859998703
369 4.12599992752
370 4.1139998436
371 4.08500003815
372 4.03999996185
373 4.01599979401
374 3.992000103
375 3.96700000763
376 3.93899989128
377 3.90000009537
378 3.8900001049
379 3.85100007057
380 3.81900000572
381 3.71199989319
382 3.63000011444
383 3.59100008011
384 3.57299995422
385 3.53699994087
386 3.4960000515
387 3.46199989319
388 3.41799998283
389 3.39499998093
390 3.37800002098
391 3.34699988365
392 3.30200004578
393 3.29600000381
394 3.25699996948
395 3.27099990845
396 3.30999994278
397 3.34100008011
398 3.37199997902
399 3.41100001335
400 3.44499993324
401 3.47099995613
402 3.5150001049
403 3.54200005531
404 3.60400009155
405 3.63000011444
406 3.69400000572
407 3.72900009155
408 3.72799992561
409 3.77900004387
410 3.81599998474
411 3.87700009346
412 3.93799996376
413 3.99300003052
414 4.06199979782
415 4.125
416 4.17899990082
417 4.23400020599
418 4.3189997673
419 4.375
420 4.45499992371
421 4.52400016785
422 4.59700012207
423 4.66900014877
424 4.73199987411
425 4.8060002327
426 4.90700006485
427 5.02199983597
428 5.10900020599
429 5.21099996567
430 5.3109998703
431 5.40999984741
432 5.51000022888
433 5.64099979401
434 5.76300001144
435 5.89200019836
436 6.01800012589
437 6.16699981689
438 6.31699991226
439 6.45200014114
440 6.49700021744
441 6.617000103
442 6.48299980164
443 3.08100008965
444 3.04800009727
445 3.04800009727
446 3.02399992943
447 3.0150001049
448 3.02800011635
449 3.00200009346
450 2.9960000515
451 3.0039999485
452 3.0
453 2.99699997902
454 2.9960000515
455 2.96300005913
456 2.97099995613
457 2.97799992561
458 2.96199989319
459 2.94400000572
460 2.95700001717
461 2.93799996376
462 2.93300008774
463 2.93899989128
464 2.94000005722
465 2.93000006676
466 2.94899988174
467 2.92499995232
468 2.91700005531
469 2.93400001526
470 2.66799998283
471 2.64700007439
472 2.64499998093
473 2.64100003242
474 0.949999988079
475 0.70300000906
476 0.716000020504
477 0.930999994278
478 2.67300009727
479 2.65599989891
480 2.65300011635
481 2.65100002289
482 2.64800000191
483 2.65199995041
484 2.65899991989
485 2.66100001335
486 2.67100000381
487 2.67700004578
488 2.66499996185
489 2.66000008583
490 2.82699990273
491 2.94799995422
492 2.93300008774
493 2.94199991226
494 2.95600008965
495 2.9430000782
496 2.94899988174
497 2.96099996567
498 2.96900010109
499 2.98300004005
500 2.98200011253
501 2.98300004005
502 2.97900009155
503 2.98099994659
504 2.98300004005
505 3.00600004196
506 3.01200008392
507 3.01799988747
508 3.03800010681
509 3.02099990845
510 3.02800011635
511 3.03900003433
512 3.04200005531
513 3.07100009918
514 3.08299994469
515 3.09299993515
516 3.08400011063
517 3.09800004959
518 3.11500000954
519 3.13800001144
520 3.13899993896
521 3.13000011444
522 3.15899991989
523 3.17300009727
524 0.925999999046
525 0.925000011921
526 0.907000005245
527 0.941999971867
528 3.02900004387
529 2.99699997902
530 2.94000005722
531 2.87700009346
532 2.83299994469
533 2.78999996185
534 2.74499988556
535 2.70900011063
536 2.94000005722
537 2.91100001335
538 0.0
539 0.0
540 0.0
