0 4.50299978256
1 4.42700004578
2 4.44500017166
3 4.46700000763
4 4.5110001564
5 4.64400005341
6 4.66800022125
7 4.71199989319
8 4.73299980164
9 4.76200008392
10 4.78800010681
11 4.82299995422
12 4.86100006104
13 4.89599990845
14 4.91900014877
15 4.92700004578
16 4.84200000763
17 4.85099983215
18 4.882999897
19 4.97399997711
20 5.12799978256
21 5.17500019073
22 5.22300004959
23 5.25899982452
24 5.30900001526
25 5.35500001907
26 5.40500020981
27 5.44199991226
28 5.48600006104
29 5.54500007629
30 5.59700012207
31 5.6360001564
32 5.67600011826
33 0.0
34 17.1590003967
35 17.1350002289
36 17.1410007477
37 0.0
38 0.0
39 0.0
40 17.2460002899
41 17.1599998474
42 17.0559997559
43 17.0109996796
44 16.5170001984
45 16.5410003662
46 16.5270004272
47 13.1599998474
48 13.079000473
49 12.3229999542
50 11.9580001831
51 11.5959997177
52 11.5939998627
53 11.6180000305
54 11.625
55 11.357000351
56 10.9890003204
57 10.4560003281
58 10.1180000305
59 8.33199977875
60 8.3360004425
61 8.18500041962
62 7.89799976349
63 7.63199996948
64 7.44099998474
65 7.24300003052
66 7.06300020218
67 6.90100002289
68 6.78999996185
69 6.76599979401
70 6.80399990082
71 6.81500005722
72 6.85200023651
73 6.87400007248
74 6.80100011826
75 6.64400005341
76 6.51300001144
77 6.382999897
78 6.26999998093
79 6.14400005341
80 5.21700000763
81 4.95599985123
82 4.85200023651
83 4.77600002289
84 4.68499994278
85 4.60200023651
86 4.54500007629
87 4.47900009155
88 4.40700006485
89 4.31500005722
90 4.28499984741
91 4.21400022507
92 4.14200019836
93 4.1139998436
94 4.03499984741
95 3.9849998951
96 3.93899989128
97 3.89700007439
98 3.84100008011
99 3.79099988937
100 3.76900005341
101 3.78399991989
102 3.82100009918
103 3.86400008202
104 3.86400008202
105 3.90400004387
106 3.94899988174
107 3.95399999619
108 3.92199993134
109 3.87400007248
110 3.82699990273
111 3.80200004578
112 3.7539999485
113 3.73099994659
114 3.68400001526
115 3.66100001335
116 3.63599991798
117 3.59100008011
118 3.55399990082
119 3.52999997139
120 3.492000103
121 3.46099996567
122 3.44099998474
123 3.42199993134
124 3.38100004196
125 3.38199996948
126 3.42199993134
127 3.45000004768
128 3.48900008202
129 3.53900003433
130 3.57299995422
131 3.60400009155
132 3.6740000248
133 4.00899982452
134 4.04400014877
135 4.09000015259
136 4.10300016403
137 4.132999897
138 4.15799999237
139 4.19199991226
140 4.24700021744
141 4.27799987793
142 4.31699991226
143 4.36199998856
144 4.38800001144
145 4.4310002327
146 4.45200014114
147 4.48999977112
148 4.51200008392
149 4.53499984741
150 4.53700017929
151 4.20900011063
152 4.32100009918
153 4.59299993515
154 3.2460000515
155 3.41199994087
156 4.70800018311
157 4.59899997711
158 4.55000019073
159 4.78499984741
160 4.83500003815
161 4.86499977112
162 4.88500022888
163 4.92000007629
164 4.96799993515
165 4.9889998436
166 5.02899980545
167 5.04400014877
168 3.1210000515
169 3.22000002861
170 3.36599993706
171 4.11299991608
172 4.90299987793
173 4.86299991608
174 4.84899997711
175 4.82700014114
176 4.82399988174
177 4.8220000267
178 4.83799982071
179 4.84600019455
180 4.85900020599
181 4.90000009537
182 4.81699991226
183 5.32899999619
184 5.46899986267
185 5.48600006104
186 5.48299980164
187 5.50500011444
188 4.59600019455
189 4.58500003815
190 5.5609998703
191 5.58199977875
192 3.64199995995
193 3.52300000191
194 4.09899997711
195 4.05000019073
196 5.68800020218
197 5.70800018311
198 5.72599983215
199 5.76200008392
200 5.78100013733
201 5.79899978638
202 5.8060002327
203 5.82800006866
204 5.85099983215
205 5.85900020599
206 5.87099981308
207 5.88500022888
208 5.87799978256
209 5.89799976349
210 5.92299985886
211 5.94500017166
212 5.95699977875
213 5.95100021362
214 5.98500013351
215 5.98699998856
216 6.02699995041
217 6.03800010681
218 6.05399990082
219 6.0720000267
220 6.07299995422
221 6.0689997673
222 6.09399986267
223 6.08900022507
224 6.10699987411
225 6.1139998436
226 6.12699985504
227 6.13000011444
228 6.12599992752
229 6.15000009537
230 6.15500020981
231 6.16400003433
232 6.17199993134
233 6.1970000267
234 6.20599985123
235 6.21799993515
236 6.23600006104
237 6.22300004959
238 6.22399997711
239 6.21299982071
240 6.21899986267
241 6.22800016403
242 6.24100017548
243 6.23500013351
244 6.22599983215
245 6.23000001907
246 6.22200012207
247 6.242000103
248 6.2389998436
249 6.25
250 6.26300001144
251 6.25899982452
252 6.25500011444
253 6.27799987793
254 6.28000020981
255 6.27799987793
256 6.26200008392
257 6.26700019836
258 6.24900007248
259 6.25199985504
260 6.24100017548
261 6.23400020599
262 6.23699998856
263 6.22800016403
264 6.21600008011
265 6.21199989319
266 6.20399999619
267 6.23299980164
268 6.22499990463
269 6.21899986267
270 6.23400020599
271 6.21600008011
272 6.20599985123
273 6.13999986649
274 5.84000015259
275 5.78000020981
276 5.74399995804
277 5.72900009155
278 5.70300006866
279 5.72800016403
280 5.75099992752
281 5.76599979401
282 5.79099988937
283 5.94999980927
284 6.06599998474
285 6.07299995422
286 6.07000017166
287 6.04500007629
288 6.0560002327
289 6.05800008774
290 6.03100013733
291 6.00500011444
292 5.98799991608
293 5.28599977493
294 5.05900001526
295 5.02699995041
296 5.01499986649
297 5.01000022888
298 5.01700019836
299 5.02299976349
300 5.01599979401
301 5.09499979019
302 5.61499977112
303 5.2610001564
304 5.12599992752
305 5.1779999733
306 5.28499984741
307 5.29899978638
308 5.22499990463
309 5.11499977112
310 5.24800014496
311 5.54099988937
312 5.63700008392
313 5.63000011444
314 5.58799982071
315 5.58199977875
316 5.56599998474
317 5.53499984741
318 5.51599979401
319 5.33699989319
320 5.09800004959
321 5.45800018311
322 5.4470000267
323 5.42399978638
324 5.41900014877
325 5.39499998093
326 5.35300016403
327 5.33300018311
328 5.29400014877
329 4.36299991608
330 4.05399990082
331 4.10500001907
332 5.01300001144
333 5.16400003433
334 5.14400005341
335 5.10900020599
336 5.09100008011
337 5.05700016022
338 5.03399991989
339 5.02299976349
340 4.95399999619
341 4.8109998703
342 4.94500017166
343 4.93800020218
344 4.89300012589
345 4.867000103
346 4.83199977875
347 4.69600009918
348 4.56500005722
349 4.73799991608
350 4.71500015259
351 4.67899990082
352 4.64300012589
353 4.60900020599
354 4.58199977875
355 4.54799985886
356 4.3140001297
357 4.36600017548
358 4.49499988556
359 4.45900011063
360 4.44600009918
361 4.41300010681
362 4.36499977112
363 4.35300016403
364 4.29199981689
365 4.27899980545
366 4.23999977112
367 4.21099996567
368 4.15199995041
369 4.14499998093
370 4.10799980164
371 4.07700014114
372 4.05200004578
373 4.00600004196
374 3.9849998951
375 3.96600008011
376 3.9319999218
377 3.90599989891
378 3.875
379 3.86199998856
380 3.80800008774
381 3.69899988174
382 3.63100004196
383 3.60199999809
384 3.55800008774
385 3.51200008392
386 3.49900007248
387 3.46399998665
388 3.4319999218
389 3.38800001144
390 3.37400007248
391 3.33899998665
392 3.29699993134
393 3.28699994087
394 3.25600004196
395 3.24499988556
396 3.29699993134
397 3.33400011063
398 3.34999990463
399 3.41499996185
400 3.44799995422
401 3.46199989319
402 3.5039999485
403 3.55399990082
404 3.60700011253
405 3.63499999046
406 3.69400000572
407 3.72499990463
408 3.74000000954
409 3.79200005531
410 3.81599998474
411 3.87299990654
412 3.93099999428
413 3.98900008202
414 4.0720000267
415 4.11899995804
416 4.17399978638
417 4.24499988556
418 4.30499982834
419 4.36499977112
420 4.43699979782
421 4.51999998093
422 4.59499979019
423 4.67199993134
424 4.71899986267
425 4.8029999733
426 4.90299987793
427 5.01900005341
428 5.11000013351
429 5.21400022507
430 5.3109998703
431 5.42000007629
432 5.53000020981
433 5.64099979401
434 5.7610001564
435 5.87599992752
436 6.01499986649
437 6.16200017929
438 6.3220000267
439 6.48099994659
440 6.47800016403
441 6.617000103
442 6.43300008774
443 3.08999991417
444 3.04299998283
445 3.04399991035
446 3.04699993134
447 3.01399993896
448 3.007999897
449 2.99699997902
450 3.0
451 2.99900007248
452 2.98900008202
453 2.97799992561
454 2.97499990463
455 2.96399998665
456 2.97699999809
457 2.9509999752
458 2.95499992371
459 2.95000004768
460 2.96900010109
461 2.93499994278
462 2.93600010872
463 2.9470000267
464 2.9430000782
465 2.94099998474
466 2.92300009727
467 2.92199993134
468 2.91700005531
469 2.90799999237
470 2.65000009537
471 2.62400007248
472 2.63899993896
473 2.64499998093
474 0.936999976635
475 0.717000007629
476 0.699000000954
477 0.930000007153
478 2.65199995041
479 2.65100002289
480 2.62800002098
481 2.64800000191
482 2.65300011635
483 2.65899991989
484 2.65000009537
485 2.65499997139
486 2.65300011635
487 2.66499996185
488 2.66700005531
489 2.66300010681
490 2.81900000572
491 2.92899990082
492 2.92600011826
493 2.95499992371
494 2.93600010872
495 2.9430000782
496 2.95499992371
497 2.97399997711
498 2.94899988174
499 2.95399999619
500 2.96499991417
501 2.96799993515
502 2.96700000763
503 2.97799992561
504 3.00900006294
505 2.9960000515
506 3.01399993896
507 3.02600002289
508 3.007999897
509 3.03800010681
510 3.04399991035
511 3.03299999237
512 3.04600000381
513 3.05800008774
514 3.08100008965
515 3.08299994469
516 3.07999992371
517 3.09200000763
518 3.11999988556
519 3.11899995804
520 3.13100004196
521 3.13700008392
522 3.15300011635
523 3.16599988937
524 0.917999982834
525 0.898999989033
526 0.903999984264
527 0.940999984741
528 3.04399991035
529 2.98600006104
530 2.91700005531
531 2.88499999046
532 2.83200001717
533 2.76799988747
534 2.74000000954
535 2.71799993515
536 2.95300006866
537 2.94099998474
538 0.0
539 0.0
540 0.0
