0 4.51300001144
1 4.40399980545
2 4.45399999619
3 4.4439997673
4 4.52400016785
5 4.65999984741
6 4.67199993134
7 4.71500015259
8 4.73199987411
9 4.76599979401
10 4.80900001526
11 4.82999992371
12 4.85500001907
13 4.90299987793
14 4.91800022125
15 4.93699979782
16 4.82999992371
17 4.85300016403
18 4.89900016785
19 4.96999979019
20 5.14300012589
21 5.18200016022
22 5.22300004959
23 5.27199983597
24 5.30900001526
25 5.36000013351
26 5.40299987793
27 5.4359998703
28 5.49499988556
29 5.54799985886
30 5.60099983215
31 5.65399980545
32 5.65700006485
33 0.0
34 17.1450004578
35 17.1520004272
36 17.1369991302
37 0.0
38 0.0
39 0.0
40 17.2560005188
41 17.1679992676
42 17.0550003052
43 17.0079994202
44 16.5200004578
45 16.5249996185
46 16.5259990692
47 13.1680002213
48 13.0690002441
49 12.3319997787
50 11.9589996338
51 11.5900001526
52 11.595000267
53 11.6289997101
54 11.6309995651
55 11.3339996338
56 10.9849996567
57 10.4530000687
58 10.1049995422
59 8.33899974823
60 8.34200000763
61 8.20499992371
62 7.91099977493
63 7.63199996948
64 7.45200014114
65 7.24100017548
66 7.06500005722
67 6.90500020981
68 6.78399991989
69 6.78399991989
70 6.79699993134
71 6.82100009918
72 6.84600019455
73 6.87900018692
74 6.78499984741
75 6.63700008392
76 6.50899982452
77 6.38899993896
78 6.25500011444
79 6.15199995041
80 5.21500015259
81 4.96199989319
82 4.86600017548
83 4.76000022888
84 4.68499994278
85 4.60400009155
86 4.53700017929
87 4.46799993515
88 4.41300010681
89 4.32000017166
90 4.26000022888
91 4.1970000267
92 4.16599988937
93 4.10599994659
94 4.03700017929
95 3.97399997711
96 3.92700004578
97 3.89100003242
98 3.83100008965
99 3.79800009727
100 3.75699996948
101 3.77999997139
102 3.80999994278
103 3.85400009155
104 3.87400007248
105 3.90400004387
106 3.9430000782
107 3.96700000763
108 3.92100000381
109 3.88000011444
110 3.84800004959
111 3.79099988937
112 3.7539999485
113 3.72600007057
114 3.68899989128
115 3.65899991989
116 3.62800002098
117 3.59800004959
118 3.56900000572
119 3.53299999237
120 3.5
121 3.46499991417
122 3.43300008774
123 3.41000008583
124 3.39700007439
125 3.39400005341
126 3.43099999428
127 3.45600008965
128 3.48399996758
129 3.53200006485
130 3.56900000572
131 3.60400009155
132 3.66300010681
133 4.02600002289
134 4.07600021362
135 4.10300016403
136 4.12300014496
137 4.132999897
138 4.16400003433
139 4.20699977875
140 4.24300003052
141 4.27299976349
142 4.32399988174
143 4.34499979019
144 4.39200019836
145 4.41699981689
146 4.44299983978
147 4.48099994659
148 4.50600004196
149 4.52400016785
150 4.52799987793
151 4.1939997673
152 4.29099988937
153 4.57000017166
154 3.28200006485
155 3.40899991989
156 4.70900011063
157 4.59700012207
158 4.55399990082
159 4.80100011826
160 4.83900022507
161 4.86499977112
162 4.89300012589
163 4.92700004578
164 4.96799993515
165 4.99499988556
166 5.02199983597
167 5.04600000381
168 3.15899991989
169 3.21600008011
170 3.36999988556
171 4.13199996948
172 4.91699981689
173 4.87900018692
174 4.84999990463
175 4.83199977875
176 4.8109998703
177 4.82299995422
178 4.82600021362
179 4.85500001907
180 4.87099981308
181 4.89300012589
182 4.81500005722
183 5.33199977875
184 5.45300006866
185 5.4889998436
186 5.5
187 5.51499986649
188 4.59700012207
189 4.58900022507
190 5.56199979782
191 5.59499979019
192 3.65000009537
193 3.52900004387
194 4.06599998474
195 4.04300022125
196 5.6970000267
197 5.70599985123
198 5.73400020599
199 5.757999897
200 5.76599979401
201 5.80900001526
202 5.82700014114
203 5.83099985123
204 5.84000015259
205 5.84100008011
206 5.867000103
207 5.88999986649
208 5.89900016785
209 5.89599990845
210 5.92999982834
211 5.92700004578
212 5.95800018311
213 5.95300006866
214 5.98099994659
215 6.0
216 6.02600002289
217 6.04899978638
218 6.04600000381
219 6.07000017166
220 6.07800006866
221 6.0689997673
222 6.09100008011
223 6.09100008011
224 6.10900020599
225 6.09800004959
226 6.12599992752
227 6.1360001564
228 6.14699983597
229 6.14900016785
230 6.15999984741
231 6.16599988937
232 6.18400001526
233 6.19199991226
234 6.19899988174
235 6.22399997711
236 6.21299982071
237 6.22900009155
238 6.22100019455
239 6.22599983215
240 6.21500015259
241 6.21799993515
242 6.23099994659
243 6.22399997711
244 6.21799993515
245 6.24700021744
246 6.23400020599
247 6.22100019455
248 6.23500013351
249 6.23099994659
250 6.24399995804
251 6.26499986649
252 6.28299999237
253 6.27899980545
254 6.28399991989
255 6.27899980545
256 6.27299976349
257 6.257999897
258 6.23400020599
259 6.23199987411
260 6.24700021744
261 6.24100017548
262 6.21500015259
263 6.23000001907
264 6.23600006104
265 6.21799993515
266 6.21299982071
267 6.22300004959
268 6.20900011063
269 6.21000003815
270 6.21700000763
271 6.23099994659
272 6.20499992371
273 6.13899993896
274 5.85200023651
275 5.78399991989
276 5.75400018692
277 5.7389998436
278 5.72599983215
279 5.71799993515
280 5.74900007248
281 5.77600002289
282 5.80499982834
283 5.95300006866
284 6.07899999619
285 6.0689997673
286 6.05100011826
287 6.05000019073
288 6.06599998474
289 6.04699993134
290 6.03299999237
291 6.01000022888
292 6.00400018692
293 5.28800010681
294 5.04300022125
295 5.02199983597
296 5.03299999237
297 5.03299999237
298 5.01499986649
299 5.0110001564
300 5.007999897
301 5.10799980164
302 5.59200000763
303 5.24900007248
304 5.11800003052
305 5.20300006866
306 5.30700016022
307 5.29199981689
308 5.20100021362
309 5.11999988556
310 5.25400018692
311 5.5529999733
312 5.64599990845
313 5.63100004196
314 5.60799980164
315 5.5689997673
316 5.56300020218
317 5.54199981689
318 5.52099990845
319 5.33900022507
320 5.09899997711
321 5.46099996567
322 5.44899988174
323 5.43699979782
324 5.41200017929
325 5.39499998093
326 5.35099983215
327 5.32899999619
328 5.30499982834
329 4.35599994659
330 4.03200006485
331 4.11600017548
332 5.01999998093
333 5.17700004578
334 5.14099979401
335 5.11999988556
336 5.09100008011
337 5.06799983978
338 5.04099988937
339 5.01399993896
340 4.94500017166
341 4.81199979782
342 4.96199989319
343 4.94199991226
344 4.90199995041
345 4.87099981308
346 4.84299993515
347 4.70200014114
348 4.57299995422
349 4.73799991608
350 4.70100021362
351 4.66900014877
352 4.65100002289
353 4.60400009155
354 4.60200023651
355 4.55700016022
356 4.29500007629
357 4.35200023651
358 4.49599981308
359 4.45599985123
360 4.44500017166
361 4.42100000381
362 4.39900016785
363 4.367000103
364 4.31599998474
365 4.28200006485
366 4.22300004959
367 4.22399997711
368 4.16599988937
369 4.14300012589
370 4.09399986267
371 4.08799982071
372 4.05399990082
373 4.0110001564
374 3.99300003052
375 3.96399998665
376 3.91499996185
377 3.90000009537
378 3.86199998856
379 3.84800004959
380 3.82500004768
381 3.72399997711
382 3.6289999485
383 3.58999991417
384 3.56699991226
385 3.52300000191
386 3.49900007248
387 3.44899988174
388 3.43000006676
389 3.38199996948
390 3.36199998856
391 3.34400010109
392 3.30999994278
393 3.27600002289
394 3.26799988747
395 3.26300001144
396 3.28999996185
397 3.3220000267
398 3.35400009155
399 3.40499997139
400 3.44099998474
401 3.47300004959
402 3.51699995995
403 3.54399991035
404 3.58899998665
405 3.62800002098
406 3.67700004578
407 3.72900009155
408 3.7460000515
409 3.78200006485
410 3.82999992371
411 3.88400006294
412 3.93899989128
413 3.97900009155
414 4.05499982834
415 4.12300014496
416 4.17899990082
417 4.25099992752
418 4.30000019073
419 4.38800001144
420 4.44899988174
421 4.507999897
422 4.58799982071
423 4.65700006485
424 4.73299980164
425 4.81199979782
426 4.91900014877
427 5.00600004196
428 5.11999988556
429 5.22399997711
430 5.31500005722
431 5.42299985886
432 5.52099990845
433 5.63199996948
434 5.77299976349
435 5.87699985504
436 6.03399991989
437 6.16200017929
438 6.31500005722
439 6.48199987411
440 6.49499988556
441 6.60099983215
442 6.44999980927
443 3.08999991417
444 3.04500007629
445 3.02800011635
446 3.02999997139
447 3.02300000191
448 3.01200008392
449 3.00699996948
450 2.99799990654
451 3.00200009346
452 2.98900008202
453 2.97600007057
454 2.98600006104
455 2.97699999809
456 2.96399998665
457 2.97300004959
458 2.95300006866
459 2.95399999619
460 2.97000002861
461 2.94400000572
462 2.93300008774
463 2.93000006676
464 2.95000004768
465 2.93799996376
466 2.93899989128
467 2.92899990082
468 2.92899990082
469 2.92199993134
470 2.69499993324
471 2.65899991989
472 2.63899993896
473 2.65199995041
474 0.954999983311
475 0.700999975204
476 0.704999983311
477 0.930000007153
478 2.65199995041
479 2.65799999237
480 2.64599990845
481 2.64800000191
482 2.65000009537
483 2.65700006485
484 2.63899993896
485 2.64299988747
486 2.66599988937
487 2.66799998283
488 2.68499994278
489 2.6779999733
490 2.82100009918
491 2.93000006676
492 2.95300006866
493 2.92700004578
494 2.93799996376
495 2.94499993324
496 2.9430000782
497 2.95799994469
498 2.95000004768
499 2.96799993515
500 2.98900008202
501 2.99300003052
502 2.992000103
503 2.97600007057
504 2.9960000515
505 2.98799991608
506 3.02099990845
507 3.0
508 3.02399992943
509 3.04699993134
510 3.03099989891
511 3.05100011826
512 3.04999995232
513 3.05900001526
514 3.08200001717
515 3.09400010109
516 3.09999990463
517 3.09200000763
518 3.11299991608
519 3.12299990654
520 3.14299988747
521 3.14199995995
522 3.16000008583
523 3.17600011826
524 0.934000015259
525 0.920000016689
526 0.920000016689
527 0.950999975204
528 3.03399991989
529 2.99099993706
530 2.9240000248
531 2.86999988556
532 2.83599996567
533 2.77800011635
534 2.75
535 2.70900011063
536 2.96499991417
537 2.91599988937
538 0.0
539 0.0
540 0.0
