0 4.50400018692
1 4.43499994278
2 4.44600009918
3 4.47399997711
4 4.53700017929
5 4.65299987793
6 4.67600011826
7 4.70300006866
8 4.74499988556
9 4.76700019836
10 4.78499984741
11 4.83500003815
12 4.86800003052
13 4.89200019836
14 4.92999982834
15 4.94799995422
16 4.83500003815
17 4.84899997711
18 4.8860001564
19 4.96500015259
20 5.15100002289
21 5.1859998703
22 5.23299980164
23 5.27199983597
24 5.3060002327
25 5.36199998856
26 5.41699981689
27 5.45599985123
28 5.49800014496
29 5.55900001526
30 5.59600019455
31 5.64599990845
32 5.65799999237
33 0.0
34 17.1700000763
35 17.1439990997
36 17.1509990692
37 0.0
38 0.0
39 0.0
40 17.2530002594
41 17.1609992981
42 17.0750007629
43 17.0
44 16.5270004272
45 16.5340003967
46 16.517999649
47 13.170999527
48 13.0869998932
49 12.3319997787
50 11.9510002136
51 11.5909996033
52 11.6000003815
53 11.6339998245
54 11.6260004044
55 11.3509998322
56 11.0220003128
57 10.4530000687
58 10.1140003204
59 8.32900047302
60 8.34500026703
61 8.20800018311
62 7.92299985886
63 7.63700008392
64 7.45200014114
65 7.24900007248
66 7.05399990082
67 6.89200019836
68 6.78800010681
69 6.78599977493
70 6.81599998474
71 6.82600021362
72 6.85400009155
73 6.87699985504
74 6.80100011826
75 6.64200019836
76 6.51800012589
77 6.38899993896
78 6.26499986649
79 6.15100002289
80 5.23600006104
81 4.97700023651
82 4.86299991608
83 4.77600002289
84 4.67899990082
85 4.60200023651
86 4.53100013733
87 4.48199987411
88 4.39300012589
89 4.33599996567
90 4.28499984741
91 4.22499990463
92 4.15100002289
93 4.1139998436
94 4.02199983597
95 3.98200011253
96 3.93300008774
97 3.89800000191
98 3.83800005913
99 3.81900000572
100 3.77699995041
101 3.79600000381
102 3.8180000782
103 3.85899996758
104 3.88400006294
105 3.90300011635
106 3.92899990082
107 3.94799995422
108 3.9319999218
109 3.86599993706
110 3.85500001907
111 3.80399990082
112 3.76900005341
113 3.73600006104
114 3.69600009918
115 3.64599990845
116 3.625
117 3.59500002861
118 3.54600000381
119 3.53999996185
120 3.50500011444
121 3.46199989319
122 3.44099998474
123 3.42600011826
124 3.41000008583
125 3.3900001049
126 3.4279999733
127 3.44799995422
128 3.5
129 3.53500008583
130 3.57999992371
131 3.60500001907
132 3.68799996376
133 4.00899982452
134 4.05999994278
135 4.07700014114
136 4.10400009155
137 4.14599990845
138 4.18400001526
139 4.21099996567
140 4.25099992752
141 4.29500007629
142 4.30499982834
143 4.32700014114
144 4.37599992752
145 4.4279999733
146 4.46400022507
147 4.48799991608
148 4.49700021744
149 4.54199981689
150 4.55100011826
151 4.18499994278
152 4.29300022125
153 4.60599994659
154 3.28099989891
155 3.40899991989
156 4.71799993515
157 4.59000015259
158 4.56500005722
159 4.79899978638
160 4.83099985123
161 4.86000013351
162 4.89699983597
163 4.92500019073
164 4.96400022507
165 4.99900007248
166 5.01200008392
167 5.03399991989
168 3.17600011826
169 3.22199988365
170 3.3789999485
171 4.09899997711
172 4.92399978638
173 4.87900018692
174 4.85300016403
175 4.84600019455
176 4.83599996567
177 4.81199979782
178 4.82700014114
179 4.83400011063
180 4.87099981308
181 4.90299987793
182 4.80800008774
183 5.32899999619
184 5.45100021362
185 5.47700023651
186 5.50500011444
187 5.52199983597
188 4.60300016403
189 4.57899999619
190 5.56599998474
191 5.60099983215
192 3.64299988747
193 3.52500009537
194 4.06799983978
195 4.04600000381
196 5.69299983978
197 5.72200012207
198 5.73400020599
199 5.76300001144
200 5.78999996185
201 5.81500005722
202 5.82499980927
203 5.84899997711
204 5.85699987411
205 5.86499977112
206 5.86800003052
207 5.87900018692
208 5.89400005341
209 5.90399980545
210 5.91499996185
211 5.93499994278
212 5.95499992371
213 5.97399997711
214 5.99399995804
215 6.00199985504
216 6.02899980545
217 6.03100013733
218 6.04600000381
219 6.05999994278
220 6.06500005722
221 6.08799982071
222 6.07899999619
223 6.09800004959
224 6.11000013351
225 6.09999990463
226 6.11499977112
227 6.10900020599
228 6.12900018692
229 6.13800001144
230 6.15999984741
231 6.16900014877
232 6.18800020218
233 6.18699979782
234 6.20699977875
235 6.20100021362
236 6.22599983215
237 6.23299980164
238 6.22499990463
239 6.22399997711
240 6.22900009155
241 6.24300003052
242 6.24100017548
243 6.22599983215
244 6.22399997711
245 6.23699998856
246 6.22900009155
247 6.23000001907
248 6.25099992752
249 6.25
250 6.23400020599
251 6.26900005341
252 6.26999998093
253 6.27600002289
254 6.25899982452
255 6.25699996948
256 6.257999897
257 6.26200008392
258 6.23699998856
259 6.25600004196
260 6.25199985504
261 6.22700023651
262 6.242000103
263 6.22800016403
264 6.23000001907
265 6.21600008011
266 6.22200012207
267 6.21700000763
268 6.21899986267
269 6.23699998856
270 6.22599983215
271 6.20699977875
272 6.21500015259
273 6.11600017548
274 5.83900022507
275 5.77099990845
276 5.75099992752
277 5.73299980164
278 5.72900009155
279 5.72599983215
280 5.75199985504
281 5.77299976349
282 5.8060002327
283 5.96999979019
284 6.07299995422
285 6.06699991226
286 6.07399988174
287 6.07000017166
288 6.0640001297
289 6.04799985886
290 6.03399991989
291 6.01000022888
292 5.992000103
293 5.30000019073
294 5.05200004578
295 5.03100013733
296 5.03999996185
297 5.03100013733
298 5.00899982452
299 5.01700019836
300 5.01300001144
301 5.08900022507
302 5.64499998093
303 5.25400018692
304 5.13899993896
305 5.1939997673
306 5.30399990082
307 5.30000019073
308 5.21600008011
309 5.125
310 5.24300003052
311 5.55100011826
312 5.6360001564
313 5.61999988556
314 5.60799980164
315 5.58500003815
316 5.5689997673
317 5.53599977493
318 5.51700019836
319 5.35200023651
320 5.09899997711
321 5.46799993515
322 5.43800020218
323 5.4310002327
324 5.42500019073
325 5.39799976349
326 5.35699987411
327 5.33099985123
328 5.29799985886
329 4.37099981308
330 4.04600000381
331 4.11299991608
332 5.01399993896
333 5.16499996185
334 5.13899993896
335 5.1139998436
336 5.09000015259
337 5.07100009918
338 5.04500007629
339 5.02699995041
340 4.95599985123
341 4.82399988174
342 4.96899986267
343 4.93699979782
344 4.90500020981
345 4.87300014496
346 4.83300018311
347 4.70800018311
348 4.55800008774
349 4.7389998436
350 4.70200014114
351 4.66599988937
352 4.65600013733
353 4.6139998436
354 4.58599996567
355 4.57000017166
356 4.32600021362
357 4.36100006104
358 4.48799991608
359 4.47599983215
360 4.45100021362
361 4.41800022125
362 4.38199996948
363 4.36000013351
364 4.30700016022
365 4.26200008392
366 4.23699998856
367 4.20900011063
368 4.18499994278
369 4.15199995041
370 4.12900018692
371 4.07899999619
372 4.03999996185
373 4.0110001564
374 3.99900007248
375 3.95199990273
376 3.92899990082
377 3.90199995041
378 3.87700009346
379 3.8599998951
380 3.81500005722
381 3.72499990463
382 3.63899993896
383 3.58599996567
384 3.5529999733
385 3.53200006485
386 3.49799990654
387 3.47099995613
388 3.43099999428
389 3.40400004387
390 3.36400008202
391 3.34999990463
392 3.3180000782
393 3.27900004387
394 3.26900005341
395 3.25999999046
396 3.30399990082
397 3.34100008011
398 3.3710000515
399 3.39899992943
400 3.44400000572
401 3.47900009155
402 3.51799988747
403 3.55999994278
404 3.60299992561
405 3.64700007439
406 3.68499994278
407 3.72600007057
408 3.73699998856
409 3.78299999237
410 3.8180000782
411 3.87199997902
412 3.94899988174
413 4.01000022888
414 4.0640001297
415 4.13399982452
416 4.1859998703
417 4.2389998436
418 4.29199981689
419 4.35400009155
420 4.4470000267
421 4.5
422 4.59800004959
423 4.66400003433
424 4.73600006104
425 4.80100011826
426 4.90500020981
427 5.0110001564
428 5.1139998436
429 5.21600008011
430 5.32100009918
431 5.40600013733
432 5.52299976349
433 5.63800001144
434 5.75500011444
435 5.87900018692
436 6.00400018692
437 6.15399980545
438 6.3189997673
439 6.48099994659
440 6.51300001144
441 6.60900020599
442 6.4470000267
443 3.07899999619
444 3.04600000381
445 3.03900003433
446 3.03299999237
447 3.02300000191
448 3.01300001144
449 3.02200007439
450 3.007999897
451 3.00500011444
452 2.9849998951
453 2.99300003052
454 2.97099995613
455 2.97000002861
456 2.96499991417
457 2.97499990463
458 2.95000004768
459 2.95799994469
460 2.96900010109
461 2.94099998474
462 2.94499993324
463 2.9319999218
464 2.94899988174
465 2.93400001526
466 2.93600010872
467 2.91199994087
468 2.91499996185
469 2.91799998283
470 2.66499996185
471 2.64700007439
472 2.64599990845
473 2.63700008392
474 0.958000004292
475 0.717000007629
476 0.722000002861
477 0.929000020027
478 2.65799999237
479 2.62800002098
480 2.63899993896
481 2.63000011444
482 2.66000008583
483 2.65400004387
484 2.66499996185
485 2.66799998283
486 2.66300010681
487 2.67499995232
488 2.67000007629
489 2.67600011826
490 2.82399988174
491 2.93300008774
492 2.93499994278
493 2.95399999619
494 2.95399999619
495 2.94099998474
496 2.95600008965
497 2.96300005913
498 2.98600006104
499 2.97799992561
500 2.96799993515
501 2.98900008202
502 2.9960000515
503 3.0
504 2.992000103
505 2.99499988556
506 3.02099990845
507 3.0150001049
508 3.03399991989
509 3.03900003433
510 3.03200006485
511 3.05999994278
512 3.0680000782
513 3.06699991226
514 3.09299993515
515 3.09599995613
516 3.09200000763
517 3.11500000954
518 3.12299990654
519 3.11500000954
520 3.14299988747
521 3.15300011635
522 3.14599990845
523 3.15599989891
524 0.939999997616
525 0.915000021458
526 0.916000008583
527 0.935000002384
528 3.04200005531
529 2.97399997711
530 2.93700003624
531 2.88400006294
532 2.83500003815
533 2.79500007629
534 2.74699997902
535 2.71000003815
536 2.95799994469
537 2.92499995232
538 0.0
539 0.0
540 0.0
