0 4.49399995804
1 4.43300008774
2 4.44799995422
3 4.46400022507
4 4.53200006485
5 4.64900016785
6 4.67199993134
7 4.70599985123
8 4.73600006104
9 4.77299976349
10 4.79199981689
11 4.84000015259
12 4.86000013351
13 4.89599990845
14 4.93300008774
15 4.9359998703
16 4.82700014114
17 4.85400009155
18 4.8860001564
19 4.96000003815
20 5.14099979401
21 5.1890001297
22 5.22900009155
23 5.26800012589
24 5.30700016022
25 5.35799980164
26 5.40500020981
27 5.4470000267
28 5.50199985504
29 5.54099988937
30 5.60200023651
31 5.63899993896
32 5.67000007629
33 0.0
34 17.1550006866
35 17.1490001678
36 17.1520004272
37 0.0
38 0.0
39 0.0
40 17.2220001221
41 17.158000946
42 17.0690002441
43 17.0170001984
44 16.5170001984
45 16.5450000763
46 16.5359992981
47 13.1759996414
48 13.0819997787
49 12.3330001831
50 11.9370002747
51 11.5819997787
52 11.6129999161
53 11.6359996796
54 11.625
55 11.3579998016
56 10.9969997406
57 10.4670000076
58 10.1169996262
59 8.31200027466
60 8.34000015259
61 8.20600032806
62 7.92100000381
63 7.62799978256
64 7.44899988174
65 7.24900007248
66 7.0560002327
67 6.89300012589
68 6.78900003433
69 6.78599977493
70 6.80499982834
71 6.82499980927
72 6.86199998856
73 6.86100006104
74 6.78499984741
75 6.632999897
76 6.51000022888
77 6.40299987793
78 6.28200006485
79 6.14900016785
80 5.23099994659
81 4.97599983215
82 4.86499977112
83 4.76999998093
84 4.67700004578
85 4.58400011063
86 4.53999996185
87 4.46999979019
88 4.40199995041
89 4.34499979019
90 4.27699995041
91 4.19799995422
92 4.16599988937
93 4.09000015259
94 4.03800010681
95 3.97499990463
96 3.93799996376
97 3.88400006294
98 3.83200001717
99 3.79099988937
100 3.78500008583
101 3.79600000381
102 3.82699990273
103 3.84100008011
104 3.87800002098
105 3.89499998093
106 3.93499994278
107 3.95900011063
108 3.93600010872
109 3.867000103
110 3.83699989319
111 3.80100011826
112 3.76099991798
113 3.72600007057
114 3.70300006866
115 3.65899991989
116 3.61400008202
117 3.57999992371
118 3.5569999218
119 3.53800010681
120 3.48799991608
121 3.45799994469
122 3.4470000267
123 3.39899992943
124 3.40899991989
125 3.3789999485
126 3.42700004578
127 3.4430000782
128 3.48099994659
129 3.54500007629
130 3.57100009918
131 3.6210000515
132 3.6740000248
133 4.01900005341
134 4.0689997673
135 4.10200023651
136 4.125
137 4.16400003433
138 4.18400001526
139 4.21799993515
140 4.25400018692
141 4.27500009537
142 4.29300022125
143 4.36000013351
144 4.37300014496
145 4.40399980545
146 4.47399997711
147 4.49499988556
148 4.52099990845
149 4.54199981689
150 4.54199981689
151 4.1810002327
152 4.3220000267
153 4.57899999619
154 3.26399993896
155 3.41400003433
156 4.71099996567
157 4.59499979019
158 4.56500005722
159 4.80000019073
160 4.82499980927
161 4.85500001907
162 4.89200019836
163 4.93200016022
164 4.95800018311
165 5.0
166 5.01399993896
167 5.03599977493
168 3.15799999237
169 3.20900011063
170 3.37400007248
171 4.09899997711
172 4.91099977493
173 4.88100004196
174 4.86100006104
175 4.84399986267
176 4.8189997673
177 4.82899999619
178 4.82399988174
179 4.85300016403
180 4.86999988556
181 4.90100002289
182 4.81799983978
183 5.31500005722
184 5.45399999619
185 5.48799991608
186 5.5
187 5.51399993896
188 4.60599994659
189 4.57100009918
190 5.5609998703
191 5.59000015259
192 3.63700008392
193 3.5150001049
194 4.07100009918
195 4.0609998703
196 5.70399999619
197 5.70499992371
198 5.72599983215
199 5.75400018692
200 5.77699995041
201 5.79099988937
202 5.82299995422
203 5.83599996567
204 5.84899997711
205 5.84200000763
206 5.88399982452
207 5.88100004196
208 5.89099979401
209 5.90899991989
210 5.92899990082
211 5.93400001526
212 5.96099996567
213 5.95599985123
214 5.99399995804
215 6.00899982452
216 6.01999998093
217 6.02400016785
218 6.03399991989
219 6.06199979782
220 6.07800006866
221 6.08500003815
222 6.09499979019
223 6.09700012207
224 6.08900022507
225 6.10699987411
226 6.10699987411
227 6.1139998436
228 6.12799978256
229 6.14799976349
230 6.16599988937
231 6.17399978638
232 6.17999982834
233 6.19199991226
234 6.19099998474
235 6.20800018311
236 6.21999979019
237 6.23500013351
238 6.21899986267
239 6.23299980164
240 6.21799993515
241 6.23600006104
242 6.22700023651
243 6.22399997711
244 6.22700023651
245 6.22800016403
246 6.24700021744
247 6.23199987411
248 6.23400020599
249 6.23799991608
250 6.25299978256
251 6.257999897
252 6.26499986649
253 6.25699996948
254 6.26999998093
255 6.257999897
256 6.24599981308
257 6.257999897
258 6.257999897
259 6.23299980164
260 6.25099992752
261 6.24100017548
262 6.22100019455
263 6.23799991608
264 6.22900009155
265 6.21799993515
266 6.21299982071
267 6.21400022507
268 6.19299983978
269 6.23099994659
270 6.23099994659
271 6.20399999619
272 6.21999979019
273 6.1360001564
274 5.83099985123
275 5.77899980545
276 5.76000022888
277 5.73999977112
278 5.72100019455
279 5.73299980164
280 5.74100017548
281 5.75500011444
282 5.80499982834
283 5.93400001526
284 6.08400011063
285 6.07600021362
286 6.07700014114
287 6.07299995422
288 6.06300020218
289 6.04600000381
290 6.03299999237
291 6.00099992752
292 6.0
293 5.29600000381
294 5.04799985886
295 5.02500009537
296 5.01900005341
297 5.02099990845
298 5.03200006485
299 5.01399993896
300 5.00400018692
301 5.10699987411
302 5.64599990845
303 5.24800014496
304 5.13500022888
305 5.19600009918
306 5.3060002327
307 5.29899978638
308 5.21700000763
309 5.13500022888
310 5.24300003052
311 5.52899980545
312 5.63999986649
313 5.63999986649
314 5.60300016403
315 5.58500003815
316 5.56699991226
317 5.5560002327
318 5.51999998093
319 5.33599996567
320 5.1139998436
321 5.44099998474
322 5.45100021362
323 5.43800020218
324 5.42500019073
325 5.38999986649
326 5.36100006104
327 5.33400011063
328 5.29699993134
329 4.36999988556
330 4.03999996185
331 4.11100006104
332 5.0110001564
333 5.16800022125
334 5.1360001564
335 5.11299991608
336 5.08500003815
337 5.07499980927
338 5.04699993134
339 5.03399991989
340 4.94999980927
341 4.80800008774
342 4.96000003815
343 4.9359998703
344 4.90999984741
345 4.87200021744
346 4.82700014114
347 4.70100021362
348 4.56599998474
349 4.742000103
350 4.69799995422
351 4.67000007629
352 4.62799978256
353 4.62099981308
354 4.59200000763
355 4.5609998703
356 4.31500005722
357 4.36600017548
358 4.49800014496
359 4.46999979019
360 4.43699979782
361 4.41200017929
362 4.39599990845
363 4.34299993515
364 4.3029999733
365 4.29199981689
366 4.24399995804
367 4.19299983978
368 4.18400001526
369 4.15000009537
370 4.12099981308
371 4.08599996567
372 4.05800008774
373 4.00199985504
374 3.98600006104
375 3.95000004768
376 3.9240000248
377 3.89400005341
378 3.882999897
379 3.83500003815
380 3.83800005913
381 3.72099995613
382 3.62299990654
383 3.58699989319
384 3.56699991226
385 3.52900004387
386 3.48900008202
387 3.46399998665
388 3.41300010681
389 3.39299988747
390 3.37599992752
391 3.34400010109
392 3.30100011826
393 3.26999998093
394 3.26699995995
395 3.27200007439
396 3.30800008774
397 3.33999991417
398 3.3599998951
399 3.40899991989
400 3.44499993324
401 3.46799993515
402 3.507999897
403 3.55399990082
404 3.61100006104
405 3.63700008392
406 3.69000005722
407 3.72799992561
408 3.74300003052
409 3.79299998283
410 3.83400011063
411 3.87400007248
412 3.92700004578
413 4.0
414 4.07499980927
415 4.11600017548
416 4.17500019073
417 4.23000001907
418 4.30000019073
419 4.3639998436
420 4.4470000267
421 4.492000103
422 4.59299993515
423 4.66699981689
424 4.73299980164
425 4.80399990082
426 4.91800022125
427 5.01999998093
428 5.10699987411
429 5.20900011063
430 5.31799983978
431 5.41699981689
432 5.51800012589
433 5.64499998093
434 5.78299999237
435 5.875
436 6.01800012589
437 6.15799999237
438 6.3140001297
439 6.48000001907
440 6.50400018692
441 6.59899997711
442 6.46199989319
443 3.06900000572
444 3.04299998283
445 3.0529999733
446 3.02300000191
447 3.03800010681
448 3.01799988747
449 3.00500011444
450 3.01399993896
451 2.99300003052
452 3.0
453 2.98600006104
454 2.97600007057
455 2.98600006104
456 2.96399998665
457 2.95799994469
458 2.97199988365
459 2.9509999752
460 2.94499993324
461 2.95600008965
462 2.92600011826
463 2.93700003624
464 2.93799996376
465 2.95199990273
466 2.92300009727
467 2.91799998283
468 2.93600010872
469 2.91599988937
470 2.67700004578
471 2.65100002289
472 2.65899991989
473 2.64800000191
474 0.953999996185
475 0.72000002861
476 0.698000013828
477 0.931999981403
478 2.65799999237
479 2.64299988747
480 2.63800001144
481 2.64899992943
482 2.65000009537
483 2.65799999237
484 2.66700005531
485 2.66300010681
486 2.66199994087
487 2.66400003433
488 2.66499996185
489 2.67199993134
490 2.82299995422
491 2.92700004578
492 2.94899988174
493 2.95499992371
494 2.93600010872
495 2.94099998474
496 2.96900010109
497 2.95499992371
498 2.97300004959
499 2.96300005913
500 2.97099995613
501 2.97499990463
502 2.97499990463
503 2.99900007248
504 2.9849998951
505 3.00699996948
506 3.01999998093
507 3.02699995041
508 3.02099990845
509 3.02300000191
510 3.03999996185
511 3.04399991035
512 3.05999994278
513 3.05900001526
514 3.08200001717
515 3.08500003815
516 3.09899997711
517 3.11299991608
518 3.10100007057
519 3.11999988556
520 3.14599990845
521 3.14499998093
522 3.14299988747
523 3.16499996185
524 0.931999981403
525 0.926999986172
526 0.917999982834
527 0.941999971867
528 3.03999996185
529 2.9849998951
530 2.9430000782
531 2.8900001049
532 2.82800006866
533 2.78699994087
534 2.73600006104
535 2.72399997711
536 2.96199989319
537 2.90700006485
538 0.0
539 0.0
540 0.0
