0 4.50400018692
1 4.44199991226
2 4.42999982834
3 4.4390001297
4 4.53900003433
5 4.63899993896
6 4.67500019073
7 4.70900011063
8 4.72300004959
9 4.75699996948
10 4.80900001526
11 4.83199977875
12 4.84899997711
13 4.88000011444
14 4.91499996185
15 4.92299985886
16 4.84299993515
17 4.84999990463
18 4.88500022888
19 4.96000003815
20 5.13399982452
21 5.17999982834
22 5.21799993515
23 5.27199983597
24 5.30900001526
25 5.36100006104
26 5.38500022888
27 5.43499994278
28 5.5
29 5.54799985886
30 5.59899997711
31 5.632999897
32 5.65899991989
33 0.0
34 17.1410007477
35 17.1259994507
36 17.1329994202
37 0.0
38 0.0
39 0.0
40 17.2259998322
41 17.1550006866
42 17.0599994659
43 17.0109996796
44 16.513999939
45 16.545999527
46 16.5219993591
47 13.1540002823
48 13.0659999847
49 12.3179998398
50 11.9329996109
51 11.579000473
52 11.5880002975
53 11.6210002899
54 11.623000145
55 11.3420000076
56 10.9879999161
57 10.4569997787
58 10.1079998016
59 8.33800029755
60 8.33399963379
61 8.19499969482
62 7.89699983597
63 7.62599992752
64 7.44000005722
65 7.22900009155
66 7.07000017166
67 6.88999986649
68 6.78200006485
69 6.76499986649
70 6.80000019073
71 6.82000017166
72 6.85200023651
73 6.88100004196
74 6.78900003433
75 6.63500022888
76 6.50099992752
77 6.38000011444
78 6.27799987793
79 6.14300012589
80 5.2389998436
81 4.95800018311
82 4.85099983215
83 4.77500009537
84 4.68499994278
85 4.60200023651
86 4.52400016785
87 4.47800016403
88 4.40999984741
89 4.30700016022
90 4.25099992752
91 4.20599985123
92 4.15799999237
93 4.10300016403
94 4.03800010681
95 3.9849998951
96 3.93899989128
97 3.89199995995
98 3.83699989319
99 3.79600000381
100 3.77099990845
101 3.76900005341
102 3.81200003624
103 3.82999992371
104 3.86999988556
105 3.88899993896
106 3.95399999619
107 3.95499992371
108 3.91199994087
109 3.87599992752
110 3.82899999619
111 3.80999994278
112 3.75600004196
113 3.72699999809
114 3.68899989128
115 3.64499998093
116 3.625
117 3.58299994469
118 3.56599998474
119 3.52500009537
120 3.50099992752
121 3.45399999619
122 3.44799995422
123 3.41599988937
124 3.39899992943
125 3.38700008392
126 3.42499995232
127 3.44799995422
128 3.49000000954
129 3.5150001049
130 3.54999995232
131 3.6099998951
132 3.67000007629
133 4.03800010681
134 4.05100011826
135 4.09899997711
136 4.11100006104
137 4.13100004196
138 4.16499996185
139 4.1939997673
140 4.26000022888
141 4.27699995041
142 4.29600000381
143 4.35200023651
144 4.39099979401
145 4.41400003433
146 4.44500017166
147 4.47200012207
148 4.50500011444
149 4.52699995041
150 4.5529999733
151 4.18400001526
152 4.3189997673
153 4.53599977493
154 3.27200007439
155 3.41300010681
156 4.69899988174
157 4.59600019455
158 4.57000017166
159 4.80200004578
160 4.82499980927
161 4.86299991608
162 4.90399980545
163 4.9310002327
164 4.95300006866
165 4.98699998856
166 5.01200008392
167 5.04099988937
168 3.117000103
169 3.22099995613
170 3.3599998951
171 4.12900018692
172 4.91300010681
173 4.87400007248
174 4.84800004959
175 4.82499980927
176 4.81199979782
177 4.82800006866
178 4.83400011063
179 4.84299993515
180 4.86199998856
181 4.89200019836
182 4.80700016022
183 5.32999992371
184 5.46799993515
185 5.47700023651
186 5.49399995804
187 5.4889998436
188 4.59800004959
189 4.57600021362
190 5.56300020218
191 5.60400009155
192 3.63400006294
193 3.52999997139
194 4.05700016022
195 4.03200006485
196 5.68400001526
197 5.69099998474
198 5.73600006104
199 5.75199985504
200 5.79099988937
201 5.79199981689
202 5.82999992371
203 5.82000017166
204 5.84700012207
205 5.85699987411
206 5.86600017548
207 5.88700008392
208 5.89200019836
209 5.90000009537
210 5.91400003433
211 5.92600011826
212 5.94999980927
213 5.96700000763
214 5.98400020599
215 5.99599981308
216 6.02899980545
217 6.03200006485
218 6.05700016022
219 6.05499982834
220 6.05700016022
221 6.06199979782
222 6.08300018311
223 6.08400011063
224 6.10699987411
225 6.11299991608
226 6.12200021744
227 6.125
228 6.12200021744
229 6.14400005341
230 6.13999986649
231 6.14300012589
232 6.17399978638
233 6.17999982834
234 6.19199991226
235 6.21899986267
236 6.22599983215
237 6.22599983215
238 6.21700000763
239 6.22100019455
240 6.22599983215
241 6.21899986267
242 6.20599985123
243 6.22200012207
244 6.22399997711
245 6.25
246 6.23000001907
247 6.22100019455
248 6.22200012207
249 6.24100017548
250 6.25099992752
251 6.26800012589
252 6.25699996948
253 6.27400016785
254 6.28299999237
255 6.25899982452
256 6.26700019836
257 6.23999977112
258 6.2389998436
259 6.23299980164
260 6.24499988556
261 6.22900009155
262 6.23699998856
263 6.23500013351
264 6.22700023651
265 6.20200014114
266 6.1939997673
267 6.20200014114
268 6.21199989319
269 6.20699977875
270 6.20699977875
271 6.21899986267
272 6.21799993515
273 6.12699985504
274 5.8220000267
275 5.77699995041
276 5.75500011444
277 5.73299980164
278 5.70699977875
279 5.71199989319
280 5.74100017548
281 5.76700019836
282 5.8189997673
283 5.9470000267
284 6.07700014114
285 6.08300018311
286 6.05700016022
287 6.05700016022
288 6.06199979782
289 6.05200004578
290 6.03100013733
291 6.01300001144
292 6.0
293 5.29699993134
294 5.04099988937
295 5.03399991989
296 5.03499984741
297 5.01499986649
298 5.0110001564
299 5.01599979401
300 5.02099990845
301 5.09100008011
302 5.62599992752
303 5.25899982452
304 5.12300014496
305 5.19099998474
306 5.29600000381
307 5.28100013733
308 5.21799993515
309 5.12699985504
310 5.24399995804
311 5.53100013733
312 5.63800001144
313 5.62400007248
314 5.60400009155
315 5.56599998474
316 5.55000019073
317 5.54899978638
318 5.53000020981
319 5.30100011826
320 5.08599996567
321 5.46099996567
322 5.44799995422
323 5.42000007629
324 5.39599990845
325 5.39300012589
326 5.36000013351
327 5.32800006866
328 5.29799985886
329 4.38199996948
330 4.04500007629
331 4.10400009155
332 5.02400016785
333 5.16900014877
334 5.13800001144
335 5.1139998436
336 5.08400011063
337 5.06500005722
338 5.03900003433
339 5.02099990845
340 4.94799995422
341 4.8029999733
342 4.96400022507
343 4.94500017166
344 4.90500020981
345 4.867000103
346 4.82399988174
347 4.68300008774
348 4.54400014877
349 4.72599983215
350 4.69500017166
351 4.67700004578
352 4.62099981308
353 4.61100006104
354 4.58400011063
355 4.55399990082
356 4.30700016022
357 4.36499977112
358 4.46400022507
359 4.46099996567
360 4.43300008774
361 4.40000009537
362 4.39699983597
363 4.36100006104
364 4.32600021362
365 4.26200008392
366 4.22800016403
367 4.21000003815
368 4.16900014877
369 4.14699983597
370 4.09899997711
371 4.06300020218
372 4.04699993134
373 4.02600002289
374 3.98900008202
375 3.94600009918
376 3.9319999218
377 3.89100003242
378 3.85599994659
379 3.85299992561
380 3.82699990273
381 3.71700000763
382 3.64499998093
383 3.60100007057
384 3.5680000782
385 3.53500008583
386 3.47699999809
387 3.46499991417
388 3.41400003433
389 3.38800001144
390 3.367000103
391 3.34500002861
392 3.30599999428
393 3.27300000191
394 3.26600003242
395 3.2539999485
396 3.29399991035
397 3.32500004768
398 3.3599998951
399 3.41400003433
400 3.45199990273
401 3.46900010109
402 3.51399993896
403 3.5529999733
404 3.60100007057
405 3.62299990654
406 3.67499995232
407 3.71700000763
408 3.74300003052
409 3.78399991989
410 3.82299995422
411 3.88499999046
412 3.91700005531
413 3.97799992561
414 4.05999994278
415 4.1139998436
416 4.18499994278
417 4.24800014496
418 4.31699991226
419 4.37099981308
420 4.45300006866
421 4.5110001564
422 4.59200000763
423 4.66200017929
424 4.72700023651
425 4.81500005722
426 4.90100002289
427 5.01399993896
428 5.10400009155
429 5.20800018311
430 5.3060002327
431 5.41699981689
432 5.51999998093
433 5.61800003052
434 5.75899982452
435 5.88999986649
436 6.00699996948
437 6.17500019073
438 6.30499982834
439 6.47800016403
440 6.49499988556
441 6.59600019455
442 6.46600008011
443 3.07500004768
444 3.03699994087
445 3.02800011635
446 3.02699995041
447 3.01799988747
448 3.0
449 3.01099991798
450 3.01699995995
451 2.98900008202
452 2.97399997711
453 2.97399997711
454 2.97300004959
455 2.96099996567
456 2.9509999752
457 2.95300006866
458 2.96399998665
459 2.94499993324
460 2.95399999619
461 2.95300006866
462 2.95300006866
463 2.93400001526
464 2.95399999619
465 2.93099999428
466 2.91899991035
467 2.91899991035
468 2.92600011826
469 2.90799999237
470 2.67199993134
471 2.63400006294
472 2.632999897
473 2.63100004196
474 0.950999975204
475 0.694999992847
476 0.698000013828
477 0.922999978065
478 2.65300011635
479 2.63800001144
480 2.65300011635
481 2.66700005531
482 2.65100002289
483 2.66100001335
484 2.6400001049
485 2.65400004387
486 2.66700005531
487 2.67300009727
488 2.6779999733
489 2.65400004387
490 2.81699991226
491 2.9279999733
492 2.9430000782
493 2.93000006676
494 2.94799995422
495 2.93899989128
496 2.94400000572
497 2.94400000572
498 2.96099996567
499 2.97199988365
500 2.98099994659
501 2.97799992561
502 2.97399997711
503 2.97799992561
504 2.98799991608
505 3.00600004196
506 3.00600004196
507 2.99699997902
508 3.02099990845
509 3.0150001049
510 3.04800009727
511 3.0529999733
512 3.03600001335
513 3.05399990082
514 3.08100008965
515 3.08899998665
516 3.07699990273
517 3.10700011253
518 3.12199997902
519 3.12199997902
520 3.132999897
521 3.13899993896
522 3.13899993896
523 3.17000007629
524 0.921000003815
525 0.908999979496
526 0.898999989033
527 0.936999976635
528 3.04200005531
529 2.9849998951
530 2.93099999428
531 2.8789999485
532 2.82800006866
533 2.78699994087
534 2.74300003052
535 2.70799994469
536 2.95300006866
537 2.91599988937
538 0.0
539 0.0
540 0.0
