0 4.51000022888
1 4.43800020218
2 4.45499992371
3 4.46500015259
4 4.51800012589
5 4.65399980545
6 4.68800020218
7 4.71600008011
8 4.73699998856
9 4.76800012589
10 4.81199979782
11 4.84200000763
12 4.85900020599
13 4.90500020981
14 4.92700004578
15 4.9279999733
16 4.84000015259
17 4.84999990463
18 4.88500022888
19 4.97599983215
20 5.13899993896
21 5.18200016022
22 5.23299980164
23 5.2610001564
24 5.32100009918
25 5.35200023651
26 5.40799999237
27 5.45900011063
28 5.48299980164
29 5.55100011826
30 5.59399986267
31 5.63199996948
32 5.66099977493
33 0.0
34 17.1520004272
35 17.1380004883
36 17.1480007172
37 0.0
38 0.0
39 0.0
40 17.2380008698
41 17.1630001068
42 17.061000824
43 16.9990005493
44 16.5160007477
45 16.5270004272
46 16.5100002289
47 13.1450004578
48 13.0830001831
49 12.3240003586
50 11.9490003586
51 11.609000206
52 11.6040000916
53 11.6199998856
54 11.6260004044
55 11.3470001221
56 10.9799995422
57 10.4790000916
58 10.1120004654
59 8.34700012207
60 8.33300018311
61 8.19699954987
62 7.89400005341
63 7.61999988556
64 7.44000005722
65 7.23400020599
66 7.0529999733
67 6.89499998093
68 6.78999996185
69 6.78399991989
70 6.78100013733
71 6.82100009918
72 6.84800004959
73 6.87400007248
74 6.79799985886
75 6.64099979401
76 6.51599979401
77 6.39200019836
78 6.26900005341
79 6.14400005341
80 5.21899986267
81 4.96299982071
82 4.84899997711
83 4.77699995041
84 4.68699979782
85 4.60699987411
86 4.51700019836
87 4.48199987411
88 4.41300010681
89 4.33099985123
90 4.26700019836
91 4.20300006866
92 4.13999986649
93 4.09499979019
94 4.02299976349
95 3.98699998856
96 3.93300008774
97 3.89400005341
98 3.83500003815
99 3.80200004578
100 3.7650001049
101 3.78999996185
102 3.80500006676
103 3.84999990463
104 3.875
105 3.90499997139
106 3.94799995422
107 3.94400000572
108 3.93799996376
109 3.88400006294
110 3.84400010109
111 3.79299998283
112 3.76300001144
113 3.72499990463
114 3.69499993324
115 3.66199994087
116 3.63499999046
117 3.58999991417
118 3.54999995232
119 3.54800009727
120 3.50200009346
121 3.47900009155
122 3.43000006676
123 3.42600011826
124 3.40199995041
125 3.39499998093
126 3.4279999733
127 3.45700001717
128 3.49499988556
129 3.52600002289
130 3.57299995422
131 3.59299993515
132 3.6740000248
133 4.03200006485
134 4.04699993134
135 4.08900022507
136 4.11600017548
137 4.14400005341
138 4.17999982834
139 4.20599985123
140 4.25500011444
141 4.27899980545
142 4.30900001526
143 4.32800006866
144 4.39599990845
145 4.43800020218
146 4.46600008011
147 4.48199987411
148 4.507999897
149 4.53100013733
150 4.54600000381
151 4.17299985886
152 4.30700016022
153 4.61499977112
154 3.25999999046
155 3.40400004387
156 4.71700000763
157 4.59899997711
158 4.55399990082
159 4.79400014877
160 4.83500003815
161 4.85599994659
162 4.88999986649
163 4.91900014877
164 4.96400022507
165 4.99499988556
166 5.01599979401
167 5.03399991989
168 3.15599989891
169 3.21600008011
170 3.36599993706
171 4.10099983215
172 4.92100000381
173 4.88800001144
174 4.84399986267
175 4.82600021362
176 4.81500005722
177 4.8220000267
178 4.83099985123
179 4.84999990463
180 4.86499977112
181 4.90100002289
182 4.8109998703
183 5.31500005722
184 5.46199989319
185 5.47900009155
186 5.50400018692
187 5.51200008392
188 4.60799980164
189 4.57899999619
190 5.56799983978
191 5.59100008011
192 3.64199995995
193 3.52999997139
194 4.06300020218
195 4.04099988937
196 5.6859998703
197 5.71299982071
198 5.73299980164
199 5.75400018692
200 5.78800010681
201 5.82000017166
202 5.82399988174
203 5.84000015259
204 5.85599994659
205 5.84800004959
206 5.867000103
207 5.88399982452
208 5.89900016785
209 5.92000007629
210 5.93200016022
211 5.92399978638
212 5.93800020218
213 5.96799993515
214 5.96299982071
215 6.00299978256
216 6.02600002289
217 6.03399991989
218 6.0609998703
219 6.07800006866
220 6.07399988174
221 6.07299995422
222 6.08699989319
223 6.07899999619
224 6.11199998856
225 6.11800003052
226 6.11999988556
227 6.13000011444
228 6.13999986649
229 6.15700006485
230 6.15199995041
231 6.15299987793
232 6.17199993134
233 6.20100021362
234 6.19600009918
235 6.19199991226
236 6.2389998436
237 6.23099994659
238 6.23199987411
239 6.23299980164
240 6.25099992752
241 6.22100019455
242 6.21799993515
243 6.23000001907
244 6.22300004959
245 6.22900009155
246 6.23999977112
247 6.24700021744
248 6.21899986267
249 6.242000103
250 6.24399995804
251 6.24800014496
252 6.25899982452
253 6.26700019836
254 6.28700017929
255 6.27799987793
256 6.27799987793
257 6.25199985504
258 6.23699998856
259 6.23600006104
260 6.24399995804
261 6.242000103
262 6.21999979019
263 6.24499988556
264 6.24100017548
265 6.22399997711
266 6.20499992371
267 6.21999979019
268 6.21199989319
269 6.21799993515
270 6.22700023651
271 6.20800018311
272 6.21999979019
273 6.12599992752
274 5.84800004959
275 5.78399991989
276 5.75199985504
277 5.742000103
278 5.71299982071
279 5.73699998856
280 5.73600006104
281 5.76599979401
282 5.80900001526
283 5.96199989319
284 6.07399988174
285 6.0689997673
286 6.0529999733
287 6.05200004578
288 6.05900001526
289 6.05900001526
290 6.03399991989
291 6.01800012589
292 5.98400020599
293 5.28200006485
294 5.05700016022
295 5.01900005341
296 5.03700017929
297 5.03399991989
298 5.0110001564
299 5.01300001144
300 5.01700019836
301 5.09399986267
302 5.65000009537
303 5.25
304 5.13100004196
305 5.20499992371
306 5.28999996185
307 5.29300022125
308 5.21400022507
309 5.125
310 5.24800014496
311 5.51999998093
312 5.64499998093
313 5.625
314 5.60400009155
315 5.58699989319
316 5.54699993134
317 5.53999996185
318 5.52899980545
319 5.33599996567
320 5.09999990463
321 5.45800018311
322 5.45100021362
323 5.44000005722
324 5.41699981689
325 5.38000011444
326 5.35799980164
327 5.33400011063
328 5.29600000381
329 4.37300014496
330 4.04600000381
331 4.12099981308
332 5.01700019836
333 5.16800022125
334 5.14400005341
335 5.10900020599
336 5.07999992371
337 5.06799983978
338 5.03999996185
339 5.03000020981
340 4.95100021362
341 4.80700016022
342 4.95699977875
343 4.94000005722
344 4.91300010681
345 4.87900018692
346 4.83900022507
347 4.68800020218
348 4.5560002327
349 4.73099994659
350 4.69600009918
351 4.67600011826
352 4.65600013733
353 4.617000103
354 4.58300018311
355 4.55999994278
356 4.31500005722
357 4.34499979019
358 4.47800016403
359 4.46000003815
360 4.4439997673
361 4.41200017929
362 4.39699983597
363 4.36100006104
364 4.3220000267
365 4.25899982452
366 4.24900007248
367 4.21899986267
368 4.1810002327
369 4.13800001144
370 4.11299991608
371 4.06599998474
372 4.05399990082
373 4.00600004196
374 3.99099993706
375 3.96300005913
376 3.94499993324
377 3.88400006294
378 3.86199998856
379 3.84800004959
380 3.81399989128
381 3.72000002861
382 3.63100004196
383 3.59100008011
384 3.56100010872
385 3.52900004387
386 3.49300003052
387 3.46099996567
388 3.43400001526
389 3.39899992943
390 3.37199997902
391 3.34699988365
392 3.30500006676
393 3.26900005341
394 3.25500011444
395 3.27300000191
396 3.29699993134
397 3.31900000572
398 3.36100006104
399 3.40199995041
400 3.43600010872
401 3.48300004005
402 3.51900005341
403 3.56399989128
404 3.61400008202
405 3.61899995804
406 3.67000007629
407 3.71900010109
408 3.74300003052
409 3.79200005531
410 3.82800006866
411 3.88199996948
412 3.94499993324
413 3.97699999809
414 4.04600000381
415 4.12200021744
416 4.19099998474
417 4.23199987411
418 4.30900001526
419 4.39099979401
420 4.42299985886
421 4.5110001564
422 4.58300018311
423 4.67199993134
424 4.73799991608
425 4.8140001297
426 4.92100000381
427 5.007999897
428 5.11899995804
429 5.21000003815
430 5.32299995422
431 5.41499996185
432 5.53100013733
433 5.64499998093
434 5.77799987793
435 5.88199996948
436 6.03299999237
437 6.16699981689
438 6.3140001297
439 6.46199989319
440 6.50699996948
441 6.59800004959
442 6.48299980164
443 3.0569999218
444 3.04099988937
445 3.04299998283
446 3.02800011635
447 3.02900004387
448 3.00600004196
449 3.00300002098
450 3.00999999046
451 2.99799990654
452 2.98099994659
453 2.9849998951
454 2.99699997902
455 2.96799993515
456 2.96499991417
457 2.97000002861
458 2.96099996567
459 2.96900010109
460 2.9470000267
461 2.94199991226
462 2.94600009918
463 2.92700004578
464 2.93499994278
465 2.93000006676
466 2.91599988937
467 2.91899991035
468 2.93400001526
469 2.90899991989
470 2.65799999237
471 2.65300011635
472 2.62800002098
473 2.64700007439
474 0.949999988079
475 0.703999996185
476 0.695999979973
477 0.929000020027
478 2.66000008583
479 2.65199995041
480 2.63499999046
481 2.66700005531
482 2.65499997139
483 2.66400003433
484 2.66499996185
485 2.66700005531
486 2.64700007439
487 2.67199993134
488 2.69000005722
489 2.67899990082
490 2.83200001717
491 2.94400000572
492 2.9470000267
493 2.95600008965
494 2.9470000267
495 2.94000005722
496 2.96600008011
497 2.95499992371
498 2.95300006866
499 2.97000002861
500 2.99300003052
501 2.96499991417
502 2.97799992561
503 2.99399995804
504 2.98000001907
505 2.98600006104
506 3.007999897
507 3.00200009346
508 3.02800011635
509 3.03099989891
510 3.04999995232
511 3.03600001335
512 3.05500006676
513 3.04999995232
514 3.08899998665
515 3.09200000763
516 3.08100008965
517 3.09200000763
518 3.125
519 3.13599991798
520 3.12700009346
521 3.12700009346
522 3.16400003433
523 3.17700004578
524 0.941999971867
525 0.912000000477
526 0.910000026226
527 0.944000005722
528 3.02999997139
529 2.99399995804
530 2.93000006676
531 2.86999988556
532 2.82800006866
533 2.79500007629
534 2.74300003052
535 2.70700001717
536 2.95900011063
537 2.91300010681
538 0.0
539 0.0
540 0.0
