0 4.50400018692
1 4.42600011826
2 4.44899988174
3 4.47399997711
4 4.52400016785
5 4.65799999237
6 4.67000007629
7 4.71099996567
8 4.74100017548
9 4.75699996948
10 4.79899978638
11 4.82899999619
12 4.85599994659
13 4.90000009537
14 4.93400001526
15 4.93300008774
16 4.85200023651
17 4.84899997711
18 4.875
19 4.96899986267
20 5.14699983597
21 5.18699979782
22 5.22700023651
23 5.26000022888
24 5.30999994278
25 5.36299991608
26 5.40799999237
27 5.44799995422
28 5.49100017548
29 5.55999994278
30 5.59800004959
31 5.64200019836
32 5.65500020981
33 0.0
34 17.1599998474
35 17.1420001984
36 17.1350002289
37 0.0
38 0.0
39 0.0
40 17.2409992218
41 17.1599998474
42 17.0709991455
43 16.9909992218
44 16.5230007172
45 16.5349998474
46 16.5149993896
47 13.1599998474
48 13.0769996643
49 12.3280000687
50 11.9409999847
51 11.595000267
52 11.5939998627
53 11.6319999695
54 11.6309995651
55 11.3319997787
56 10.984000206
57 10.4650001526
58 10.1059999466
59 8.34599971771
60 8.34000015259
61 8.19499969482
62 7.91599988937
63 7.64400005341
64 7.4470000267
65 7.24100017548
66 7.0609998703
67 6.90399980545
68 6.79300022125
69 6.78299999237
70 6.80399990082
71 6.83400011063
72 6.84499979019
73 6.85799980164
74 6.79199981689
75 6.63399982452
76 6.50500011444
77 6.39200019836
78 6.2610001564
79 6.1360001564
80 5.24700021744
81 4.96899986267
82 4.84800004959
83 4.76499986649
84 4.68300008774
85 4.61299991608
86 4.51599979401
87 4.46000003815
88 4.39699983597
89 4.34499979019
90 4.28499984741
91 4.22800016403
92 4.16900014877
93 4.1139998436
94 4.03700017929
95 3.96700000763
96 3.92199993134
97 3.88400006294
98 3.84100008011
99 3.79800009727
100 3.76900005341
101 3.79699993134
102 3.83500003815
103 3.83899998665
104 3.86199998856
105 3.90100002289
106 3.93499994278
107 3.95399999619
108 3.92700004578
109 3.88700008392
110 3.84800004959
111 3.80500006676
112 3.76200008392
113 3.73200011253
114 3.69000005722
115 3.64800000191
116 3.63199996948
117 3.60100007057
118 3.56100010872
119 3.53900003433
120 3.507999897
121 3.47199988365
122 3.44499993324
123 3.41400003433
124 3.40100002289
125 3.39700007439
126 3.4279999733
127 3.44600009918
128 3.49499988556
129 3.52999997139
130 3.5680000782
131 3.61199998856
132 3.66599988937
133 4.01000022888
134 4.05200004578
135 4.10200023651
136 4.125
137 4.15199995041
138 4.16599988937
139 4.21799993515
140 4.24399995804
141 4.257999897
142 4.3060002327
143 4.34600019455
144 4.38800001144
145 4.42199993134
146 4.45300006866
147 4.492000103
148 4.5110001564
149 4.50500011444
150 4.52600002289
151 4.19000005722
152 4.29799985886
153 0.0
154 3.27200007439
155 3.40199995041
156 4.72300004959
157 4.59200000763
158 4.54600000381
159 4.78000020981
160 4.82600021362
161 4.86899995804
162 4.90100002289
163 4.92899990082
164 4.96700000763
165 5.00400018692
166 5.02400016785
167 5.03900003433
168 3.13700008392
169 3.21600008011
170 3.36800003052
171 4.11600017548
172 4.91400003433
173 4.87799978256
174 4.86199998856
175 4.84800004959
176 4.82800006866
177 4.82299995422
178 4.83799982071
179 4.84800004959
180 4.86499977112
181 4.90100002289
182 4.82800006866
183 5.32800006866
184 5.46600008011
185 5.48500013351
186 5.5
187 5.49800014496
188 4.59499979019
189 4.59000015259
190 5.56300020218
191 5.59200000763
192 3.63599991798
193 3.53200006485
194 4.07499980927
195 4.03599977493
196 5.6939997673
197 5.71999979019
198 5.74800014496
199 5.75099992752
200 5.77500009537
201 5.80399990082
202 5.8220000267
203 5.84000015259
204 5.85500001907
205 5.86600017548
206 5.86499977112
207 5.87699985504
208 5.88199996948
209 5.90700006485
210 5.91599988937
211 5.94199991226
212 5.95300006866
213 5.97499990463
214 5.98699998856
215 6.00500011444
216 6.01300001144
217 6.01700019836
218 6.04799985886
219 6.07100009918
220 6.08500003815
221 6.07899999619
222 6.09499979019
223 6.09499979019
224 6.10400009155
225 6.10599994659
226 6.13199996948
227 6.11899995804
228 6.12699985504
229 6.14799976349
230 6.15799999237
231 6.17399978638
232 6.18300008774
233 6.1939997673
234 6.18200016022
235 6.18499994278
236 6.21700000763
237 6.22900009155
238 6.22300004959
239 6.23799991608
240 6.23299980164
241 6.22300004959
242 6.23500013351
243 6.23999977112
244 6.23600006104
245 6.23799991608
246 6.24399995804
247 6.242000103
248 6.24599981308
249 6.2389998436
250 6.26200008392
251 6.25400018692
252 6.25500011444
253 6.257999897
254 6.27099990845
255 6.26399993896
256 6.26599979401
257 6.24800014496
258 6.25600004196
259 6.25099992752
260 6.24499988556
261 6.24300003052
262 6.22300004959
263 6.22599983215
264 6.23000001907
265 6.21799993515
266 6.242000103
267 6.21199989319
268 6.21000003815
269 6.21099996567
270 6.21000003815
271 6.20800018311
272 6.21799993515
273 6.13100004196
274 5.84299993515
275 5.78700017929
276 5.76200008392
277 5.73999977112
278 5.73699998856
279 5.72700023651
280 5.73999977112
281 5.76599979401
282 5.79699993134
283 5.94600009918
284 6.07600021362
285 6.08199977875
286 6.08300018311
287 6.07399988174
288 6.05000019073
289 6.04899978638
290 6.03100013733
291 6.00899982452
292 5.99399995804
293 5.30800008774
294 5.06500005722
295 5.03299999237
296 5.03000020981
297 5.02400016785
298 5.01300001144
299 5.01200008392
300 5.03000020981
301 5.10400009155
302 5.64499998093
303 5.26200008392
304 5.12900018692
305 5.20499992371
306 5.28599977493
307 5.29500007629
308 5.21799993515
309 5.12300014496
310 5.25199985504
311 5.53900003433
312 5.65299987793
313 5.62400007248
314 5.61600017548
315 5.57999992371
316 5.55999994278
317 5.54199981689
318 5.52699995041
319 5.33300018311
320 5.09100008011
321 5.45300006866
322 5.45499992371
323 5.42899990082
324 5.40600013733
325 5.39900016785
326 5.36199998856
327 5.33199977875
328 5.30900001526
329 4.37400007248
330 4.04400014877
331 4.14300012589
332 5.01700019836
333 5.16400003433
334 5.13800001144
335 5.11899995804
336 5.08400011063
337 5.06799983978
338 5.04799985886
339 5.01900005341
340 4.9439997673
341 4.8109998703
342 4.95399999619
343 4.93699979782
344 4.90399980545
345 4.87300014496
346 4.83900022507
347 4.71299982071
348 4.56699991226
349 4.73199987411
350 4.70100021362
351 4.67600011826
352 4.6360001564
353 4.62799978256
354 4.57600021362
355 4.55999994278
356 4.30800008774
357 4.37799978256
358 4.49800014496
359 4.46400022507
360 4.43499994278
361 4.42299985886
362 4.37900018692
363 4.34700012207
364 4.32100009918
365 4.29899978638
366 4.25600004196
367 4.1890001297
368 4.1810002327
369 4.15299987793
370 4.12300014496
371 4.07999992371
372 4.0560002327
373 4.01399993896
374 3.98699998856
375 3.96199989319
376 3.92700004578
377 3.91499996185
378 3.87800002098
379 3.85800004005
380 3.81500005722
381 3.70700001717
382 3.62400007248
383 3.60299992561
384 3.5720000267
385 3.53399991989
386 3.492000103
387 3.46000003815
388 3.43700003624
389 3.40000009537
390 3.36999988556
391 3.33500003815
392 3.3069999218
393 3.27300000191
394 3.26200008392
395 3.27500009537
396 3.28399991989
397 3.32899999619
398 3.36100006104
399 3.41199994087
400 3.43899989128
401 3.49000000954
402 3.51999998093
403 3.5720000267
404 3.60100007057
405 3.62599992752
406 3.67100000381
407 3.71900010109
408 3.72699999809
409 3.76300001144
410 3.82800006866
411 3.89499998093
412 3.94000005722
413 4.007999897
414 4.07299995422
415 4.1139998436
416 4.17199993134
417 4.242000103
418 4.30499982834
419 4.38500022888
420 4.42299985886
421 4.51300001144
422 4.58300018311
423 4.66099977493
424 4.73099994659
425 4.80700016022
426 4.90500020981
427 5.02600002289
428 5.11199998856
429 5.20499992371
430 5.30999994278
431 5.41200017929
432 5.53399991989
433 5.65000009537
434 5.76000022888
435 5.88899993896
436 6.02299976349
437 6.16200017929
438 6.3140001297
439 6.48299980164
440 6.49900007248
441 6.61100006104
442 6.47100019455
443 3.08599996567
444 3.04200005531
445 3.04399991035
446 3.03900003433
447 3.03099989891
448 3.02200007439
449 3.02300000191
450 2.9960000515
451 3.00999999046
452 2.99399995804
453 2.97600007057
454 2.99000000954
455 2.97199988365
456 2.96000003815
457 2.95700001717
458 2.97600007057
459 2.9509999752
460 2.94400000572
461 2.95799994469
462 2.93899989128
463 2.94799995422
464 2.94499993324
465 2.93700003624
466 2.92000007629
467 2.9279999733
468 2.92600011826
469 2.91300010681
470 2.65400004387
471 2.62700009346
472 2.65000009537
473 2.65100002289
474 0.948000013828
475 0.691999971867
476 0.716000020504
477 0.930999994278
478 2.64899992943
479 2.62299990654
480 2.64199995995
481 2.65700006485
482 2.65400004387
483 2.66000008583
484 2.65400004387
485 2.65799999237
486 2.68000006676
487 2.66499996185
488 2.67499995232
489 2.67100000381
490 2.82399988174
491 2.92899990082
492 2.93000006676
493 2.93499994278
494 2.94400000572
495 2.94899988174
496 2.94799995422
497 2.96799993515
498 2.95700001717
499 2.96399998665
500 2.98000001907
501 2.98200011253
502 2.97199988365
503 2.98099994659
504 3.00099992752
505 3.00699996948
506 3.01699995995
507 3.00500011444
508 3.00900006294
509 3.04200005531
510 3.04999995232
511 3.03299999237
512 3.05800008774
513 3.06100010872
514 3.06900000572
515 3.09299993515
516 3.09800004959
517 3.08899998665
518 3.11599993706
519 3.12800002098
520 3.13599991798
521 3.16300010681
522 3.13899993896
523 3.16199994087
524 0.931999981403
525 0.903999984264
526 0.902999997139
527 0.944999992847
528 3.04399991035
529 2.98900008202
530 2.93400001526
531 2.88800001144
532 2.83400011063
533 2.78800010681
534 2.72199988365
535 2.72399997711
536 2.95399999619
537 2.90899991989
538 0.0
539 0.0
540 0.0
