0 4.51700019836
1 4.44099998474
2 4.42199993134
3 4.46199989319
4 4.52199983597
5 4.64200019836
6 4.68699979782
7 4.70800018311
8 4.73799991608
9 4.77099990845
10 4.79500007629
11 4.8220000267
12 4.85599994659
13 4.88899993896
14 4.92600011826
15 4.93499994278
16 4.83500003815
17 4.85900020599
18 4.88899993896
19 4.96799993515
20 5.14499998093
21 5.17600011826
22 5.23099994659
23 5.26499986649
24 5.31199979782
25 5.36100006104
26 5.40999984741
27 5.4390001297
28 5.49300003052
29 5.53900003433
30 5.59899997711
31 5.64699983597
32 5.66499996185
33 0.0
34 17.1560001373
35 17.1329994202
36 17.1560001373
37 0.0
38 0.0
39 0.0
40 17.2490005493
41 17.1770000458
42 17.0540008545
43 17.0030002594
44 16.5200004578
45 16.5289993286
46 16.5219993591
47 13.1590003967
48 13.0729999542
49 12.3299999237
50 11.9510002136
51 11.5769996643
52 11.5989999771
53 11.6210002899
54 11.6190004349
55 11.3470001221
56 10.9919996262
57 10.4799995422
58 10.1180000305
59 8.34599971771
60 8.33699989319
61 8.19499969482
62 7.89400005341
63 7.63999986649
64 7.44299983978
65 7.23500013351
66 7.07100009918
67 6.89499998093
68 6.77799987793
69 6.77199983597
70 6.78599977493
71 6.8220000267
72 6.84100008011
73 6.867000103
74 6.78900003433
75 6.63100004196
76 6.50600004196
77 6.3860001564
78 6.27699995041
79 6.15399980545
80 5.23400020599
81 4.95699977875
82 4.85300016403
83 4.76300001144
84 4.68400001526
85 4.60799980164
86 4.54799985886
87 4.46299982071
88 4.41099977493
89 4.34100008011
90 4.26999998093
91 4.21400022507
92 4.13999986649
93 4.08500003815
94 4.03599977493
95 3.97900009155
96 3.94000005722
97 3.89199995995
98 3.84100008011
99 3.77600002289
100 3.77800011635
101 3.78500008583
102 3.80800008774
103 3.83699989319
104 3.867000103
105 3.90300011635
106 3.92899990082
107 3.95399999619
108 3.9319999218
109 3.89400005341
110 3.8220000267
111 3.8029999733
112 3.76999998093
113 3.72399997711
114 3.67700004578
115 3.65100002289
116 3.61800003052
117 3.60100007057
118 3.5680000782
119 3.52500009537
120 3.50200009346
121 3.48600006104
122 3.4470000267
123 3.4240000248
124 3.41300010681
125 3.38800001144
126 3.41199994087
127 3.45900011063
128 3.49799990654
129 3.51900005341
130 3.56999993324
131 3.61599993706
132 3.66799998283
133 4.03599977493
134 4.0640001297
135 4.09999990463
136 4.125
137 4.16300010681
138 4.18800020218
139 4.22499990463
140 4.25299978256
141 4.26900005341
142 4.31799983978
143 4.34700012207
144 4.39099979401
145 4.43400001526
146 4.47200012207
147 4.49300003052
148 4.50699996948
149 4.5110001564
150 4.53100013733
151 4.1890001297
152 4.3060002327
153 4.61100006104
154 3.26200008392
155 3.41300010681
156 4.72399997711
157 4.59700012207
158 4.5560002327
159 4.78599977493
160 4.83400011063
161 4.867000103
162 4.90000009537
163 4.93699979782
164 4.95800018311
165 4.99499988556
166 5.00899982452
167 5.03999996185
168 3.1289999485
169 3.22600007057
170 3.3710000515
171 4.09800004959
172 4.91900014877
173 4.88399982452
174 4.85099983215
175 4.83799982071
176 4.80900001526
177 4.81699991226
178 4.8189997673
179 4.83699989319
180 4.87799978256
181 4.90600013733
182 4.81599998474
183 5.3029999733
184 5.46099996567
185 5.48299980164
186 5.50199985504
187 5.52099990845
188 4.62400007248
189 4.57299995422
190 5.55499982834
191 5.59700012207
192 3.63400006294
193 3.52600002289
194 4.06799983978
195 4.04699993134
196 5.69199991226
197 5.71500015259
198 5.73999977112
199 5.73999977112
200 5.78900003433
201 5.79199981689
202 5.81599998474
203 5.84499979019
204 5.85400009155
205 5.85799980164
206 5.87300014496
207 5.87400007248
208 5.89599990845
209 5.90799999237
210 5.91300010681
211 5.92600011826
212 5.95300006866
213 5.96000003815
214 5.99499988556
215 6.00400018692
216 6.01999998093
217 6.03900003433
218 6.04799985886
219 6.07100009918
220 6.07600021362
221 6.08199977875
222 6.09000015259
223 6.10699987411
224 6.11100006104
225 6.12200021744
226 6.11999988556
227 6.1139998436
228 6.117000103
229 6.132999897
230 6.14300012589
231 6.17600011826
232 6.16400003433
233 6.1970000267
234 6.19999980927
235 6.22100019455
236 6.22900009155
237 6.21400022507
238 6.23299980164
239 6.22100019455
240 6.22700023651
241 6.22900009155
242 6.23299980164
243 6.23000001907
244 6.25099992752
245 6.25500011444
246 6.24800014496
247 6.25
248 6.23999977112
249 6.24800014496
250 6.25400018692
251 6.26000022888
252 6.28000020981
253 6.25500011444
254 6.26999998093
255 6.27600002289
256 6.26300001144
257 6.26999998093
258 6.24100017548
259 6.25600004196
260 6.25699996948
261 6.24700021744
262 6.21999979019
263 6.22499990463
264 6.20599985123
265 6.21400022507
266 6.21299982071
267 6.22100019455
268 6.21999979019
269 6.20900011063
270 6.20800018311
271 6.20300006866
272 6.22100019455
273 6.13199996948
274 5.83400011063
275 5.76900005341
276 5.75299978256
277 5.72200012207
278 5.71899986267
279 5.72599983215
280 5.74900007248
281 5.77299976349
282 5.80100011826
283 5.94600009918
284 6.07100009918
285 6.0560002327
286 6.07100009918
287 6.06500005722
288 6.06300020218
289 6.0560002327
290 6.04500007629
291 6.02299976349
292 5.9889998436
293 5.29500007629
294 5.06799983978
295 5.03700017929
296 5.03999996185
297 5.03499984741
298 5.01399993896
299 5.01399993896
300 5.02500009537
301 5.11100006104
302 5.64499998093
303 5.24100017548
304 5.132999897
305 5.19899988174
306 5.30100011826
307 5.28599977493
308 5.22399997711
309 5.12400007248
310 5.25699996948
311 5.54899978638
312 5.64400005341
313 5.63399982452
314 5.59999990463
315 5.57499980927
316 5.55800008774
317 5.54400014877
318 5.52799987793
319 5.33599996567
320 5.10699987411
321 5.45900011063
322 5.43400001526
323 5.43800020218
324 5.41400003433
325 5.38199996948
326 5.36000013351
327 5.32899999619
328 5.29600000381
329 4.39099979401
330 4.06699991226
331 4.10300016403
332 5.00899982452
333 5.17299985886
334 5.14599990845
335 5.12300014496
336 5.08500003815
337 5.07299995422
338 5.04099988937
339 5.01800012589
340 4.94999980927
341 4.80700016022
342 4.96600008011
343 4.94799995422
344 4.90700006485
345 4.88199996948
346 4.83500003815
347 4.70200014114
348 4.56300020218
349 4.74599981308
350 4.70599985123
351 4.68699979782
352 4.63399982452
353 4.62599992752
354 4.58599996567
355 4.56799983978
356 4.30100011826
357 4.367000103
358 4.48500013351
359 4.46999979019
360 4.4470000267
361 4.42399978638
362 4.38999986649
363 4.35699987411
364 4.32399988174
365 4.29300022125
366 4.22900009155
367 4.20699977875
368 4.16200017929
369 4.125
370 4.10099983215
371 4.08599996567
372 4.05000019073
373 4.02500009537
374 3.992000103
375 3.96600008011
376 3.93000006676
377 3.89899992943
378 3.86800003052
379 3.82899999619
380 3.81500005722
381 3.71700000763
382 3.63800001144
383 3.59400010109
384 3.56900000572
385 3.53399991989
386 3.50600004196
387 3.46499991417
388 3.43300008774
389 3.40700006485
390 3.35400009155
391 3.3259999752
392 3.2990000248
393 3.28399991989
394 3.25200009346
395 3.26600003242
396 3.29800009727
397 3.34599995613
398 3.36800003052
399 3.38899993896
400 3.43300008774
401 3.48699998856
402 3.52300000191
403 3.56399989128
404 3.60199999809
405 3.63199996948
406 3.69000005722
407 3.71399998665
408 3.73699998856
409 3.77900004387
410 3.81900000572
411 3.88700008392
412 3.92300009727
413 4.00299978256
414 4.05499982834
415 4.10599994659
416 4.18699979782
417 4.242000103
418 4.29899978638
419 4.37300014496
420 4.44600009918
421 4.51599979401
422 4.59700012207
423 4.66599988937
424 4.72499990463
425 4.80900001526
426 4.90999984741
427 5.02799987793
428 5.11000013351
429 5.20699977875
430 5.31799983978
431 5.42199993134
432 5.52299976349
433 5.64099979401
434 5.75899982452
435 5.8860001564
436 5.99499988556
437 6.16400003433
438 6.31300020218
439 6.47700023651
440 6.50199985504
441 6.60200023651
442 6.48299980164
443 3.08800005913
444 3.03999996185
445 3.0529999733
446 3.03900003433
447 3.01300001144
448 3.00900006294
449 3.00999999046
450 2.99699997902
451 3.00699996948
452 2.98699998856
453 2.9849998951
454 2.97399997711
455 2.99099993706
456 2.97900009155
457 2.95199990273
458 2.95600008965
459 2.97000002861
460 2.96600008011
461 2.95199990273
462 2.95600008965
463 2.94099998474
464 2.93899989128
465 2.93099999428
466 2.93099999428
467 2.9279999733
468 2.91400003433
469 2.91300010681
470 2.66599988937
471 2.63100004196
472 2.66199994087
473 2.64499998093
474 0.948000013828
475 0.702000021935
476 0.699000000954
477 0.930000007153
478 2.64700007439
479 2.66300010681
480 2.64700007439
481 2.63499999046
482 2.64499998093
483 2.66100001335
484 2.65899991989
485 2.66899991035
486 2.67100000381
487 2.6740000248
488 2.68799996376
489 2.66599988937
490 2.82899999619
491 2.92899990082
492 2.93700003624
493 2.95600008965
494 2.94600009918
495 2.94400000572
496 2.96399998665
497 2.95600008965
498 2.96399998665
499 2.97399997711
500 2.97199988365
501 2.98200011253
502 2.99399995804
503 2.99699997902
504 2.99900007248
505 2.99399995804
506 3.00900006294
507 3.02699995041
508 3.02600002289
509 3.03900003433
510 3.03099989891
511 3.05399990082
512 3.07100009918
513 3.07500004768
514 3.07800006866
515 3.09100008011
516 3.09200000763
517 3.10700011253
518 3.12299990654
519 3.11299991608
520 3.12299990654
521 3.13000011444
522 3.15400004387
523 3.16700005531
524 0.939999997616
525 0.913999974728
526 0.910000026226
527 0.95300000906
528 3.03399991989
529 2.97499990463
530 2.92499995232
531 2.8900001049
532 2.83899998665
533 2.78699994087
534 2.72699999809
535 2.71799993515
536 2.96099996567
537 2.91700005531
538 0.0
539 0.0
540 0.0
