0 4.49599981308
1 4.42399978638
2 4.4470000267
3 4.47200012207
4 4.52699995041
5 4.64499998093
6 4.66599988937
7 4.6939997673
8 4.73000001907
9 4.76300001144
10 4.80200004578
11 4.82800006866
12 4.85099983215
13 4.89200019836
14 4.9279999733
15 4.92700004578
16 4.83599996567
17 4.84200000763
18 4.88000011444
19 4.96500015259
20 5.13899993896
21 5.18800020218
22 5.22499990463
23 5.26999998093
24 5.30800008774
25 5.35900020599
26 5.40299987793
27 5.45100021362
28 5.49100017548
29 5.55200004578
30 5.57899999619
31 5.63700008392
32 5.64200019836
33 0.0
34 17.1620006561
35 17.1319999695
36 17.1439990997
37 0.0
38 0.0
39 0.0
40 17.2299995422
41 17.1730003357
42 17.061000824
43 17.0039997101
44 16.5219993591
45 16.545999527
46 16.5170001984
47 13.154999733
48 13.079000473
49 12.3249998093
50 11.9460000992
51 11.5979995728
52 11.6029996872
53 11.6260004044
54 11.6059999466
55 11.3470001221
56 10.998000145
57 10.4670000076
58 10.1120004654
59 8.31599998474
60 8.3170003891
61 8.19799995422
62 7.91900014877
63 7.63800001144
64 7.44500017166
65 7.23600006104
66 7.0609998703
67 6.90700006485
68 6.78000020981
69 6.76999998093
70 6.80900001526
71 6.82700014114
72 6.84999990463
73 6.867000103
74 6.78299999237
75 6.62799978256
76 6.50699996948
77 6.38100004196
78 6.25099992752
79 6.14300012589
80 5.22200012207
81 4.96600008011
82 4.85200023651
83 4.76599979401
84 4.66200017929
85 4.59800004959
86 4.53700017929
87 4.47900009155
88 4.40799999237
89 4.34100008011
90 4.26800012589
91 4.21000003815
92 4.14799976349
93 4.08799982071
94 4.01599979401
95 3.97499990463
96 3.93600010872
97 3.88499999046
98 3.84100008011
99 3.78999996185
100 3.78999996185
101 3.79099988937
102 3.80200004578
103 3.82399988174
104 3.85800004005
105 3.90300011635
106 3.93600010872
107 3.9470000267
108 3.90599989891
109 3.88499999046
110 3.83500003815
111 3.79999995232
112 3.75900006294
113 3.72699999809
114 3.67700004578
115 3.65400004387
116 3.625
117 3.59200000763
118 3.56599998474
119 3.52500009537
120 3.49300003052
121 3.46799993515
122 3.44400000572
123 3.40100002289
124 3.39100003242
125 3.38599991798
126 3.41499996185
127 3.45399999619
128 3.4960000515
129 3.52099990845
130 3.57100009918
131 3.60100007057
132 3.66799998283
133 4.02199983597
134 4.0689997673
135 4.08199977875
136 4.11999988556
137 4.14900016785
138 4.17999982834
139 4.19899988174
140 4.23999977112
141 4.28100013733
142 4.30999994278
143 4.32399988174
144 4.39099979401
145 4.4279999733
146 4.46700000763
147 4.49399995804
148 4.49399995804
149 4.53900003433
150 4.54799985886
151 4.19500017166
152 4.29400014877
153 4.61800003052
154 3.26600003242
155 3.41799998283
156 4.70599985123
157 4.57399988174
158 4.53599977493
159 4.78999996185
160 4.82899999619
161 4.85500001907
162 4.90100002289
163 4.92999982834
164 4.95100021362
165 4.98799991608
166 5.02600002289
167 5.02799987793
168 3.11100006104
169 3.22900009155
170 3.35599994659
171 4.10400009155
172 4.91099977493
173 4.86000013351
174 4.84100008011
175 4.83500003815
176 4.81300020218
177 4.80800008774
178 4.83300018311
179 4.84800004959
180 4.87200021744
181 4.89599990845
182 4.8060002327
183 5.33699989319
184 5.4470000267
185 5.48099994659
186 5.492000103
187 5.5110001564
188 4.59600019455
189 4.58500003815
190 5.5529999733
191 5.59200000763
192 3.64299988747
193 3.53200006485
194 4.06500005722
195 4.03200006485
196 5.69600009918
197 5.69199991226
198 5.73600006104
199 5.757999897
200 5.78000020981
201 5.80999994278
202 5.81799983978
203 5.83199977875
204 5.83500003815
205 5.86199998856
206 5.85599994659
207 5.87300014496
208 5.89300012589
209 5.91300010681
210 5.92899990082
211 5.94199991226
212 5.95399999619
213 5.95399999619
214 5.992000103
215 5.99399995804
216 5.99499988556
217 6.03200006485
218 6.05700016022
219 6.0720000267
220 6.07100009918
221 6.06599998474
222 6.0720000267
223 6.09499979019
224 6.10900020599
225 6.10099983215
226 6.11499977112
227 6.12699985504
228 6.14099979401
229 6.13899993896
230 6.14200019836
231 6.14599990845
232 6.17700004578
233 6.16200017929
234 6.17299985886
235 6.21199989319
236 6.23299980164
237 6.21500015259
238 6.23299980164
239 6.23199987411
240 6.21299982071
241 6.22700023651
242 6.23799991608
243 6.21799993515
244 6.22700023651
245 6.22499990463
246 6.24300003052
247 6.21099996567
248 6.21799993515
249 6.23299980164
250 6.24900007248
251 6.27099990845
252 6.25
253 6.25199985504
254 6.27899980545
255 6.27899980545
256 6.26300001144
257 6.26599979401
258 6.25600004196
259 6.23299980164
260 6.23999977112
261 6.23500013351
262 6.22499990463
263 6.22800016403
264 6.21600008011
265 6.21199989319
266 6.20699977875
267 6.20699977875
268 6.23500013351
269 6.20100021362
270 6.20300006866
271 6.1939997673
272 6.21799993515
273 6.132999897
274 5.84700012207
275 5.77899980545
276 5.73400020599
277 5.72900009155
278 5.70499992371
279 5.71199989319
280 5.73799991608
281 5.76599979401
282 5.81199979782
283 5.95599985123
284 6.0720000267
285 6.04699993134
286 6.0640001297
287 6.0529999733
288 6.04799985886
289 6.0560002327
290 6.03800010681
291 6.0110001564
292 5.98600006104
293 5.28800010681
294 5.0609998703
295 5.03299999237
296 5.03100013733
297 5.02299976349
298 5.00600004196
299 5.0
300 5.007999897
301 5.09000015259
302 5.632999897
303 5.25699996948
304 5.12699985504
305 5.1970000267
306 5.29600000381
307 5.28100013733
308 5.21899986267
309 5.13199996948
310 5.24100017548
311 5.52500009537
312 5.625
313 5.62300014496
314 5.60699987411
315 5.57299995422
316 5.5609998703
317 5.54300022125
318 5.52199983597
319 5.32999992371
320 5.09000015259
321 5.45300006866
322 5.44299983978
323 5.42500019073
324 5.40899991989
325 5.38199996948
326 5.36000013351
327 5.32700014114
328 5.29699993134
329 4.35200023651
330 4.04899978638
331 4.12799978256
332 5.02099990845
333 5.16499996185
334 5.12300014496
335 5.10500001907
336 5.08799982071
337 5.06500005722
338 5.03800010681
339 5.01700019836
340 4.94299983978
341 4.81799983978
342 4.95800018311
343 4.9359998703
344 4.88999986649
345 4.86199998856
346 4.82800006866
347 4.71400022507
348 4.5560002327
349 4.73999977112
350 4.70699977875
351 4.67700004578
352 4.64499998093
353 4.62300014496
354 4.58699989319
355 4.54400014877
356 4.30999994278
357 4.33500003815
358 4.48000001907
359 4.45399999619
360 4.44000005722
361 4.40100002289
362 4.40000009537
363 4.34000015259
364 4.30800008774
365 4.257999897
366 4.22100019455
367 4.21000003815
368 4.1779999733
369 4.125
370 4.11199998856
371 4.07700014114
372 4.03499984741
373 4.00699996948
374 3.99099993706
375 3.96000003815
376 3.91499996185
377 3.89499998093
378 3.88000011444
379 3.84599995613
380 3.80599999428
381 3.70600008965
382 3.62700009346
383 3.59599995613
384 3.55500006676
385 3.52600002289
386 3.49300003052
387 3.46000003815
388 3.4279999733
389 3.39700007439
390 3.36400008202
391 3.32299995422
392 3.31599998474
393 3.26799988747
394 3.24300003052
395 3.25900006294
396 3.29699993134
397 3.33400011063
398 3.37400007248
399 3.40199995041
400 3.43700003624
401 3.46900010109
402 3.50300002098
403 3.55399990082
404 3.57800006866
405 3.62800002098
406 3.68099999428
407 3.71199989319
408 3.742000103
409 3.77500009537
410 3.82999992371
411 3.86199998856
412 3.92000007629
413 3.99000000954
414 4.0640001297
415 4.12400007248
416 4.16900014877
417 4.242000103
418 4.28700017929
419 4.37099981308
420 4.43699979782
421 4.51499986649
422 4.56699991226
423 4.64900016785
424 4.73699998856
425 4.80200004578
426 4.91499996185
427 5.01399993896
428 5.11299991608
429 5.20200014114
430 5.3109998703
431 5.41599988937
432 5.54600000381
433 5.64099979401
434 5.75500011444
435 5.88899993896
436 6.01999998093
437 6.15799999237
438 6.32600021362
439 6.47800016403
440 6.50099992752
441 6.60799980164
442 6.43400001526
443 3.08800005913
444 3.05200004578
445 3.04299998283
446 3.01699995995
447 3.02999997139
448 3.02099990845
449 2.99399995804
450 2.992000103
451 2.98900008202
452 2.9960000515
453 2.97199988365
454 2.96600008011
455 2.97199988365
456 2.96000003815
457 2.96600008011
458 2.9470000267
459 2.94600009918
460 2.96199989319
461 2.93499994278
462 2.9509999752
463 2.92600011826
464 2.92000007629
465 2.9279999733
466 2.93499994278
467 2.91400003433
468 2.92300009727
469 2.91300010681
470 2.66700005531
471 2.64100003242
472 2.61899995804
473 2.64400005341
474 0.944000005722
475 0.702000021935
476 0.700999975204
477 0.927999973297
478 2.65100002289
479 2.64400005341
480 2.65000009537
481 2.65000009537
482 2.64899992943
483 2.64599990845
484 2.66100001335
485 2.66000008583
486 2.65700006485
487 2.66000008583
488 2.67000007629
489 2.67100000381
490 2.84299993515
491 2.92499995232
492 2.92899990082
493 2.9509999752
494 2.94799995422
495 2.9319999218
496 2.95600008965
497 2.95300006866
498 2.98000001907
499 2.95199990273
500 2.96300005913
501 2.96399998665
502 2.98699998856
503 2.99300003052
504 2.98600006104
505 2.99000000954
506 3.02099990845
507 3.01999998093
508 3.03299999237
509 3.02200007439
510 3.02399992943
511 3.04699993134
512 3.05999994278
513 3.04999995232
514 3.07100009918
515 3.08599996567
516 3.08599996567
517 3.09800004959
518 3.10199999809
519 3.10800004005
520 3.14100003242
521 3.14100003242
522 3.14599990845
523 3.15499997139
524 0.935000002384
525 0.90499997139
526 0.916000008583
527 0.941999971867
528 3.04299998283
529 2.98600006104
530 2.93300008774
531 2.88000011444
532 2.82699990273
533 2.77200007439
534 2.7349998951
535 2.6930000782
536 2.95700001717
537 2.89700007439
538 0.0
539 0.0
540 0.0
