0 4.50600004196
1 4.43400001526
2 4.43699979782
3 4.46899986267
4 4.51599979401
5 4.65399980545
6 4.66699981689
7 4.70599985123
8 4.74700021744
9 4.76900005341
10 4.79199981689
11 4.83599996567
12 4.85799980164
13 4.89499998093
14 4.93300008774
15 4.94600009918
16 4.84200000763
17 4.86100006104
18 4.87099981308
19 4.97700023651
20 5.15199995041
21 5.1779999733
22 5.2389998436
23 5.27500009537
24 5.31699991226
25 5.36299991608
26 5.39699983597
27 5.44899988174
28 5.51399993896
29 5.53299999237
30 5.60400009155
31 5.65799999237
32 5.67299985886
33 0.0
34 17.1499996185
35 17.1369991302
36 17.1499996185
37 0.0
38 0.0
39 0.0
40 17.2369995117
41 17.1800003052
42 17.0720005035
43 17.0200004578
44 16.5119991302
45 16.5450000763
46 16.5130004883
47 13.1719999313
48 13.0869998932
49 12.3420000076
50 11.9639997482
51 11.5970001221
52 11.5989999771
53 11.6280002594
54 11.6289997101
55 11.3310003281
56 10.984000206
57 10.4560003281
58 10.1099996567
59 8.33500003815
60 8.3360004425
61 8.20600032806
62 7.92399978638
63 7.64200019836
64 7.45900011063
65 7.24599981308
66 7.0640001297
67 6.90399980545
68 6.78700017929
69 6.78900003433
70 6.81199979782
71 6.83699989319
72 6.85799980164
73 6.87599992752
74 6.78499984741
75 6.632999897
76 6.50400018692
77 6.40000009537
78 6.26700019836
79 6.16499996185
80 5.22499990463
81 4.97200012207
82 4.85900020599
83 4.77099990845
84 4.68300008774
85 4.60300016403
86 4.53499984741
87 4.47399997711
88 4.382999897
89 4.34899997711
90 4.27099990845
91 4.19999980927
92 4.16300010681
93 4.09600019455
94 4.03499984741
95 3.96600008011
96 3.93400001526
97 3.88899993896
98 3.83999991417
99 3.80599999428
100 3.77999997139
101 3.8029999733
102 3.81999993324
103 3.86100006104
104 3.85800004005
105 3.90000009537
106 3.93799996376
107 3.96199989319
108 3.9279999733
109 3.88700008392
110 3.85299992561
111 3.79999995232
112 3.76600003242
113 3.73600006104
114 3.69499993324
115 3.65400004387
116 3.617000103
117 3.59500002861
118 3.56699991226
119 3.53699994087
120 3.49799990654
121 3.47699999809
122 3.44499993324
123 3.41300010681
124 3.40499997139
125 3.39499998093
126 3.42499995232
127 3.44600009918
128 3.49499988556
129 3.53500008583
130 3.57899999619
131 3.61199998856
132 3.66300010681
133 4.03100013733
134 4.0720000267
135 4.09499979019
136 4.12200021744
137 4.15100002289
138 4.18499994278
139 4.20399999619
140 4.257999897
141 4.26800012589
142 4.30200004578
143 4.34000015259
144 4.38199996948
145 4.43699979782
146 4.46899986267
147 4.48400020599
148 4.50899982452
149 4.53499984741
150 4.54899978638
151 4.1890001297
152 4.29400014877
153 0.0
154 3.27399992943
155 3.41499996185
156 4.70800018311
157 4.59700012207
158 4.5609998703
159 4.80000019073
160 4.82600021362
161 4.85599994659
162 4.89699983597
163 4.93400001526
164 4.96299982071
165 5.0
166 5.02500009537
167 5.03200006485
168 3.15199995041
169 3.22000002861
170 3.36500000954
171 4.12200021744
172 4.91900014877
173 4.875
174 4.86100006104
175 4.84399986267
176 4.81500005722
177 4.8220000267
178 4.83500003815
179 4.83699989319
180 4.86299991608
181 4.90999984741
182 4.82000017166
183 5.32499980927
184 5.46600008011
185 5.47599983215
186 5.49900007248
187 5.5110001564
188 4.60900020599
189 4.56799983978
190 5.56300020218
191 5.59000015259
192 3.63899993896
193 3.51999998093
194 4.06599998474
195 4.05399990082
196 5.6939997673
197 5.72399997711
198 5.72700023651
199 5.75699996948
200 5.78800010681
201 5.8060002327
202 5.83099985123
203 5.82499980927
204 5.83099985123
205 5.86100006104
206 5.86499977112
207 5.88399982452
208 5.90299987793
209 5.90899991989
210 5.90600013733
211 5.92199993134
212 5.95900011063
213 5.96799993515
214 5.98799991608
215 6.01000022888
216 6.02799987793
217 6.03100013733
218 6.05100011826
219 6.07499980927
220 6.07299995422
221 6.09899997711
222 6.09299993515
223 6.09899997711
224 6.11199998856
225 6.11800003052
226 6.11299991608
227 6.12200021744
228 6.12099981308
229 6.13899993896
230 6.16900014877
231 6.16900014877
232 6.17999982834
233 6.1970000267
234 6.19999980927
235 6.19999980927
236 6.22499990463
237 6.22700023651
238 6.22100019455
239 6.22200012207
240 6.22499990463
241 6.22900009155
242 6.23299980164
243 6.22200012207
244 6.22900009155
245 6.23600006104
246 6.22900009155
247 6.23000001907
248 6.23400020599
249 6.2389998436
250 6.25299978256
251 6.26499986649
252 6.27899980545
253 6.28200006485
254 6.26999998093
255 6.26800012589
256 6.25500011444
257 6.25500011444
258 6.24700021744
259 6.23699998856
260 6.24399995804
261 6.22499990463
262 6.22800016403
263 6.22300004959
264 6.20499992371
265 6.21999979019
266 6.20399999619
267 6.23699998856
268 6.21600008011
269 6.21700000763
270 6.20800018311
271 6.21299982071
272 6.22100019455
273 6.14699983597
274 5.85099983215
275 5.78800010681
276 5.74499988556
277 5.72700023651
278 5.71299982071
279 5.72599983215
280 5.75099992752
281 5.77099990845
282 5.80499982834
283 5.95300006866
284 6.07000017166
285 6.08599996567
286 6.06199979782
287 6.06599998474
288 6.0609998703
289 6.05900001526
290 6.04099988937
291 6.01900005341
292 5.98799991608
293 5.29600000381
294 5.06500005722
295 5.03299999237
296 5.02899980545
297 5.01700019836
298 5.01599979401
299 5.02199983597
300 5.01999998093
301 5.09299993515
302 5.62099981308
303 5.25500011444
304 5.13199996948
305 5.20900011063
306 5.30000019073
307 5.28399991989
308 5.21000003815
309 5.12200021744
310 5.26599979401
311 5.55100011826
312 5.64900016785
313 5.62799978256
314 5.59999990463
315 5.5689997673
316 5.57000017166
317 5.5529999733
318 5.52400016785
319 5.33300018311
320 5.09899997711
321 5.46700000763
322 5.44899988174
323 5.44500017166
324 5.40500020981
325 5.38000011444
326 5.35699987411
327 5.33699989319
328 5.3189997673
329 4.35900020599
330 4.03200006485
331 4.10200023651
332 5.0110001564
333 5.16599988937
334 5.13500022888
335 5.10599994659
336 5.08699989319
337 5.06699991226
338 5.03999996185
339 5.03000020981
340 4.94899988174
341 4.80800008774
342 4.96199989319
343 4.94199991226
344 4.91599988937
345 4.86899995804
346 4.82899999619
347 4.69299983978
348 4.5529999733
349 4.73400020599
350 4.69999980927
351 4.67500019073
352 4.64300012589
353 4.63000011444
354 4.59899997711
355 4.5640001297
356 4.32399988174
357 4.34899997711
358 4.47200012207
359 4.46700000763
360 4.4390001297
361 4.40999984741
362 4.38199996948
363 4.36100006104
364 4.32700014114
365 4.29199981689
366 4.24599981308
367 4.19500017166
368 4.16499996185
369 4.14200019836
370 4.10599994659
371 4.08500003815
372 4.0529999733
373 4.00500011444
374 4.00199985504
375 3.96000003815
376 3.9279999733
377 3.89499998093
378 3.86500000954
379 3.84299993515
380 3.82699990273
381 3.72499990463
382 3.6400001049
383 3.59500002861
384 3.57100009918
385 3.53200006485
386 3.492000103
387 3.46700000763
388 3.41400003433
389 3.39400005341
390 3.36400008202
391 3.33599996567
392 3.31500005722
393 3.28399991989
394 3.25
395 3.26999998093
396 3.30399990082
397 3.33100008965
398 3.36400008202
399 3.38899993896
400 3.43300008774
401 3.48600006104
402 3.51799988747
403 3.56500005722
404 3.60100007057
405 3.63800001144
406 3.67300009727
407 3.71499991417
408 3.73799991608
409 3.78699994087
410 3.83999991417
411 3.89299988747
412 3.93000006676
413 4.007999897
414 4.06199979782
415 4.10200023651
416 4.18499994278
417 4.24399995804
418 4.31300020218
419 4.382999897
420 4.4390001297
421 4.52400016785
422 4.59200000763
423 4.66599988937
424 4.72200012207
425 4.82100009918
426 4.90399980545
427 5.02099990845
428 5.11100006104
429 5.21600008011
430 5.3220000267
431 5.42299985886
432 5.52500009537
433 5.64300012589
434 5.75699996948
435 5.88399982452
436 6.02099990845
437 6.16599988937
438 6.32100009918
439 6.48699998856
440 6.51200008392
441 6.60200023651
442 6.48199987411
443 3.08500003815
444 3.04500007629
445 3.04800009727
446 3.02399992943
447 3.03999996185
448 3.00200009346
449 3.01900005341
450 3.00200009346
451 2.9960000515
452 2.98300004005
453 2.99699997902
454 2.97799992561
455 2.96499991417
456 2.96900010109
457 2.97000002861
458 2.95799994469
459 2.95600008965
460 2.9509999752
461 2.9509999752
462 2.95799994469
463 2.93899989128
464 2.93300008774
465 2.9319999218
466 2.92300009727
467 2.91799998283
468 2.92600011826
469 2.91599988937
470 2.65899991989
471 2.61800003052
472 2.62599992752
473 2.64800000191
474 0.947000026703
475 0.714999973774
476 0.722999989986
477 0.929000020027
478 2.66300010681
479 2.64100003242
480 2.65400004387
481 2.65300011635
482 2.65899991989
483 2.65499997139
484 2.66100001335
485 2.68000006676
486 2.66499996185
487 2.65499997139
488 2.66899991035
489 2.68099999428
490 2.83200001717
491 2.93099999428
492 2.92100000381
493 2.95000004768
494 2.96399998665
495 2.94199991226
496 2.96799993515
497 2.95300006866
498 2.95600008965
499 2.96499991417
500 2.98399996758
501 2.98000001907
502 2.97300004959
503 2.992000103
504 3.01200008392
505 3.0
506 3.0039999485
507 3.02699995041
508 3.01300001144
509 3.04299998283
510 3.04500007629
511 3.06100010872
512 3.04500007629
513 3.05999994278
514 3.06399989128
515 3.07500004768
516 3.08800005913
517 3.08599996567
518 3.12599992752
519 3.12700009346
520 3.12400007248
521 3.14599990845
522 3.15400004387
523 3.1740000248
524 0.943000018597
525 0.903999984264
526 0.902000010014
527 0.953999996185
528 3.0490000248
529 2.99099993706
530 2.93300008774
531 2.88700008392
532 2.83699989319
533 2.78299999237
534 2.742000103
535 2.70600008965
536 2.97199988365
537 2.90799999237
538 0.0
539 0.0
540 0.0
