0 4.48600006104
1 4.42899990082
2 4.44500017166
3 4.47300004959
4 4.53499984741
5 4.65399980545
6 4.67899990082
7 4.69600009918
8 4.72800016403
9 4.75899982452
10 4.79899978638
11 4.8220000267
12 4.86299991608
13 4.87900018692
14 4.91900014877
15 4.92700004578
16 4.83099985123
17 4.85599994659
18 4.87400007248
19 4.96600008011
20 5.14099979401
21 5.19099998474
22 5.22800016403
23 5.27500009537
24 5.30800008774
25 5.3639998436
26 5.40999984741
27 5.44199991226
28 5.50099992752
29 5.54799985886
30 5.58500003815
31 5.64300012589
32 5.68300008774
33 0.0
34 17.1469993591
35 17.1310005188
36 17.1529998779
37 0.0
38 0.0
39 0.0
40 17.2450008392
41 17.1739997864
42 17.0669994354
43 17.0149993896
44 16.5200004578
45 16.5450000763
46 16.5289993286
47 13.1529998779
48 13.0670003891
49 12.3339996338
50 11.9549999237
51 11.5860004425
52 11.5959997177
53 11.640999794
54 11.6219997406
55 11.3559999466
56 10.9809999466
57 10.4589996338
58 10.1040000916
59 8.32400035858
60 8.35400009155
61 8.21000003815
62 7.91499996185
63 7.62900018692
64 7.4470000267
65 7.2389998436
66 7.06199979782
67 6.90500020981
68 6.78900003433
69 6.78000020981
70 6.8060002327
71 6.82499980927
72 6.84800004959
73 6.87400007248
74 6.78100013733
75 6.64099979401
76 6.49700021744
77 6.375
78 6.26999998093
79 6.14599990845
80 5.20499992371
81 4.97200012207
82 4.867000103
83 4.76399993896
84 4.68499994278
85 4.59600019455
86 4.54400014877
87 4.46899986267
88 4.41099977493
89 4.34499979019
90 4.25199985504
91 4.21600008011
92 4.16099977493
93 4.11299991608
94 4.01599979401
95 3.96799993515
96 3.91799998283
97 3.875
98 3.84400010109
99 3.79399991035
100 3.78299999237
101 3.79299998283
102 3.81399989128
103 3.83699989319
104 3.87700009346
105 3.91499996185
106 3.94600009918
107 3.95399999619
108 3.91899991035
109 3.89599990845
110 3.83699989319
111 3.80399990082
112 3.75600004196
113 3.72799992561
114 3.69199991226
115 3.65899991989
116 3.61400008202
117 3.59800004959
118 3.55500006676
119 3.52800011635
120 3.49699997902
121 3.46700000763
122 3.44899988174
123 3.40100002289
124 3.40599989891
125 3.38400006294
126 3.42199993134
127 3.46300005913
128 3.48699998856
129 3.52600002289
130 3.56900000572
131 3.60700011253
132 3.66400003433
133 4.00600004196
134 4.0529999733
135 4.09000015259
136 4.125
137 4.16200017929
138 4.17700004578
139 4.22200012207
140 4.22300004959
141 4.28399991989
142 4.30499982834
143 4.32800006866
144 4.38700008392
145 4.40299987793
146 4.46999979019
147 4.48000001907
148 4.50899982452
149 4.51300001144
150 4.54799985886
151 4.20399999619
152 4.31500005722
153 4.57499980927
154 3.27999997139
155 3.42600011826
156 4.70399999619
157 4.57700014114
158 4.55700016022
159 4.79199981689
160 4.82299995422
161 4.85900020599
162 4.90199995041
163 4.93400001526
164 4.95399999619
165 4.99100017548
166 5.02199983597
167 5.03000020981
168 3.15700006485
169 3.22499990463
170 3.36800003052
171 4.10599994659
172 4.91599988937
173 4.87599992752
174 4.85799980164
175 4.82899999619
176 4.81599998474
177 4.80900001526
178 4.82800006866
179 4.84499979019
180 4.86899995804
181 4.89200019836
182 4.81500005722
183 5.3060002327
184 5.46299982071
185 5.47100019455
186 5.48799991608
187 5.51000022888
188 4.59700012207
189 4.58400011063
190 5.55399990082
191 5.59000015259
192 3.632999897
193 3.51900005341
194 4.07700014114
195 4.03399991989
196 5.69799995422
197 5.70399999619
198 5.72700023651
199 5.75
200 5.78700017929
201 5.80499982834
202 5.82999992371
203 5.82499980927
204 5.84000015259
205 5.85099983215
206 5.875
207 5.89200019836
208 5.88800001144
209 5.90199995041
210 5.92199993134
211 5.9439997673
212 5.95399999619
213 5.96500015259
214 5.98400020599
215 5.98199987411
216 6.00600004196
217 6.03299999237
218 6.04899978638
219 6.07100009918
220 6.07899999619
221 6.07100009918
222 6.09499979019
223 6.09899997711
224 6.08300018311
225 6.10400009155
226 6.10099983215
227 6.11100006104
228 6.15100002289
229 6.14599990845
230 6.15500020981
231 6.15799999237
232 6.15999984741
233 6.17399978638
234 6.20599985123
235 6.21700000763
236 6.22300004959
237 6.22599983215
238 6.22900009155
239 6.21899986267
240 6.21700000763
241 6.21600008011
242 6.21500015259
243 6.22300004959
244 6.22700023651
245 6.23099994659
246 6.24499988556
247 6.25899982452
248 6.24599981308
249 6.22399997711
250 6.2389998436
251 6.24499988556
252 6.26999998093
253 6.26499986649
254 6.257999897
255 6.25400018692
256 6.28000020981
257 6.26499986649
258 6.25699996948
259 6.23099994659
260 6.23500013351
261 6.22800016403
262 6.23299980164
263 6.23500013351
264 6.21700000763
265 6.23299980164
266 6.23600006104
267 6.21099996567
268 6.20399999619
269 6.22599983215
270 6.20800018311
271 6.21099996567
272 6.21400022507
273 6.12300014496
274 5.84000015259
275 5.78900003433
276 5.73500013351
277 5.72200012207
278 5.71299982071
279 5.71000003815
280 5.73199987411
281 5.77600002289
282 5.79300022125
283 5.95599985123
284 6.08599996567
285 6.08199977875
286 6.0640001297
287 6.04400014877
288 6.05700016022
289 6.03700017929
290 6.02699995041
291 6.00699996948
292 5.99499988556
293 5.29799985886
294 5.0640001297
295 5.01700019836
296 5.01499986649
297 5.02600002289
298 5.01399993896
299 5.0110001564
300 5.00400018692
301 5.10099983215
302 5.65500020981
303 5.26700019836
304 5.132999897
305 5.20599985123
306 5.29300022125
307 5.29400014877
308 5.22300004959
309 5.13199996948
310 5.242000103
311 5.54099988937
312 5.64499998093
313 5.61999988556
314 5.60300016403
315 5.58500003815
316 5.5640001297
317 5.53100013733
318 5.51800012589
319 5.32600021362
320 5.10900020599
321 5.45200014114
322 5.45100021362
323 5.44000005722
324 5.40500020981
325 5.39300012589
326 5.36499977112
327 5.32499980927
328 5.29600000381
329 4.36999988556
330 4.04699993134
331 4.10300016403
332 4.99800014496
333 5.17100000381
334 5.13500022888
335 5.11800003052
336 5.09399986267
337 5.07100009918
338 5.03999996185
339 5.01700019836
340 4.94000005722
341 4.80800008774
342 4.95200014114
343 4.9359998703
344 4.89799976349
345 4.87799978256
346 4.8220000267
347 4.69799995422
348 4.55499982834
349 4.72300004959
350 4.69500017166
351 4.66900014877
352 4.64099979401
353 4.62400007248
354 4.59499979019
355 4.57600021362
356 4.30499982834
357 4.35500001907
358 4.48500013351
359 4.47200012207
360 4.42999982834
361 4.42100000381
362 4.38000011444
363 4.35900020599
364 4.32600021362
365 4.28499984741
366 4.25600004196
367 4.18400001526
368 4.15600013733
369 4.13399982452
370 4.11800003052
371 4.07999992371
372 4.04400014877
373 4.02400016785
374 4.00099992752
375 3.95900011063
376 3.94000005722
377 3.90100002289
378 3.85700011253
379 3.83899998665
380 3.8029999733
381 3.71399998665
382 3.63800001144
383 3.59400010109
384 3.55599999428
385 3.52999997139
386 3.4849998951
387 3.45700001717
388 3.43400001526
389 3.39100003242
390 3.34999990463
391 3.32999992371
392 3.31100010872
393 3.27699995041
394 3.24300003052
395 3.27699995041
396 3.28699994087
397 3.32999992371
398 3.35800004005
399 3.40599989891
400 3.44099998474
401 3.48399996758
402 3.51099991798
403 3.55399990082
404 3.58299994469
405 3.62800002098
406 3.66599988937
407 3.71600008011
408 3.72699999809
409 3.78600001335
410 3.83100008965
411 3.89199995995
412 3.94199991226
413 3.97900009155
414 4.04300022125
415 4.11800003052
416 4.17199993134
417 4.24100017548
418 4.30200004578
419 4.37900018692
420 4.43200016022
421 4.49399995804
422 4.59899997711
423 4.65000009537
424 4.73799991608
425 4.80399990082
426 4.90999984741
427 5.01399993896
428 5.10799980164
429 5.20800018311
430 5.31599998474
431 5.41200017929
432 5.51700019836
433 5.64099979401
434 5.75400018692
435 5.88500022888
436 6.01800012589
437 6.16900014877
438 6.3220000267
439 6.48199987411
440 6.48999977112
441 6.60200023651
442 6.48600006104
443 3.06699991226
444 3.04800009727
445 3.04200005531
446 3.03399991989
447 3.02500009537
448 3.01399993896
449 2.99900007248
450 2.992000103
451 2.9960000515
452 2.98900008202
453 2.96700000763
454 2.97799992561
455 2.97300004959
456 2.95799994469
457 2.95399999619
458 2.95000004768
459 2.95000004768
460 2.96000003815
461 2.94099998474
462 2.92700004578
463 2.93400001526
464 2.93099999428
465 2.93400001526
466 2.91499996185
467 2.91499996185
468 2.92899990082
469 2.90599989891
470 2.66000008583
471 2.65300011635
472 2.64100003242
473 2.66000008583
474 0.944000005722
475 0.716000020504
476 0.688000023365
477 0.92199999094
478 2.65100002289
479 2.6400001049
480 2.65199995041
481 2.63100004196
482 2.64700007439
483 2.65199995041
484 2.65799999237
485 2.65300011635
486 2.66400003433
487 2.66599988937
488 2.66799998283
489 2.6779999733
490 2.81999993324
491 2.94899988174
492 2.94400000572
493 2.9430000782
494 2.93600010872
495 2.93499994278
496 2.94799995422
497 2.96700000763
498 2.9509999752
499 2.95399999619
500 2.95300006866
501 2.96000003815
502 2.97099995613
503 2.99099993706
504 2.98000001907
505 2.98900008202
506 3.02099990845
507 3.00600004196
508 3.02500009537
509 3.03600001335
510 3.02600002289
511 3.05100011826
512 3.04399991035
513 3.06999993324
514 3.0720000267
515 3.09400010109
516 3.09400010109
517 3.08899998665
518 3.10299992561
519 3.10400009155
520 3.13700008392
521 3.13899993896
522 3.13800001144
523 3.16700005531
524 0.925999999046
525 0.902000010014
526 0.899999976158
527 0.944000005722
528 3.02600002289
529 2.97499990463
530 2.9319999218
531 2.867000103
532 2.81599998474
533 2.77999997139
534 2.72399997711
535 2.71099996567
536 2.95499992371
537 2.89899992943
538 0.0
539 0.0
540 0.0
