0 4.5
1 4.42100000381
2 4.43699979782
3 4.47499990463
4 4.53299999237
5 4.64499998093
6 4.68200016022
7 4.69500017166
8 4.72700023651
9 4.757999897
10 4.78999996185
11 4.81799983978
12 4.86800003052
13 4.89499998093
14 4.92299985886
15 4.92000007629
16 4.83799982071
17 4.84600019455
18 4.867000103
19 4.96099996567
20 5.13500022888
21 5.18400001526
22 5.22499990463
23 5.27099990845
24 5.30499982834
25 5.35500001907
26 5.40299987793
27 5.45100021362
28 5.49300003052
29 5.53499984741
30 5.59600019455
31 5.63899993896
32 5.64799976349
33 0.0
34 17.1529998779
35 17.1480007172
36 17.1490001678
37 0.0
38 0.0
39 0.0
40 17.2229995728
41 17.1760005951
42 17.0650005341
43 16.9939994812
44 16.531999588
45 16.5359992981
46 16.5109996796
47 13.1510000229
48 13.0629997253
49 12.3310003281
50 11.9280004501
51 11.5889997482
52 11.6040000916
53 11.623000145
54 11.6210002899
55 11.3509998322
56 11.0
57 10.4580001831
58 10.0970001221
59 8.34200000763
60 8.33800029755
61 8.1859998703
62 7.91499996185
63 7.63700008392
64 7.45399999619
65 7.25299978256
66 7.05800008774
67 6.90100002289
68 6.78599977493
69 6.76700019836
70 6.80100011826
71 6.82899999619
72 6.84000015259
73 6.87699985504
74 6.78999996185
75 6.63500022888
76 6.50899982452
77 6.382999897
78 6.26399993896
79 6.13500022888
80 5.23999977112
81 4.95599985123
82 4.84200000763
83 4.77400016785
84 4.67399978638
85 4.60900020599
86 4.54099988937
87 4.45399999619
88 4.382999897
89 4.31799983978
90 4.26900005341
91 4.21500015259
92 4.17100000381
93 4.09999990463
94 4.01700019836
95 3.97099995613
96 3.93799996376
97 3.86100006104
98 3.83999991417
99 3.78299999237
100 3.75600004196
101 3.78299999237
102 3.82800006866
103 3.84400010109
104 3.86400008202
105 3.89599990845
106 3.93899989128
107 3.96700000763
108 3.92300009727
109 3.87299990654
110 3.83100008965
111 3.78299999237
112 3.76600003242
113 3.73699998856
114 3.69000005722
115 3.64899992943
116 3.61299991608
117 3.59100008011
118 3.55800008774
119 3.5150001049
120 3.48799991608
121 3.45799994469
122 3.44400000572
123 3.42600011826
124 3.40300011635
125 3.3900001049
126 3.42100000381
127 3.45000004768
128 3.48399996758
129 3.51900005341
130 3.55599999428
131 3.60700011253
132 3.6779999733
133 4.02899980545
134 4.0689997673
135 4.07800006866
136 4.09999990463
137 4.15600013733
138 4.18499994278
139 4.21500015259
140 4.24300003052
141 4.26700019836
142 4.3140001297
143 4.36100006104
144 4.375
145 4.40700006485
146 4.45200014114
147 4.48500013351
148 4.51499986649
149 4.50299978256
150 4.53399991989
151 4.20200014114
152 4.29099988937
153 4.59000015259
154 3.23799991608
155 3.4279999733
156 4.70699977875
157 4.59399986267
158 4.56300020218
159 4.79600000381
160 4.82899999619
161 4.86100006104
162 4.89499998093
163 4.92199993134
164 4.95800018311
165 4.99300003052
166 5.01999998093
167 5.03999996185
168 3.13199996948
169 3.21499991417
170 3.35599994659
171 4.12200021744
172 4.91200017929
173 4.88100004196
174 4.84899997711
175 4.82499980927
176 4.82999992371
177 4.80999994278
178 4.82700014114
179 4.84700012207
180 4.86100006104
181 4.89400005341
182 4.81799983978
183 5.3220000267
184 5.45599985123
185 5.46999979019
186 5.49100017548
187 5.51599979401
188 4.59700012207
189 4.57800006866
190 5.57100009918
191 5.59100008011
192 3.64100003242
193 3.52200007439
194 4.05700016022
195 4.05800008774
196 5.6939997673
197 5.71000003815
198 5.73799991608
199 5.76000022888
200 5.77199983597
201 5.79699993134
202 5.8220000267
203 5.82100009918
204 5.82700014114
205 5.83599996567
206 5.85500001907
207 5.87799978256
208 5.8860001564
209 5.89699983597
210 5.91699981689
211 5.93699979782
212 5.95300006866
213 5.96600008011
214 5.97100019455
215 5.99399995804
216 6.01599979401
217 6.03800010681
218 6.05499982834
219 6.05800008774
220 6.0720000267
221 6.06799983978
222 6.07299995422
223 6.09000015259
224 6.10400009155
225 6.11600017548
226 6.10500001907
227 6.13500022888
228 6.132999897
229 6.14300012589
230 6.14300012589
231 6.16499996185
232 6.18800020218
233 6.1859998703
234 6.20599985123
235 6.19899988174
236 6.22900009155
237 6.22499990463
238 6.22900009155
239 6.21500015259
240 6.21099996567
241 6.22599983215
242 6.21899986267
243 6.23299980164
244 6.24800014496
245 6.25099992752
246 6.24300003052
247 6.21600008011
248 6.2389998436
249 6.23199987411
250 6.24300003052
251 6.24900007248
252 6.2610001564
253 6.26599979401
254 6.27899980545
255 6.27699995041
256 6.26399993896
257 6.24300003052
258 6.25500011444
259 6.24300003052
260 6.23500013351
261 6.24800014496
262 6.22300004959
263 6.24300003052
264 6.22100019455
265 6.21099996567
266 6.21700000763
267 6.21400022507
268 6.20100021362
269 6.20100021362
270 6.20800018311
271 6.21700000763
272 6.21700000763
273 6.14799976349
274 5.85400009155
275 5.77799987793
276 5.74499988556
277 5.72900009155
278 5.71299982071
279 5.72599983215
280 5.73500013351
281 5.76999998093
282 5.80999994278
283 5.95399999619
284 6.07700014114
285 6.05800008774
286 6.05100011826
287 6.04099988937
288 6.06199979782
289 6.0560002327
290 6.03599977493
291 6.01999998093
292 5.97599983215
293 5.29300022125
294 5.04500007629
295 5.02199983597
296 5.03100013733
297 5.02500009537
298 5.01700019836
299 5.01300001144
300 5.01200008392
301 5.09999990463
302 5.61999988556
303 5.25699996948
304 5.13000011444
305 5.19500017166
306 5.29099988937
307 5.29199981689
308 5.21400022507
309 5.132999897
310 5.2389998436
311 5.53900003433
312 5.64300012589
313 5.62099981308
314 5.61199998856
315 5.57600021362
316 5.54500007629
317 5.53299999237
318 5.52199983597
319 5.33300018311
320 5.10400009155
321 5.45300006866
322 5.44199991226
323 5.43200016022
324 5.41400003433
325 5.39300012589
326 5.35099983215
327 5.32800006866
328 5.29899978638
329 4.38399982452
330 4.03100013733
331 4.10799980164
332 5.02600002289
333 5.16699981689
334 5.14400005341
335 5.11800003052
336 5.08799982071
337 5.06500005722
338 5.03900003433
339 5.01300001144
340 4.94799995422
341 4.81199979782
342 4.95499992371
343 4.93200016022
344 4.90899991989
345 4.87400007248
346 4.82100009918
347 4.6970000267
348 4.5689997673
349 4.73299980164
350 4.69500017166
351 4.67600011826
352 4.65299987793
353 4.62300014496
354 4.57299995422
355 4.54400014877
356 4.32299995422
357 4.34899997711
358 4.48999977112
359 4.45499992371
360 4.43499994278
361 4.41200017929
362 4.38399982452
363 4.32899999619
364 4.30499982834
365 4.26900005341
366 4.24100017548
367 4.19600009918
368 4.15500020981
369 4.13000011444
370 4.09399986267
371 4.0720000267
372 4.04500007629
373 4.02299976349
374 3.96300005913
375 3.96000003815
376 3.92899990082
377 3.8900001049
378 3.86199998856
379 3.86199998856
380 3.81200003624
381 3.71700000763
382 3.63199996948
383 3.60400009155
384 3.5490000248
385 3.52800011635
386 3.49799990654
387 3.46300005913
388 3.4240000248
389 3.38000011444
390 3.36500000954
391 3.34100008011
392 3.29800009727
393 3.26900005341
394 3.24499988556
395 3.25500011444
396 3.2990000248
397 3.34299993515
398 3.35199999809
399 3.39499998093
400 3.43099999428
401 3.47399997711
402 3.51399993896
403 3.55900001526
404 3.57800006866
405 3.63499999046
406 3.68799996376
407 3.71700000763
408 3.73300004005
409 3.78999996185
410 3.82899999619
411 3.88400006294
412 3.93499994278
413 3.99300003052
414 4.07000017166
415 4.13000011444
416 4.17899990082
417 4.24300003052
418 4.3109998703
419 4.382999897
420 4.44799995422
421 4.51399993896
422 4.57100009918
423 4.65100002289
424 4.72399997711
425 4.81699991226
426 4.91300010681
427 5.01499986649
428 5.10699987411
429 5.20399999619
430 5.31500005722
431 5.42199993134
432 5.52799987793
433 5.63700008392
434 5.76300001144
435 5.88000011444
436 6.00699996948
437 6.17600011826
438 6.29199981689
439 6.47100019455
440 6.49499988556
441 6.59700012207
442 6.42199993134
443 3.08299994469
444 3.04600000381
445 3.04399991035
446 3.02900004387
447 3.02800011635
448 3.01300001144
449 3.00200009346
450 2.992000103
451 2.99099993706
452 2.99300003052
453 2.98799991608
454 3.00099992752
455 2.96600008011
456 2.97399997711
457 2.96799993515
458 2.96700000763
459 2.94499993324
460 2.95199990273
461 2.94499993324
462 2.95700001717
463 2.9319999218
464 2.94000005722
465 2.94499993324
466 2.9279999733
467 2.93099999428
468 2.90799999237
469 2.90700006485
470 2.67100000381
471 2.65199995041
472 2.63400006294
473 2.64199995995
474 0.952000021935
475 0.709999978542
476 0.713999986649
477 0.907000005245
478 2.64499998093
479 2.64199995995
480 2.65000009537
481 2.64400005341
482 2.64899992943
483 2.67199993134
484 2.65000009537
485 2.65700006485
486 2.66400003433
487 2.64100003242
488 2.66199994087
489 2.67300009727
490 2.83599996567
491 2.92600011826
492 2.93400001526
493 2.93499994278
494 2.94400000572
495 2.95000004768
496 2.96000003815
497 2.94400000572
498 2.95700001717
499 2.97600007057
500 2.96600008011
501 2.97600007057
502 2.97799992561
503 2.99499988556
504 2.98600006104
505 2.9849998951
506 2.99900007248
507 3.00500011444
508 3.00999999046
509 3.04200005531
510 3.03600001335
511 3.03500008583
512 3.06299996376
513 3.05900001526
514 3.08200001717
515 3.07699990273
516 3.08800005913
517 3.10899996758
518 3.11199998856
519 3.1289999485
520 3.117000103
521 3.14599990845
522 3.16100001335
523 3.15899991989
524 0.920000016689
525 0.916999995708
526 0.910000026226
527 0.933000028133
528 3.04399991035
529 2.98099994659
530 2.93899989128
531 2.882999897
532 2.82699990273
533 2.76999998093
534 2.72499990463
535 2.70600008965
536 2.93600010872
537 2.91300010681
538 0.0
539 0.0
540 0.0
