0 4.51300001144
1 4.43800020218
2 4.4390001297
3 4.45800018311
4 4.53800010681
5 4.66300010681
6 4.68200016022
7 4.71799993515
8 4.73699998856
9 4.77299976349
10 4.79699993134
11 4.8220000267
12 4.85900020599
13 4.90000009537
14 4.92500019073
15 4.9279999733
16 4.84899997711
17 4.84499979019
18 4.86800003052
19 4.96500015259
20 5.14300012589
21 5.18800020218
22 5.22100019455
23 5.27699995041
24 5.32100009918
25 5.34899997711
26 5.41300010681
27 5.44999980927
28 5.51200008392
29 5.5529999733
30 5.59100008011
31 5.64799976349
32 5.66400003433
33 0.0
34 17.1340007782
35 17.1469993591
36 17.1509990692
37 0.0
38 0.0
39 0.0
40 17.2399997711
41 17.1730003357
42 17.0720005035
43 17.013999939
44 16.5230007172
45 16.5499992371
46 16.5100002289
47 13.156999588
48 13.0869998932
49 12.3339996338
50 11.9420003891
51 11.5909996033
52 11.6129999161
53 11.6330003738
54 11.6300001144
55 11.3509998322
56 10.9870004654
57 10.4619998932
58 10.0839996338
59 8.30000019073
60 8.33899974823
61 8.20300006866
62 7.92299985886
63 7.64699983597
64 7.46299982071
65 7.23799991608
66 7.06300020218
67 6.89900016785
68 6.79799985886
69 6.77600002289
70 6.8140001297
71 6.82899999619
72 6.85099983215
73 6.88399982452
74 6.80000019073
75 6.65299987793
76 6.52199983597
77 6.40199995041
78 6.27500009537
79 6.15000009537
80 5.22499990463
81 4.96600008011
82 4.85699987411
83 4.77299976349
84 4.69099998474
85 4.61600017548
86 4.5110001564
87 4.47100019455
88 4.40700006485
89 4.31500005722
90 4.26900005341
91 4.21099996567
92 4.14200019836
93 4.12300014496
94 4.03599977493
95 3.98000001907
96 3.92899990082
97 3.88599991798
98 3.82500004768
99 3.78500008583
100 3.76900005341
101 3.78600001335
102 3.81699991226
103 3.85500001907
104 3.87800002098
105 3.91300010681
106 3.92199993134
107 3.96199989319
108 3.90400004387
109 3.8900001049
110 3.84599995613
111 3.80800008774
112 3.76900005341
113 3.74499988556
114 3.69199991226
115 3.66199994087
116 3.63899993896
117 3.58899998665
118 3.5680000782
119 3.51399993896
120 3.5039999485
121 3.47499990463
122 3.4509999752
123 3.41199994087
124 3.38800001144
125 3.38199996948
126 3.42499995232
127 3.45900011063
128 3.48099994659
129 3.53900003433
130 3.5759999752
131 3.61899995804
132 3.67899990082
133 4.03000020981
134 4.04699993134
135 4.09299993515
136 4.117000103
137 4.15100002289
138 4.18300008774
139 4.21500015259
140 4.2610001564
141 4.28399991989
142 4.30800008774
143 4.34000015259
144 4.3860001564
145 4.4359998703
146 4.45599985123
147 4.4889998436
148 4.51599979401
149 4.54099988937
150 4.54899978638
151 4.18400001526
152 4.29799985886
153 0.0
154 3.29099988937
155 3.40700006485
156 4.72399997711
157 4.59100008011
158 4.57100009918
159 4.80000019073
160 4.82700014114
161 4.8639998436
162 4.89099979401
163 4.92500019073
164 4.96600008011
165 5.00199985504
166 5.02600002289
167 5.03700017929
168 3.15799999237
169 3.21900010109
170 3.36899995804
171 4.10599994659
172 4.92000007629
173 4.86999988556
174 4.84700012207
175 4.83799982071
176 4.81199979782
177 4.82100009918
178 4.82100009918
179 4.84999990463
180 4.88199996948
181 4.89699983597
182 4.82299995422
183 5.31599998474
184 5.45599985123
185 5.48000001907
186 5.50699996948
187 5.52199983597
188 4.61199998856
189 4.56799983978
190 5.56199979782
191 5.57399988174
192 3.64199995995
193 3.54200005531
194 4.0640001297
195 4.05200004578
196 5.69799995422
197 5.72599983215
198 5.73099994659
199 5.75400018692
200 5.78599977493
201 5.79799985886
202 5.81699991226
203 5.8189997673
204 5.83500003815
205 5.86100006104
206 5.87300014496
207 5.87200021744
208 5.90799999237
209 5.90100002289
210 5.92399978638
211 5.92500019073
212 5.95599985123
213 5.97200012207
214 5.99900007248
215 6.00099992752
216 6.03200006485
217 6.02899980545
218 6.05200004578
219 6.08300018311
220 6.08300018311
221 6.09100008011
222 6.08799982071
223 6.10400009155
224 6.1139998436
225 6.12099981308
226 6.11600017548
227 6.11199998856
228 6.12300014496
229 6.15399980545
230 6.15600013733
231 6.17399978638
232 6.18499994278
233 6.19199991226
234 6.21099996567
235 6.20300006866
236 6.20699977875
237 6.21400022507
238 6.22300004959
239 6.23699998856
240 6.21799993515
241 6.23799991608
242 6.25199985504
243 6.23000001907
244 6.22499990463
245 6.25
246 6.22599983215
247 6.2389998436
248 6.24599981308
249 6.24900007248
250 6.26599979401
251 6.25
252 6.27199983597
253 6.27899980545
254 6.27699995041
255 6.27699995041
256 6.28000020981
257 6.26700019836
258 6.25
259 6.23400020599
260 6.22900009155
261 6.23000001907
262 6.22499990463
263 6.21899986267
264 6.20599985123
265 6.21600008011
266 6.20800018311
267 6.21299982071
268 6.23199987411
269 6.23500013351
270 6.21000003815
271 6.21600008011
272 6.21000003815
273 6.125
274 5.84200000763
275 5.78999996185
276 5.75299978256
277 5.7389998436
278 5.72300004959
279 5.73099994659
280 5.7389998436
281 5.76300001144
282 5.81799983978
283 5.9310002327
284 6.10099983215
285 6.08199977875
286 6.05800008774
287 6.07100009918
288 6.07100009918
289 6.04699993134
290 6.03000020981
291 6.02099990845
292 5.97300004959
293 5.29199981689
294 5.05000019073
295 5.02799987793
296 5.03000020981
297 5.02899980545
298 5.02699995041
299 5.01700019836
300 5.01900005341
301 5.10799980164
302 5.63199996948
303 5.25
304 5.13000011444
305 5.20300006866
306 5.3060002327
307 5.29500007629
308 5.21299982071
309 5.13500022888
310 5.24800014496
311 5.53000020981
312 5.64400005341
313 5.63000011444
314 5.61600017548
315 5.58900022507
316 5.5640001297
317 5.52600002289
318 5.52699995041
319 5.32700014114
320 5.10699987411
321 5.44999980927
322 5.45900011063
323 5.43800020218
324 5.42000007629
325 5.37599992752
326 5.34600019455
327 5.32399988174
328 5.30100011826
329 4.39099979401
330 4.05200004578
331 4.12400007248
332 5.01999998093
333 5.16099977493
334 5.13999986649
335 5.11499977112
336 5.10099983215
337 5.06699991226
338 5.05800008774
339 5.02899980545
340 4.95100021362
341 4.8029999733
342 4.95699977875
343 4.94000005722
344 4.90700006485
345 4.86999988556
346 4.83300018311
347 4.69600009918
348 4.55999994278
349 4.74599981308
350 4.70699977875
351 4.66800022125
352 4.63100004196
353 4.6139998436
354 4.57499980927
355 4.56500005722
356 4.31599998474
357 4.35500001907
358 4.50099992752
359 4.46600008011
360 4.44000005722
361 4.41200017929
362 4.37699985504
363 4.34899997711
364 4.32299995422
365 4.28700017929
366 4.22800016403
367 4.22300004959
368 4.16200017929
369 4.14799976349
370 4.12099981308
371 4.06500005722
372 4.0560002327
373 4.02699995041
374 3.98300004005
375 3.96300005913
376 3.93300008774
377 3.90300011635
378 3.87599992752
379 3.85599994659
380 3.83500003815
381 3.72399997711
382 3.63100004196
383 3.59500002861
384 3.5529999733
385 3.54299998283
386 3.50200009346
387 3.46499991417
388 3.42700004578
389 3.38199996948
390 3.3789999485
391 3.35500001907
392 3.29500007629
393 3.28500008583
394 3.27099990845
395 3.26900005341
396 3.29099988937
397 3.3220000267
398 3.36800003052
399 3.41199994087
400 3.44400000572
401 3.48000001907
402 3.5039999485
403 3.54800009727
404 3.60299992561
405 3.64599990845
406 3.69899988174
407 3.71700000763
408 3.74900007248
409 3.78500008583
410 3.81500005722
411 3.8900001049
412 3.95199990273
413 3.99300003052
414 4.06699991226
415 4.12599992752
416 4.16699981689
417 4.22599983215
418 4.30399990082
419 4.38100004196
420 4.45200014114
421 4.53399991989
422 4.60400009155
423 4.66200017929
424 4.70599985123
425 4.8060002327
426 4.91599988937
427 5.01599979401
428 5.11499977112
429 5.21299982071
430 5.3189997673
431 5.42500019073
432 5.53000020981
433 5.65700006485
434 5.74900007248
435 5.88199996948
436 6.01200008392
437 6.17000007629
438 6.32600021362
439 6.47499990463
440 6.49599981308
441 6.59999990463
442 6.47499990463
443 3.11100006104
444 3.0490000248
445 3.04699993134
446 3.03999996185
447 3.04800009727
448 3.03500008583
449 3.0150001049
450 2.99399995804
451 3.00500011444
452 2.99399995804
453 2.97600007057
454 2.98600006104
455 2.98900008202
456 2.96700000763
457 2.96099996567
458 2.97699999809
459 2.9470000267
460 2.95000004768
461 2.96000003815
462 2.9430000782
463 2.9509999752
464 2.94600009918
465 2.92700004578
466 2.92899990082
467 2.94400000572
468 2.92100000381
469 2.90799999237
470 2.65499997139
471 2.63800001144
472 2.64199995995
473 2.65199995041
474 0.944000005722
475 0.712000012398
476 0.700999975204
477 0.934000015259
478 2.65899991989
479 2.63700008392
480 2.63499999046
481 2.64800000191
482 2.64899992943
483 2.65100002289
484 2.66599988937
485 2.6740000248
486 2.68499994278
487 2.67000007629
488 2.6819999218
489 2.68899989128
490 2.82299995422
491 2.95300006866
492 2.93700003624
493 2.95399999619
494 2.94099998474
495 2.96199989319
496 2.94600009918
497 2.94899988174
498 2.95399999619
499 2.97199988365
500 2.97399997711
501 2.98799991608
502 2.97600007057
503 2.98200011253
504 3.007999897
505 2.99900007248
506 3.01200008392
507 3.00900006294
508 3.01200008392
509 3.04299998283
510 3.06100010872
511 3.05900001526
512 3.05399990082
513 3.07899999619
514 3.06599998474
515 3.09699988365
516 3.09999990463
517 3.09899997711
518 3.10800004005
519 3.13700008392
520 3.11999988556
521 3.132999897
522 3.16100001335
523 3.17700004578
524 0.934000015259
525 0.908999979496
526 0.919000029564
527 0.93599998951
528 3.04200005531
529 2.98900008202
530 2.9240000248
531 2.8789999485
532 2.83400011063
533 2.77999997139
534 2.72699999809
535 2.71499991417
536 2.9509999752
537 2.9430000782
538 0.0
539 0.0
540 0.0
