0 4.50299978256
1 4.42000007629
2 4.43699979782
3 4.44999980927
4 4.53100013733
5 4.64799976349
6 4.67999982834
7 4.71700000763
8 4.72900009155
9 4.76399993896
10 4.78999996185
11 4.81699991226
12 4.85900020599
13 4.89400005341
14 4.92700004578
15 4.9359998703
16 4.84499979019
17 4.83599996567
18 4.88000011444
19 4.95800018311
20 5.13199996948
21 5.18400001526
22 5.22499990463
23 5.26599979401
24 5.3140001297
25 5.34200000763
26 5.39200019836
27 5.45100021362
28 5.507999897
29 5.53700017929
30 5.58699989319
31 5.63500022888
32 5.65799999237
33 0.0
34 17.1550006866
35 17.1399993896
36 17.1499996185
37 0.0
38 0.0
39 0.0
40 17.2399997711
41 17.1650009155
42 17.0729999542
43 16.9950008392
44 16.517999649
45 16.5289993286
46 16.5230007172
47 13.1770000458
48 13.0719995499
49 12.3229999542
50 11.9479999542
51 11.5880002975
52 11.593000412
53 11.6210002899
54 11.6199998856
55 11.357000351
56 10.9899997711
57 10.4460000992
58 10.0799999237
59 8.33199977875
60 8.33500003815
61 8.19299983978
62 7.91200017929
63 7.64499998093
64 7.45300006866
65 7.24300003052
66 7.0640001297
67 6.89300012589
68 6.78299999237
69 6.77099990845
70 6.80800008774
71 6.82299995422
72 6.84899997711
73 6.87300014496
74 6.80100011826
75 6.64599990845
76 6.52199983597
77 6.375
78 6.27699995041
79 6.14099979401
80 5.21999979019
81 4.96700000763
82 4.85599994659
83 4.77099990845
84 4.68300008774
85 4.60500001907
86 4.51300001144
87 4.44500017166
88 4.39400005341
89 4.32800006866
90 4.28100013733
91 4.20499992371
92 4.16099977493
93 4.11600017548
94 4.03700017929
95 3.99099993706
96 3.93000006676
97 3.88000011444
98 3.82299995422
99 3.77600002289
100 3.75600004196
101 3.80399990082
102 3.80900001526
103 3.84800004959
104 3.87299990654
105 3.90499997139
106 3.91700005531
107 3.94499993324
108 3.92700004578
109 3.86599993706
110 3.83500003815
111 3.79399991035
112 3.76399993896
113 3.71199989319
114 3.70900011063
115 3.66300010681
116 3.61800003052
117 3.59299993515
118 3.53999996185
119 3.52099990845
120 3.48699998856
121 3.48000001907
122 3.4470000267
123 3.40000009537
124 3.40899991989
125 3.3900001049
126 3.41499996185
127 3.45000004768
128 3.48699998856
129 3.52699995041
130 3.56100010872
131 3.61199998856
132 3.66599988937
133 4.03200006485
134 4.0529999733
135 4.06799983978
136 4.09899997711
137 4.14200019836
138 4.16400003433
139 4.21700000763
140 4.25500011444
141 4.28200006485
142 4.32299995422
143 4.33099985123
144 4.3639998436
145 4.40399980545
146 4.45699977875
147 4.49300003052
148 4.51300001144
149 4.52699995041
150 4.55100011826
151 4.19799995422
152 4.30499982834
153 4.57800006866
154 3.26600003242
155 3.42100000381
156 4.71500015259
157 4.60400009155
158 4.54199981689
159 4.79300022125
160 4.81799983978
161 4.86999988556
162 4.90100002289
163 4.92000007629
164 4.95100021362
165 4.992000103
166 5.02199983597
167 5.03800010681
168 3.13499999046
169 3.21700000763
170 3.3599998951
171 4.09899997711
172 4.90899991989
173 4.88199996948
174 4.85400009155
175 4.83199977875
176 4.81300020218
177 4.81300020218
178 4.82600021362
179 4.83699989319
180 4.85799980164
181 4.90000009537
182 4.82399988174
183 5.3140001297
184 5.45800018311
185 5.48000001907
186 5.48299980164
187 5.50899982452
188 4.57899999619
189 4.57899999619
190 5.55800008774
191 5.58799982071
192 3.63499999046
193 3.51900005341
194 4.06799983978
195 4.03100013733
196 5.69099998474
197 5.71099996567
198 5.74100017548
199 5.74300003052
200 5.77799987793
201 5.80399990082
202 5.8060002327
203 5.8189997673
204 5.83900022507
205 5.83900022507
206 5.86999988556
207 5.875
208 5.88800001144
209 5.90199995041
210 5.90999984741
211 5.92000007629
212 5.94299983978
213 5.96099996567
214 5.97300004959
215 5.9889998436
216 6.00099992752
217 6.02600002289
218 6.04400014877
219 6.05200004578
220 6.05499982834
221 6.09700012207
222 6.08500003815
223 6.09499979019
224 6.10900020599
225 6.11499977112
226 6.12300014496
227 6.132999897
228 6.13800001144
229 6.12599992752
230 6.14099979401
231 6.15999984741
232 6.18300008774
233 6.19199991226
234 6.19799995422
235 6.21799993515
236 6.21799993515
237 6.21600008011
238 6.21899986267
239 6.21400022507
240 6.22900009155
241 6.22499990463
242 6.22300004959
243 6.2389998436
244 6.21299982071
245 6.21799993515
246 6.23299980164
247 6.23199987411
248 6.23400020599
249 6.26200008392
250 6.25699996948
251 6.26300001144
252 6.27099990845
253 6.26900005341
254 6.28100013733
255 6.27500009537
256 6.26999998093
257 6.24100017548
258 6.25
259 6.24399995804
260 6.22399997711
261 6.21600008011
262 6.24399995804
263 6.22300004959
264 6.21299982071
265 6.21500015259
266 6.21700000763
267 6.21600008011
268 6.20699977875
269 6.20300006866
270 6.20800018311
271 6.22100019455
272 6.22399997711
273 6.12799978256
274 5.85400009155
275 5.78900003433
276 5.72900009155
277 5.73299980164
278 5.70200014114
279 5.72800016403
280 5.74599981308
281 5.77299976349
282 5.78900003433
283 5.94299983978
284 6.0689997673
285 6.0720000267
286 6.06599998474
287 6.0689997673
288 6.05399990082
289 6.02799987793
290 6.03200006485
291 6.0
292 5.98600006104
293 5.29600000381
294 5.0689997673
295 5.03399991989
296 5.01900005341
297 5.01499986649
298 5.0110001564
299 5.01900005341
300 5.01700019836
301 5.09399986267
302 5.6360001564
303 5.25099992752
304 5.11800003052
305 5.19899988174
306 5.28499984741
307 5.28499984741
308 5.20300006866
309 5.11999988556
310 5.24100017548
311 5.53800010681
312 5.63999986649
313 5.62300014496
314 5.59399986267
315 5.58199977875
316 5.56199979782
317 5.54699993134
318 5.51300001144
319 5.33300018311
320 5.11100006104
321 5.45800018311
322 5.43499994278
323 5.42100000381
324 5.40199995041
325 5.3860001564
326 5.35300016403
327 5.33500003815
328 5.28499984741
329 4.35500001907
330 4.03200006485
331 4.11800003052
332 5.01599979401
333 5.17100000381
334 5.13000011444
335 5.11299991608
336 5.09800004959
337 5.06799983978
338 5.04400014877
339 5.02600002289
340 4.95100021362
341 4.8140001297
342 4.95599985123
343 4.93200016022
344 4.90899991989
345 4.87099981308
346 4.82800006866
347 4.71299982071
348 4.55399990082
349 4.73699998856
350 4.70800018311
351 4.67199993134
352 4.65000009537
353 4.61899995804
354 4.57800006866
355 4.55999994278
356 4.31300020218
357 4.35400009155
358 4.48000001907
359 4.45300006866
360 4.44600009918
361 4.40500020981
362 4.39900016785
363 4.35900020599
364 4.29199981689
365 4.25699996948
366 4.24100017548
367 4.21500015259
368 4.1810002327
369 4.14499998093
370 4.117000103
371 4.07999992371
372 4.04199981689
373 4.00600004196
374 3.96300005913
375 3.94099998474
376 3.92000007629
377 3.91400003433
378 3.87800002098
379 3.84100008011
380 3.81900000572
381 3.73000001907
382 3.61899995804
383 3.59999990463
384 3.5529999733
385 3.51099991798
386 3.47699999809
387 3.45300006866
388 3.4279999733
389 3.3900001049
390 3.33999991417
391 3.32399988174
392 3.3069999218
393 3.27900004387
394 3.26799988747
395 3.26900005341
396 3.28999996185
397 3.33200001717
398 3.36500000954
399 3.40300011635
400 3.4240000248
401 3.46099996567
402 3.50500011444
403 3.53900003433
404 3.59500002861
405 3.63599991798
406 3.69000005722
407 3.71600008011
408 3.74000000954
409 3.77500009537
410 3.8220000267
411 3.8789999485
412 3.91700005531
413 4.00500011444
414 4.04600000381
415 4.117000103
416 4.16499996185
417 4.24599981308
418 4.29400014877
419 4.35500001907
420 4.44899988174
421 4.49900007248
422 4.58300018311
423 4.65899991989
424 4.73099994659
425 4.80800008774
426 4.89200019836
427 5.00199985504
428 5.09899997711
429 5.1970000267
430 5.30999994278
431 5.41800022125
432 5.51800012589
433 5.63899993896
434 5.75500011444
435 5.87099981308
436 6.01999998093
437 6.15700006485
438 6.28800010681
439 6.45900011063
440 6.48799991608
441 6.59000015259
442 6.45399999619
443 3.07899999619
444 3.03699994087
445 3.04099988937
446 3.02099990845
447 3.00900006294
448 3.00500011444
449 3.0
450 3.00099992752
451 3.0039999485
452 2.98600006104
453 2.99900007248
454 2.96300005913
455 2.96499991417
456 2.95799994469
457 2.95600008965
458 2.97399997711
459 2.96799993515
460 2.94600009918
461 2.94099998474
462 2.93600010872
463 2.92100000381
464 2.94000005722
465 2.91700005531
466 2.92199993134
467 2.93000006676
468 2.92000007629
469 2.90700006485
470 2.66199994087
471 2.63899993896
472 2.6210000515
473 2.64499998093
474 0.950999975204
475 0.695999979973
476 0.705999970436
477 0.917999982834
478 2.65700006485
479 2.64700007439
480 2.65700006485
481 2.64499998093
482 2.65100002289
483 2.64800000191
484 2.65799999237
485 2.65899991989
486 2.65700006485
487 2.66499996185
488 2.66400003433
489 2.67600011826
490 2.83699989319
491 2.91700005531
492 2.93099999428
493 2.92700004578
494 2.93799996376
495 2.93799996376
496 2.94199991226
497 2.96799993515
498 2.96300005913
499 2.97300004959
500 2.95600008965
501 2.96799993515
502 2.97000002861
503 2.97799992561
504 2.992000103
505 3.01600003242
506 2.98900008202
507 3.0039999485
508 3.03099989891
509 3.04099988937
510 3.04600000381
511 3.02500009537
512 3.05800008774
513 3.04500007629
514 3.07999992371
515 3.06900000572
516 3.08500003815
517 3.08200001717
518 3.09400010109
519 3.12599992752
520 3.13400006294
521 3.12800002098
522 3.15799999237
523 3.16799998283
524 0.926999986172
525 0.897000014782
526 0.907000005245
527 0.930999994278
528 3.03699994087
529 2.97099995613
530 2.92700004578
531 2.88100004196
532 2.8220000267
533 2.77200007439
534 2.73600006104
535 2.70799994469
536 2.95600008965
537 2.91199994087
538 0.0
539 0.0
540 0.0
