0 4.52799987793
1 4.42500019073
2 4.42600011826
3 4.47399997711
4 4.53399991989
5 4.64699983597
6 4.6859998703
7 4.69899988174
8 4.74499988556
9 4.76599979401
10 4.80399990082
11 4.83500003815
12 4.85599994659
13 4.90000009537
14 4.92100000381
15 4.93499994278
16 4.84899997711
17 4.85500001907
18 4.87599992752
19 4.97300004959
20 5.13999986649
21 5.19099998474
22 5.23000001907
23 5.26700019836
24 5.31500005722
25 5.34999990463
26 5.40299987793
27 5.45599985123
28 5.49300003052
29 5.54199981689
30 5.58699989319
31 5.6360001564
32 5.65399980545
33 0.0
34 17.1299991608
35 17.142999649
36 17.1319999695
37 0.0
38 0.0
39 0.0
40 17.2409992218
41 17.1690006256
42 17.0659999847
43 17.0079994202
44 16.5310001373
45 16.5429992676
46 16.5189990997
47 13.1579999924
48 13.0920000076
49 12.3249998093
50 11.9420003891
51 11.5819997787
52 11.6079998016
53 11.6289997101
54 11.6219997406
55 11.3400001526
56 11.0010004044
57 10.4449996948
58 10.1079998016
59 8.35499954224
60 8.33399963379
61 8.19600009918
62 7.91200017929
63 7.63700008392
64 7.4439997673
65 7.24300003052
66 7.07100009918
67 6.89799976349
68 6.79300022125
69 6.77199983597
70 6.81300020218
71 6.82800006866
72 6.85599994659
73 6.87300014496
74 6.79500007629
75 6.62200021744
76 6.5
77 6.38000011444
78 6.26399993896
79 6.16099977493
80 5.24599981308
81 4.96999979019
82 4.84800004959
83 4.76599979401
84 4.69000005722
85 4.60900020599
86 4.54300022125
87 4.47100019455
88 4.38500022888
89 4.32399988174
90 4.28399991989
91 4.22200012207
92 4.16099977493
93 4.10300016403
94 4.03700017929
95 3.98399996758
96 3.94000005722
97 3.88800001144
98 3.84200000763
99 3.79800009727
100 3.76799988747
101 3.78800010681
102 3.82399988174
103 3.85299992561
104 3.86999988556
105 3.92199993134
106 3.94400000572
107 3.93300008774
108 3.9240000248
109 3.88199996948
110 3.8599998951
111 3.80200004578
112 3.76900005341
113 3.73200011253
114 3.69400000572
115 3.66700005531
116 3.62400007248
117 3.59699988365
118 3.56500005722
119 3.52800011635
120 3.51099991798
121 3.48799991608
122 3.44400000572
123 3.42700004578
124 3.40700006485
125 3.38800001144
126 3.43700003624
127 3.45399999619
128 3.49399995804
129 3.52399992943
130 3.55200004578
131 3.617000103
132 3.67000007629
133 4.03299999237
134 4.07399988174
135 4.09200000763
136 4.12900018692
137 4.15000009537
138 4.16900014877
139 4.21099996567
140 4.25
141 4.28900003433
142 4.32700014114
143 4.35300016403
144 4.38500022888
145 4.39699983597
146 4.44600009918
147 4.48500013351
148 4.50500011444
149 4.53999996185
150 4.55200004578
151 4.21199989319
152 4.30800008774
153 0.0
154 3.26099991798
155 3.41499996185
156 4.70800018311
157 4.59999990463
158 4.5609998703
159 4.79899978638
160 4.83599996567
161 4.86000013351
162 4.88199996948
163 4.92600011826
164 4.96999979019
165 4.99300003052
166 5.01300001144
167 5.05100011826
168 3.12199997902
169 3.22099995613
170 3.3599998951
171 4.12900018692
172 4.92999982834
173 4.87699985504
174 4.85200023651
175 4.82800006866
176 4.82899999619
177 4.80900001526
178 4.83300018311
179 4.84800004959
180 4.86000013351
181 4.89400005341
182 4.80999994278
183 5.30800008774
184 5.46099996567
185 5.48799991608
186 5.48799991608
187 5.49800014496
188 4.60599994659
189 4.57899999619
190 5.56300020218
191 5.58199977875
192 3.63700008392
193 3.51600003242
194 4.09499979019
195 4.05000019073
196 5.68400001526
197 5.6939997673
198 5.74300003052
199 5.757999897
200 5.77500009537
201 5.78999996185
202 5.8220000267
203 5.82899999619
204 5.84000015259
205 5.84800004959
206 5.86999988556
207 5.88500022888
208 5.90299987793
209 5.91499996185
210 5.92700004578
211 5.9359998703
212 5.95599985123
213 5.98099994659
214 5.97700023651
215 5.99399995804
216 6.02099990845
217 6.04500007629
218 6.05800008774
219 6.06699991226
220 6.08099985123
221 6.08500003815
222 6.08099985123
223 6.08300018311
224 6.11299991608
225 6.117000103
226 6.10400009155
227 6.12699985504
228 6.14400005341
229 6.15399980545
230 6.14599990845
231 6.16599988937
232 6.16699981689
233 6.1779999733
234 6.20800018311
235 6.19500017166
236 6.23400020599
237 6.22399997711
238 6.22800016403
239 6.22800016403
240 6.23699998856
241 6.21799993515
242 6.22499990463
243 6.22900009155
244 6.24100017548
245 6.242000103
246 6.24399995804
247 6.22100019455
248 6.24599981308
249 6.24700021744
250 6.24599981308
251 6.26499986649
252 6.26700019836
253 6.26700019836
254 6.29099988937
255 6.28100013733
256 6.27400016785
257 6.24800014496
258 6.23600006104
259 6.2610001564
260 6.25500011444
261 6.24300003052
262 6.22599983215
263 6.242000103
264 6.23500013351
265 6.21400022507
266 6.20900011063
267 6.22499990463
268 6.20399999619
269 6.23400020599
270 6.21199989319
271 6.20599985123
272 6.22100019455
273 6.12400007248
274 5.84999990463
275 5.78499984741
276 5.73999977112
277 5.73999977112
278 5.71500015259
279 5.72100019455
280 5.73999977112
281 5.76700019836
282 5.80800008774
283 5.95699977875
284 6.08099985123
285 6.0720000267
286 6.05700016022
287 6.06300020218
288 6.0529999733
289 6.05999994278
290 6.03599977493
291 6.01800012589
292 6.00199985504
293 5.30499982834
294 5.05499982834
295 5.03299999237
296 5.03399991989
297 5.02600002289
298 5.03200006485
299 5.01200008392
300 5.00899982452
301 5.09700012207
302 5.60300016403
303 5.23799991608
304 5.13199996948
305 5.20599985123
306 5.29899978638
307 5.29099988937
308 5.20699977875
309 5.12900018692
310 5.25
311 5.5560002327
312 5.65000009537
313 5.6139998436
314 5.60799980164
315 5.57899999619
316 5.55100011826
317 5.54600000381
318 5.52299976349
319 5.32899999619
320 5.11100006104
321 5.45599985123
322 5.44999980927
323 5.41900014877
324 5.42399978638
325 5.39200019836
326 5.3639998436
327 5.33099985123
328 5.29500007629
329 4.39699983597
330 4.04099988937
331 4.12900018692
332 5.01200008392
333 5.15799999237
334 5.14099979401
335 5.12099981308
336 5.09100008011
337 5.06300020218
338 5.04600000381
339 5.03100013733
340 4.94199991226
341 4.8140001297
342 4.96500015259
343 4.94099998474
344 4.91400003433
345 4.87300014496
346 4.83500003815
347 4.70800018311
348 4.55000019073
349 4.73199987411
350 4.71500015259
351 4.68400001526
352 4.65500020981
353 4.60699987411
354 4.59700012207
355 4.5529999733
356 4.32299995422
357 4.36000013351
358 4.48500013351
359 4.45399999619
360 4.4359998703
361 4.41400003433
362 4.39900016785
363 4.33799982071
364 4.30800008774
365 4.28900003433
366 4.24499988556
367 4.21899986267
368 4.16099977493
369 4.14900016785
370 4.10799980164
371 4.0720000267
372 4.04600000381
373 4.01800012589
374 3.99099993706
375 3.95900011063
376 3.94000005722
377 3.90899991989
378 3.88400006294
379 3.84400010109
380 3.83200001717
381 3.72000002861
382 3.64100003242
383 3.59800004959
384 3.56399989128
385 3.52500009537
386 3.49300003052
387 3.45799994469
388 3.43300008774
389 3.38499999046
390 3.36800003052
391 3.34200000763
392 3.31200003624
393 3.28200006485
394 3.25
395 3.25300002098
396 3.30399990082
397 3.33899998665
398 3.35700011253
399 3.40100002289
400 3.44400000572
401 3.47300004959
402 3.51999998093
403 3.55399990082
404 3.60199999809
405 3.64800000191
406 3.66899991035
407 3.70399999619
408 3.73300004005
409 3.79600000381
410 3.83200001717
411 3.882999897
412 3.94799995422
413 3.99000000954
414 4.04799985886
415 4.1139998436
416 4.1810002327
417 4.24300003052
418 4.31799983978
419 4.38100004196
420 4.45499992371
421 4.51999998093
422 4.59399986267
423 4.66499996185
424 4.72399997711
425 4.81699991226
426 4.91900014877
427 5.00899982452
428 5.12200021744
429 5.20900011063
430 5.32000017166
431 5.42399978638
432 5.53499984741
433 5.65000009537
434 5.75699996948
435 5.90199995041
436 6.01800012589
437 6.17600011826
438 6.31500005722
439 6.48299980164
440 6.49900007248
441 6.60200023651
442 6.46899986267
443 3.08599996567
444 3.04500007629
445 3.04600000381
446 3.04200005531
447 3.02099990845
448 3.00699996948
449 3.01200008392
450 3.00600004196
451 2.99099993706
452 3.00200009346
453 2.98300004005
454 2.98699998856
455 2.97699999809
456 2.98099994659
457 2.95600008965
458 2.97199988365
459 2.94400000572
460 2.9470000267
461 2.96099996567
462 2.94499993324
463 2.92899990082
464 2.93300008774
465 2.93499994278
466 2.92700004578
467 2.91700005531
468 2.9319999218
469 2.91700005531
470 2.65700006485
471 2.62400007248
472 2.64800000191
473 2.63599991798
474 0.955999970436
475 0.712000012398
476 0.707000017166
477 0.916000008583
478 2.65000009537
479 2.66400003433
480 2.64800000191
481 2.65300011635
482 2.65400004387
483 2.65400004387
484 2.66499996185
485 2.65899991989
486 2.66100001335
487 2.65199995041
488 2.6740000248
489 2.66599988937
490 2.84100008011
491 2.94000005722
492 2.93799996376
493 2.95499992371
494 2.94099998474
495 2.94899988174
496 2.95000004768
497 2.94899988174
498 2.97399997711
499 2.98300004005
500 2.97099995613
501 2.97199988365
502 2.99499988556
503 2.99900007248
504 3.0
505 2.99499988556
506 3.00999999046
507 3.02399992943
508 3.03600001335
509 3.02500009537
510 3.02800011635
511 3.04200005531
512 3.04200005531
513 3.0759999752
514 3.07299995422
515 3.09200000763
516 3.09899997711
517 3.10400009155
518 3.10500001907
519 3.12599992752
520 3.13199996948
521 3.15300011635
522 3.16199994087
523 3.17499995232
524 0.927999973297
525 0.917999982834
526 0.919000029564
527 0.935000002384
528 3.04500007629
529 2.98600006104
530 2.93700003624
531 2.86899995804
532 2.8220000267
533 2.77300000191
534 2.73399996758
535 2.70700001717
536 2.95900011063
537 2.93099999428
538 0.0
539 0.0
540 0.0
