0 4.51200008392
1 4.4390001297
2 4.43499994278
3 4.45300006866
4 4.54300022125
5 4.63700008392
6 4.68200016022
7 4.71400022507
8 4.73400020599
9 4.75400018692
10 4.8060002327
11 4.82999992371
12 4.84700012207
13 4.89200019836
14 4.91400003433
15 4.92299985886
16 4.84499979019
17 4.85300016403
18 4.88000011444
19 4.96400022507
20 5.13899993896
21 5.1779999733
22 5.23000001907
23 5.25500011444
24 5.3140001297
25 5.35200023651
26 5.40700006485
27 5.44899988174
28 5.4889998436
29 5.54400014877
30 5.59499979019
31 5.64300012589
32 5.67999982834
33 0.0
34 17.1450004578
35 17.1350002289
36 17.138999939
37 0.0
38 0.0
39 0.0
40 17.2399997711
41 17.172000885
42 17.0629997253
43 16.9960002899
44 16.5230007172
45 16.5440006256
46 16.5209999084
47 13.1619997025
48 13.0690002441
49 12.3409996033
50 11.9420003891
51 11.5889997482
52 11.6020002365
53 11.6120004654
54 11.6120004654
55 11.3319997787
56 10.9919996262
57 10.4519996643
58 10.1079998016
59 8.35900020599
60 8.33699989319
61 8.19499969482
62 7.89900016785
63 7.65199995041
64 7.43699979782
65 7.24399995804
66 7.03499984741
67 6.89900016785
68 6.77699995041
69 6.79199981689
70 6.80499982834
71 6.83599996567
72 6.84399986267
73 6.867000103
74 6.79600000381
75 6.64699983597
76 6.51399993896
77 6.39799976349
78 6.26900005341
79 6.15100002289
80 5.23600006104
81 4.96199989319
82 4.84200000763
83 4.7610001564
84 4.69099998474
85 4.60099983215
86 4.53700017929
87 4.47100019455
88 4.41699981689
89 4.34399986267
90 4.26300001144
91 4.21700000763
92 4.16400003433
93 4.09000015259
94 4.02199983597
95 3.99099993706
96 3.93300008774
97 3.89299988747
98 3.84999990463
99 3.79699993134
100 3.76399993896
101 3.79600000381
102 3.81599998474
103 3.84299993515
104 3.88000011444
105 3.90899991989
106 3.92499995232
107 3.94799995422
108 3.9279999733
109 3.87800002098
110 3.83800005913
111 3.79399991035
112 3.75
113 3.72699999809
114 3.68700003624
115 3.66100001335
116 3.62700009346
117 3.58299994469
118 3.55599999428
119 3.53600001335
120 3.50699996948
121 3.46300005913
122 3.4240000248
123 3.41000008583
124 3.40000009537
125 3.39199995995
126 3.42300009727
127 3.45700001717
128 3.4960000515
129 3.52699995041
130 3.57299995422
131 3.61599993706
132 3.65599989891
133 4.02099990845
134 4.05200004578
135 4.08900022507
136 4.12200021744
137 4.15799999237
138 4.17899990082
139 4.19999980927
140 4.23999977112
141 4.28200006485
142 4.30499982834
143 4.35799980164
144 4.39300012589
145 4.4279999733
146 4.43499994278
147 4.46999979019
148 4.50199985504
149 4.53700017929
150 4.54199981689
151 4.19199991226
152 4.30399990082
153 4.61499977112
154 3.26999998093
155 3.40000009537
156 4.70100021362
157 4.59700012207
158 4.55900001526
159 4.78900003433
160 4.81500005722
161 4.86999988556
162 4.90199995041
163 4.9310002327
164 4.96199989319
165 5.00199985504
166 5.00699996948
167 5.03100013733
168 3.11299991608
169 3.22399997711
170 3.36800003052
171 4.11100006104
172 4.91099977493
173 4.86999988556
174 4.84000015259
175 4.83099985123
176 4.81300020218
177 4.82399988174
178 4.83199977875
179 4.84700012207
180 4.88000011444
181 4.89699983597
182 4.80999994278
183 5.32800006866
184 5.46400022507
185 5.47399997711
186 5.49399995804
187 5.5110001564
188 4.59800004959
189 4.57100009918
190 5.5560002327
191 5.58799982071
192 3.63400006294
193 3.52699995041
194 4.06599998474
195 4.04600000381
196 5.69099998474
197 5.6890001297
198 5.72300004959
199 5.76999998093
200 5.77699995041
201 5.81500005722
202 5.82700014114
203 5.82999992371
204 5.83400011063
205 5.867000103
206 5.84700012207
207 5.85900020599
208 5.87900018692
209 5.90500020981
210 5.93499994278
211 5.94000005722
212 5.95599985123
213 5.96600008011
214 5.98400020599
215 5.98799991608
216 6.0
217 6.02799987793
218 6.04899978638
219 6.05100011826
220 6.07800006866
221 6.07700014114
222 6.07100009918
223 6.08400011063
224 6.08799982071
225 6.11499977112
226 6.11000013351
227 6.13999986649
228 6.13399982452
229 6.13899993896
230 6.14599990845
231 6.16200017929
232 6.17299985886
233 6.17600011826
234 6.19199991226
235 6.21199989319
236 6.22800016403
237 6.23699998856
238 6.21899986267
239 6.22499990463
240 6.22900009155
241 6.21500015259
242 6.22499990463
243 6.21400022507
244 6.22100019455
245 6.21500015259
246 6.21199989319
247 6.24700021744
248 6.2389998436
249 6.22700023651
250 6.242000103
251 6.26999998093
252 6.26000022888
253 6.27899980545
254 6.27099990845
255 6.28200006485
256 6.26800012589
257 6.26300001144
258 6.23199987411
259 6.23699998856
260 6.23699998856
261 6.2389998436
262 6.242000103
263 6.22499990463
264 6.23400020599
265 6.22900009155
266 6.21099996567
267 6.22599983215
268 6.20800018311
269 6.22100019455
270 6.20699977875
271 6.21000003815
272 6.20599985123
273 6.12799978256
274 5.83599996567
275 5.78299999237
276 5.74700021744
277 5.72900009155
278 5.71799993515
279 5.71000003815
280 5.72399997711
281 5.75699996948
282 5.81599998474
283 5.94799995422
284 6.09600019455
285 6.07800006866
286 6.05000019073
287 6.04799985886
288 6.03900003433
289 6.04500007629
290 6.03399991989
291 6.01300001144
292 5.98500013351
293 5.29600000381
294 5.05900001526
295 5.02500009537
296 5.01399993896
297 5.03100013733
298 5.02799987793
299 5.01700019836
300 5.007999897
301 5.09100008011
302 5.64599990845
303 5.24300003052
304 5.11499977112
305 5.20200014114
306 5.29199981689
307 5.29199981689
308 5.21799993515
309 5.12599992752
310 5.23999977112
311 5.53900003433
312 5.64599990845
313 5.62400007248
314 5.61299991608
315 5.58599996567
316 5.56699991226
317 5.52699995041
318 5.51700019836
319 5.3220000267
320 5.09800004959
321 5.44799995422
322 5.43800020218
323 5.42199993134
324 5.42100000381
325 5.38999986649
326 5.35300016403
327 5.32899999619
328 5.29899978638
329 4.36299991608
330 4.03900003433
331 4.10200023651
332 5.00400018692
333 5.16900014877
334 5.13399982452
335 5.11199998856
336 5.09299993515
337 5.06199979782
338 5.04699993134
339 5.01900005341
340 4.9470000267
341 4.81599998474
342 4.95499992371
343 4.93699979782
344 4.89799976349
345 4.87799978256
346 4.83300018311
347 4.70300006866
348 4.5560002327
349 4.71500015259
350 4.70699977875
351 4.67700004578
352 4.63500022888
353 4.625
354 4.60300016403
355 4.55700016022
356 4.31599998474
357 4.35799980164
358 4.46799993515
359 4.44600009918
360 4.44500017166
361 4.41599988937
362 4.37300014496
363 4.36100006104
364 4.3220000267
365 4.28299999237
366 4.25299978256
367 4.19000005722
368 4.17299985886
369 4.13700008392
370 4.09899997711
371 4.07600021362
372 4.05200004578
373 4.01000022888
374 3.98699998856
375 3.96399998665
376 3.92899990082
377 3.88499999046
378 3.88199996948
379 3.84699988365
380 3.81999993324
381 3.70600008965
382 3.63899993896
383 3.59999990463
384 3.55999994278
385 3.52699995041
386 3.49699997902
387 3.46499991417
388 3.41899991035
389 3.38400006294
390 3.35400009155
391 3.31599998474
392 3.30999994278
393 3.27999997139
394 3.24099993706
395 3.26699995995
396 3.29299998283
397 3.31900000572
398 3.367000103
399 3.39299988747
400 3.43499994278
401 3.48300004005
402 3.50099992752
403 3.55399990082
404 3.59400010109
405 3.63899993896
406 3.6819999218
407 3.71000003815
408 3.72799992561
409 3.78399991989
410 3.83100008965
411 3.89100003242
412 3.9509999752
413 3.98799991608
414 4.06199979782
415 4.09299993515
416 4.1810002327
417 4.24900007248
418 4.30999994278
419 4.38199996948
420 4.45599985123
421 4.51399993896
422 4.57899999619
423 4.65100002289
424 4.72800016403
425 4.80900001526
426 4.90899991989
427 5.01599979401
428 5.11899995804
429 5.20900011063
430 5.31500005722
431 5.41499996185
432 5.51999998093
433 5.64799976349
434 5.75600004196
435 5.89799976349
436 6.01000022888
437 6.16499996185
438 6.31500005722
439 6.46500015259
440 6.49100017548
441 6.60200023651
442 6.46400022507
443 3.04800009727
444 3.04500007629
445 3.03299999237
446 3.02600002289
447 3.02399992943
448 3.02300000191
449 2.99900007248
450 2.99399995804
451 3.00699996948
452 2.99799990654
453 2.9849998951
454 2.96700000763
455 2.96700000763
456 2.97900009155
457 2.95300006866
458 2.95700001717
459 2.94499993324
460 2.94199991226
461 2.93499994278
462 2.93600010872
463 2.9240000248
464 2.95000004768
465 2.93000006676
466 2.9279999733
467 2.9279999733
468 2.91199994087
469 2.91400003433
470 2.64899992943
471 2.64599990845
472 2.64400005341
473 2.66300010681
474 0.947000026703
475 0.704999983311
476 0.702000021935
477 0.921000003815
478 2.64499998093
479 2.65100002289
480 2.64199995995
481 2.64400005341
482 2.65499997139
483 2.64100003242
484 2.65199995041
485 2.66300010681
486 2.66000008583
487 2.66899991035
488 2.66799998283
489 2.67700004578
490 2.83899998665
491 2.9279999733
492 2.93099999428
493 2.94099998474
494 2.95000004768
495 2.94400000572
496 2.94099998474
497 2.94899988174
498 2.97900009155
499 2.96300005913
500 2.95900011063
501 2.97799992561
502 2.98699998856
503 2.97699999809
504 3.0039999485
505 2.992000103
506 2.99499988556
507 3.01399993896
508 3.01399993896
509 3.01900005341
510 3.03900003433
511 3.05100011826
512 3.03999996185
513 3.06900000572
514 3.0569999218
515 3.0680000782
516 3.10299992561
517 3.10899996758
518 3.12400007248
519 3.10400009155
520 3.11500000954
521 3.13499999046
522 3.15499997139
523 3.15899991989
524 0.930000007153
525 0.908999979496
526 0.910000026226
527 0.950999975204
528 3.05100011826
529 2.98000001907
530 2.9279999733
531 2.86500000954
532 2.81500005722
533 2.77300000191
534 2.7349998951
535 2.6970000267
536 2.95799994469
537 2.90899991989
538 0.0
539 0.0
540 0.0
