0 4.5110001564
1 4.42999982834
2 4.45900011063
3 4.47700023651
4 4.54899978638
5 4.625
6 4.6859998703
7 4.69999980927
8 4.73099994659
9 4.77500009537
10 4.79400014877
11 4.82299995422
12 4.87599992752
13 4.90199995041
14 4.92199993134
15 4.92899990082
16 4.82899999619
17 4.85400009155
18 4.8860001564
19 4.97300004959
20 5.15100002289
21 5.18800020218
22 5.23099994659
23 5.2610001564
24 5.31599998474
25 5.35400009155
26 5.40600013733
27 5.45200014114
28 5.50299978256
29 5.54099988937
30 5.59700012207
31 5.65000009537
32 5.69199991226
33 0.0
34 17.1439990997
35 17.1280002594
36 17.1550006866
37 0.0
38 0.0
39 0.0
40 17.2380008698
41 17.1669998169
42 17.063999176
43 17.0090007782
44 16.5189990997
45 16.5400009155
46 16.5259990692
47 13.1719999313
48 13.0860004425
49 12.3389997482
50 11.9409999847
51 11.5860004425
52 11.5970001221
53 11.642999649
54 11.6140003204
55 11.3520002365
56 11.013999939
57 10.4580001831
58 10.1129999161
59 8.33199977875
60 8.34799957275
61 8.21500015259
62 7.92399978638
63 7.63899993896
64 7.44799995422
65 7.242000103
66 7.06799983978
67 6.90199995041
68 6.78399991989
69 6.77600002289
70 6.81500005722
71 6.82600021362
72 6.86499977112
73 6.86800003052
74 6.78999996185
75 6.63399982452
76 6.5110001564
77 6.3860001564
78 6.26900005341
79 6.14799976349
80 5.24499988556
81 4.95599985123
82 4.84999990463
83 4.76900005341
84 4.6810002327
85 4.59999990463
86 4.53900003433
87 4.47300004959
88 4.41499996185
89 4.33900022507
90 4.28399991989
91 4.23400020599
92 4.15700006485
93 4.09700012207
94 4.02199983597
95 3.97900009155
96 3.92700004578
97 3.89599990845
98 3.84999990463
99 3.80399990082
100 3.76900005341
101 3.78500008583
102 3.81100010872
103 3.85800004005
104 3.86100006104
105 3.90499997139
106 3.93099999428
107 3.95000004768
108 3.93099999428
109 3.88700008392
110 3.85899996758
111 3.8029999733
112 3.76999998093
113 3.72900009155
114 3.70300006866
115 3.64700007439
116 3.61299991608
117 3.59800004959
118 3.56900000572
119 3.52099990845
120 3.5039999485
121 3.46700000763
122 3.45300006866
123 3.42300009727
124 3.38899993896
125 3.3900001049
126 3.42300009727
127 3.4509999752
128 3.50200009346
129 3.53200006485
130 3.55999994278
131 3.61199998856
132 3.67199993134
133 4.01200008392
134 4.07000017166
135 4.09499979019
136 4.12099981308
137 4.15199995041
138 4.19600009918
139 4.21500015259
140 4.23299980164
141 4.26300001144
142 4.33400011063
143 4.34700012207
144 4.39400005341
145 4.43499994278
146 4.46899986267
147 4.48799991608
148 4.507999897
149 4.51499986649
150 4.55499982834
151 4.19799995422
152 4.3109998703
153 4.62099981308
154 3.26999998093
155 3.41100001335
156 4.72200012207
157 4.59000015259
158 4.56300020218
159 4.80499982834
160 4.83300018311
161 4.85599994659
162 4.90399980545
163 4.93699979782
164 4.95800018311
165 4.99100017548
166 5.01900005341
167 5.04699993134
168 3.14400005341
169 3.22499990463
170 3.38100004196
171 4.10699987411
172 4.91599988937
173 4.87099981308
174 4.85300016403
175 4.82800006866
176 4.82800006866
177 4.81799983978
178 4.83300018311
179 4.84499979019
180 4.87300014496
181 4.90999984741
182 4.82299995422
183 5.3109998703
184 5.47499990463
185 5.49800014496
186 5.48999977112
187 5.51800012589
188 4.60400009155
189 4.57700014114
190 5.56199979782
191 5.57499980927
192 3.63400006294
193 3.52200007439
194 4.07299995422
195 4.03599977493
196 5.69500017166
197 5.71099996567
198 5.73799991608
199 5.76700019836
200 5.78299999237
201 5.80100011826
202 5.83500003815
203 5.82999992371
204 5.83500003815
205 5.84000015259
206 5.85400009155
207 5.87400007248
208 5.90399980545
209 5.90999984741
210 5.92299985886
211 5.94500017166
212 5.96199989319
213 5.98000001907
214 5.99100017548
215 6.00099992752
216 6.02199983597
217 6.05100011826
218 6.05000019073
219 6.07700014114
220 6.06300020218
221 6.09200000763
222 6.09600019455
223 6.10200023651
224 6.09499979019
225 6.09600019455
226 6.10599994659
227 6.12799978256
228 6.14900016785
229 6.12799978256
230 6.13800001144
231 6.17299985886
232 6.17999982834
233 6.17500019073
234 6.18499994278
235 6.19899988174
236 6.21700000763
237 6.21999979019
238 6.23000001907
239 6.23299980164
240 6.22599983215
241 6.21799993515
242 6.22200012207
243 6.2389998436
244 6.22499990463
245 6.23600006104
246 6.23400020599
247 6.23799991608
248 6.25500011444
249 6.26499986649
250 6.24900007248
251 6.26700019836
252 6.26900005341
253 6.26499986649
254 6.27199983597
255 6.26000022888
256 6.27199983597
257 6.25299978256
258 6.26200008392
259 6.25600004196
260 6.24499988556
261 6.23400020599
262 6.21199989319
263 6.22499990463
264 6.22300004959
265 6.20499992371
266 6.21600008011
267 6.20800018311
268 6.23000001907
269 6.21400022507
270 6.19999980927
271 6.21199989319
272 6.21700000763
273 6.11600017548
274 5.84899997711
275 5.78900003433
276 5.75899982452
277 5.7389998436
278 5.72700023651
279 5.73000001907
280 5.74100017548
281 5.76499986649
282 5.81199979782
283 5.93499994278
284 6.09000015259
285 6.07700014114
286 6.05800008774
287 6.05700016022
288 6.04600000381
289 6.04799985886
290 6.04300022125
291 6.02099990845
292 5.98999977112
293 5.31799983978
294 5.0560002327
295 5.03000020981
296 5.02199983597
297 5.02699995041
298 5.02500009537
299 5.00600004196
300 5.007999897
301 5.09499979019
302 5.60099983215
303 5.24100017548
304 5.12099981308
305 5.20699977875
306 5.29699993134
307 5.29300022125
308 5.21999979019
309 5.13000011444
310 5.25400018692
311 5.53599977493
312 5.632999897
313 5.63000011444
314 5.60900020599
315 5.58199977875
316 5.56300020218
317 5.54400014877
318 5.52500009537
319 5.33099985123
320 5.09899997711
321 5.46099996567
322 5.44899988174
323 5.42999982834
324 5.40799999237
325 5.38399982452
326 5.36299991608
327 5.32700014114
328 5.30100011826
329 4.36499977112
330 4.05800008774
331 4.10300016403
332 5.03999996185
333 5.17600011826
334 5.13999986649
335 5.11199998856
336 5.09100008011
337 5.07399988174
338 5.05200004578
339 5.02600002289
340 4.95599985123
341 4.80999994278
342 4.95699977875
343 4.93699979782
344 4.90100002289
345 4.87799978256
346 4.82600021362
347 4.70900011063
348 4.5529999733
349 4.742000103
350 4.71099996567
351 4.67000007629
352 4.63100004196
353 4.61100006104
354 4.59100008011
355 4.5609998703
356 4.30999994278
357 4.38199996948
358 4.49300003052
359 4.46999979019
360 4.4359998703
361 4.41300010681
362 4.37599992752
363 4.34100008011
364 4.31799983978
365 4.28100013733
366 4.23799991608
367 4.21600008011
368 4.16699981689
369 4.14699983597
370 4.11000013351
371 4.06500005722
372 4.02799987793
373 4.007999897
374 3.97399997711
375 3.95399999619
376 3.93000006676
377 3.89100003242
378 3.88700008392
379 3.84899997711
380 3.82899999619
381 3.71799993515
382 3.64499998093
383 3.58899998665
384 3.55999994278
385 3.53200006485
386 3.50699996948
387 3.45900011063
388 3.42600011826
389 3.40799999237
390 3.37199997902
391 3.33800005913
392 3.31399989128
393 3.29099988937
394 3.27500009537
395 3.26900005341
396 3.29800009727
397 3.33899998665
398 3.367000103
399 3.41199994087
400 3.43600010872
401 3.48600006104
402 3.5150001049
403 3.5569999218
404 3.60800004005
405 3.64700007439
406 3.67499995232
407 3.72600007057
408 3.7349998951
409 3.78099989891
410 3.82100009918
411 3.88800001144
412 3.9509999752
413 3.99799990654
414 4.0689997673
415 4.12300014496
416 4.17899990082
417 4.22499990463
418 4.29899978638
419 4.37599992752
420 4.45100021362
421 4.51700019836
422 4.59899997711
423 4.67199993134
424 4.72900009155
425 4.82800006866
426 4.91699981689
427 5.02299976349
428 5.10500001907
429 5.20499992371
430 5.31799983978
431 5.41800022125
432 5.53299999237
433 5.64400005341
434 5.77799987793
435 5.88700008392
436 6.02500009537
437 6.17100000381
438 6.3140001297
439 6.47800016403
440 6.492000103
441 6.61100006104
442 6.46899986267
443 3.09800004959
444 3.04699993134
445 3.03099989891
446 3.03900003433
447 3.04099988937
448 3.02800011635
449 2.99900007248
450 2.992000103
451 3.0150001049
452 2.98300004005
453 2.99499988556
454 2.97699999809
455 2.96799993515
456 2.98399996758
457 2.96900010109
458 2.97199988365
459 2.95799994469
460 2.97000002861
461 2.95000004768
462 2.93799996376
463 2.95900011063
464 2.93300008774
465 2.94199991226
466 2.93499994278
467 2.92100000381
468 2.93400001526
469 2.91899991035
470 2.66799998283
471 2.65400004387
472 2.64100003242
473 2.65400004387
474 0.952000021935
475 0.708999991417
476 0.711000025272
477 0.926999986172
478 2.65700006485
479 2.64499998093
480 2.65599989891
481 2.65000009537
482 2.64199995995
483 2.64299988747
484 2.66000008583
485 2.66599988937
486 2.6740000248
487 2.6740000248
488 2.68499994278
489 2.67100000381
490 2.83299994469
491 2.94799995422
492 2.9240000248
493 2.95199990273
494 2.95300006866
495 2.96000003815
496 2.95600008965
497 2.97600007057
498 2.95499992371
499 2.97699999809
500 2.96600008011
501 2.98000001907
502 2.97399997711
503 2.992000103
504 2.98699998856
505 2.99300003052
506 3.01600003242
507 3.00300002098
508 3.02900004387
509 3.02399992943
510 3.04299998283
511 3.0490000248
512 3.05900001526
513 3.05900001526
514 3.06100010872
515 3.08599996567
516 3.08999991417
517 3.11100006104
518 3.12400007248
519 3.117000103
520 3.1400001049
521 3.14199995995
522 3.15400004387
523 3.16199994087
524 0.929000020027
525 0.915000021458
526 0.912000000477
527 0.949999988079
528 3.04699993134
529 2.98699998856
530 2.94000005722
531 2.86899995804
532 2.83400011063
533 2.78099989891
534 2.74799990654
535 2.72499990463
536 2.96000003815
537 2.91100001335
538 0.0
539 0.0
540 0.0
