0 4.51399993896
1 4.43400001526
2 4.45699977875
3 4.45800018311
4 4.52699995041
5 4.64699983597
6 4.6890001297
7 4.71600008011
8 4.73999977112
9 4.76900005341
10 4.79600000381
11 4.82999992371
12 4.86100006104
13 4.89499998093
14 4.91800022125
15 4.92600011826
16 4.83900022507
17 4.84499979019
18 4.87900018692
19 4.97100019455
20 5.15399980545
21 5.1859998703
22 5.22800016403
23 5.27299976349
24 5.3140001297
25 5.34700012207
26 5.40199995041
27 5.45499992371
28 5.50400018692
29 5.54500007629
30 5.59499979019
31 5.62300014496
32 5.66300010681
33 0.0
34 17.1490001678
35 17.1439990997
36 17.158000946
37 0.0
38 0.0
39 0.0
40 17.2240009308
41 17.1770000458
42 17.0510005951
43 16.9990005493
44 16.5259990692
45 16.5359992981
46 16.5249996185
47 13.1630001068
48 13.0810003281
49 12.3479995728
50 11.9160003662
51 11.5900001526
52 11.609000206
53 11.6260004044
54 11.6140003204
55 11.345000267
56 11.0010004044
57 10.4689998627
58 10.1260004044
59 8.34700012207
60 8.34899997711
61 8.19999980927
62 7.90299987793
63 7.65299987793
64 7.45200014114
65 7.24499988556
66 7.05900001526
67 6.89599990845
68 6.79600000381
69 6.77299976349
70 6.8060002327
71 6.8140001297
72 6.83699989319
73 6.867000103
74 6.78499984741
75 6.63800001144
76 6.51599979401
77 6.37900018692
78 6.28000020981
79 6.15299987793
80 5.23500013351
81 4.96600008011
82 4.85099983215
83 4.76399993896
84 4.67100000381
85 4.60599994659
86 4.53800010681
87 4.47499990463
88 4.41900014877
89 4.34299993515
90 4.27799987793
91 4.22300004959
92 4.15999984741
93 4.10300016403
94 4.01599979401
95 3.97600007057
96 3.93799996376
97 3.89700007439
98 3.84500002861
99 3.80100011826
100 3.7650001049
101 3.80800008774
102 3.8180000782
103 3.84400010109
104 3.86599993706
105 3.89800000191
106 3.93400001526
107 3.97199988365
108 3.92300009727
109 3.8789999485
110 3.83699989319
111 3.79800009727
112 3.78099989891
113 3.73699998856
114 3.6930000782
115 3.64299988747
116 3.61800003052
117 3.59699988365
118 3.57100009918
119 3.53399991989
120 3.48900008202
121 3.47199988365
122 3.44799995422
123 3.41400003433
124 3.40599989891
125 3.38700008392
126 3.41499996185
127 3.4430000782
128 3.49300003052
129 3.52900004387
130 3.56900000572
131 3.60199999809
132 3.67000007629
133 4.03200006485
134 4.0640001297
135 4.08900022507
136 4.125
137 4.15399980545
138 4.19299983978
139 4.21299982071
140 4.23099994659
141 4.28000020981
142 4.31199979782
143 4.35699987411
144 4.38700008392
145 4.42700004578
146 4.47300004959
147 4.49300003052
148 4.51700019836
149 4.53700017929
150 4.53399991989
151 4.19600009918
152 4.30399990082
153 4.50899982452
154 3.26300001144
155 3.4279999733
156 4.72399997711
157 4.61499977112
158 4.56500005722
159 4.79300022125
160 4.82600021362
161 4.85500001907
162 4.89400005341
163 4.91499996185
164 4.96500015259
165 4.99800014496
166 5.02400016785
167 5.03999996185
168 3.13100004196
169 3.20300006866
170 3.38100004196
171 4.10099983215
172 4.91300010681
173 4.8860001564
174 4.85400009155
175 4.83900022507
176 4.82600021362
177 4.82999992371
178 4.82700014114
179 4.84399986267
180 4.87799978256
181 4.89400005341
182 4.82999992371
183 5.31500005722
184 5.45100021362
185 5.48400020599
186 5.48699998856
187 5.52199983597
188 4.60900020599
189 4.57899999619
190 5.5560002327
191 5.57299995422
192 3.63800001144
193 3.52399992943
194 4.06599998474
195 4.04799985886
196 5.69999980927
197 5.70800018311
198 5.73600006104
199 5.76399993896
200 5.78200006485
201 5.8029999733
202 5.81500005722
203 5.82800006866
204 5.84899997711
205 5.87099981308
206 5.87099981308
207 5.88999986649
208 5.8860001564
209 5.90500020981
210 5.91900014877
211 5.92299985886
212 5.96099996567
213 5.96500015259
214 5.98999977112
215 6.00500011444
216 6.02400016785
217 6.03800010681
218 6.05800008774
219 6.0689997673
220 6.07899999619
221 6.06599998474
222 6.07600021362
223 6.09200000763
224 6.08699989319
225 6.12099981308
226 6.10500001907
227 6.13000011444
228 6.132999897
229 6.132999897
230 6.15100002289
231 6.17700004578
232 6.16200017929
233 6.1779999733
234 6.21299982071
235 6.19600009918
236 6.23099994659
237 6.22200012207
238 6.21999979019
239 6.22100019455
240 6.21999979019
241 6.22599983215
242 6.23799991608
243 6.22900009155
244 6.22599983215
245 6.24700021744
246 6.25699996948
247 6.25299978256
248 6.24800014496
249 6.26399993896
250 6.25600004196
251 6.26000022888
252 6.27199983597
253 6.28000020981
254 6.26200008392
255 6.27099990845
256 6.25199985504
257 6.26999998093
258 6.26499986649
259 6.242000103
260 6.24800014496
261 6.23600006104
262 6.242000103
263 6.24399995804
264 6.22900009155
265 6.21799993515
266 6.21799993515
267 6.21000003815
268 6.21400022507
269 6.21899986267
270 6.21400022507
271 6.22100019455
272 6.22399997711
273 6.11600017548
274 5.85500001907
275 5.77899980545
276 5.74399995804
277 5.73699998856
278 5.71799993515
279 5.71199989319
280 5.742000103
281 5.77600002289
282 5.81599998474
283 5.95800018311
284 6.07899999619
285 6.05800008774
286 6.07499980927
287 6.07100009918
288 6.06199979782
289 6.0529999733
290 6.03599977493
291 6.02099990845
292 6.00400018692
293 5.29699993134
294 5.04600000381
295 5.02699995041
296 5.03100013733
297 5.03299999237
298 5.01700019836
299 5.00899982452
300 5.02400016785
301 5.09299993515
302 5.64799976349
303 5.257999897
304 5.13700008392
305 5.20499992371
306 5.29799985886
307 5.29600000381
308 5.22700023651
309 5.11499977112
310 5.24499988556
311 5.53900003433
312 5.65899991989
313 5.632999897
314 5.60200023651
315 5.57999992371
316 5.55100011826
317 5.53800010681
318 5.52600002289
319 5.32800006866
320 5.10300016403
321 5.46899986267
322 5.44000005722
323 5.42000007629
324 5.42000007629
325 5.39200019836
326 5.35799980164
327 5.32600021362
328 5.3029999733
329 4.37400007248
330 4.05800008774
331 4.09200000763
332 5.00400018692
333 5.16200017929
334 5.13199996948
335 5.125
336 5.09399986267
337 5.06199979782
338 5.04699993134
339 5.02799987793
340 4.95599985123
341 4.8140001297
342 4.95800018311
343 4.93699979782
344 4.90299987793
345 4.87200021744
346 4.84600019455
347 4.71899986267
348 4.56599998474
349 4.742000103
350 4.6939997673
351 4.67600011826
352 4.64300012589
353 4.61299991608
354 4.60200023651
355 4.5720000267
356 4.32999992371
357 4.37599992752
358 4.48600006104
359 4.46099996567
360 4.43699979782
361 4.40000009537
362 4.3860001564
363 4.36199998856
364 4.32999992371
365 4.29899978638
366 4.25299978256
367 4.21600008011
368 4.17100000381
369 4.12300014496
370 4.11199998856
371 4.07100009918
372 4.04899978638
373 4.02699995041
374 3.99799990654
375 3.96099996567
376 3.92100000381
377 3.90499997139
378 3.87400007248
379 3.83599996567
380 3.8180000782
381 3.70499992371
382 3.63700008392
383 3.58599996567
384 3.57800006866
385 3.54099988937
386 3.492000103
387 3.45900011063
388 3.42000007629
389 3.40100002289
390 3.3599998951
391 3.33999991417
392 3.3069999218
393 3.27800011635
394 3.25
395 3.26999998093
396 3.29200005531
397 3.33500003815
398 3.36199998856
399 3.40400004387
400 3.4279999733
401 3.47199988365
402 3.51999998093
403 3.56500005722
404 3.59800004959
405 3.6400001049
406 3.6819999218
407 3.72199988365
408 3.7349998951
409 3.77500009537
410 3.81999993324
411 3.88400006294
412 3.9430000782
413 4.00299978256
414 4.0689997673
415 4.10900020599
416 4.18300008774
417 4.22300004959
418 4.31699991226
419 4.375
420 4.4390001297
421 4.51999998093
422 4.57899999619
423 4.66599988937
424 4.7389998436
425 4.80900001526
426 4.91300010681
427 5.02099990845
428 5.09899997711
429 5.21199989319
430 5.31300020218
431 5.42700004578
432 5.52199983597
433 5.65399980545
434 5.77199983597
435 5.87599992752
436 6.01700019836
437 6.16699981689
438 6.32800006866
439 6.46099996567
440 6.50199985504
441 6.60500001907
442 6.46400022507
443 3.10700011253
444 3.04999995232
445 3.03200006485
446 3.03999996185
447 3.03900003433
448 3.01099991798
449 2.99399995804
450 3.0150001049
451 2.99399995804
452 2.99000000954
453 2.98699998856
454 2.97399997711
455 2.98099994659
456 2.98699998856
457 2.96499991417
458 2.9470000267
459 2.94799995422
460 2.9470000267
461 2.94600009918
462 2.9319999218
463 2.92899990082
464 2.93400001526
465 2.93099999428
466 2.94000005722
467 2.91899991035
468 2.92000007629
469 2.91300010681
470 2.66700005531
471 2.6400001049
472 2.64299988747
473 2.64700007439
474 0.958000004292
475 0.712999999523
476 0.708000004292
477 0.924000024796
478 2.6400001049
479 2.66199994087
480 2.64899992943
481 2.64899992943
482 2.63599991798
483 2.66400003433
484 2.64700007439
485 2.68099999428
486 2.66400003433
487 2.66799998283
488 2.68899989128
489 2.67100000381
490 2.82399988174
491 2.92700004578
492 2.93400001526
493 2.93899989128
494 2.93499994278
495 2.94899988174
496 2.94400000572
497 2.96499991417
498 2.95700001717
499 2.96099996567
500 2.97399997711
501 2.96499991417
502 2.97600007057
503 2.99399995804
504 3.00699996948
505 3.0039999485
506 3.0039999485
507 3.02099990845
508 3.00500011444
509 3.02500009537
510 3.05100011826
511 3.03699994087
512 3.0490000248
513 3.0759999752
514 3.0720000267
515 3.0680000782
516 3.09800004959
517 3.10100007057
518 3.11599993706
519 3.13000011444
520 3.1289999485
521 3.13700008392
522 3.16100001335
523 3.17899990082
524 0.920000016689
525 0.925000011921
526 0.908999979496
527 0.949999988079
528 3.03399991989
529 2.98699998856
530 2.92600011826
531 2.87599992752
532 2.82299995422
533 2.79200005531
534 2.72399997711
535 2.71199989319
536 2.96199989319
537 2.91700005531
538 0.0
539 0.0
540 0.0
