0 4.50400018692
1 4.44199991226
2 4.44099998474
3 4.46500015259
4 4.53000020981
5 4.63800001144
6 4.67600011826
7 4.71500015259
8 4.73699998856
9 4.75699996948
10 4.78599977493
11 4.83300018311
12 4.8639998436
13 4.89300012589
14 4.92199993134
15 4.92899990082
16 4.83300018311
17 4.84899997711
18 4.88700008392
19 4.96799993515
20 5.14799976349
21 5.18200016022
22 5.23299980164
23 5.26800012589
24 5.31699991226
25 5.35699987411
26 5.40799999237
27 5.46000003815
28 5.48500013351
29 5.54899978638
30 5.59800004959
31 5.65700006485
32 5.64900016785
33 0.0
34 17.1450004578
35 17.1399993896
36 17.1380004883
37 0.0
38 0.0
39 0.0
40 17.2430000305
41 17.1700000763
42 17.0569992065
43 17.0
44 16.5380001068
45 16.5270004272
46 16.5340003967
47 13.1440000534
48 13.0710000992
49 12.343000412
50 11.9600000381
51 11.6049995422
52 11.6029996872
53 11.6180000305
54 11.611000061
55 11.3509998322
56 10.984000206
57 10.4630002975
58 10.1199998856
59 8.32800006866
60 8.32600021362
61 8.20300006866
62 7.90000009537
63 7.61899995804
64 7.45399999619
65 7.25500011444
66 7.05399990082
67 6.89099979401
68 6.78800010681
69 6.77600002289
70 6.78800010681
71 6.81699991226
72 6.84299993515
73 6.86800003052
74 6.79699993134
75 6.63000011444
76 6.50199985504
77 6.39900016785
78 6.27199983597
79 6.15100002289
80 5.22300004959
81 4.95100021362
82 4.83799982071
83 4.76499986649
84 4.67500019073
85 4.60799980164
86 4.52799987793
87 4.46799993515
88 4.38500022888
89 4.33199977875
90 4.27699995041
91 4.20800018311
92 4.14799976349
93 4.09000015259
94 4.02799987793
95 3.98900008202
96 3.93400001526
97 3.89700007439
98 3.85199999809
99 3.78399991989
100 3.77800011635
101 3.79500007629
102 3.82500004768
103 3.85800004005
104 3.8599998951
105 3.90000009537
106 3.94000005722
107 3.95399999619
108 3.9319999218
109 3.87400007248
110 3.83400011063
111 3.81699991226
112 3.76399993896
113 3.72499990463
114 3.68099999428
115 3.65899991989
116 3.63199996948
117 3.60199999809
118 3.56200003624
119 3.53099989891
120 3.50500011444
121 3.46900010109
122 3.45000004768
123 3.40199995041
124 3.40000009537
125 3.3900001049
126 3.4279999733
127 3.46099996567
128 3.4960000515
129 3.52699995041
130 3.5720000267
131 3.60299992561
132 3.65700006485
133 4.03399991989
134 4.05700016022
135 4.09399986267
136 4.13100004196
137 4.15799999237
138 4.1970000267
139 4.20399999619
140 4.22700023651
141 4.27899980545
142 4.3109998703
143 4.3639998436
144 4.367000103
145 4.4310002327
146 4.47100019455
147 4.48400020599
148 4.48699998856
149 4.51999998093
150 4.53800010681
151 4.18800020218
152 4.3189997673
153 4.61199998856
154 3.26300001144
155 3.41499996185
156 4.71500015259
157 4.58699989319
158 4.54600000381
159 4.80800008774
160 4.82800006866
161 4.87200021744
162 4.89400005341
163 4.93499994278
164 4.96000003815
165 5.00199985504
166 5.02400016785
167 5.04799985886
168 3.16000008583
169 3.22099995613
170 3.37299990654
171 4.11199998856
172 4.91200017929
173 4.8860001564
174 4.85699987411
175 4.83099985123
176 4.82700014114
177 4.82000017166
178 4.84299993515
179 4.83900022507
180 4.875
181 4.89099979401
182 4.81699991226
183 5.30000019073
184 5.47100019455
185 5.48099994659
186 5.48799991608
187 5.50099992752
188 4.59600019455
189 4.56300020218
190 5.56500005722
191 5.57700014114
192 3.63000011444
193 3.52500009537
194 4.09200000763
195 4.04899978638
196 5.69000005722
197 5.70800018311
198 5.73999977112
199 5.74499988556
200 5.77899980545
201 5.81500005722
202 5.84100008011
203 5.82899999619
204 5.84700012207
205 5.85400009155
206 5.87400007248
207 5.87200021744
208 5.88199996948
209 5.90299987793
210 5.92199993134
211 5.92500019073
212 5.9439997673
213 5.97700023651
214 5.96700000763
215 6.00699996948
216 6.0110001564
217 6.01399993896
218 6.0529999733
219 6.07000017166
220 6.08099985123
221 6.09600019455
222 6.07700014114
223 6.10599994659
224 6.10799980164
225 6.09999990463
226 6.10300016403
227 6.11899995804
228 6.15000009537
229 6.1360001564
230 6.16400003433
231 6.15700006485
232 6.1810002327
233 6.19899988174
234 6.20599985123
235 6.21500015259
236 6.22100019455
237 6.22100019455
238 6.23000001907
239 6.23199987411
240 6.23500013351
241 6.22100019455
242 6.2389998436
243 6.22800016403
244 6.23400020599
245 6.23299980164
246 6.23000001907
247 6.24100017548
248 6.24499988556
249 6.26900005341
250 6.26900005341
251 6.26499986649
252 6.26700019836
253 6.25699996948
254 6.27400016785
255 6.28399991989
256 6.27299976349
257 6.24599981308
258 6.26000022888
259 6.25899982452
260 6.242000103
261 6.21500015259
262 6.23699998856
263 6.21899986267
264 6.21400022507
265 6.21899986267
266 6.21199989319
267 6.21600008011
268 6.23500013351
269 6.22800016403
270 6.22700023651
271 6.20900011063
272 6.19799995422
273 6.12300014496
274 5.82299995422
275 5.78299999237
276 5.75099992752
277 5.73999977112
278 5.72100019455
279 5.73199987411
280 5.72599983215
281 5.77199983597
282 5.80100011826
283 5.9470000267
284 6.08900022507
285 6.06599998474
286 6.07299995422
287 6.07000017166
288 6.06599998474
289 6.04799985886
290 6.03399991989
291 6.01900005341
292 5.98299980164
293 5.28800010681
294 5.06599998474
295 5.02500009537
296 5.03999996185
297 5.01700019836
298 5.02400016785
299 5.01300001144
300 5.01000022888
301 5.11100006104
302 5.61899995804
303 5.25699996948
304 5.11800003052
305 5.19899988174
306 5.30200004578
307 5.28999996185
308 5.20900011063
309 5.132999897
310 5.25299978256
311 5.53599977493
312 5.63399982452
313 5.62699985504
314 5.59800004959
315 5.57899999619
316 5.55700016022
317 5.53999996185
318 5.52500009537
319 5.33599996567
320 5.10599994659
321 5.44799995422
322 5.44099998474
323 5.42899990082
324 5.42399978638
325 5.39400005341
326 5.35400009155
327 5.32999992371
328 5.3060002327
329 4.37400007248
330 4.05200004578
331 4.10799980164
332 5.02500009537
333 5.16599988937
334 5.13899993896
335 5.12200021744
336 5.08699989319
337 5.05999994278
338 5.05100011826
339 5.02799987793
340 4.93800020218
341 4.81799983978
342 4.96099996567
343 4.9310002327
344 4.88999986649
345 4.87099981308
346 4.83699989319
347 4.71199989319
348 4.56799983978
349 4.73500013351
350 4.69500017166
351 4.67199993134
352 4.65100002289
353 4.61499977112
354 4.58300018311
355 4.54699993134
356 4.32399988174
357 4.36499977112
358 4.48699998856
359 4.47499990463
360 4.44099998474
361 4.43200016022
362 4.40100002289
363 4.33500003815
364 4.30900001526
365 4.27799987793
366 4.24399995804
367 4.22300004959
368 4.17899990082
369 4.13800001144
370 4.09700012207
371 4.09200000763
372 4.04899978638
373 4.02500009537
374 3.97699999809
375 3.96199989319
376 3.92300009727
377 3.90100002289
378 3.86299991608
379 3.84899997711
380 3.80999994278
381 3.72699999809
382 3.64199995995
383 3.59400010109
384 3.55399990082
385 3.51399993896
386 3.49499988556
387 3.47000002861
388 3.42499995232
389 3.40199995041
390 3.36500000954
391 3.33800005913
392 3.31399989128
393 3.28900003433
394 3.2539999485
395 3.2539999485
396 3.28500008583
397 3.32299995422
398 3.37299990654
399 3.41100001335
400 3.44499993324
401 3.48699998856
402 3.51699995995
403 3.54399991035
404 3.59100008011
405 3.63100004196
406 3.67600011826
407 3.72099995613
408 3.73900008202
409 3.77900004387
410 3.83699989319
411 3.87400007248
412 3.92700004578
413 3.98900008202
414 4.0560002327
415 4.12599992752
416 4.19000005722
417 4.25099992752
418 4.30999994278
419 4.36999988556
420 4.44000005722
421 4.51900005341
422 4.59299993515
423 4.66400003433
424 4.73500013351
425 4.80200004578
426 4.90899991989
427 5.01800012589
428 5.10400009155
429 5.20300006866
430 5.30900001526
431 5.40700006485
432 5.52299976349
433 5.63899993896
434 5.76599979401
435 5.90100002289
436 6.02199983597
437 6.16099977493
438 6.30499982834
439 6.46999979019
440 6.49399995804
441 6.61600017548
442 6.42999982834
443 3.06900000572
444 3.03800010681
445 3.03800010681
446 3.03900003433
447 3.01799988747
448 3.00600004196
449 3.01900005341
450 3.00900006294
451 2.99000000954
452 2.98000001907
453 2.98799991608
454 2.97199988365
455 2.98000001907
456 2.97399997711
457 2.97699999809
458 2.95600008965
459 2.97000002861
460 2.94499993324
461 2.93400001526
462 2.95199990273
463 2.93499994278
464 2.93700003624
465 2.92600011826
466 2.9319999218
467 2.92300009727
468 2.93600010872
469 2.92000007629
470 2.68499994278
471 2.63499999046
472 2.6400001049
473 2.64899992943
474 0.97000002861
475 0.704999983311
476 0.695999979973
477 0.920000016689
478 2.65700006485
479 2.64800000191
480 2.64800000191
481 2.64599990845
482 2.65000009537
483 2.66100001335
484 2.64599990845
485 2.65899991989
486 2.66199994087
487 2.66499996185
488 2.66700005531
489 2.67000007629
490 2.82500004768
491 2.93400001526
492 2.94899988174
493 2.95700001717
494 2.94000005722
495 2.94799995422
496 2.96799993515
497 2.96300005913
498 2.95300006866
499 2.96000003815
500 2.95799994469
501 2.97000002861
502 2.98900008202
503 2.98200011253
504 3.00699996948
505 2.9960000515
506 3.02200007439
507 3.02099990845
508 3.01999998093
509 3.03500008583
510 3.04099988937
511 3.03900003433
512 3.05800008774
513 3.0569999218
514 3.07399988174
515 3.07299995422
516 3.08400011063
517 3.08400011063
518 3.10400009155
519 3.13199996948
520 3.13700008392
521 3.15400004387
522 3.16599988937
523 3.17600011826
524 0.93599998951
525 0.901000022888
526 0.929000020027
527 0.939999997616
528 3.03699994087
529 2.97399997711
530 2.93700003624
531 2.8710000515
532 2.82299995422
533 2.77399992943
534 2.73900008202
535 2.71900010109
536 2.9509999752
537 2.90000009537
538 0.0
539 0.0
540 0.0
