0 4.50500011444
1 4.42999982834
2 4.4359998703
3 4.46899986267
4 4.51999998093
5 4.64400005341
6 4.66699981689
7 4.70300006866
8 4.73000001907
9 4.76700019836
10 4.79600000381
11 4.83099985123
12 4.85799980164
13 4.90100002289
14 4.91599988937
15 4.92199993134
16 4.83799982071
17 4.84100008011
18 4.88199996948
19 4.96799993515
20 5.14300012589
21 5.1890001297
22 5.23500013351
23 5.25899982452
24 5.3109998703
25 5.35500001907
26 5.41200017929
27 5.45599985123
28 5.49700021744
29 5.5560002327
30 5.59299993515
31 5.62400007248
32 5.66200017929
33 0.0
34 17.1410007477
35 17.1509990692
36 17.1520004272
37 0.0
38 0.0
39 0.0
40 17.2280006409
41 17.1650009155
42 17.0620002747
43 17.0189990997
44 16.5259990692
45 16.5310001373
46 16.513999939
47 13.1649999619
48 13.0819997787
49 12.3280000687
50 11.9370002747
51 11.5920000076
52 11.607000351
53 11.6140003204
54 11.6219997406
55 11.3540000916
56 11.0
57 10.4739999771
58 10.0979995728
59 8.34099960327
60 8.33699989319
61 8.19600009918
62 7.92299985886
63 7.63800001144
64 7.44600009918
65 7.23699998856
66 7.05999994278
67 6.89799976349
68 6.78800010681
69 6.78499984741
70 6.80399990082
71 6.82700014114
72 6.85500001907
73 6.86299991608
74 6.79500007629
75 6.65100002289
76 6.50400018692
77 6.39599990845
78 6.26300001144
79 6.15899991989
80 5.21099996567
81 4.96799993515
82 4.86199998856
83 4.77600002289
84 4.67000007629
85 4.57899999619
86 4.53000020981
87 4.46400022507
88 4.40299987793
89 4.34499979019
90 4.27600002289
91 4.22100019455
92 4.14200019836
93 4.10799980164
94 4.04899978638
95 3.98399996758
96 3.9319999218
97 3.90100002289
98 3.82399988174
99 3.78500008583
100 3.78200006485
101 3.79699993134
102 3.82500004768
103 3.85599994659
104 3.88899993896
105 3.90899991989
106 3.96099996567
107 3.95700001717
108 3.91300010681
109 3.87700009346
110 3.84699988365
111 3.8029999733
112 3.76399993896
113 3.73900008202
114 3.6930000782
115 3.66799998283
116 3.632999897
117 3.59800004959
118 3.56599998474
119 3.53699994087
120 3.507999897
121 3.46399998665
122 3.44199991226
123 3.41499996185
124 3.40599989891
125 3.39199995995
126 3.43499994278
127 3.45300006866
128 3.49799990654
129 3.52399992943
130 3.57100009918
131 3.61400008202
132 3.66799998283
133 4.02699995041
134 4.0609998703
135 4.07499980927
136 4.11000013351
137 4.14799976349
138 4.17999982834
139 4.22499990463
140 4.26200008392
141 4.28499984741
142 4.32399988174
143 4.35300016403
144 4.36299991608
145 4.42399978638
146 4.46199989319
147 4.48400020599
148 4.51399993896
149 4.53800010681
150 4.52899980545
151 4.1890001297
152 4.30900001526
153 4.60799980164
154 3.28800010681
155 3.41100001335
156 4.71299982071
157 4.60400009155
158 4.5720000267
159 4.80200004578
160 4.83599996567
161 4.85799980164
162 4.89400005341
163 4.92299985886
164 4.96999979019
165 5.00099992752
166 5.01499986649
167 5.03599977493
168 3.13400006294
169 3.21499991417
170 3.375
171 4.10599994659
172 4.91200017929
173 4.87099981308
174 4.84899997711
175 4.82600021362
176 4.82700014114
177 4.82499980927
178 4.84600019455
179 4.83900022507
180 4.86600017548
181 4.88999986649
182 4.81699991226
183 5.30499982834
184 5.46700000763
185 5.47100019455
186 5.48999977112
187 5.51700019836
188 4.6139998436
189 4.57800006866
190 5.5689997673
191 5.58799982071
192 3.63800001144
193 3.51399993896
194 4.0609998703
195 4.0560002327
196 5.6890001297
197 5.69099998474
198 5.73199987411
199 5.7610001564
200 5.78599977493
201 5.8109998703
202 5.8220000267
203 5.84499979019
204 5.83599996567
205 5.85500001907
206 5.87200021744
207 5.88399982452
208 5.89200019836
209 5.90899991989
210 5.9279999733
211 5.94299983978
212 5.96000003815
213 5.95499992371
214 5.97599983215
215 6.00600004196
216 6.02699995041
217 6.04500007629
218 6.0560002327
219 6.07800006866
220 6.08199977875
221 6.08799982071
222 6.07800006866
223 6.08300018311
224 6.10400009155
225 6.09999990463
226 6.13199996948
227 6.13399982452
228 6.14599990845
229 6.13800001144
230 6.14300012589
231 6.15299987793
232 6.16599988937
233 6.1890001297
234 6.20300006866
235 6.21600008011
236 6.21000003815
237 6.24599981308
238 6.22399997711
239 6.23999977112
240 6.21500015259
241 6.22100019455
242 6.22499990463
243 6.22599983215
244 6.21899986267
245 6.22100019455
246 6.21899986267
247 6.21700000763
248 6.22499990463
249 6.2610001564
250 6.24800014496
251 6.26300001144
252 6.26399993896
253 6.27500009537
254 6.27099990845
255 6.27899980545
256 6.27600002289
257 6.242000103
258 6.23299980164
259 6.24499988556
260 6.23699998856
261 6.242000103
262 6.21999979019
263 6.24100017548
264 6.23999977112
265 6.20900011063
266 6.21199989319
267 6.22300004959
268 6.21099996567
269 6.21500015259
270 6.20800018311
271 6.21500015259
272 6.21899986267
273 6.14300012589
274 5.83699989319
275 5.80100011826
276 5.75899982452
277 5.73799991608
278 5.71099996567
279 5.73099994659
280 5.74499988556
281 5.77400016785
282 5.80700016022
283 5.95900011063
284 6.09399986267
285 6.07100009918
286 6.05100011826
287 6.05100011826
288 6.05999994278
289 6.05000019073
290 6.03000020981
291 6.01599979401
292 5.98699998856
293 5.30200004578
294 5.07100009918
295 5.03200006485
296 5.02099990845
297 5.03299999237
298 5.03000020981
299 5.02699995041
300 5.0110001564
301 5.09399986267
302 5.63199996948
303 5.25199985504
304 5.11800003052
305 5.21000003815
306 5.30000019073
307 5.29699993134
308 5.21999979019
309 5.13899993896
310 5.242000103
311 5.54600000381
312 5.63399982452
313 5.62799978256
314 5.60400009155
315 5.57899999619
316 5.5560002327
317 5.54300022125
318 5.51599979401
319 5.32700014114
320 5.09800004959
321 5.46500015259
322 5.44799995422
323 5.42600011826
324 5.41400003433
325 5.39499998093
326 5.35799980164
327 5.34499979019
328 5.28800010681
329 4.367000103
330 4.06500005722
331 4.09899997711
332 5.02299976349
333 5.16300010681
334 5.14599990845
335 5.11999988556
336 5.09600019455
337 5.06799983978
338 5.04500007629
339 5.02199983597
340 4.94099998474
341 4.81199979782
342 4.94600009918
343 4.93699979782
344 4.91200017929
345 4.875
346 4.84999990463
347 4.6970000267
348 4.55100011826
349 4.72700023651
350 4.6939997673
351 4.67399978638
352 4.65100002289
353 4.61299991608
354 4.59499979019
355 4.56799983978
356 4.32600021362
357 4.38000011444
358 4.48400020599
359 4.45900011063
360 4.4439997673
361 4.39499998093
362 4.39200019836
363 4.35699987411
364 4.30000019073
365 4.28900003433
366 4.25600004196
367 4.22100019455
368 4.17700004578
369 4.14699983597
370 4.08799982071
371 4.06199979782
372 4.0640001297
373 4.01999998093
374 3.97000002861
375 3.97199988365
376 3.92300009727
377 3.90599989891
378 3.87400007248
379 3.84299993515
380 3.81599998474
381 3.70600008965
382 3.62599992752
383 3.59800004959
384 3.5680000782
385 3.53399991989
386 3.50099992752
387 3.45399999619
388 3.4319999218
389 3.38800001144
390 3.37299990654
391 3.32899999619
392 3.29999995232
393 3.28800010681
394 3.26300001144
395 3.27099990845
396 3.28800010681
397 3.32899999619
398 3.36800003052
399 3.40199995041
400 3.42499995232
401 3.47600007057
402 3.51300001144
403 3.56900000572
404 3.59800004959
405 3.63700008392
406 3.68300008774
407 3.71499991417
408 3.74099993706
409 3.77500009537
410 3.83100008965
411 3.88499999046
412 3.9430000782
413 4.0
414 4.0720000267
415 4.11899995804
416 4.17999982834
417 4.25099992752
418 4.30800008774
419 4.38100004196
420 4.45499992371
421 4.52199983597
422 4.60300016403
423 4.65399980545
424 4.72300004959
425 4.8060002327
426 4.90899991989
427 5.02299976349
428 5.11100006104
429 5.21799993515
430 5.30100011826
431 5.41900014877
432 5.52099990845
433 5.64699983597
434 5.7610001564
435 5.882999897
436 6.00099992752
437 6.16900014877
438 6.33099985123
439 6.47800016403
440 6.49900007248
441 6.60500001907
442 6.44899988174
443 3.09800004959
444 3.04399991035
445 3.02699995041
446 3.04200005531
447 3.02600002289
448 3.00900006294
449 3.00099992752
450 3.0
451 2.99300003052
452 2.99300003052
453 2.97799992561
454 2.98099994659
455 2.97099995613
456 2.98000001907
457 2.95199990273
458 2.96199989319
459 2.95900011063
460 2.96099996567
461 2.95700001717
462 2.94899988174
463 2.93300008774
464 2.93899989128
465 2.94400000572
466 2.94099998474
467 2.91799998283
468 2.92600011826
469 2.91199994087
470 2.66899991035
471 2.64899992943
472 2.64100003242
473 2.65100002289
474 0.959999978542
475 0.717999994755
476 0.699000000954
477 0.924000024796
478 2.65599989891
479 2.64700007439
480 2.64800000191
481 2.63199996948
482 2.65000009537
483 2.65300011635
484 2.66400003433
485 2.66400003433
486 2.66400003433
487 2.66899991035
488 2.66400003433
489 2.66899991035
490 2.82699990273
491 2.93300008774
492 2.9319999218
493 2.96099996567
494 2.9430000782
495 2.93899989128
496 2.96000003815
497 2.96700000763
498 2.95199990273
499 2.9849998951
500 2.97799992561
501 2.98300004005
502 2.992000103
503 2.99499988556
504 2.98099994659
505 3.01399993896
506 3.01799988747
507 3.01099991798
508 3.02999997139
509 3.01600003242
510 3.04500007629
511 3.06100010872
512 3.0529999733
513 3.05100011826
514 3.06399989128
515 3.07899999619
516 3.09899997711
517 3.09899997711
518 3.12700009346
519 3.11500000954
520 3.13800001144
521 3.15499997139
522 3.15700006485
523 3.18000006676
524 0.945999979973
525 0.915000021458
526 0.925000011921
527 0.945999979973
528 3.03699994087
529 2.98300004005
530 2.93899989128
531 2.88599991798
532 2.83299994469
533 2.78900003433
534 2.74099993706
535 2.71099996567
536 2.96300005913
537 2.92499995232
538 0.0
539 0.0
540 0.0
