0 4.51800012589
1 4.41300010681
2 4.4359998703
3 4.47599983215
4 4.53200006485
5 4.64699983597
6 4.67999982834
7 4.69500017166
8 4.74100017548
9 4.757999897
10 4.78599977493
11 4.82299995422
12 4.85500001907
13 4.88700008392
14 4.92899990082
15 4.93400001526
16 4.83300018311
17 4.85799980164
18 4.87400007248
19 4.96799993515
20 5.1360001564
21 5.19500017166
22 5.21899986267
23 5.26999998093
24 5.3109998703
25 5.35699987411
26 5.40899991989
27 5.43699979782
28 5.50500011444
29 5.55200004578
30 5.59600019455
31 5.63700008392
32 5.65100002289
33 0.0
34 17.111000061
35 17.1499996185
36 17.1529998779
37 0.0
38 0.0
39 0.0
40 17.2250003815
41 17.1760005951
42 17.0569992065
43 16.9939994812
44 16.5380001068
45 16.533000946
46 16.5130004883
47 13.170999527
48 13.079000473
49 12.3319997787
50 11.9499998093
51 11.5869998932
52 11.6059999466
53 11.609000206
54 11.6260004044
55 11.3470001221
56 10.9969997406
57 10.4619998932
58 10.1020002365
59 8.28999996185
60 8.33800029755
61 8.21199989319
62 7.92000007629
63 7.63199996948
64 7.44999980927
65 7.25199985504
66 7.0529999733
67 6.89300012589
68 6.78900003433
69 6.77400016785
70 6.80900001526
71 6.82499980927
72 6.85599994659
73 6.86000013351
74 6.79500007629
75 6.64400005341
76 6.52299976349
77 6.3860001564
78 6.26200008392
79 6.13800001144
80 5.25
81 4.96999979019
82 4.85400009155
83 4.77500009537
84 4.6939997673
85 4.60799980164
86 4.54199981689
87 4.44799995422
88 4.39699983597
89 4.33199977875
90 4.26800012589
91 4.22200012207
92 4.16499996185
93 4.1139998436
94 4.04400014877
95 3.97099995613
96 3.93499994278
97 3.89800000191
98 3.84599995613
99 3.79099988937
100 3.77300000191
101 3.79099988937
102 3.82500004768
103 3.85400009155
104 3.8900001049
105 3.89199995995
106 3.93300008774
107 3.96799993515
108 3.92700004578
109 3.86800003052
110 3.83500003815
111 3.81299996376
112 3.76699995995
113 3.73600006104
114 3.70700001717
115 3.66199994087
116 3.61899995804
117 3.60100007057
118 3.54699993134
119 3.51999998093
120 3.492000103
121 3.47300004959
122 3.4509999752
123 3.41700005531
124 3.40300011635
125 3.39400005341
126 3.43000006676
127 3.45399999619
128 3.49099993706
129 3.53399991989
130 3.57299995422
131 3.60800004005
132 3.65499997139
133 4.02400016785
134 4.07299995422
135 4.07499980927
136 4.12799978256
137 4.14099979401
138 4.1779999733
139 4.22399997711
140 4.23099994659
141 4.28599977493
142 4.32499980927
143 4.33599996567
144 4.37099981308
145 4.42299985886
146 4.45599985123
147 4.4889998436
148 4.51599979401
149 4.53299999237
150 4.55900001526
151 4.20499992371
152 4.30000019073
153 4.50099992752
154 3.26900005341
155 3.41700005531
156 4.70499992371
157 4.60699987411
158 4.54199981689
159 4.80800008774
160 4.8220000267
161 4.85699987411
162 4.89599990845
163 4.9279999733
164 4.96099996567
165 4.98699998856
166 5.03100013733
167 5.04199981689
168 3.17300009727
169 3.23200011253
170 3.375
171 4.09600019455
172 4.89799976349
173 4.87699985504
174 4.85699987411
175 4.82800006866
176 4.82999992371
177 4.81500005722
178 4.82800006866
179 4.85099983215
180 4.85699987411
181 4.89599990845
182 4.82600021362
183 5.3189997673
184 5.46799993515
185 5.48699998856
186 5.5
187 5.52199983597
188 4.60799980164
189 4.58900022507
190 5.55499982834
191 5.58300018311
192 3.63700008392
193 3.51900005341
194 4.07499980927
195 4.04400014877
196 5.67700004578
197 5.71999979019
198 5.73400020599
199 5.75199985504
200 5.77799987793
201 5.80900001526
202 5.82499980927
203 5.84299993515
204 5.84499979019
205 5.86499977112
206 5.87200021744
207 5.89400005341
208 5.90700006485
209 5.90899991989
210 5.91699981689
211 5.92100000381
212 5.94099998474
213 5.95100021362
214 5.98799991608
215 6.01900005341
216 6.02199983597
217 6.03100013733
218 6.05499982834
219 6.07600021362
220 6.08099985123
221 6.08099985123
222 6.10599994659
223 6.08599996567
224 6.11100006104
225 6.11800003052
226 6.132999897
227 6.12799978256
228 6.11899995804
229 6.14799976349
230 6.15600013733
231 6.17000007629
232 6.18800020218
233 6.17000007629
234 6.20599985123
235 6.21600008011
236 6.23400020599
237 6.23299980164
238 6.21899986267
239 6.21899986267
240 6.21999979019
241 6.21700000763
242 6.25
243 6.2389998436
244 6.242000103
245 6.23400020599
246 6.24100017548
247 6.23199987411
248 6.26200008392
249 6.23999977112
250 6.24800014496
251 6.26399993896
252 6.27799987793
253 6.27199983597
254 6.26599979401
255 6.26599979401
256 6.24800014496
257 6.26300001144
258 6.26700019836
259 6.23699998856
260 6.25400018692
261 6.24599981308
262 6.24499988556
263 6.23400020599
264 6.21799993515
265 6.21199989319
266 6.21700000763
267 6.21299982071
268 6.21199989319
269 6.22399997711
270 6.23600006104
271 6.21299982071
272 6.20900011063
273 6.13199996948
274 5.84299993515
275 5.78499984741
276 5.757999897
277 5.72499990463
278 5.72200012207
279 5.73500013351
280 5.74599981308
281 5.78100013733
282 5.79699993134
283 5.96099996567
284 6.07000017166
285 6.06799983978
286 6.07000017166
287 6.0609998703
288 6.0640001297
289 6.03700017929
290 6.0110001564
291 6.01399993896
292 5.99100017548
293 5.29400014877
294 5.07000017166
295 5.03599977493
296 5.01999998093
297 5.02600002289
298 5.03200006485
299 5.02699995041
300 5.0110001564
301 5.09299993515
302 5.59700012207
303 5.25099992752
304 5.13000011444
305 5.20100021362
306 5.28299999237
307 5.29500007629
308 5.21500015259
309 5.12400007248
310 5.25400018692
311 5.5529999733
312 5.64599990845
313 5.63000011444
314 5.60500001907
315 5.58900022507
316 5.56799983978
317 5.55200004578
318 5.52299976349
319 5.30999994278
320 5.09800004959
321 5.45499992371
322 5.45300006866
323 5.42399978638
324 5.41400003433
325 5.39699983597
326 5.36299991608
327 5.34200000763
328 5.29699993134
329 4.375
330 4.04600000381
331 4.117000103
332 5.01700019836
333 5.16499996185
334 5.13700008392
335 5.11899995804
336 5.09100008011
337 5.0689997673
338 5.04699993134
339 5.02899980545
340 4.94199991226
341 4.8220000267
342 4.96000003815
343 4.93300008774
344 4.90000009537
345 4.86999988556
346 4.85099983215
347 4.70100021362
348 4.55999994278
349 4.73999977112
350 4.70800018311
351 4.67999982834
352 4.66200017929
353 4.6139998436
354 4.57000017166
355 4.55399990082
356 4.3109998703
357 4.35699987411
358 4.46700000763
359 4.46099996567
360 4.44799995422
361 4.42399978638
362 4.382999897
363 4.34299993515
364 4.30000019073
365 4.26999998093
366 4.23500013351
367 4.20800018311
368 4.18499994278
369 4.12400007248
370 4.09299993515
371 4.08799982071
372 4.04899978638
373 4.01200008392
374 3.97799992561
375 3.97199988365
376 3.92899990082
377 3.92100000381
378 3.87599992752
379 3.84699988365
380 3.83699989319
381 3.70799994469
382 3.64199995995
383 3.60199999809
384 3.55100011826
385 3.53200006485
386 3.49499988556
387 3.45799994469
388 3.43899989128
389 3.40400004387
390 3.3710000515
391 3.33800005913
392 3.32399988174
393 3.28099989891
394 3.26999998093
395 3.26600003242
396 3.28500008583
397 3.34200000763
398 3.3710000515
399 3.39400005341
400 3.44099998474
401 3.48099994659
402 3.50600004196
403 3.54299998283
404 3.59500002861
405 3.64400005341
406 3.68700003624
407 3.72099995613
408 3.73799991608
409 3.79500007629
410 3.82399988174
411 3.867000103
412 3.9279999733
413 3.98200011253
414 4.06799983978
415 4.13199996948
416 4.18499994278
417 4.24300003052
418 4.29300022125
419 4.35900020599
420 4.45300006866
421 4.51399993896
422 4.60400009155
423 4.65999984741
424 4.742000103
425 4.80700016022
426 4.91200017929
427 5.02400016785
428 5.10699987411
429 5.21199989319
430 5.30800008774
431 5.42100000381
432 5.53900003433
433 5.65100002289
434 5.76900005341
435 5.89799976349
436 6.02199983597
437 6.16300010681
438 6.32000017166
439 6.47499990463
440 6.49700021744
441 6.61600017548
442 6.44999980927
443 3.07500004768
444 3.04699993134
445 3.03399991989
446 3.02900004387
447 3.01900005341
448 3.02800011635
449 3.01999998093
450 2.99099993706
451 3.0
452 2.99499988556
453 2.98399996758
454 2.98699998856
455 2.98300004005
456 2.95700001717
457 2.97199988365
458 2.97000002861
459 2.9470000267
460 2.95399999619
461 2.96399998665
462 2.95900011063
463 2.94799995422
464 2.93099999428
465 2.92700004578
466 2.94000005722
467 2.9240000248
468 2.91899991035
469 2.91499996185
470 2.67600011826
471 2.64400005341
472 2.62700009346
473 2.65400004387
474 0.938000023365
475 0.704999983311
476 0.721000015736
477 0.920000016689
478 2.66300010681
479 2.65400004387
480 2.64599990845
481 2.65300011635
482 2.63700008392
483 2.64800000191
484 2.66000008583
485 2.64700007439
486 2.67000007629
487 2.67499995232
488 2.67199993134
489 2.67700004578
490 2.8259999752
491 2.93799996376
492 2.93600010872
493 2.95499992371
494 2.95700001717
495 2.95300006866
496 2.93700003624
497 2.9430000782
498 2.95399999619
499 2.96700000763
500 2.98200011253
501 2.96799993515
502 2.97499990463
503 2.97799992561
504 3.00300002098
505 2.99300003052
506 3.00099992752
507 3.02800011635
508 3.0150001049
509 3.04399991035
510 3.03200006485
511 3.03999996185
512 3.06200003624
513 3.06699991226
514 3.07399988174
515 3.0759999752
516 3.08400011063
517 3.09899997711
518 3.117000103
519 3.12599992752
520 3.11899995804
521 3.14800000191
522 3.16100001335
523 3.17600011826
524 0.934000015259
525 0.915000021458
526 0.913999974728
527 0.950999975204
528 3.03800010681
529 2.97900009155
530 2.93400001526
531 2.88199996948
532 2.83500003815
533 2.78500008583
534 2.73399996758
535 2.72399997711
536 2.96300005913
537 2.92700004578
538 0.0
539 0.0
540 0.0
