0 4.52299976349
1 4.43400001526
2 4.45800018311
3 4.44600009918
4 4.53900003433
5 4.64799976349
6 4.67000007629
7 4.71400022507
8 4.73299980164
9 4.77500009537
10 4.81699991226
11 4.83699989319
12 4.85799980164
13 4.87599992752
14 4.91699981689
15 4.91699981689
16 4.83900022507
17 4.84899997711
18 4.88999986649
19 4.95499992371
20 5.14200019836
21 5.18499994278
22 5.23099994659
23 5.26000022888
24 5.30800008774
25 5.36000013351
26 5.38800001144
27 5.4470000267
28 5.49800014496
29 5.54400014877
30 5.59000015259
31 5.63700008392
32 5.65299987793
33 0.0
34 17.1499996185
35 17.1399993896
36 17.1499996185
37 0.0
38 0.0
39 0.0
40 17.2450008392
41 17.1770000458
42 17.0709991455
43 17.0060005188
44 16.5240001678
45 16.5429992676
46 16.5279998779
47 13.1739997864
48 13.0799999237
49 12.3199996948
50 11.9259996414
51 11.5909996033
52 11.5939998627
53 11.6260004044
54 11.6169996262
55 11.3549995422
56 11.001999855
57 10.4619998932
58 10.1079998016
59 8.33500003815
60 8.34500026703
61 8.20199966431
62 7.91200017929
63 7.64200019836
64 7.45300006866
65 7.24700021744
66 7.06599998474
67 6.90299987793
68 6.79099988937
69 6.78800010681
70 6.80999994278
71 6.8189997673
72 6.84999990463
73 6.87799978256
74 6.78999996185
75 6.65000009537
76 6.51200008392
77 6.37200021744
78 6.26399993896
79 6.14099979401
80 5.22399997711
81 4.95699977875
82 4.84399986267
83 4.76200008392
84 4.67100000381
85 4.58099985123
86 4.52099990845
87 4.47100019455
88 4.41300010681
89 4.33599996567
90 4.27500009537
91 4.22300004959
92 4.15999984741
93 4.11299991608
94 4.04600000381
95 3.98200011253
96 3.94400000572
97 3.86800003052
98 3.83800005913
99 3.79299998283
100 3.76200008392
101 3.80200004578
102 3.82500004768
103 3.8599998951
104 3.88499999046
105 3.88800001144
106 3.9279999733
107 3.9470000267
108 3.92100000381
109 3.86100006104
110 3.85199999809
111 3.81299996376
112 3.77900004387
113 3.72799992561
114 3.68700003624
115 3.65000009537
116 3.63000011444
117 3.59800004959
118 3.56100010872
119 3.52800011635
120 3.50600004196
121 3.46799993515
122 3.4319999218
123 3.42000007629
124 3.39800000191
125 3.38000011444
126 3.42499995232
127 3.44499993324
128 3.48600006104
129 3.52900004387
130 3.57500004768
131 3.60500001907
132 3.66499996185
133 4.02600002289
134 4.03700017929
135 4.09399986267
136 4.12900018692
137 4.15899991989
138 4.18200016022
139 4.22700023651
140 4.23699998856
141 4.257999897
142 4.31599998474
143 4.34800004959
144 4.38500022888
145 4.43300008774
146 4.46799993515
147 4.49100017548
148 4.507999897
149 4.52299976349
150 4.54199981689
151 4.19500017166
152 4.31799983978
153 4.60099983215
154 3.26699995995
155 3.41499996185
156 4.70900011063
157 4.57800006866
158 4.54500007629
159 4.79899978638
160 4.84600019455
161 4.86800003052
162 4.89499998093
163 4.92100000381
164 4.96199989319
165 4.99100017548
166 5.01000022888
167 5.03900003433
168 3.1400001049
169 3.242000103
170 3.375
171 4.09800004959
172 4.92700004578
173 4.87400007248
174 4.83699989319
175 4.84299993515
176 4.82299995422
177 4.80999994278
178 4.83199977875
179 4.84800004959
180 4.86499977112
181 4.91200017929
182 4.82600021362
183 5.30000019073
184 5.46999979019
185 5.47800016403
186 5.49599981308
187 5.51700019836
188 4.60500001907
189 4.56300020218
190 5.55000019073
191 5.60099983215
192 3.63599991798
193 3.50999999046
194 4.06199979782
195 4.04199981689
196 5.68699979782
197 5.69500017166
198 5.73099994659
199 5.76000022888
200 5.78399991989
201 5.81699991226
202 5.81799983978
203 5.83099985123
204 5.84800004959
205 5.85200023651
206 5.86199998856
207 5.88500022888
208 5.89900016785
209 5.91499996185
210 5.91699981689
211 5.91099977493
212 5.9470000267
213 5.95499992371
214 5.96400022507
215 6.0110001564
216 6.01800012589
217 6.03900003433
218 6.06199979782
219 6.07800006866
220 6.0720000267
221 6.0609998703
222 6.10099983215
223 6.09499979019
224 6.09800004959
225 6.11899995804
226 6.12900018692
227 6.13199996948
228 6.14799976349
229 6.13700008392
230 6.14099979401
231 6.15500020981
232 6.17299985886
233 6.19600009918
234 6.20599985123
235 6.21099996567
236 6.22100019455
237 6.22599983215
238 6.22399997711
239 6.21600008011
240 6.22399997711
241 6.23099994659
242 6.22399997711
243 6.24599981308
244 6.24800014496
245 6.23500013351
246 6.22900009155
247 6.23299980164
248 6.242000103
249 6.23600006104
250 6.26499986649
251 6.25699996948
252 6.27299976349
253 6.27899980545
254 6.26800012589
255 6.27699995041
256 6.24499988556
257 6.24399995804
258 6.24300003052
259 6.24900007248
260 6.2389998436
261 6.2389998436
262 6.23099994659
263 6.23500013351
264 6.23799991608
265 6.21600008011
266 6.20699977875
267 6.21899986267
268 6.20800018311
269 6.21299982071
270 6.20200014114
271 6.21999979019
272 6.19999980927
273 6.13999986649
274 5.84399986267
275 5.80000019073
276 5.75199985504
277 5.73500013351
278 5.72800016403
279 5.73699998856
280 5.75600004196
281 5.757999897
282 5.79699993134
283 5.94600009918
284 6.09200000763
285 6.07800006866
286 6.08400011063
287 6.05999994278
288 6.06300020218
289 6.05499982834
290 6.03800010681
291 6.00899982452
292 5.97700023651
293 5.96500015259
294 5.94500017166
295 5.94500017166
296 5.92899990082
297 5.88500022888
298 5.89900016785
299 5.87300014496
300 5.8639998436
301 5.84100008011
302 5.81799983978
303 5.81500005722
304 5.80800008774
305 5.79699993134
306 5.77600002289
307 5.77799987793
308 2.06399989128
309 2.07899999619
310 2.05999994278
311 2.04500007629
312 2.05599999428
313 2.05100011826
314 2.03800010681
315 2.03200006485
316 2.03600001335
317 2.03999996185
318 2.01799988747
319 2.00500011444
320 2.02200007439
321 2.02999997139
322 2.007999897
323 2.01600003242
324 2.00900006294
325 2.01300001144
326 2.02600002289
327 2.07899999619
328 2.46799993515
329 2.36199998856
330 2.20700001717
331 2.19600009918
332 2.18700003624
333 2.16100001335
334 2.28600001335
335 2.31699991226
336 2.33699989319
337 2.30999994278
338 2.29800009727
339 2.3180000782
340 2.30399990082
341 2.30900001526
342 2.2009999752
343 2.17499995232
344 2.18600010872
345 2.18899989128
346 2.22699999809
347 2.48399996758
348 2.47600007057
349 4.73799991608
350 4.70100021362
351 4.67999982834
352 4.65899991989
353 4.62599992752
354 4.58799982071
355 4.5609998703
356 4.31799983978
357 4.36499977112
358 4.49399995804
359 4.46600008011
360 4.42000007629
361 4.39900016785
362 4.39400005341
363 4.36299991608
364 4.3109998703
365 4.28800010681
366 4.25099992752
367 4.21400022507
368 4.16099977493
369 4.11999988556
370 4.10699987411
371 4.08699989319
372 4.05100011826
373 4.01599979401
374 3.98600006104
375 3.94400000572
376 3.93899989128
377 3.90300011635
378 3.88400006294
379 3.83299994469
380 3.83699989319
381 3.70900011063
382 3.62800002098
383 3.59599995613
384 3.56399989128
385 3.52200007439
386 3.49300003052
387 3.46300005913
388 3.43700003624
389 3.38199996948
390 3.35599994659
391 3.32899999619
392 3.31200003624
393 3.29099988937
394 3.25099992752
395 3.27200007439
396 3.30500006676
397 3.34400010109
398 3.34999990463
399 3.38700008392
400 3.44000005722
401 3.47300004959
402 3.50900006294
403 3.56100010872
404 3.59800004959
405 3.6400001049
406 3.66799998283
407 3.74000000954
408 3.74399995804
409 3.79699993134
410 3.82899999619
411 3.88100004196
412 3.9279999733
413 3.98200011253
414 4.07299995422
415 4.12099981308
416 4.17999982834
417 4.23799991608
418 4.3189997673
419 4.36999988556
420 4.4470000267
421 4.52299976349
422 4.58699989319
423 4.65700006485
424 4.71999979019
425 4.8220000267
426 4.91400003433
427 5.02199983597
428 5.10799980164
429 5.20900011063
430 5.32100009918
431 5.41699981689
432 5.53299999237
433 5.65799999237
434 5.76399993896
435 5.88700008392
436 6.03700017929
437 6.16300010681
438 6.31799983978
439 6.47300004959
440 6.49499988556
441 6.59899997711
442 6.45499992371
443 3.07800006866
444 3.04099988937
445 3.0529999733
446 3.03399991989
447 3.02399992943
448 3.00500011444
449 3.02099990845
450 2.992000103
451 3.00300002098
452 2.98699998856
453 2.99399995804
454 2.97099995613
455 2.97699999809
456 2.95600008965
457 2.95399999619
458 2.96499991417
459 2.96600008011
460 2.9430000782
461 2.94600009918
462 2.95399999619
463 2.93099999428
464 2.93600010872
465 2.9279999733
466 2.92499995232
467 2.92000007629
468 2.91899991035
469 2.91300010681
470 2.67100000381
471 2.65000009537
472 2.65700006485
473 2.64599990845
474 0.944999992847
475 0.70300000906
476 0.705999970436
477 0.920000016689
478 2.65899991989
479 2.64100003242
480 2.64899992943
481 2.64899992943
482 2.64700007439
483 2.63599991798
484 2.66499996185
485 2.64800000191
486 2.42100000381
487 2.34400010109
488 2.31399989128
489 2.52800011635
490 2.82299995422
491 2.91700005531
492 2.92600011826
493 2.92899990082
494 2.95499992371
495 2.95799994469
496 2.96600008011
497 2.97000002861
498 2.95499992371
499 2.96399998665
500 2.96000003815
501 1.34599995613
502 1.19799995422
503 1.14600002766
504 1.13800001144
505 1.14699995518
506 1.125
507 1.13600003719
508 1.15600001812
509 1.17100000381
510 1.2120000124
511 1.19799995422
512 1.21399998665
513 1.19299995899
514 1.21000003815
515 1.25100004673
516 1.28499996662
517 1.41700005531
518 3.10899996758
519 3.11100006104
520 3.11899995804
521 3.14299988747
522 3.15400004387
523 3.16599988937
524 0.926999986172
525 0.907999992371
526 0.922999978065
527 1.12300002575
528 1.08500003815
529 1.0909999609
530 1.06500005722
531 1.07099997997
532 1.0870000124
533 1.07700002193
534 1.09300005436
535 1.11500000954
536 1.12600004673
537 1.14900004864
538 1.14100003242
539 1.15100002289
540 1.21800005436
