0 4.52500009537
1 4.42899990082
2 4.44799995422
3 4.46600008011
4 4.53499984741
5 4.65000009537
6 4.6890001297
7 4.71299982071
8 4.74800014496
9 4.77600002289
10 4.78999996185
11 4.83300018311
12 4.85799980164
13 4.90199995041
14 4.93400001526
15 4.93699979782
16 4.84200000763
17 4.84899997711
18 4.882999897
19 4.96600008011
20 5.14300012589
21 5.1810002327
22 5.23299980164
23 5.26300001144
24 5.3189997673
25 5.36499977112
26 5.40399980545
27 5.45399999619
28 5.49700021744
29 5.5529999733
30 5.61000013351
31 5.64099979401
32 5.69299983978
33 0.0
34 17.1439990997
35 17.1420001984
36 17.1499996185
37 0.0
38 0.0
39 0.0
40 17.2530002594
41 17.1770000458
42 17.0720005035
43 17.0200004578
44 16.533000946
45 16.5489997864
46 16.5219993591
47 13.1440000534
48 13.0979995728
49 12.3269996643
50 11.9110002518
51 11.5729999542
52 11.6009998322
53 11.6239995956
54 11.6239995956
55 11.343000412
56 11.0039997101
57 10.4750003815
58 10.123000145
59 8.35799980164
60 8.3360004425
61 8.19999980927
62 7.93499994278
63 7.63199996948
64 7.45499992371
65 7.24700021744
66 7.0689997673
67 6.90999984741
68 6.78399991989
69 6.77799987793
70 6.80499982834
71 6.82700014114
72 6.84899997711
73 6.86299991608
74 6.79199981689
75 6.64499998093
76 6.51900005341
77 6.38999986649
78 6.2610001564
79 6.14900016785
80 5.23099994659
81 4.96000003815
82 4.8639998436
83 4.76999998093
84 4.69099998474
85 4.61600017548
86 4.54099988937
87 4.45300006866
88 4.40199995041
89 4.32399988174
90 4.28100013733
91 4.22300004959
92 4.14699983597
93 4.10099983215
94 4.04400014877
95 3.99699997902
96 3.93899989128
97 3.89100003242
98 3.83100008965
99 3.77999997139
100 3.77300000191
101 3.78099989891
102 3.8259999752
103 3.83699989319
104 3.88100004196
105 3.90799999237
106 3.92600011826
107 3.94400000572
108 3.90499997139
109 3.8789999485
110 3.85800004005
111 3.80999994278
112 3.76999998093
113 3.71900010109
114 3.6970000267
115 3.66300010681
116 3.6210000515
117 3.58899998665
118 3.5569999218
119 3.53099989891
120 3.50099992752
121 3.47499990463
122 3.45499992371
123 3.41799998283
124 3.38800001144
125 3.38700008392
126 3.4240000248
127 3.45700001717
128 3.4849998951
129 3.52800011635
130 3.57800006866
131 3.60800004005
132 3.67199993134
133 4.03399991989
134 4.07600021362
135 4.09000015259
136 4.11800003052
137 4.15399980545
138 4.16599988937
139 4.23099994659
140 4.23799991608
141 4.28999996185
142 4.30499982834
143 4.34600019455
144 4.38199996948
145 4.4279999733
146 4.46400022507
147 4.47200012207
148 4.51700019836
149 4.53900003433
150 4.56199979782
151 4.1939997673
152 4.29300022125
153 4.60599994659
154 3.27999997139
155 3.41599988937
156 4.70399999619
157 4.58599996567
158 4.56199979782
159 4.79099988937
160 4.83099985123
161 4.86999988556
162 4.89400005341
163 4.93200016022
164 4.96799993515
165 5.00299978256
166 5.02299976349
167 5.03100013733
168 3.14400005341
169 3.2349998951
170 3.36500000954
171 4.11800003052
172 4.92899990082
173 4.882999897
174 4.85599994659
175 4.84499979019
176 4.8140001297
177 4.8220000267
178 4.82899999619
179 4.84899997711
180 4.87400007248
181 4.89300012589
182 4.81799983978
183 5.30999994278
184 5.46000003815
185 5.48500013351
186 5.50500011444
187 5.51000022888
188 4.59100008011
189 4.57499980927
190 5.56599998474
191 5.59299993515
192 3.63700008392
193 3.52999997139
194 4.08500003815
195 4.04199981689
196 5.70300006866
197 5.70699977875
198 5.74800014496
199 5.75500011444
200 5.76800012589
201 5.79899978638
202 5.82600021362
203 5.83400011063
204 5.85300016403
205 5.84899997711
206 5.87300014496
207 5.88100004196
208 5.88700008392
209 5.91400003433
210 5.91900014877
211 5.93800020218
212 5.95699977875
213 5.97499990463
214 5.98999977112
215 6.00099992752
216 6.03000020981
217 6.03499984741
218 6.04699993134
219 6.06699991226
220 6.09200000763
221 6.08300018311
222 6.07800006866
223 6.10900020599
224 6.10699987411
225 6.11499977112
226 6.132999897
227 6.12300014496
228 6.14099979401
229 6.15500020981
230 6.17299985886
231 6.16099977493
232 6.17999982834
233 6.1890001297
234 6.19799995422
235 6.19500017166
236 6.22300004959
237 6.23500013351
238 6.23999977112
239 6.24300003052
240 6.21799993515
241 6.22700023651
242 6.23500013351
243 6.22599983215
244 6.22300004959
245 6.23000001907
246 6.23999977112
247 6.242000103
248 6.22800016403
249 6.24300003052
250 6.257999897
251 6.26999998093
252 6.24900007248
253 6.26499986649
254 6.28000020981
255 6.26300001144
256 6.26300001144
257 6.24499988556
258 6.24100017548
259 6.25699996948
260 6.24399995804
261 6.22599983215
262 6.22599983215
263 6.23999977112
264 6.22800016403
265 6.21600008011
266 6.22499990463
267 6.21999979019
268 6.21199989319
269 6.23500013351
270 6.20300006866
271 6.20499992371
272 6.21199989319
273 6.13999986649
274 5.85200023651
275 5.79400014877
276 5.75600004196
277 5.75199985504
278 5.73799991608
279 5.72200012207
280 5.74300003052
281 5.77799987793
282 5.79500007629
283 5.9439997673
284 6.09600019455
285 6.08900022507
286 6.07800006866
287 6.0720000267
288 6.0609998703
289 6.05800008774
290 6.02099990845
291 6.01000022888
292 6.00199985504
293 5.97100019455
294 5.96799993515
295 5.95100021362
296 5.92299985886
297 5.90700006485
298 5.89900016785
299 5.88000011444
300 5.86199998856
301 5.85099983215
302 5.83300018311
303 5.82999992371
304 5.82000017166
305 5.79099988937
306 5.79400014877
307 5.76900005341
308 2.06500005722
309 2.06399989128
310 2.05900001526
311 2.02900004387
312 2.05200004578
313 2.02500009537
314 2.04099988937
315 2.02800011635
316 2.04200005531
317 2.02399992943
318 2.02900004387
319 2.04200005531
320 2.03200006485
321 2.03200006485
322 2.02399992943
323 2.01699995995
324 2.02200007439
325 2.01399993896
326 2.03600001335
327 2.08699989319
328 2.47499990463
329 2.35800004005
330 2.21499991417
331 2.17499995232
332 2.16199994087
333 2.19600009918
334 2.28699994087
335 2.32800006866
336 2.32399988174
337 2.3029999733
338 2.31599998474
339 2.29099988937
340 2.30399990082
341 2.30500006676
342 2.21700000763
343 2.16300010681
344 2.17899990082
345 2.20000004768
346 2.22600007057
347 2.48200011253
348 2.49699997902
349 4.74399995804
350 4.70599985123
351 4.67999982834
352 4.64300012589
353 4.617000103
354 4.59299993515
355 4.57299995422
356 4.32499980927
357 4.36600017548
358 4.47300004959
359 4.45399999619
360 4.45200014114
361 4.42500019073
362 4.39699983597
363 4.36000013351
364 4.32999992371
365 4.28999996185
366 4.25600004196
367 4.20399999619
368 4.17999982834
369 4.14499998093
370 4.11899995804
371 4.08699989319
372 4.05100011826
373 4.02199983597
374 3.9960000515
375 3.97000002861
376 3.93899989128
377 3.89899992943
378 3.86999988556
379 3.84100008011
380 3.82899999619
381 3.72000002861
382 3.625
383 3.58699989319
384 3.56599998474
385 3.52600002289
386 3.50300002098
387 3.46700000763
388 3.41499996185
389 3.38599991798
390 3.3710000515
391 3.32399988174
392 3.32999992371
393 3.29099988937
394 3.25099992752
395 3.27099990845
396 3.28999996185
397 3.33400011063
398 3.35599994659
399 3.40100002289
400 3.45499992371
401 3.48099994659
402 3.51600003242
403 3.56299996376
404 3.60700011253
405 3.64299988747
406 3.68899989128
407 3.71499991417
408 3.73399996758
409 3.79099988937
410 3.83100008965
411 3.89299988747
412 3.94499993324
413 3.9849998951
414 4.04099988937
415 4.11800003052
416 4.18499994278
417 4.24399995804
418 4.3109998703
419 4.38500022888
420 4.45100021362
421 4.52600002289
422 4.58799982071
423 4.65899991989
424 4.73500013351
425 4.81300020218
426 4.91699981689
427 5.01700019836
428 5.11800003052
429 5.21899986267
430 5.30999994278
431 5.42100000381
432 5.52099990845
433 5.63999986649
434 5.76900005341
435 5.88800001144
436 6.03800010681
437 6.18300008774
438 6.3220000267
439 6.46899986267
440 6.48799991608
441 6.60900020599
442 6.47200012207
443 3.0759999752
444 3.04299998283
445 3.0529999733
446 3.02500009537
447 3.03500008583
448 3.01799988747
449 3.00500011444
450 3.01799988747
451 3.00200009346
452 2.98200011253
453 2.992000103
454 2.98300004005
455 2.97399997711
456 2.97399997711
457 2.95900011063
458 2.95199990273
459 2.95900011063
460 2.95000004768
461 2.94799995422
462 2.94899988174
463 2.93499994278
464 2.94199991226
465 2.93400001526
466 2.92499995232
467 2.93000006676
468 2.9279999733
469 2.90799999237
470 2.69600009918
471 2.65199995041
472 2.64199995995
473 2.65100002289
474 0.940999984741
475 0.72000002861
476 0.702000021935
477 0.925999999046
478 2.65700006485
479 2.64299988747
480 2.65499997139
481 2.66799998283
482 2.64700007439
483 2.65700006485
484 2.63899993896
485 2.65300011635
486 2.42199993134
487 2.34400010109
488 2.32299995422
489 2.52200007439
490 2.82100009918
491 2.93400001526
492 2.93400001526
493 2.93700003624
494 2.94000005722
495 2.95199990273
496 2.97499990463
497 2.97099995613
498 2.95600008965
499 2.96300005913
500 1.45000004768
501 1.23699998856
502 1.14199995995
503 1.13100004196
504 1.13300001621
505 1.12000000477
506 1.13600003719
507 1.12999999523
508 1.14900004864
509 1.18499994278
510 1.2159999609
511 1.1970000267
512 1.21700000763
513 1.22699999809
514 1.24399995804
515 1.23300004005
516 1.36500000954
517 1.34399998188
518 3.1099998951
519 3.11500000954
520 3.1210000515
521 3.1289999485
522 3.16799998283
523 3.18000006676
524 0.93900001049
525 0.925000011921
526 0.916000008583
527 1.08000004292
528 1.09800004959
529 1.06900000572
530 1.08500003815
531 1.07700002193
532 1.08000004292
533 1.06200003624
534 1.10000002384
535 1.11399996281
536 1.15199995041
537 1.15299999714
538 1.1629999876
539 1.16999995708
540 3.51999998093
