0 4.50500011444
1 4.42899990082
2 4.43200016022
3 4.45100021362
4 4.53100013733
5 4.65700006485
6 4.69299983978
7 4.70699977875
8 4.74300003052
9 4.77899980545
10 4.79799985886
11 4.82499980927
12 4.85500001907
13 4.89799976349
14 4.91900014877
15 4.92899990082
16 4.83599996567
17 4.85599994659
18 4.88500022888
19 4.96700000763
20 5.14300012589
21 5.1859998703
22 5.23299980164
23 5.27500009537
24 5.32000017166
25 5.34600019455
26 5.40700006485
27 5.44899988174
28 5.49499988556
29 5.55200004578
30 5.59299993515
31 5.63800001144
32 5.67500019073
33 0.0
34 17.1280002594
35 17.1319999695
36 17.156999588
37 0.0
38 0.0
39 0.0
40 17.2369995117
41 17.1849994659
42 17.0669994354
43 17.0119991302
44 16.5230007172
45 16.5529994965
46 16.5219993591
47 13.1660003662
48 13.0780000687
49 12.3360004425
50 11.9490003586
51 11.5979995728
52 11.6099996567
53 11.6289997101
54 11.6280002594
55 11.3500003815
56 11.0069999695
57 10.4639997482
58 10.123000145
59 8.3360004425
60 8.34099960327
61 8.19600009918
62 7.92399978638
63 7.63999986649
64 7.4390001297
65 7.23999977112
66 7.06699991226
67 6.90500020981
68 6.79799985886
69 6.77899980545
70 6.78999996185
71 6.83599996567
72 6.84600019455
73 6.86600017548
74 6.78100013733
75 6.64200019836
76 6.50199985504
77 6.39400005341
78 6.26300001144
79 6.16900014877
80 5.21999979019
81 4.96600008011
82 4.85599994659
83 4.75600004196
84 4.67500019073
85 4.61000013351
86 4.54300022125
87 4.48400020599
88 4.42100000381
89 4.34000015259
90 4.27799987793
91 4.22300004959
92 4.15700006485
93 4.11199998856
94 4.03399991989
95 3.97399997711
96 3.93799996376
97 3.89700007439
98 3.83699989319
99 3.81299996376
100 3.77699995041
101 3.80399990082
102 3.8029999733
103 3.84400010109
104 3.875
105 3.90700006485
106 3.94000005722
107 3.95199990273
108 3.9240000248
109 3.88899993896
110 3.85500001907
111 3.81900000572
112 3.77999997139
113 3.71799993515
114 3.68300008774
115 3.67199993134
116 3.62199997902
117 3.60299992561
118 3.56500005722
119 3.54600000381
120 3.50099992752
121 3.49099993706
122 3.43600010872
123 3.41899991035
124 3.41199994087
125 3.40300011635
126 3.4240000248
127 3.45199990273
128 3.5039999485
129 3.53399991989
130 3.56200003624
131 3.60299992561
132 3.65400004387
133 4.02400016785
134 4.07299995422
135 4.07999992371
136 4.11199998856
137 4.16499996185
138 4.17999982834
139 4.21299982071
140 4.25099992752
141 4.28399991989
142 4.32700014114
143 4.36299991608
144 4.37599992752
145 4.43800020218
146 4.46099996567
147 4.492000103
148 4.51999998093
149 4.53499984741
150 4.55700016022
151 4.22300004959
152 4.30000019073
153 4.52199983597
154 3.25600004196
155 3.41499996185
156 4.71700000763
157 4.59499979019
158 4.5560002327
159 4.80399990082
160 4.83500003815
161 4.867000103
162 4.91300010681
163 4.92500019073
164 4.96400022507
165 5.00299978256
166 5.03399991989
167 5.03900003433
168 3.16199994087
169 3.23300004005
170 3.367000103
171 4.10099983215
172 4.90899991989
173 4.89499998093
174 4.85799980164
175 4.83900022507
176 4.81599998474
177 4.8220000267
178 4.82700014114
179 4.85699987411
180 4.86800003052
181 4.91099977493
182 4.82499980927
183 5.3189997673
184 5.45599985123
185 5.48500013351
186 5.507999897
187 5.51700019836
188 4.60300016403
189 4.57100009918
190 5.56199979782
191 5.59200000763
192 3.64299988747
193 3.51799988747
194 4.07100009918
195 4.06500005722
196 5.69799995422
197 5.70100021362
198 5.73299980164
199 5.757999897
200 5.76900005341
201 5.8189997673
202 5.82899999619
203 5.84200000763
204 5.84000015259
205 5.85500001907
206 5.86899995804
207 5.8860001564
208 5.88899993896
209 5.90999984741
210 5.9390001297
211 5.92999982834
212 5.95699977875
213 5.97900009155
214 5.98199987411
215 5.99599981308
216 6.02099990845
217 6.03299999237
218 6.05499982834
219 6.06500005722
220 6.08500003815
221 6.09200000763
222 6.08900022507
223 6.08300018311
224 6.08900022507
225 6.10200023651
226 6.11100006104
227 6.12799978256
228 6.12699985504
229 6.14699983597
230 6.14900016785
231 6.16599988937
232 6.16200017929
233 6.17500019073
234 6.20800018311
235 6.19299983978
236 6.23500013351
237 6.24499988556
238 6.24599981308
239 6.23099994659
240 6.21799993515
241 6.21700000763
242 6.23999977112
243 6.22900009155
244 6.22200012207
245 6.24800014496
246 6.25299978256
247 6.23299980164
248 6.24100017548
249 6.24300003052
250 6.25699996948
251 6.26800012589
252 6.26999998093
253 6.25299978256
254 6.29300022125
255 6.28100013733
256 6.28200006485
257 6.26399993896
258 6.24100017548
259 6.26200008392
260 6.24599981308
261 6.24300003052
262 6.24399995804
263 6.24399995804
264 6.22900009155
265 6.20800018311
266 6.21400022507
267 6.24100017548
268 6.20699977875
269 6.20900011063
270 6.22800016403
271 6.23199987411
272 6.21999979019
273 6.14200019836
274 5.85200023651
275 5.78399991989
276 5.76399993896
277 5.74900007248
278 5.72700023651
279 5.71999979019
280 5.75099992752
281 5.78000020981
282 5.80900001526
283 5.95300006866
284 6.06599998474
285 6.06500005722
286 6.08199977875
287 6.07100009918
288 6.05999994278
289 6.05100011826
290 6.02400016785
291 6.01599979401
292 5.99399995804
293 5.95599985123
294 5.95599985123
295 5.94199991226
296 5.92100000381
297 5.91300010681
298 5.90399980545
299 5.87699985504
300 5.84899997711
301 5.84299993515
302 5.81799983978
303 5.83199977875
304 5.80800008774
305 5.8140001297
306 5.79500007629
307 5.77199983597
308 2.07100009918
309 2.06100010872
310 2.04500007629
311 2.05900001526
312 2.05100011826
313 2.03600001335
314 2.0490000248
315 2.03999996185
316 2.0529999733
317 2.01699995995
318 2.04299998283
319 2.01399993896
320 2.03600001335
321 2.03600001335
322 2.03099989891
323 2.01999998093
324 2.03099989891
325 2.0150001049
326 2.03900003433
327 2.08500003815
328 2.48399996758
329 2.33299994469
330 2.18300008774
331 2.16700005531
332 2.18000006676
333 2.16599988937
334 2.28999996185
335 2.32399988174
336 2.33699989319
337 2.30800008774
338 2.31100010872
339 2.31900000572
340 2.31399989128
341 2.31100010872
342 2.20700001717
343 2.16000008583
344 2.17000007629
345 2.20399999619
346 2.23399996758
347 2.47099995613
348 2.48099994659
349 4.74599981308
350 4.70800018311
351 4.67500019073
352 4.65799999237
353 4.60900020599
354 4.57600021362
355 4.57600021362
356 4.32800006866
357 4.37099981308
358 4.48000001907
359 4.45200014114
360 4.43300008774
361 4.40999984741
362 4.39900016785
363 4.35200023651
364 4.32700014114
365 4.26200008392
366 4.25400018692
367 4.20800018311
368 4.17000007629
369 4.13100004196
370 4.11499977112
371 4.08599996567
372 4.05399990082
373 4.02600002289
374 4.00299978256
375 3.97399997711
376 3.93700003624
377 3.89599990845
378 3.86599993706
379 3.84599995613
380 3.81999993324
381 3.73000001907
382 3.6400001049
383 3.59699988365
384 3.56599998474
385 3.52800011635
386 3.48200011253
387 3.4509999752
388 3.44000005722
389 3.39199995995
390 3.375
391 3.34800004959
392 3.31699991226
393 3.27600002289
394 3.25999999046
395 3.27399992943
396 3.28699994087
397 3.32500004768
398 3.37800002098
399 3.41400003433
400 3.44499993324
401 3.47499990463
402 3.51799988747
403 3.56599998474
404 3.61199998856
405 3.63599991798
406 3.68600010872
407 3.73600006104
408 3.74399995804
409 3.77099990845
410 3.82999992371
411 3.88700008392
412 3.95399999619
413 3.99699997902
414 4.06199979782
415 4.125
416 4.16200017929
417 4.25699996948
418 4.3060002327
419 4.35400009155
420 4.44299983978
421 4.53299999237
422 4.58599996567
423 4.65100002289
424 4.73999977112
425 4.81300020218
426 4.92000007629
427 5.01200008392
428 5.117000103
429 5.20499992371
430 5.31500005722
431 5.42500019073
432 5.52099990845
433 5.65399980545
434 5.77500009537
435 5.88700008392
436 6.02899980545
437 6.18300008774
438 6.29699993134
439 6.46999979019
440 6.51499986649
441 6.59999990463
442 6.4470000267
443 3.08200001717
444 3.05800008774
445 3.02800011635
446 3.03699994087
447 3.04099988937
448 3.02200007439
449 3.0
450 3.02300000191
451 3.01300001144
452 2.99300003052
453 2.97699999809
454 2.97099995613
455 2.98099994659
456 2.98099994659
457 2.95300006866
458 2.96099996567
459 2.94899988174
460 2.95700001717
461 2.94600009918
462 2.93300008774
463 2.94000005722
464 2.95700001717
465 2.92700004578
466 2.93000006676
467 2.9430000782
468 2.92100000381
469 2.91799998283
470 2.66300010681
471 2.64499998093
472 2.63400006294
473 2.65899991989
474 0.950999975204
475 0.702000021935
476 0.714999973774
477 0.915000021458
478 2.65799999237
479 2.64100003242
480 2.65499997139
481 2.65000009537
482 2.65599989891
483 2.65499997139
484 2.66100001335
485 2.64800000191
486 2.41700005531
487 2.34999990463
488 2.32100009918
489 2.51999998093
490 2.84800004959
491 2.92899990082
492 2.94400000572
493 2.93799996376
494 2.96099996567
495 2.95700001717
496 1.39199995995
497 1.2840000391
498 1.24199998379
499 1.24199998379
500 1.24500000477
501 1.23099994659
502 1.24899995327
503 1.2460000515
504 1.23800003529
505 1.25300002098
506 1.26499998569
507 1.26999998093
508 1.27499997616
509 1.24800002575
510 1.18599998951
511 1.16900002956
512 1.16199994087
513 1.13300001621
514 1.12199997902
515 1.13100004196
516 1.10899996758
517 1.12300002575
518 1.13499999046
519 1.14400005341
520 1.14499998093
521 1.15100002289
522 1.14900004864
523 1.24800002575
524 0.957000017166
525 0.90499997139
526 0.902000010014
527 0.945999979973
528 3.03999996185
529 2.98300004005
530 2.93700003624
531 2.882999897
532 2.83800005913
533 2.79500007629
534 2.75200009346
535 2.71199989319
536 2.95799994469
537 2.92700004578
538 0.0
539 0.0
540 0.0
