0 4.51200008392
1 4.43499994278
2 4.44299983978
3 4.44799995422
4 4.53999996185
5 4.62799978256
6 4.67500019073
7 4.69899988174
8 4.742000103
9 4.76800012589
10 4.79500007629
11 4.83599996567
12 4.86999988556
13 4.88100004196
14 4.91699981689
15 4.92999982834
16 4.83599996567
17 4.84100008011
18 4.882999897
19 4.96500015259
20 5.15100002289
21 5.1859998703
22 5.22399997711
23 5.27500009537
24 5.30800008774
25 5.35200023651
26 5.40100002289
27 5.45100021362
28 5.5
29 5.54199981689
30 5.59999990463
31 5.64599990845
32 5.66800022125
33 0.0
34 17.138999939
35 17.1380004883
36 17.1420001984
37 0.0
38 0.0
39 0.0
40 17.2350006104
41 17.1609992981
42 17.0559997559
43 17.0
44 16.5149993896
45 16.5270004272
46 16.5359992981
47 13.1560001373
48 13.0819997787
49 12.3299999237
50 11.9460000992
51 11.5900001526
52 11.593000412
53 11.6210002899
54 11.6289997101
55 11.3310003281
56 10.9969997406
57 10.4600000381
58 10.0900001526
59 8.32699966431
60 8.3360004425
61 8.19900035858
62 7.90100002289
63 7.63399982452
64 7.45200014114
65 7.24399995804
66 7.06599998474
67 6.90500020981
68 6.79099988937
69 6.77500009537
70 6.79300022125
71 6.81199979782
72 6.8639998436
73 6.86999988556
74 6.78900003433
75 6.6360001564
76 6.51499986649
77 6.38800001144
78 6.26800012589
79 6.13500022888
80 5.242000103
81 4.96400022507
82 4.84800004959
83 4.76399993896
84 4.69099998474
85 4.59499979019
86 4.54600000381
87 4.45100021362
88 4.39200019836
89 4.32600021362
90 4.27500009537
91 4.21099996567
92 4.15100002289
93 4.10699987411
94 4.01499986649
95 3.98600006104
96 3.94099998474
97 3.88800001144
98 3.83999991417
99 3.80500006676
100 3.7650001049
101 3.78500008583
102 3.82699990273
103 3.84599995613
104 3.86999988556
105 3.90899991989
106 3.9470000267
107 3.94099998474
108 3.90599989891
109 3.87599992752
110 3.83500003815
111 3.80100011826
112 3.77300000191
113 3.71700000763
114 3.69199991226
115 3.65899991989
116 3.61100006104
117 3.59400010109
118 3.5490000248
119 3.53099989891
120 3.50300002098
121 3.48799991608
122 3.45199990273
123 3.42000007629
124 3.40599989891
125 3.38899993896
126 3.43099999428
127 3.45300006866
128 3.48099994659
129 3.53299999237
130 3.5680000782
131 3.61199998856
132 3.66100001335
133 4.02299976349
134 4.06199979782
135 4.08500003815
136 4.12400007248
137 4.14699983597
138 4.18699979782
139 4.20599985123
140 4.24900007248
141 4.28599977493
142 4.29199981689
143 4.35500001907
144 4.36000013351
145 4.42199993134
146 4.44099998474
147 4.48999977112
148 4.51700019836
149 4.52600002289
150 4.54199981689
151 4.1939997673
152 4.3060002327
153 4.50899982452
154 3.2650001049
155 3.41199994087
156 4.72200012207
157 4.59800004959
158 4.55200004578
159 4.78900003433
160 4.82899999619
161 4.8639998436
162 4.90100002289
163 4.91400003433
164 4.97100019455
165 4.99300003052
166 5.02099990845
167 5.04300022125
168 3.16000008583
169 3.23099994659
170 3.36899995804
171 4.09999990463
172 4.91599988937
173 4.88999986649
174 4.85400009155
175 4.83400011063
176 4.8189997673
177 4.81699991226
178 4.82000017166
179 4.84899997711
180 4.87099981308
181 4.89200019836
182 4.82600021362
183 5.30200004578
184 5.47700023651
185 5.48099994659
186 5.49700021744
187 5.51000022888
188 4.60599994659
189 4.57899999619
190 5.53900003433
191 5.59299993515
192 3.63899993896
193 3.52900004387
194 4.07899999619
195 4.03800010681
196 5.68800020218
197 5.71899986267
198 5.73999977112
199 5.74499988556
200 5.78499984741
201 5.79799985886
202 5.83599996567
203 5.84200000763
204 5.84299993515
205 5.84299993515
206 5.84999990463
207 5.87400007248
208 5.90100002289
209 5.90299987793
210 5.91699981689
211 5.9359998703
212 5.9470000267
213 5.96600008011
214 5.99700021744
215 5.9889998436
216 6.02699995041
217 6.03800010681
218 6.06500005722
219 6.07299995422
220 6.07700014114
221 6.08699989319
222 6.0720000267
223 6.08699989319
224 6.09899997711
225 6.10900020599
226 6.11800003052
227 6.12900018692
228 6.14300012589
229 6.15000009537
230 6.13999986649
231 6.14900016785
232 6.17899990082
233 6.19099998474
234 6.19899988174
235 6.21899986267
236 6.20699977875
237 6.21799993515
238 6.21400022507
239 6.22399997711
240 6.22599983215
241 6.22200012207
242 6.22700023651
243 6.21999979019
244 6.22300004959
245 6.23099994659
246 6.24499988556
247 6.21799993515
248 6.24300003052
249 6.24700021744
250 6.25099992752
251 6.25500011444
252 6.26800012589
253 6.28000020981
254 6.28700017929
255 6.28599977493
256 6.26200008392
257 6.24700021744
258 6.25899982452
259 6.23000001907
260 6.23500013351
261 6.21899986267
262 6.24900007248
263 6.22300004959
264 6.23000001907
265 6.21500015259
266 6.22499990463
267 6.21299982071
268 6.23699998856
269 6.23199987411
270 6.22200012207
271 6.21899986267
272 6.21899986267
273 6.12900018692
274 5.83799982071
275 5.78700017929
276 5.74700021744
277 5.72700023651
278 5.72300004959
279 5.73600006104
280 5.74499988556
281 5.77500009537
282 5.79799985886
283 5.93699979782
284 6.06599998474
285 6.06199979782
286 6.07100009918
287 6.0640001297
288 6.0609998703
289 6.0560002327
290 6.03700017929
291 6.00400018692
292 5.98600006104
293 5.97499990463
294 5.9470000267
295 5.94500017166
296 5.91599988937
297 5.91400003433
298 5.88199996948
299 5.87300014496
300 5.86299991608
301 5.84299993515
302 5.82299995422
303 5.8140001297
304 5.8029999733
305 5.79300022125
306 5.78200006485
307 5.76599979401
308 2.06200003624
309 2.06399989128
310 2.03600001335
311 2.05999994278
312 2.04500007629
313 2.05100011826
314 2.04999995232
315 2.03800010681
316 2.03699994087
317 2.02099990845
318 2.04399991035
319 2.00999999046
320 2.02200007439
321 2.01399993896
322 2.02999997139
323 2.00600004196
324 2.02999997139
325 2.01699995995
326 2.02099990845
327 2.06999993324
328 2.46600008011
329 2.36899995804
330 2.18700003624
331 2.20000004768
332 2.16899991035
333 2.1970000267
334 2.29399991035
335 2.31100010872
336 2.32899999619
337 2.31900000572
338 2.29399991035
339 2.3180000782
340 2.31599998474
341 2.30500006676
342 2.1970000267
343 2.17199993134
344 2.16199994087
345 2.19099998474
346 2.21799993515
347 2.45600008965
348 2.48399996758
349 4.74499988556
350 4.70599985123
351 4.66800022125
352 4.65799999237
353 4.61199998856
354 4.59000015259
355 4.56799983978
356 4.31599998474
357 4.35400009155
358 4.49399995804
359 4.45900011063
360 4.42299985886
361 4.40700006485
362 4.38800001144
363 4.35400009155
364 4.32499980927
365 4.26200008392
366 4.24800014496
367 4.22100019455
368 4.16099977493
369 4.12900018692
370 4.11000013351
371 4.0609998703
372 4.04799985886
373 4.02400016785
374 3.98900008202
375 3.96399998665
376 3.94199991226
377 3.90899991989
378 3.88000011444
379 3.82999992371
380 3.8180000782
381 3.71499991417
382 3.6400001049
383 3.60800004005
384 3.56500005722
385 3.53399991989
386 3.49799990654
387 3.45399999619
388 3.4240000248
389 3.39700007439
390 3.37400007248
391 3.33800005913
392 3.31100010872
393 3.28600001335
394 3.26699995995
395 3.25300002098
396 3.30100011826
397 3.32899999619
398 3.3710000515
399 3.39899992943
400 3.4279999733
401 3.46600008011
402 3.51600003242
403 3.56699991226
404 3.60199999809
405 3.64700007439
406 3.67100000381
407 3.71000003815
408 3.74900007248
409 3.78200006485
410 3.82800006866
411 3.89800000191
412 3.9430000782
413 3.97499990463
414 4.04300022125
415 4.12900018692
416 4.17899990082
417 4.2389998436
418 4.29400014877
419 4.3639998436
420 4.4359998703
421 4.51800012589
422 4.59000015259
423 4.66499996185
424 4.72100019455
425 4.81799983978
426 4.91599988937
427 5.02400016785
428 5.11999988556
429 5.20300006866
430 5.31799983978
431 5.41099977493
432 5.53100013733
433 5.62099981308
434 5.76399993896
435 5.89400005341
436 6.01999998093
437 6.16800022125
438 6.30700016022
439 6.48299980164
440 6.4889998436
441 6.59899997711
442 6.47100019455
443 3.05999994278
444 3.03999996185
445 3.04399991035
446 3.03999996185
447 3.01699995995
448 3.00300002098
449 3.01399993896
450 2.99399995804
451 2.98399996758
452 2.97499990463
453 2.98900008202
454 2.98099994659
455 2.96900010109
456 2.96000003815
457 2.96799993515
458 2.9509999752
459 2.9470000267
460 2.95399999619
461 2.95700001717
462 2.93600010872
463 2.93000006676
464 2.92600011826
465 2.9319999218
466 2.92899990082
467 2.93799996376
468 2.91599988937
469 2.93099999428
470 2.65000009537
471 2.64599990845
472 2.64100003242
473 2.62800002098
474 0.949000000954
475 0.70300000906
476 0.697000026703
477 0.931999981403
478 2.65300011635
479 2.66300010681
480 2.64499998093
481 2.64700007439
482 2.63199996948
483 2.64499998093
484 2.65199995041
485 2.63800001144
486 2.40799999237
487 2.34100008011
488 2.32800006866
489 2.5150001049
490 2.84100008011
491 2.93499994278
492 2.9319999218
493 2.95399999619
494 2.9470000267
495 2.95300006866
496 2.95799994469
497 2.95799994469
498 2.95799994469
499 2.96499991417
500 1.31099998951
501 1.17700004578
502 1.12300002575
503 1.11899995804
504 1.14400005341
505 1.12600004673
506 1.14499998093
507 1.15199995041
508 1.16400003433
509 1.19900000095
510 1.18499994278
511 1.18200004101
512 1.20200002193
513 1.23399996758
514 1.22800004482
515 1.25600004196
516 1.40299999714
517 3.09400010109
518 3.10899996758
519 3.11400008202
520 3.12700009346
521 3.13400006294
522 3.14299988747
523 3.17300009727
524 0.935000002384
525 0.908999979496
526 0.916000008583
527 1.09500002861
528 1.08899998665
529 1.05599999428
530 1.07299995422
531 1.08000004292
532 1.0720000267
533 1.08899998665
534 1.09899997711
535 1.10000002384
536 1.13499999046
537 1.14499998093
538 1.14699995518
539 1.16199994087
540 3.52200007439
