0 4.51300001144
1 4.42700004578
2 4.42199993134
3 4.46000003815
4 4.53200006485
5 4.632999897
6 4.67000007629
7 4.69899988174
8 4.73199987411
9 4.76800012589
10 4.78900003433
11 4.81199979782
12 4.85200023651
13 4.88700008392
14 4.92700004578
15 4.94500017166
16 4.82800006866
17 4.84800004959
18 4.87099981308
19 4.96500015259
20 5.1360001564
21 5.18400001526
22 5.22499990463
23 5.26399993896
24 5.30900001526
25 5.34600019455
26 5.39799976349
27 5.45300006866
28 5.50299978256
29 5.53399991989
30 5.59999990463
31 5.64900016785
32 5.64799976349
33 17.1189994812
34 17.1299991608
35 17.1439990997
36 17.156999588
37 0.0
38 0.0
39 0.0
40 17.2530002594
41 17.158000946
42 17.0680007935
43 17.0090007782
44 16.5230007172
45 16.5370006561
46 16.5219993591
47 13.1680002213
48 13.0839996338
49 12.3269996643
50 11.9390001297
51 11.5909996033
52 11.593000412
53 11.6319999695
54 11.6099996567
55 11.3509998322
56 10.9870004654
57 10.454000473
58 10.095000267
59 8.33199977875
60 8.34000015259
61 8.20400047302
62 7.92000007629
63 7.63899993896
64 7.44799995422
65 7.24599981308
66 7.05100011826
67 6.89300012589
68 6.79799985886
69 6.78399991989
70 6.8029999733
71 6.82399988174
72 6.84999990463
73 6.86600017548
74 6.78599977493
75 6.63899993896
76 6.50099992752
77 6.38999986649
78 6.26800012589
79 6.14900016785
80 5.23699998856
81 4.97700023651
82 4.85300016403
83 4.757999897
84 4.66699981689
85 4.60599994659
86 4.53499984741
87 4.46500015259
88 4.40399980545
89 4.34600019455
90 4.26399993896
91 4.23400020599
92 4.16300010681
93 4.1139998436
94 4.02899980545
95 3.98399996758
96 3.93600010872
97 3.89899992943
98 3.83599996567
99 3.78600001335
100 3.76600003242
101 3.79500007629
102 3.81299996376
103 3.84599995613
104 3.867000103
105 3.88899993896
106 3.92000007629
107 3.95700001717
108 3.92600011826
109 3.88599991798
110 3.84599995613
111 3.79800009727
112 3.7650001049
113 3.72799992561
114 3.6819999218
115 3.64700007439
116 3.60899996758
117 3.58999991417
118 3.56100010872
119 3.54099988937
120 3.50200009346
121 3.48099994659
122 3.44000005722
123 3.42100000381
124 3.41199994087
125 3.382999897
126 3.41300010681
127 3.44899988174
128 3.5
129 3.53500008583
130 3.57100009918
131 3.60800004005
132 3.66100001335
133 4.01499986649
134 4.06500005722
135 4.08599996567
136 4.12799978256
137 4.15500020981
138 4.19299983978
139 4.19899988174
140 4.22800016403
141 4.26000022888
142 4.31699991226
143 4.34299993515
144 4.39499998093
145 4.43300008774
146 4.45699977875
147 4.48299980164
148 4.50400018692
149 4.52299976349
150 4.54199981689
151 4.1939997673
152 4.28499984741
153 4.59700012207
154 3.26399993896
155 3.43600010872
156 4.70599985123
157 4.60300016403
158 4.54899978638
159 4.79600000381
160 4.84299993515
161 4.867000103
162 4.89900016785
163 4.9310002327
164 4.95399999619
165 4.99399995804
166 5.0110001564
167 5.04899978638
168 3.14100003242
169 3.22799992561
170 3.36800003052
171 4.1139998436
172 4.91900014877
173 4.87099981308
174 4.85599994659
175 4.83799982071
176 4.82999992371
177 4.8109998703
178 4.82600021362
179 4.86100006104
180 4.87200021744
181 4.91400003433
182 4.82000017166
183 5.31699991226
184 5.46299982071
185 5.46999979019
186 5.50500011444
187 5.507999897
188 4.59800004959
189 4.58199977875
190 5.55800008774
191 5.58900022507
192 3.64700007439
193 3.53099989891
194 4.05999994278
195 4.03999996185
196 5.67000007629
197 5.69500017166
198 5.73500013351
199 5.7610001564
200 5.78499984741
201 5.79600000381
202 5.80900001526
203 5.84100008011
204 5.83900022507
205 5.84499979019
206 5.86999988556
207 5.88700008392
208 5.89900016785
209 5.91200017929
210 5.9279999733
211 5.9359998703
212 5.94000005722
213 5.95399999619
214 5.97100019455
215 5.99700021744
216 6.02099990845
217 6.04400014877
218 6.03900003433
219 6.06799983978
220 6.07000017166
221 6.06500005722
222 6.07600021362
223 6.09800004959
224 6.09999990463
225 6.10400009155
226 6.10099983215
227 6.13100004196
228 6.13199996948
229 6.13100004196
230 6.13800001144
231 6.15999984741
232 6.17500019073
233 6.1859998703
234 6.20800018311
235 6.20300006866
236 6.23199987411
237 6.22399997711
238 6.23400020599
239 6.21500015259
240 6.22200012207
241 6.22599983215
242 6.21899986267
243 6.24900007248
244 6.242000103
245 6.21299982071
246 6.21700000763
247 6.25199985504
248 6.23199987411
249 6.26399993896
250 6.25899982452
251 6.25600004196
252 6.2610001564
253 6.27199983597
254 6.27199983597
255 6.25299978256
256 6.24499988556
257 6.25099992752
258 6.25400018692
259 6.25699996948
260 6.25
261 6.21999979019
262 6.2389998436
263 6.20200014114
264 6.21799993515
265 6.22900009155
266 6.23400020599
267 6.20900011063
268 6.21999979019
269 6.23299980164
270 6.23199987411
271 6.21199989319
272 6.21899986267
273 6.14099979401
274 5.84299993515
275 5.77199983597
276 5.75099992752
277 5.74399995804
278 5.73299980164
279 5.73099994659
280 5.75199985504
281 5.7610001564
282 5.80700016022
283 5.94099998474
284 6.09100008011
285 6.06500005722
286 6.06799983978
287 6.05000019073
288 6.05399990082
289 6.04099988937
290 6.02199983597
291 6.01599979401
292 6.00699996948
293 5.97200012207
294 5.96999979019
295 5.94099998474
296 5.94000005722
297 5.91300010681
298 5.88399982452
299 5.87900018692
300 5.85500001907
301 5.82999992371
302 5.82100009918
303 5.81699991226
304 5.8189997673
305 5.80100011826
306 5.76900005341
307 5.76800012589
308 2.07399988174
309 2.06399989128
310 2.05200004578
311 2.04800009727
312 2.05100011826
313 2.03299999237
314 2.03800010681
315 2.04399991035
316 2.03800010681
317 2.02200007439
318 2.03600001335
319 2.01399993896
320 2.02399992943
321 2.03699994087
322 2.00999999046
323 2.02300000191
324 2.02900004387
325 2.02800011635
326 2.02600002289
327 2.08500003815
328 2.48200011253
329 2.35199999809
330 2.19199991226
331 2.16000008583
332 2.18400001526
333 2.16400003433
334 2.30200004578
335 2.31500005722
336 2.32800006866
337 2.30900001526
338 2.30100011826
339 2.31699991226
340 2.28800010681
341 2.3180000782
342 2.22099995613
343 2.15599989891
344 2.16700005531
345 2.19799995422
346 2.22000002861
347 2.48699998856
348 2.48200011253
349 4.75299978256
350 4.69999980927
351 4.67399978638
352 4.63700008392
353 4.61999988556
354 4.58699989319
355 4.5720000267
356 4.28999996185
357 4.37099981308
358 4.50099992752
359 4.46999979019
360 4.42100000381
361 4.39900016785
362 4.39200019836
363 4.35300016403
364 4.29600000381
365 4.26499986649
366 4.23699998856
367 4.21700000763
368 4.18800020218
369 4.14099979401
370 4.08900022507
371 4.07700014114
372 4.05700016022
373 4.02199983597
374 3.992000103
375 3.95799994469
376 3.93700003624
377 3.90499997139
378 3.875
379 3.85199999809
380 3.81200003624
381 3.70499992371
382 3.64299988747
383 3.59800004959
384 3.56100010872
385 3.53099989891
386 3.49499988556
387 3.46799993515
388 3.43000006676
389 3.382999897
390 3.35500001907
391 3.34400010109
392 3.31599998474
393 3.28399991989
394 3.25600004196
395 3.25200009346
396 3.29800009727
397 3.33899998665
398 3.35199999809
399 3.38899993896
400 3.4509999752
401 3.47399997711
402 3.51699995995
403 3.53900003433
404 3.59800004959
405 3.64299988747
406 3.69000005722
407 3.72099995613
408 3.7349998951
409 3.79299998283
410 3.82399988174
411 3.89499998093
412 3.92899990082
413 3.98300004005
414 4.07000017166
415 4.117000103
416 4.17899990082
417 4.25299978256
418 4.29099988937
419 4.35799980164
420 4.45200014114
421 4.49700021744
422 4.58500003815
423 4.67100000381
424 4.7389998436
425 4.8060002327
426 4.91599988937
427 5.02500009537
428 5.117000103
429 5.21600008011
430 5.30900001526
431 5.41300010681
432 5.52199983597
433 5.63199996948
434 5.76399993896
435 5.89099979401
436 6.04199981689
437 6.15799999237
438 6.33500003815
439 6.45499992371
440 6.51000022888
441 6.59800004959
442 6.41699981689
443 3.0720000267
444 3.04500007629
445 3.03600001335
446 3.03600001335
447 3.01099991798
448 3.02300000191
449 2.9960000515
450 2.99900007248
451 2.99399995804
452 2.97600007057
453 2.9960000515
454 2.97099995613
455 2.98200011253
456 2.96199989319
457 2.95499992371
458 2.97199988365
459 2.94600009918
460 2.94000005722
461 2.94199991226
462 2.95600008965
463 2.9470000267
464 2.92700004578
465 2.9279999733
466 2.93700003624
467 2.93600010872
468 2.91899991035
469 2.90599989891
470 2.64899992943
471 2.62400007248
472 2.63700008392
473 2.64599990845
474 0.950999975204
475 0.705999970436
476 0.716000020504
477 0.920000016689
478 2.65899991989
479 2.64499998093
480 2.65300011635
481 2.64400005341
482 2.63700008392
483 2.64299988747
484 2.65199995041
485 2.64199995995
486 2.42499995232
487 2.32399988174
488 2.33999991417
489 2.51699995995
490 2.82100009918
491 2.93899989128
492 2.93400001526
493 2.9430000782
494 2.95399999619
495 2.9430000782
496 2.94600009918
497 2.95000004768
498 2.9470000267
499 2.97000002861
500 1.47500002384
501 1.23500001431
502 1.13900005817
503 1.14199995995
504 1.1289999485
505 1.14999997616
506 1.12999999523
507 1.13499999046
508 1.14400005341
509 1.19000005722
510 1.21300005913
511 1.20000004768
512 1.21000003815
513 1.22899997234
514 1.21399998665
515 1.2460000515
516 1.3710000515
517 1.32899999619
518 3.10700011253
519 3.11400008202
520 3.12199997902
521 3.14599990845
522 3.15799999237
523 3.15599989891
524 0.933000028133
525 0.919000029564
526 0.915000021458
527 1.08200001717
528 1.09000003338
529 1.06299996376
530 1.05599999428
531 1.05900001526
532 1.10300004482
533 1.09399998188
534 1.09599995613
535 1.09300005436
536 1.13499999046
537 1.15999996662
538 1.14499998093
539 1.15699994564
540 3.52800011635
