0 4.51599979401
1 4.4279999733
2 4.45200014114
3 4.44199991226
4 4.53200006485
5 4.63700008392
6 4.66499996185
7 4.69500017166
8 4.72300004959
9 4.77899980545
10 4.80800008774
11 4.82000017166
12 4.85900020599
13 4.90299987793
14 4.91699981689
15 4.92700004578
16 4.82899999619
17 4.86000013351
18 4.88000011444
19 4.97200012207
20 5.13999986649
21 5.18400001526
22 5.21199989319
23 5.27199983597
24 5.3140001297
25 5.34899997711
26 5.40299987793
27 5.43699979782
28 5.50199985504
29 5.54899978638
30 5.59200000763
31 5.6360001564
32 5.6859998703
33 0.0
34 17.1410007477
35 17.1240005493
36 17.1599998474
37 0.0
38 0.0
39 0.0
40 17.2430000305
41 17.158000946
42 17.0680007935
43 17.0020008087
44 16.5300006866
45 16.5270004272
46 16.5189990997
47 13.1649999619
48 13.0670003891
49 12.3190002441
50 11.954000473
51 11.5959997177
52 11.6029996872
53 11.6210002899
54 11.6129999161
55 11.3409996033
56 10.9899997711
57 10.470000267
58 10.1160001755
59 8.31799983978
60 8.32800006866
61 8.19299983978
62 7.91900014877
63 7.63800001144
64 7.43699979782
65 7.23400020599
66 7.07100009918
67 6.89499998093
68 6.78599977493
69 6.78499984741
70 6.79300022125
71 6.81199979782
72 6.85300016403
73 6.87200021744
74 6.79099988937
75 6.64900016785
76 6.51900005341
77 6.38199996948
78 6.28000020981
79 6.15000009537
80 5.21899986267
81 4.96700000763
82 4.85799980164
83 4.75899982452
84 4.67399978638
85 4.61000013351
86 4.53800010681
87 4.47800016403
88 4.41099977493
89 4.30900001526
90 4.27400016785
91 4.22499990463
92 4.15100002289
93 4.10099983215
94 4.03100013733
95 3.97799992561
96 3.93700003624
97 3.88599991798
98 3.83100008965
99 3.79200005531
100 3.76399993896
101 3.79399991035
102 3.81599998474
103 3.84800004959
104 3.87599992752
105 3.91100001335
106 3.95600008965
107 3.9470000267
108 3.91199994087
109 3.88599991798
110 3.82299995422
111 3.79500007629
112 3.76300001144
113 3.73099994659
114 3.6930000782
115 3.66300010681
116 3.625
117 3.59299993515
118 3.56100010872
119 3.53399991989
120 3.49300003052
121 3.46900010109
122 3.44499993324
123 3.41899991035
124 3.40100002289
125 3.39400005341
126 3.42199993134
127 3.45700001717
128 3.48300004005
129 3.51200008392
130 3.56299996376
131 3.62199997902
132 3.67199993134
133 4.02199983597
134 4.04899978638
135 4.08699989319
136 4.10599994659
137 4.14400005341
138 4.18499994278
139 4.1890001297
140 4.257999897
141 4.28499984741
142 4.32499980927
143 4.32600021362
144 4.37200021744
145 4.42299985886
146 4.46899986267
147 4.4889998436
148 4.51200008392
149 4.53299999237
150 4.53599977493
151 4.21400022507
152 4.29500007629
153 0.0
154 3.28200006485
155 3.4240000248
156 4.71799993515
157 4.60200023651
158 4.53399991989
159 4.79199981689
160 4.83099985123
161 4.84899997711
162 4.89900016785
163 4.92700004578
164 4.96500015259
165 4.992000103
166 5.01900005341
167 5.03000020981
168 3.14599990845
169 3.21399998665
170 3.36999988556
171 4.09000015259
172 4.90299987793
173 4.88199996948
174 4.85200023651
175 4.83699989319
176 4.80700016022
177 4.81300020218
178 4.82399988174
179 4.84499979019
180 4.87799978256
181 4.90600013733
182 4.8140001297
183 5.3220000267
184 5.45900011063
185 5.48400020599
186 5.5
187 5.51200008392
188 4.58699989319
189 4.56699991226
190 5.56199979782
191 5.57700014114
192 3.63100004196
193 3.51999998093
194 4.06300020218
195 4.04300022125
196 5.69299983978
197 5.71500015259
198 5.73000001907
199 5.74800014496
200 5.77199983597
201 5.79500007629
202 5.83099985123
203 5.83699989319
204 5.85099983215
205 5.85400009155
206 5.87799978256
207 5.87300014496
208 5.88999986649
209 5.91200017929
210 5.92700004578
211 5.94500017166
212 5.96000003815
213 5.95599985123
214 5.9889998436
215 5.98799991608
216 6.02699995041
217 6.03599977493
218 6.05399990082
219 6.05200004578
220 6.07700014114
221 6.07000017166
222 6.08500003815
223 6.08900022507
224 6.07800006866
225 6.09899997711
226 6.12300014496
227 6.12799978256
228 6.14699983597
229 6.15100002289
230 6.15600013733
231 6.17399978638
232 6.1779999733
233 6.17700004578
234 6.1859998703
235 6.21000003815
236 6.22499990463
237 6.23799991608
238 6.23199987411
239 6.23500013351
240 6.23099994659
241 6.23500013351
242 6.22700023651
243 6.22399997711
244 6.21899986267
245 6.23799991608
246 6.25600004196
247 6.242000103
248 6.24900007248
249 6.23400020599
250 6.25500011444
251 6.25
252 6.26499986649
253 6.26499986649
254 6.25500011444
255 6.28100013733
256 6.27299976349
257 6.26599979401
258 6.23600006104
259 6.22900009155
260 6.23600006104
261 6.24300003052
262 6.2389998436
263 6.23099994659
264 6.21600008011
265 6.20900011063
266 6.21999979019
267 6.19999980927
268 6.23699998856
269 6.21199989319
270 6.21099996567
271 6.20900011063
272 6.22399997711
273 6.12699985504
274 5.84600019455
275 5.79699993134
276 5.75099992752
277 5.72900009155
278 5.71700000763
279 5.73799991608
280 5.74399995804
281 5.76800012589
282 5.81599998474
283 5.93400001526
284 6.06799983978
285 6.0560002327
286 6.05800008774
287 6.05800008774
288 6.06799983978
289 6.05200004578
290 6.03700017929
291 6.01900005341
292 5.99300003052
293 5.97599983215
294 5.9470000267
295 5.92399978638
296 5.93200016022
297 5.90700006485
298 5.88899993896
299 5.87799978256
300 5.86000013351
301 5.86100006104
302 5.83400011063
303 5.82299995422
304 5.79400014877
305 5.79199981689
306 5.78700017929
307 5.78000020981
308 2.08299994469
309 2.05500006676
310 2.03900003433
311 2.0569999218
312 2.03800010681
313 2.03500008583
314 2.05100011826
315 2.04600000381
316 2.03399991989
317 2.02999997139
318 2.03600001335
319 2.02099990845
320 2.01399993896
321 2.01200008392
322 2.00999999046
323 2.03200006485
324 2.03200006485
325 2.02800011635
326 2.00999999046
327 2.08299994469
328 2.47799992561
329 2.34400010109
330 2.20300006866
331 2.16499996185
332 2.17600011826
333 2.18300008774
334 2.28600001335
335 2.31900000572
336 2.31100010872
337 2.33299994469
338 2.29399991035
339 2.28900003433
340 2.29399991035
341 2.31299996376
342 2.23000001907
343 2.18099999428
344 2.16300010681
345 2.18300008774
346 2.21499991417
347 2.48600006104
348 2.47399997711
349 4.73999977112
350 4.71600008011
351 4.67199993134
352 4.64300012589
353 4.60900020599
354 4.58900022507
355 4.56500005722
356 4.32100009918
357 4.34999990463
358 4.47300004959
359 4.4390001297
360 4.43699979782
361 4.39900016785
362 4.39300012589
363 4.34899997711
364 4.31500005722
365 4.28100013733
366 4.24900007248
367 4.21799993515
368 4.17999982834
369 4.14300012589
370 4.09999990463
371 4.07600021362
372 4.02799987793
373 4.00299978256
374 3.9849998951
375 3.96099996567
376 3.92499995232
377 3.91199994087
378 3.87700009346
379 3.85299992561
380 3.80999994278
381 3.70300006866
382 3.625
383 3.60500001907
384 3.56699991226
385 3.53099989891
386 3.49399995804
387 3.43799996376
388 3.42700004578
389 3.40400004387
390 3.35899996758
391 3.33999991417
392 3.31900000572
393 3.26300001144
394 3.26399993896
395 3.25
396 3.28800010681
397 3.33800005913
398 3.36899995804
399 3.3900001049
400 3.43600010872
401 3.48300004005
402 3.52800011635
403 3.55800008774
404 3.60299992561
405 3.63499999046
406 3.6779999733
407 3.70600008965
408 3.72199988365
409 3.77699995041
410 3.83200001717
411 3.86899995804
412 3.93600010872
413 3.98799991608
414 4.06199979782
415 4.09999990463
416 4.17700004578
417 4.22300004959
418 4.29099988937
419 4.38199996948
420 4.45399999619
421 4.52099990845
422 4.56799983978
423 4.65999984741
424 4.74599981308
425 4.81500005722
426 4.91099977493
427 5.02799987793
428 5.117000103
429 5.21099996567
430 5.31300020218
431 5.42399978638
432 5.53100013733
433 5.63700008392
434 5.75600004196
435 5.88199996948
436 6.01900005341
437 6.17199993134
438 6.30800008774
439 6.48500013351
440 6.49499988556
441 6.61800003052
442 6.44199991226
443 3.09200000763
444 3.04500007629
445 3.03999996185
446 3.04399991035
447 3.02399992943
448 3.0150001049
449 2.99499988556
450 3.0039999485
451 3.00699996948
452 2.97900009155
453 2.97499990463
454 2.97199988365
455 2.96700000763
456 2.97499990463
457 2.95399999619
458 2.96000003815
459 2.96700000763
460 2.95499992371
461 2.93899989128
462 2.94199991226
463 2.93300008774
464 2.93499994278
465 2.9240000248
466 2.94199991226
467 2.91899991035
468 2.92700004578
469 2.90599989891
470 2.66300010681
471 2.64499998093
472 2.64199995995
473 2.64400005341
474 0.935000002384
475 0.708999991417
476 0.702000021935
477 0.922999978065
478 2.65899991989
479 2.64599990845
480 2.64199995995
481 2.65300011635
482 2.65100002289
483 2.63400006294
484 2.64599990845
485 2.6400001049
486 2.4279999733
487 2.35599994659
488 2.33200001717
489 2.48799991608
490 2.84299993515
491 2.93000006676
492 2.94000005722
493 2.9319999218
494 2.94899988174
495 2.9430000782
496 2.97099995613
497 2.95000004768
498 2.97900009155
499 2.97799992561
500 1.20899999142
501 1.24100005627
502 1.14900004864
503 1.1289999485
504 1.12999999523
505 1.125
506 1.12800002098
507 1.13699996471
508 1.16700005531
509 1.18499994278
510 1.19400000572
511 1.20500004292
512 1.2009999752
513 1.19799995422
514 1.21700000763
515 1.25100004673
516 1.36300003529
517 1.54700005054
518 3.12199997902
519 3.11500000954
520 3.13599991798
521 3.15300011635
522 3.15899991989
523 3.15499997139
524 0.930999994278
525 0.908999979496
526 0.931999981403
527 1.10399997234
528 1.08099997044
529 1.08399999142
530 1.08099997044
531 1.05700004101
532 1.06599998474
533 1.08099997044
534 1.09700000286
535 1.10899996758
536 1.13600003719
537 1.13699996471
538 1.14699995518
539 1.1590000391
540 3.52600002289
