0 4.50500011444
1 4.42500019073
2 4.45499992371
3 4.47200012207
4 4.53499984741
5 4.65899991989
6 4.67299985886
7 4.70800018311
8 4.73500013351
9 4.76800012589
10 4.80700016022
11 4.83599996567
12 4.867000103
13 4.89699983597
14 4.93200016022
15 4.94099998474
16 4.83099985123
17 4.84600019455
18 4.882999897
19 4.96199989319
20 5.14900016785
21 5.18499994278
22 5.21799993515
23 5.26800012589
24 5.32399988174
25 5.36199998856
26 5.40500020981
27 5.44899988174
28 5.50500011444
29 5.53499984741
30 5.6139998436
31 5.632999897
32 5.64300012589
33 0.0
34 17.1609992981
35 17.138999939
36 17.1420001984
37 0.0
38 0.0
39 0.0
40 17.2469997406
41 17.1760005951
42 17.0750007629
43 16.9990005493
44 16.5209999084
45 16.5380001068
46 16.5209999084
47 13.156999588
48 13.0780000687
49 12.3479995728
50 11.9729995728
51 11.5939998627
52 11.6149997711
53 11.6260004044
54 11.6280002594
55 11.361000061
56 11.0050001144
57 10.4589996338
58 10.1160001755
59 8.33100032806
60 8.34099960327
61 8.19999980927
62 7.90999984741
63 7.63199996948
64 7.42500019073
65 7.22800016403
66 7.0689997673
67 6.90199995041
68 6.79199981689
69 6.78200006485
70 6.79799985886
71 6.81799983978
72 6.84399986267
73 6.87200021744
74 6.78999996185
75 6.63100004196
76 6.50199985504
77 6.3860001564
78 6.26300001144
79 6.15500020981
80 5.23000001907
81 4.96999979019
82 4.85799980164
83 4.76800012589
84 4.67999982834
85 4.61000013351
86 4.54400014877
87 4.47399997711
88 4.41200017929
89 4.34600019455
90 4.28100013733
91 4.20100021362
92 4.13899993896
93 4.10200023651
94 4.04099988937
95 3.97900009155
96 3.94000005722
97 3.88499999046
98 3.85100007057
99 3.78999996185
100 3.76900005341
101 3.79600000381
102 3.81900000572
103 3.85299992561
104 3.86999988556
105 3.91100001335
106 3.92199993134
107 3.96799993515
108 3.9240000248
109 3.88100004196
110 3.84200000763
111 3.79299998283
112 3.75600004196
113 3.72399997711
114 3.69499993324
115 3.67100000381
116 3.62800002098
117 3.59999990463
118 3.56999993324
119 3.51600003242
120 3.49900007248
121 3.46199989319
122 3.43400001526
123 3.41799998283
124 3.40100002289
125 3.39599990845
126 3.42600011826
127 3.45499992371
128 3.492000103
129 3.53500008583
130 3.55900001526
131 3.59699988365
132 3.67199993134
133 4.01900005341
134 4.0689997673
135 4.09299993515
136 4.11999988556
137 4.1360001564
138 4.19199991226
139 4.19899988174
140 4.24800014496
141 4.28000020981
142 4.32299995422
143 4.36199998856
144 4.39900016785
145 4.42899990082
146 4.44500017166
147 4.46999979019
148 4.51599979401
149 4.53000020981
150 4.55000019073
151 4.19999980927
152 4.28599977493
153 4.54500007629
154 3.27500009537
155 3.41300010681
156 4.71799993515
157 4.59700012207
158 4.55800008774
159 4.80100011826
160 4.83799982071
161 4.86100006104
162 4.90399980545
163 4.9279999733
164 4.95699977875
165 4.99100017548
166 5.02500009537
167 5.04400014877
168 3.11400008202
169 3.22799992561
170 3.35800004005
171 4.10699987411
172 4.92000007629
173 4.88800001144
174 4.84999990463
175 4.83199977875
176 4.83400011063
177 4.82700014114
178 4.83799982071
179 4.85400009155
180 4.8639998436
181 4.90100002289
182 4.81699991226
183 5.30900001526
184 5.46600008011
185 5.48199987411
186 5.49300003052
187 5.50699996948
188 4.60599994659
189 4.57600021362
190 5.56199979782
191 5.60500001907
192 3.64400005341
193 3.52099990845
194 4.07399988174
195 4.0560002327
196 5.69500017166
197 5.71500015259
198 5.71400022507
199 5.76599979401
200 5.77500009537
201 5.8060002327
202 5.81300020218
203 5.84399986267
204 5.83099985123
205 5.85799980164
206 5.882999897
207 5.88700008392
208 5.88000011444
209 5.90799999237
210 5.92600011826
211 5.91699981689
212 5.94500017166
213 5.98000001907
214 5.98699998856
215 5.992000103
216 6.02799987793
217 6.04400014877
218 6.06199979782
219 6.05999994278
220 6.06799983978
221 6.07399988174
222 6.08300018311
223 6.11000013351
224 6.10799980164
225 6.12300014496
226 6.12900018692
227 6.11999988556
228 6.15000009537
229 6.13399982452
230 6.15299987793
231 6.16499996185
232 6.18400001526
233 6.17500019073
234 6.20699977875
235 6.22499990463
236 6.21500015259
237 6.21799993515
238 6.23299980164
239 6.22100019455
240 6.22499990463
241 6.22800016403
242 6.2389998436
243 6.22800016403
244 6.23099994659
245 6.22300004959
246 6.22599983215
247 6.2389998436
248 6.25199985504
249 6.24900007248
250 6.26700019836
251 6.25699996948
252 6.26999998093
253 6.28000020981
254 6.26000022888
255 6.28499984741
256 6.26399993896
257 6.26000022888
258 6.25600004196
259 6.25299978256
260 6.25600004196
261 6.25099992752
262 6.21600008011
263 6.21999979019
264 6.22800016403
265 6.21999979019
266 6.23699998856
267 6.22100019455
268 6.21199989319
269 6.23799991608
270 6.20200014114
271 6.21700000763
272 6.19500017166
273 6.13199996948
274 5.82899999619
275 5.77199983597
276 5.75500011444
277 5.73199987411
278 5.72399997711
279 5.71799993515
280 5.72100019455
281 5.76300001144
282 5.80700016022
283 5.93400001526
284 6.08199977875
285 6.08900022507
286 6.05399990082
287 6.07499980927
288 6.06599998474
289 6.04899978638
290 6.03700017929
291 6.00199985504
292 5.98699998856
293 5.9889998436
294 5.96299982071
295 5.95100021362
296 5.9359998703
297 5.91599988937
298 5.88999986649
299 5.87900018692
300 5.87200021744
301 5.83300018311
302 5.82800006866
303 5.8189997673
304 5.80999994278
305 5.80399990082
306 5.79600000381
307 5.76999998093
308 2.07999992371
309 2.05800008774
310 2.04600000381
311 2.05200004578
312 2.05200004578
313 2.05399990082
314 2.04099988937
315 2.04099988937
316 2.02500009537
317 2.02099990845
318 2.0150001049
319 2.01900005341
320 2.03600001335
321 2.03099989891
322 2.01300001144
323 2.01600003242
324 2.00999999046
325 2.01099991798
326 2.05999994278
327 2.08800005913
328 2.48200011253
329 2.35299992561
330 2.20900011063
331 2.19899988174
332 2.16499996185
333 2.19600009918
334 2.28399991989
335 2.31999993324
336 2.33200001717
337 2.30900001526
338 2.29399991035
339 2.28900003433
340 2.31900000572
341 2.30399990082
342 2.2009999752
343 2.15499997139
344 2.1779999733
345 2.19499993324
346 2.23600006104
347 2.49300003052
348 2.48000001907
349 4.74900007248
350 4.70599985123
351 4.66900014877
352 4.64599990845
353 4.617000103
354 4.59100008011
355 4.56300020218
356 4.31300020218
357 4.3639998436
358 4.48600006104
359 4.45499992371
360 4.41699981689
361 4.42000007629
362 4.39400005341
363 4.34800004959
364 4.3189997673
365 4.28200006485
366 4.23600006104
367 4.20699977875
368 4.18800020218
369 4.12699985504
370 4.11499977112
371 4.0720000267
372 4.02799987793
373 4.02199983597
374 3.9960000515
375 3.96700000763
376 3.94799995422
377 3.90499997139
378 3.86500000954
379 3.83699989319
380 3.81900000572
381 3.72199988365
382 3.63400006294
383 3.6099998951
384 3.56900000572
385 3.51399993896
386 3.49000000954
387 3.46399998665
388 3.4319999218
389 3.39499998093
390 3.375
391 3.33400011063
392 3.30800008774
393 3.27200007439
394 3.26699995995
395 3.257999897
396 3.30200004578
397 3.33599996567
398 3.36400008202
399 3.38700008392
400 3.4319999218
401 3.48600006104
402 3.52200007439
403 3.56399989128
404 3.59800004959
405 3.64199995995
406 3.68300008774
407 3.70600008965
408 3.72900009155
409 3.79699993134
410 3.83800005913
411 3.88199996948
412 3.94000005722
413 4.0
414 4.04799985886
415 4.10400009155
416 4.19099998474
417 4.24800014496
418 4.30900001526
419 4.35799980164
420 4.42199993134
421 4.52699995041
422 4.57299995422
423 4.65500020981
424 4.73699998856
425 4.82399988174
426 4.91099977493
427 5.01999998093
428 5.12599992752
429 5.21700000763
430 5.30900001526
431 5.41599988937
432 5.54099988937
433 5.64099979401
434 5.75699996948
435 5.88899993896
436 6.02299976349
437 6.16099977493
438 6.31699991226
439 6.46899986267
440 6.50400018692
441 6.60200023651
442 6.47200012207
443 3.07800006866
444 3.03999996185
445 3.03999996185
446 3.03900003433
447 3.02300000191
448 3.02200007439
449 2.992000103
450 2.99499988556
451 2.99799990654
452 3.0039999485
453 2.97199988365
454 2.97399997711
455 2.96700000763
456 2.96700000763
457 2.97399997711
458 2.95199990273
459 2.95199990273
460 2.95300006866
461 2.9430000782
462 2.93600010872
463 2.93799996376
464 2.94000005722
465 2.96000003815
466 2.95000004768
467 2.93000006676
468 2.91700005531
469 2.91700005531
470 2.66000008583
471 2.64700007439
472 2.65899991989
473 2.64599990845
474 0.949999988079
475 0.717000007629
476 0.705999970436
477 0.935000002384
478 2.64599990845
479 2.6400001049
480 2.64800000191
481 2.65400004387
482 2.65100002289
483 2.65599989891
484 2.66199994087
485 2.62800002098
486 2.41199994087
487 2.33299994469
488 2.32899999619
489 2.50500011444
490 2.82399988174
491 2.93400001526
492 2.93400001526
493 2.94600009918
494 2.94000005722
495 2.94600009918
496 2.96499991417
497 2.96399998665
498 2.95399999619
499 2.96700000763
500 1.20200002193
501 1.25499999523
502 1.14100003242
503 1.13499999046
504 1.14199995995
505 1.1210000515
506 1.11300003529
507 1.13600003719
508 1.13100004196
509 1.18099999428
510 1.20200002193
511 1.21000003815
512 1.20799994469
513 1.21500003338
514 1.22599995136
515 1.24199998379
516 1.34500002861
517 1.50699996948
518 3.11599993706
519 3.1289999485
520 3.13499999046
521 3.15199995041
522 3.15199995041
523 3.17499995232
524 0.929000020027
525 0.911000013351
526 0.915000021458
527 1.09000003338
528 1.09399998188
529 1.08099997044
530 1.06900000572
531 1.07899999619
532 1.07099997997
533 1.07700002193
534 1.10699999332
535 1.10300004482
536 1.13600003719
537 1.14999997616
538 1.16199994087
539 1.15100002289
540 3.53099989891
