0 4.51599979401
1 4.43400001526
2 4.42199993134
3 4.46199989319
4 4.53900003433
5 4.64400005341
6 4.68499994278
7 4.70300006866
8 4.74499988556
9 4.77299976349
10 4.79500007629
11 4.8189997673
12 4.84899997711
13 4.90100002289
14 4.92399978638
15 4.94000005722
16 4.84200000763
17 4.84399986267
18 4.87400007248
19 4.96899986267
20 5.14200019836
21 5.17700004578
22 5.22800016403
23 5.26399993896
24 5.30900001526
25 5.35799980164
26 5.40299987793
27 5.45100021362
28 5.50600004196
29 5.5560002327
30 5.59700012207
31 5.63899993896
32 5.65199995041
33 0.0
34 17.1369991302
35 17.1340007782
36 17.1539993286
37 0.0
38 0.0
39 0.0
40 17.2390003204
41 17.170999527
42 17.0669994354
43 17.017999649
44 16.5300006866
45 16.5450000763
46 16.5209999084
47 13.1619997025
48 13.0839996338
49 12.329000473
50 11.9359998703
51 11.5909996033
52 11.6049995422
53 11.6289997101
54 11.626999855
55 11.3330001831
56 10.9849996567
57 10.4750003815
58 10.0850000381
59 8.34000015259
60 8.34300041199
61 8.20400047302
62 7.90999984741
63 7.64599990845
64 7.44199991226
65 7.24499988556
66 7.0560002327
67 6.90399980545
68 6.78599977493
69 6.77500009537
70 6.79400014877
71 6.8220000267
72 6.84700012207
73 6.867000103
74 6.80399990082
75 6.64400005341
76 6.49399995804
77 6.375
78 6.26499986649
79 6.16300010681
80 5.21600008011
81 4.97200012207
82 4.85300016403
83 4.77699995041
84 4.67299985886
85 4.57899999619
86 4.51200008392
87 4.46500015259
88 4.41099977493
89 4.34200000763
90 4.28599977493
91 4.21400022507
92 4.17399978638
93 4.08799982071
94 4.04400014877
95 3.97900009155
96 3.9240000248
97 3.882999897
98 3.83200001717
99 3.78900003433
100 3.76099991798
101 3.7990000248
102 3.82999992371
103 3.83299994469
104 3.8789999485
105 3.89299988747
106 3.9279999733
107 3.95600008965
108 3.92000007629
109 3.88599991798
110 3.85400009155
111 3.7990000248
112 3.75500011444
113 3.72399997711
114 3.69000005722
115 3.66000008583
116 3.63400006294
117 3.58100008965
118 3.56599998474
119 3.52999997139
120 3.50500011444
121 3.47300004959
122 3.4470000267
123 3.42100000381
124 3.40100002289
125 3.39299988747
126 3.42499995232
127 3.45199990273
128 3.47799992561
129 3.53200006485
130 3.57699990273
131 3.61299991608
132 3.66599988937
133 4.007999897
134 4.06799983978
135 4.10099983215
136 4.12699985504
137 4.14799976349
138 4.18699979782
139 4.20200014114
140 4.25299978256
141 4.26399993896
142 4.29799985886
143 4.33099985123
144 4.38199996948
145 4.41499996185
146 4.47300004959
147 4.49499988556
148 4.51700019836
149 4.52299976349
150 4.53999996185
151 4.18300008774
152 4.29099988937
153 4.61299991608
154 3.27800011635
155 3.40100002289
156 4.72399997711
157 4.59299993515
158 4.55100011826
159 4.79699993134
160 4.82000017166
161 4.86299991608
162 4.89699983597
163 4.92899990082
164 4.95699977875
165 4.98799991608
166 5.01399993896
167 5.03900003433
168 3.13800001144
169 3.21399998665
170 3.36899995804
171 4.10300016403
172 4.90899991989
173 4.8860001564
174 4.85200023651
175 4.82600021362
176 4.82600021362
177 4.81300020218
178 4.83900022507
179 4.84499979019
180 4.87799978256
181 4.90600013733
182 4.8220000267
183 5.31599998474
184 5.46500015259
185 5.48299980164
186 5.49900007248
187 5.50500011444
188 4.59100008011
189 4.5640001297
190 5.54799985886
191 5.58900022507
192 3.64800000191
193 3.52999997139
194 4.08500003815
195 4.03499984741
196 5.69000005722
197 5.71999979019
198 5.72399997711
199 5.76800012589
200 5.78299999237
201 5.81199979782
202 5.82700014114
203 5.84000015259
204 5.84100008011
205 5.84299993515
206 5.85300016403
207 5.89200019836
208 5.88700008392
209 5.90999984741
210 5.92000007629
211 5.94600009918
212 5.9390001297
213 5.96000003815
214 5.98299980164
215 5.97900009155
216 5.992000103
217 6.03000020981
218 6.0529999733
219 6.07399988174
220 6.08099985123
221 6.0720000267
222 6.07800006866
223 6.09899997711
224 6.1139998436
225 6.09399986267
226 6.11800003052
227 6.13100004196
228 6.14799976349
229 6.15999984741
230 6.15999984741
231 6.16599988937
232 6.15799999237
233 6.17100000381
234 6.20399999619
235 6.21500015259
236 6.21799993515
237 6.22100019455
238 6.21799993515
239 6.23000001907
240 6.22700023651
241 6.22900009155
242 6.22399997711
243 6.23000001907
244 6.21600008011
245 6.23600006104
246 6.25299978256
247 6.24499988556
248 6.24300003052
249 6.22399997711
250 6.25899982452
251 6.24900007248
252 6.26900005341
253 6.27899980545
254 6.26599979401
255 6.27299976349
256 6.27299976349
257 6.26599979401
258 6.25400018692
259 6.22800016403
260 6.23000001907
261 6.24100017548
262 6.22800016403
263 6.23699998856
264 6.21700000763
265 6.22900009155
266 6.22100019455
267 6.24300003052
268 6.23299980164
269 6.21500015259
270 6.21799993515
271 6.20699977875
272 6.22399997711
273 6.14799976349
274 5.85900020599
275 5.77799987793
276 5.75400018692
277 5.73600006104
278 5.73000001907
279 5.71700000763
280 5.73799991608
281 5.76900005341
282 5.80999994278
283 5.95399999619
284 6.08400011063
285 6.07800006866
286 6.05399990082
287 6.05200004578
288 6.06500005722
289 6.0560002327
290 6.02699995041
291 6.00500011444
292 6.0
293 5.98299980164
294 5.95800018311
295 5.95499992371
296 5.91099977493
297 5.90600013733
298 5.88899993896
299 5.87300014496
300 5.84499979019
301 5.84999990463
302 5.82800006866
303 5.82100009918
304 5.8109998703
305 5.78599977493
306 5.79300022125
307 5.77199983597
308 2.07699990273
309 2.06599998474
310 2.0569999218
311 2.03200006485
312 2.03900003433
313 2.04500007629
314 2.02300000191
315 2.01999998093
316 2.03999996185
317 2.0150001049
318 2.03399991989
319 2.01300001144
320 2.00999999046
321 2.00999999046
322 2.00500011444
323 2.00600004196
324 2.03500008583
325 2.02699995041
326 2.01900005341
327 2.09299993515
328 2.46799993515
329 2.33100008965
330 2.19899988174
331 2.1779999733
332 2.17600011826
333 2.18499994278
334 2.30599999428
335 2.32500004768
336 2.31999993324
337 2.31399989128
338 2.29800009727
339 2.29200005531
340 2.30399990082
341 2.30599999428
342 2.22499990463
343 2.18099999428
344 2.19199991226
345 2.1930000782
346 2.21799993515
347 2.47199988365
348 2.47799992561
349 4.73799991608
350 4.71600008011
351 4.67199993134
352 4.66200017929
353 4.617000103
354 4.58900022507
355 4.56199979782
356 4.30800008774
357 4.35300016403
358 4.4889998436
359 4.46500015259
360 4.44099998474
361 4.43300008774
362 4.39099979401
363 4.34899997711
364 4.30900001526
365 4.27400016785
366 4.24100017548
367 4.21199989319
368 4.17600011826
369 4.1360001564
370 4.08900022507
371 4.08799982071
372 4.05999994278
373 4.01499986649
374 3.99900007248
375 3.95000004768
376 3.91700005531
377 3.89400005341
378 3.8789999485
379 3.84999990463
380 3.82899999619
381 3.71900010109
382 3.64199995995
383 3.60100007057
384 3.54800009727
385 3.51399993896
386 3.49399995804
387 3.46199989319
388 3.42600011826
389 3.38100004196
390 3.35100007057
391 3.34299993515
392 3.31299996376
393 3.27500009537
394 3.25900006294
395 3.26399993896
396 3.29999995232
397 3.34299993515
398 3.3599998951
399 3.41000008583
400 3.43099999428
401 3.49099993706
402 3.49799990654
403 3.54999995232
404 3.60400009155
405 3.64299988747
406 3.66700005531
407 3.71199989319
408 3.73300004005
409 3.78699994087
410 3.83999991417
411 3.8710000515
412 3.92000007629
413 3.99399995804
414 4.06599998474
415 4.12599992752
416 4.17999982834
417 4.23500013351
418 4.28599977493
419 4.37400007248
420 4.44799995422
421 4.52500009537
422 4.59299993515
423 4.65999984741
424 4.742000103
425 4.82100009918
426 4.90399980545
427 5.0110001564
428 5.117000103
429 5.21099996567
430 5.32100009918
431 5.41800022125
432 5.52099990845
433 5.63800001144
434 5.76200008392
435 5.875
436 6.01499986649
437 6.16599988937
438 6.30900001526
439 6.48099994659
440 6.492000103
441 6.59999990463
442 6.46999979019
443 3.08299994469
444 3.03999996185
445 3.03800010681
446 3.04600000381
447 3.01900005341
448 3.02099990845
449 3.007999897
450 3.007999897
451 3.00300002098
452 2.98399996758
453 2.98000001907
454 2.96399998665
455 2.98900008202
456 2.95900011063
457 2.94899988174
458 2.95399999619
459 2.95300006866
460 2.94400000572
461 2.94099998474
462 2.93700003624
463 2.93000006676
464 2.94000005722
465 2.93400001526
466 2.92000007629
467 2.91899991035
468 2.92100000381
469 2.91499996185
470 2.65599989891
471 2.64700007439
472 2.64199995995
473 2.64400005341
474 0.936999976635
475 0.694999992847
476 0.702000021935
477 0.926999986172
478 2.66000008583
479 2.63100004196
480 2.65300011635
481 2.63800001144
482 2.66700005531
483 2.65499997139
484 2.65599989891
485 2.65400004387
486 2.41899991035
487 2.34500002861
488 2.3220000267
489 2.51200008392
490 2.81399989128
491 2.92100000381
492 2.93300008774
493 2.93600010872
494 2.96799993515
495 2.95000004768
496 2.96000003815
497 2.95499992371
498 2.95499992371
499 2.97900009155
500 1.42299997807
501 1.22899997234
502 1.14199995995
503 1.12199997902
504 1.12800002098
505 1.12600004673
506 1.10800004005
507 1.11500000954
508 1.13100004196
509 1.14199995995
510 1.17100000381
511 1.18099999428
512 1.17100000381
513 1.19299995899
514 1.20299994946
515 1.20700001717
516 1.3259999752
517 1.46800005436
518 3.11599993706
519 3.11299991608
520 3.1210000515
521 3.14800000191
522 3.14800000191
523 3.16400003433
524 0.935000002384
525 0.919000029564
526 0.916999995708
527 1.08800005913
528 1.05900001526
529 1.07400000095
530 1.05400002003
531 1.0490000248
532 1.06299996376
533 1.0379999876
534 1.07500004768
535 1.07400000095
536 1.08000004292
537 1.10099995136
538 1.09500002861
539 1.125
540 3.55100011826
