0 4.50600004196
1 4.4359998703
2 4.41800022125
3 4.45800018311
4 4.52400016785
5 4.65899991989
6 4.6779999733
7 4.70800018311
8 4.72900009155
9 4.757999897
10 4.78800010681
11 4.82100009918
12 4.85900020599
13 4.88500022888
14 4.92700004578
15 4.9279999733
16 4.84299993515
17 4.85200023651
18 4.88999986649
19 4.96799993515
20 5.13700008392
21 5.1779999733
22 5.22599983215
23 5.26800012589
24 5.31500005722
25 5.34600019455
26 5.39799976349
27 5.4470000267
28 5.49499988556
29 5.55499982834
30 5.59100008011
31 5.63100004196
32 5.62900018692
33 0.0
34 17.1630001068
35 17.1520004272
36 17.1509990692
37 0.0
38 0.0
39 0.0
40 17.2369995117
41 17.172000885
42 17.061000824
43 16.9979991913
44 16.5240001678
45 16.531999588
46 16.5100002289
47 13.1680002213
48 13.0850000381
49 12.3319997787
50 11.9250001907
51 11.5810003281
52 11.6040000916
53 11.6450004578
54 11.6309995651
55 11.3599996567
56 10.9899997711
57 10.4469995499
58 10.0880002975
59 8.32600021362
60 8.34000015259
61 8.21000003815
62 7.92500019073
63 7.64599990845
64 7.45300006866
65 7.23799991608
66 7.06500005722
67 6.90500020981
68 6.79199981689
69 6.77500009537
70 6.81199979782
71 6.8189997673
72 6.85300016403
73 6.875
74 6.78999996185
75 6.64400005341
76 6.51399993896
77 6.38999986649
78 6.25899982452
79 6.14499998093
80 5.24900007248
81 4.96600008011
82 4.85099983215
83 4.76999998093
84 4.67999982834
85 4.57299995422
86 4.53499984741
87 4.46600008011
88 4.40799999237
89 4.34000015259
90 4.26900005341
91 4.21899986267
92 4.16099977493
93 4.11600017548
94 4.03599977493
95 3.97399997711
96 3.9319999218
97 3.8900001049
98 3.8220000267
99 3.77900004387
100 3.77800011635
101 3.78699994087
102 3.82299995422
103 3.84999990463
104 3.88800001144
105 3.90400004387
106 3.93899989128
107 3.95199990273
108 3.92100000381
109 3.87199997902
110 3.84299993515
111 3.81200003624
112 3.76600003242
113 3.72600007057
114 3.69400000572
115 3.65100002289
116 3.61100006104
117 3.59599995613
118 3.56100010872
119 3.53999996185
120 3.50999999046
121 3.47499990463
122 3.43300008774
123 3.41400003433
124 3.39100003242
125 3.39299988747
126 3.41400003433
127 3.44899988174
128 3.49000000954
129 3.53200006485
130 3.56699991226
131 3.60800004005
132 3.66300010681
133 4.00600004196
134 4.04600000381
135 4.08699989319
136 4.12099981308
137 4.132999897
138 4.17999982834
139 4.20699977875
140 4.22900009155
141 4.27500009537
142 4.3060002327
143 4.34600019455
144 4.37799978256
145 4.39599990845
146 4.44899988174
147 4.49599981308
148 4.48999977112
149 4.507999897
150 4.55200004578
151 4.19099998474
152 4.31799983978
153 4.61199998856
154 3.2650001049
155 3.41199994087
156 4.70800018311
157 4.58500003815
158 4.54199981689
159 4.79799985886
160 4.82700014114
161 4.86800003052
162 4.89599990845
163 4.91800022125
164 4.96099996567
165 4.99599981308
166 5.02199983597
167 5.03399991989
168 3.16199994087
169 3.21900010109
170 3.35599994659
171 4.11299991608
172 4.92899990082
173 4.87900018692
174 4.85900020599
175 4.82899999619
176 4.81599998474
177 4.81699991226
178 4.8220000267
179 4.84399986267
180 4.87699985504
181 4.89599990845
182 4.8220000267
183 5.3109998703
184 5.46999979019
185 5.47900009155
186 5.48799991608
187 5.51700019836
188 4.59499979019
189 4.57600021362
190 5.5609998703
191 5.58599996567
192 3.63800001144
193 3.52800011635
194 4.07000017166
195 4.04500007629
196 5.69299983978
197 5.71400022507
198 5.71799993515
199 5.75600004196
200 5.78700017929
201 5.80499982834
202 5.83099985123
203 5.83099985123
204 5.83799982071
205 5.84700012207
206 5.87099981308
207 5.87900018692
208 5.88999986649
209 5.91200017929
210 5.92500019073
211 5.94000005722
212 5.94299983978
213 5.95699977875
214 5.96199989319
215 5.99399995804
216 6.01399993896
217 6.03499984741
218 6.06799983978
219 6.07100009918
220 6.06199979782
221 6.08699989319
222 6.09000015259
223 6.08099985123
224 6.10799980164
225 6.11100006104
226 6.11800003052
227 6.10599994659
228 6.14200019836
229 6.15000009537
230 6.15399980545
231 6.1779999733
232 6.15799999237
233 6.19199991226
234 6.20399999619
235 6.21500015259
236 6.23500013351
237 6.21700000763
238 6.22599983215
239 6.22100019455
240 6.21799993515
241 6.22100019455
242 6.21899986267
243 6.22200012207
244 6.23199987411
245 6.25500011444
246 6.24300003052
247 6.22100019455
248 6.22900009155
249 6.25
250 6.242000103
251 6.27099990845
252 6.24599981308
253 6.27899980545
254 6.28299999237
255 6.27799987793
256 6.25699996948
257 6.26399993896
258 6.26200008392
259 6.23400020599
260 6.23600006104
261 6.23799991608
262 6.22399997711
263 6.22700023651
264 6.21500015259
265 6.21799993515
266 6.21700000763
267 6.22300004959
268 6.21099996567
269 6.21400022507
270 6.20800018311
271 6.21999979019
272 6.22100019455
273 6.13899993896
274 5.83599996567
275 5.77299976349
276 5.75400018692
277 5.74599981308
278 5.71299982071
279 5.72100019455
280 5.742000103
281 5.76700019836
282 5.81699991226
283 5.94099998474
284 6.05999994278
285 6.08199977875
286 6.05000019073
287 6.06199979782
288 6.04400014877
289 6.04699993134
290 6.02799987793
291 6.01499986649
292 5.98500013351
293 5.97300004959
294 5.93400001526
295 5.94000005722
296 5.91900014877
297 5.89699983597
298 5.89300012589
299 5.85900020599
300 5.8639998436
301 5.84600019455
302 5.8220000267
303 5.8060002327
304 5.80800008774
305 5.77799987793
306 5.78499984741
307 5.77099990845
308 2.0759999752
309 2.06100010872
310 2.03600001335
311 2.04800009727
312 2.02600002289
313 2.03800010681
314 2.03399991989
315 2.04800009727
316 2.02699995041
317 2.03099989891
318 2.02500009537
319 2.01300001144
320 2.00999999046
321 2.01900005341
322 2.03099989891
323 2.0
324 1.9960000515
325 2.02099990845
326 2.02900004387
327 2.08599996567
328 2.48200011253
329 2.31299996376
330 2.1930000782
331 2.18600010872
332 2.17499995232
333 2.17700004578
334 2.28999996185
335 2.32299995422
336 2.31900000572
337 2.29500007629
338 2.28200006485
339 2.29600000381
340 2.29999995232
341 2.32999992371
342 2.23000001907
343 2.18099999428
344 2.17899990082
345 2.17300009727
346 2.22699999809
347 2.47600007057
348 2.4849998951
349 4.7389998436
350 4.71500015259
351 4.67399978638
352 4.64099979401
353 4.61100006104
354 4.57700014114
355 4.55700016022
356 4.30999994278
357 4.35799980164
358 4.49300003052
359 4.47300004959
360 4.44299983978
361 4.42000007629
362 4.382999897
363 4.33500003815
364 4.3109998703
365 4.27799987793
366 4.24399995804
367 4.20499992371
368 4.1810002327
369 4.14099979401
370 4.09499979019
371 4.07000017166
372 4.0560002327
373 3.9960000515
374 3.9960000515
375 3.95499992371
376 3.93799996376
377 3.90700006485
378 3.87800002098
379 3.83299994469
380 3.81999993324
381 3.72300004959
382 3.62800002098
383 3.58800005913
384 3.55500006676
385 3.52900004387
386 3.49399995804
387 3.46399998665
388 3.42600011826
389 3.38700008392
390 3.3710000515
391 3.33100008965
392 3.29200005531
393 3.26900005341
394 3.26300001144
395 3.27099990845
396 3.29699993134
397 3.33500003815
398 3.35100007057
399 3.40000009537
400 3.43400001526
401 3.45799994469
402 3.50300002098
403 3.56299996376
404 3.60199999809
405 3.62700009346
406 3.68499994278
407 3.71300005913
408 3.74099993706
409 3.77999997139
410 3.84299993515
411 3.88199996948
412 3.93499994278
413 4.00199985504
414 4.07299995422
415 4.12099981308
416 4.15899991989
417 4.24700021744
418 4.30900001526
419 4.37400007248
420 4.44600009918
421 4.51999998093
422 4.59399986267
423 4.65000009537
424 4.72200012207
425 4.80499982834
426 4.90500020981
427 5.01599979401
428 5.10400009155
429 5.20800018311
430 5.3140001297
431 5.41900014877
432 5.54199981689
433 5.6360001564
434 5.76999998093
435 5.87699985504
436 6.00400018692
437 6.16099977493
438 6.32499980927
439 6.48099994659
440 6.50299978256
441 6.59999990463
442 6.44500017166
443 3.07299995422
444 3.05200004578
445 3.03699994087
446 3.02200007439
447 3.02200007439
448 3.0
449 3.01699995995
450 3.00999999046
451 2.98900008202
452 2.98600006104
453 2.97699999809
454 2.98000001907
455 2.98200011253
456 2.97000002861
457 2.97699999809
458 2.96499991417
459 2.94899988174
460 2.94000005722
461 2.94400000572
462 2.95499992371
463 2.93099999428
464 2.92499995232
465 2.93899989128
466 2.91000008583
467 2.92000007629
468 2.91700005531
469 2.90700006485
470 2.65100002289
471 2.65300011635
472 2.63700008392
473 2.65100002289
474 0.943000018597
475 0.717999994755
476 0.702000021935
477 0.916999995708
478 2.64400005341
479 2.64899992943
480 2.65100002289
481 2.65100002289
482 2.65499997139
483 2.64499998093
484 2.64599990845
485 2.64100003242
486 2.41700005531
487 2.3180000782
488 2.31900000572
489 2.50200009346
490 2.83599996567
491 2.93400001526
492 2.9470000267
493 2.93700003624
494 2.94899988174
495 2.93600010872
496 2.94499993324
497 2.95399999619
498 2.97900009155
499 2.97600007057
500 2.96099996567
501 2.97199988365
502 2.96499991417
503 1.25199997425
504 1.10599994659
505 1.12399995327
506 1.11399996281
507 1.11300003529
508 1.09399998188
509 1.10399997234
510 1.10099995136
511 1.11199998856
512 1.09300005436
513 1.11800003052
514 1.12600004673
515 1.1289999485
516 1.15600001812
517 1.27900004387
518 3.10800004005
519 3.10700011253
520 3.12599992752
521 3.15100002289
522 3.14499998093
523 3.16700005531
524 0.927999973297
525 0.908999979496
526 0.910000026226
527 1.07000005245
528 1.06400001049
529 1.05799996853
530 1.06799995899
531 1.03999996185
532 1.04100000858
533 1.0529999733
534 1.04600000381
535 1.05200004578
536 1.05900001526
537 1.0720000267
538 1.05499994755
539 1.0529999733
540 1.10399997234
