0 4.5
1 4.43800020218
2 4.45599985123
3 4.47900009155
4 4.51999998093
5 4.64699983597
6 4.66900014877
7 4.71600008011
8 4.7389998436
9 4.76499986649
10 4.80000019073
11 4.83099985123
12 4.84800004959
13 4.88100004196
14 4.91900014877
15 4.94000005722
16 4.84100008011
17 4.84399986267
18 4.88000011444
19 4.95499992371
20 5.14699983597
21 5.18200016022
22 5.22200012207
23 5.27199983597
24 5.30900001526
25 5.36100006104
26 5.40000009537
27 5.44899988174
28 5.50400018692
29 5.54500007629
30 5.58300018311
31 5.63899993896
32 5.66099977493
33 0.0
34 17.1539993286
35 17.1280002594
36 17.1459999084
37 0.0
38 0.0
39 0.0
40 17.2420005798
41 17.1620006561
42 17.0659999847
43 17.0079994202
44 16.5349998474
45 16.5359992981
46 16.5310001373
47 13.1540002823
48 13.0819997787
49 12.3280000687
50 11.9219999313
51 11.607000351
52 11.5970001221
53 11.6289997101
54 11.625
55 11.3360004425
56 11.0089998245
57 10.4610004425
58 10.1049995422
59 8.32299995422
60 8.33699989319
61 8.19799995422
62 7.89499998093
63 7.63700008392
64 7.44099998474
65 7.23299980164
66 7.06199979782
67 6.91099977493
68 6.78100013733
69 6.78200006485
70 6.79500007629
71 6.83799982071
72 6.84700012207
73 6.875
74 6.78200006485
75 6.632999897
76 6.50600004196
77 6.38399982452
78 6.25500011444
79 6.13899993896
80 5.23199987411
81 4.96899986267
82 4.84899997711
83 4.76999998093
84 4.68699979782
85 4.60799980164
86 4.54600000381
87 4.46999979019
88 4.41699981689
89 4.32999992371
90 4.26999998093
91 4.21199989319
92 4.16300010681
93 4.11499977112
94 4.04899978638
95 3.99000000954
96 3.9279999733
97 3.89499998093
98 3.83500003815
99 3.8069999218
100 3.77699995041
101 3.80200004578
102 3.80399990082
103 3.84200000763
104 3.8900001049
105 3.92600011826
106 3.91799998283
107 3.94400000572
108 3.91400003433
109 3.8789999485
110 3.84400010109
111 3.8029999733
112 3.76200008392
113 3.73300004005
114 3.6930000782
115 3.66400003433
116 3.62199997902
117 3.58599996567
118 3.54099988937
119 3.51399993896
120 3.5
121 3.47900009155
122 3.44600009918
123 3.42100000381
124 3.382999897
125 3.38100004196
126 3.42199993134
127 3.44400000572
128 3.47399997711
129 3.52600002289
130 3.57500004768
131 3.61199998856
132 3.67300009727
133 4.01900005341
134 4.04199981689
135 4.09899997711
136 4.12699985504
137 4.15500020981
138 4.17999982834
139 4.23400020599
140 4.23699998856
141 4.28900003433
142 4.29300022125
143 4.34399986267
144 4.38899993896
145 4.44099998474
146 4.45699977875
147 4.48999977112
148 4.51900005341
149 4.53599977493
150 4.53700017929
151 4.17600011826
152 4.28900003433
153 4.54799985886
154 3.26600003242
155 3.39700007439
156 4.71899986267
157 4.61000013351
158 4.54199981689
159 4.79600000381
160 4.83599996567
161 4.85500001907
162 4.89200019836
163 4.93200016022
164 4.96799993515
165 4.99900007248
166 5.01700019836
167 5.03800010681
168 3.15700006485
169 3.22300004959
170 3.36800003052
171 4.09100008011
172 4.92500019073
173 4.87200021744
174 4.85799980164
175 4.83099985123
176 4.81799983978
177 4.83300018311
178 4.82800006866
179 4.84499979019
180 4.867000103
181 4.89599990845
182 4.8220000267
183 5.30700016022
184 5.46799993515
185 5.49100017548
186 5.49900007248
187 5.50699996948
188 4.59399986267
189 4.57700014114
190 5.55999994278
191 5.59499979019
192 3.64100003242
193 3.53299999237
194 4.09000015259
195 4.04500007629
196 5.6779999733
197 5.70800018311
198 5.73400020599
199 5.75400018692
200 5.76999998093
201 5.80999994278
202 5.82999992371
203 5.83500003815
204 5.83799982071
205 5.83500003815
206 5.867000103
207 5.86600017548
208 5.87799978256
209 5.90399980545
210 5.92299985886
211 5.9359998703
212 5.95900011063
213 5.97499990463
214 5.97599983215
215 5.99900007248
216 6.02400016785
217 6.02799987793
218 6.03399991989
219 6.08400011063
220 6.07700014114
221 6.0689997673
222 6.09800004959
223 6.10500001907
224 6.08500003815
225 6.09100008011
226 6.11000013351
227 6.1360001564
228 6.13399982452
229 6.13500022888
230 6.15700006485
231 6.17600011826
232 6.18499994278
233 6.16599988937
234 6.18400001526
235 6.20599985123
236 6.23000001907
237 6.23199987411
238 6.2389998436
239 6.21700000763
240 6.21600008011
241 6.22800016403
242 6.21999979019
243 6.23199987411
244 6.23000001907
245 6.23000001907
246 6.23099994659
247 6.25400018692
248 6.25600004196
249 6.24300003052
250 6.23400020599
251 6.25899982452
252 6.257999897
253 6.27099990845
254 6.27199983597
255 6.26399993896
256 6.25400018692
257 6.26800012589
258 6.25099992752
259 6.23099994659
260 6.22900009155
261 6.242000103
262 6.24599981308
263 6.22800016403
264 6.21700000763
265 6.21700000763
266 6.22100019455
267 6.22800016403
268 6.20699977875
269 6.19799995422
270 6.21600008011
271 6.20100021362
272 6.21700000763
273 6.13500022888
274 5.85500001907
275 5.77199983597
276 5.75899982452
277 5.73099994659
278 5.72499990463
279 5.70599985123
280 5.75400018692
281 5.76499986649
282 5.80499982834
283 5.94999980927
284 6.0720000267
285 6.06699991226
286 6.05399990082
287 6.04500007629
288 6.05000019073
289 6.04600000381
290 6.03000020981
291 6.01900005341
292 6.0
293 5.98500013351
294 5.95599985123
295 5.9310002327
296 5.90700006485
297 5.91699981689
298 5.882999897
299 5.87200021744
300 5.84800004959
301 5.84899997711
302 5.82399988174
303 5.83099985123
304 5.81500005722
305 5.79199981689
306 5.76599979401
307 5.76599979401
308 2.08100008965
309 2.05100011826
310 2.0490000248
311 2.0490000248
312 2.03399991989
313 2.03200006485
314 2.03699994087
315 2.02300000191
316 2.03500008583
317 2.04099988937
318 2.03699994087
319 2.02300000191
320 2.03399991989
321 2.01799988747
322 2.03099989891
323 2.00600004196
324 2.01999998093
325 2.01200008392
326 2.03600001335
327 2.08400011063
328 2.48200011253
329 2.34800004959
330 2.18799996376
331 2.17199993134
332 2.1740000248
333 2.19499993324
334 2.27900004387
335 2.3180000782
336 2.33800005913
337 2.32800006866
338 2.28800010681
339 2.28200006485
340 2.29800009727
341 2.31100010872
342 2.21600008011
343 2.17600011826
344 2.15899991989
345 2.19799995422
346 2.21799993515
347 2.45700001717
348 2.4849998951
349 4.74700021744
350 4.70100021362
351 4.68200016022
352 4.65799999237
353 4.62799978256
354 4.60099983215
355 4.55700016022
356 4.3220000267
357 4.37699985504
358 4.48600006104
359 4.47100019455
360 4.44299983978
361 4.42500019073
362 4.38500022888
363 4.35799980164
364 4.32100009918
365 4.26000022888
366 4.22200012207
367 4.20399999619
368 4.1859998703
369 4.14400005341
370 4.10699987411
371 4.05900001526
372 4.05200004578
373 4.01599979401
374 3.97600007057
375 3.94099998474
376 3.91300010681
377 3.89400005341
378 3.87599992752
379 3.85599994659
380 3.84200000763
381 3.72099995613
382 3.625
383 3.60599994659
384 3.56500005722
385 3.51600003242
386 3.48600006104
387 3.45799994469
388 3.42600011826
389 3.40599989891
390 3.375
391 3.31900000572
392 3.30500006676
393 3.27500009537
394 3.27399992943
395 3.25200009346
396 3.30500006676
397 3.33200001717
398 3.3789999485
399 3.41899991035
400 3.42700004578
401 3.48200011253
402 3.51999998093
403 3.56200003624
404 3.60199999809
405 3.65400004387
406 3.68700003624
407 3.72900009155
408 3.74699997902
409 3.78299999237
410 3.82899999619
411 3.86599993706
412 3.92100000381
413 3.99300003052
414 4.06300020218
415 4.11800003052
416 4.17299985886
417 4.22100019455
418 4.30900001526
419 4.36800003052
420 4.4439997673
421 4.53100013733
422 4.59800004959
423 4.66099977493
424 4.73799991608
425 4.81500005722
426 4.90899991989
427 5.00899982452
428 5.11299991608
429 5.20300006866
430 5.31199979782
431 5.41900014877
432 5.52600002289
433 5.63700008392
434 5.77400016785
435 5.89699983597
436 6.01599979401
437 6.18400001526
438 6.30900001526
439 6.48199987411
440 6.49900007248
441 6.59700012207
442 6.46700000763
443 3.07800006866
444 3.05800008774
445 3.02600002289
446 3.02399992943
447 3.03500008583
448 3.02200007439
449 3.01799988747
450 2.99000000954
451 3.00699996948
452 2.98399996758
453 2.99699997902
454 2.96700000763
455 2.95900011063
456 2.97099995613
457 2.97099995613
458 2.94400000572
459 2.96099996567
460 2.96099996567
461 2.95700001717
462 2.93499994278
463 2.92899990082
464 2.93400001526
465 2.93099999428
466 2.93899989128
467 2.91899991035
468 2.91199994087
469 2.91199994087
470 2.66599988937
471 2.625
472 2.62299990654
473 2.64800000191
474 0.944000005722
475 0.702000021935
476 0.697000026703
477 0.920000016689
478 2.66499996185
479 2.63700008392
480 2.64499998093
481 2.63800001144
482 2.64199995995
483 2.65300011635
484 2.65100002289
485 2.63700008392
486 2.40400004387
487 2.35199999809
488 2.33599996567
489 2.51099991798
490 2.82699990273
491 2.9319999218
492 2.93400001526
493 2.9430000782
494 2.93499994278
495 2.94799995422
496 2.9509999752
497 2.95000004768
498 2.97799992561
499 2.96199989319
500 1.19599997997
501 1.24100005627
502 1.12999999523
503 1.14900004864
504 1.13600003719
505 1.12999999523
506 1.13600003719
507 1.13499999046
508 1.15299999714
509 1.20200002193
510 1.18099999428
511 1.18200004101
512 1.20799994469
513 1.20899999142
514 1.23899996281
515 1.25600004196
516 1.35199999809
517 1.54299998283
518 3.11299991608
519 3.13700008392
520 3.13100004196
521 3.12599992752
522 3.14700007439
523 3.17899990082
524 0.939999997616
525 0.908999979496
526 0.919000029564
527 1.09200000763
528 1.08500003815
529 1.05999994278
530 1.07700002193
531 1.05400002003
532 1.07700002193
533 1.08899998665
534 1.08899998665
535 1.08299994469
536 1.13900005817
537 1.13999998569
538 1.14499998093
539 1.15600001812
540 3.54299998283
