0 4.50899982452
1 4.4359998703
2 4.44999980927
3 4.45100021362
4 4.53299999237
5 4.64799976349
6 4.68800020218
7 4.71199989319
8 4.74900007248
9 4.76399993896
10 4.79099988937
11 4.83900022507
12 4.86100006104
13 4.89799976349
14 4.92899990082
15 4.9279999733
16 4.82800006866
17 4.84200000763
18 4.88500022888
19 4.95300006866
20 5.14099979401
21 5.1859998703
22 5.22900009155
23 5.25699996948
24 5.31799983978
25 5.36000013351
26 5.39799976349
27 5.44899988174
28 5.5
29 5.54899978638
30 5.59000015259
31 5.64200019836
32 5.6779999733
33 17.1609992981
34 17.1439990997
35 17.1380004883
36 17.1459999084
37 0.0
38 0.0
39 0.0
40 17.2299995422
41 17.1550006866
42 17.0739994049
43 17.0020008087
44 16.5219993591
45 16.5270004272
46 16.5149993896
47 13.1560001373
48 13.0860004425
49 12.3299999237
50 11.9720001221
51 11.5939998627
52 11.5989999771
53 11.6330003738
54 11.6289997101
55 11.3360004425
56 11.0069999695
57 10.4650001526
58 10.1099996567
59 8.33800029755
60 8.35299968719
61 8.1859998703
62 7.90899991989
63 7.63199996948
64 7.44099998474
65 7.24900007248
66 7.05999994278
67 6.90600013733
68 6.78299999237
69 6.77299976349
70 6.8140001297
71 6.81500005722
72 6.84299993515
73 6.86899995804
74 6.78200006485
75 6.63999986649
76 6.51700019836
77 6.39599990845
78 6.28100013733
79 6.15399980545
80 5.22900009155
81 4.95800018311
82 4.84800004959
83 4.77299976349
84 4.67299985886
85 4.59499979019
86 4.54799985886
87 4.47499990463
88 4.41499996185
89 4.33900022507
90 4.27099990845
91 4.20499992371
92 4.1360001564
93 4.09299993515
94 4.03000020981
95 3.98200011253
96 3.94199991226
97 3.87800002098
98 3.85400009155
99 3.78900003433
100 3.76699995995
101 3.79099988937
102 3.81900000572
103 3.83599996567
104 3.87800002098
105 3.91599988937
106 3.93499994278
107 3.97000002861
108 3.92199993134
109 3.86599993706
110 3.83400011063
111 3.78800010681
112 3.74699997902
113 3.72799992561
114 3.6930000782
115 3.67300009727
116 3.63199996948
117 3.60700011253
118 3.55200004578
119 3.53399991989
120 3.50999999046
121 3.46499991417
122 3.44400000572
123 3.42300009727
124 3.40700006485
125 3.39199995995
126 3.4319999218
127 3.45399999619
128 3.48399996758
129 3.52300000191
130 3.5569999218
131 3.62199997902
132 3.6740000248
133 4.02600002289
134 4.06799983978
135 4.09100008011
136 4.11100006104
137 4.13700008392
138 4.17600011826
139 4.21299982071
140 4.24700021744
141 4.29300022125
142 4.29699993134
143 4.34600019455
144 4.36899995804
145 4.42600011826
146 4.45399999619
147 4.48500013351
148 4.50600004196
149 4.53200006485
150 4.55399990082
151 4.19199991226
152 4.30700016022
153 4.50600004196
154 3.26699995995
155 3.40899991989
156 4.72100019455
157 4.59700012207
158 4.54799985886
159 4.78999996185
160 4.83099985123
161 4.87200021744
162 4.88700008392
163 4.92999982834
164 4.96400022507
165 4.99300003052
166 5.01800012589
167 5.03100013733
168 3.13000011444
169 3.22699999809
170 3.36500000954
171 4.10900020599
172 4.90899991989
173 4.87300014496
174 4.84899997711
175 4.83599996567
176 4.83099985123
177 4.81300020218
178 4.82499980927
179 4.84999990463
180 4.875
181 4.90299987793
182 4.82499980927
183 5.32499980927
184 5.46600008011
185 5.46600008011
186 5.49599981308
187 5.51900005341
188 4.59800004959
189 4.58599996567
190 5.5560002327
191 5.58799982071
192 3.64299988747
193 3.52600002289
194 4.0609998703
195 4.03999996185
196 5.69199991226
197 5.71500015259
198 5.74100017548
199 5.74700021744
200 5.78200006485
201 5.79500007629
202 5.82700014114
203 5.81699991226
204 5.85099983215
205 5.85200023651
206 5.86499977112
207 5.86899995804
208 5.88899993896
209 5.90199995041
210 5.90500020981
211 5.9310002327
212 5.95300006866
213 5.97100019455
214 5.98600006104
215 6.00600004196
216 6.01300001144
217 6.02600002289
218 6.03900003433
219 6.06799983978
220 6.07100009918
221 6.08900022507
222 6.09700012207
223 6.10300016403
224 6.08900022507
225 6.11499977112
226 6.11000013351
227 6.10900020599
228 6.15000009537
229 6.14900016785
230 6.14799976349
231 6.15299987793
232 6.18400001526
233 6.19899988174
234 6.19600009918
235 6.22399997711
236 6.23000001907
237 6.20800018311
238 6.22599983215
239 6.22300004959
240 6.22499990463
241 6.22200012207
242 6.22300004959
243 6.21999979019
244 6.23799991608
245 6.21899986267
246 6.23299980164
247 6.21899986267
248 6.25299978256
249 6.23400020599
250 6.26200008392
251 6.26499986649
252 6.27500009537
253 6.25600004196
254 6.28299999237
255 6.27400016785
256 6.26599979401
257 6.26499986649
258 6.25500011444
259 6.24599981308
260 6.22800016403
261 6.21999979019
262 6.23400020599
263 6.23799991608
264 6.21799993515
265 6.21999979019
266 6.21000003815
267 6.23299980164
268 6.21000003815
269 6.19799995422
270 6.22700023651
271 6.20900011063
272 6.20699977875
273 6.12900018692
274 5.85599994659
275 5.79099988937
276 5.75699996948
277 5.74700021744
278 5.71400022507
279 5.72900009155
280 5.74100017548
281 5.75299978256
282 5.80200004578
283 5.94999980927
284 6.08599996567
285 6.08500003815
286 6.07299995422
287 6.05200004578
288 6.05200004578
289 6.02699995041
290 6.03100013733
291 6.01399993896
292 5.99800014496
293 5.9889998436
294 5.94099998474
295 5.92999982834
296 5.92500019073
297 5.90600013733
298 5.89699983597
299 5.87799978256
300 5.86499977112
301 5.84299993515
302 5.83199977875
303 5.80900001526
304 5.80499982834
305 5.79600000381
306 5.77899980545
307 5.75600004196
308 2.0720000267
309 2.07299995422
310 2.04099988937
311 2.04800009727
312 2.05500006676
313 2.02800011635
314 2.02600002289
315 2.01999998093
316 2.02800011635
317 2.02999997139
318 2.01799988747
319 2.01799988747
320 2.0150001049
321 2.02399992943
322 2.01399993896
323 2.03099989891
324 2.00900006294
325 2.03900003433
326 2.02699995041
327 2.10100007057
328 2.47499990463
329 2.36400008202
330 2.1970000267
331 2.16599988937
332 2.16799998283
333 2.16400003433
334 2.27900004387
335 2.31999993324
336 2.34800004959
337 2.30399990082
338 2.29200005531
339 2.28099989891
340 2.29699993134
341 2.30999994278
342 2.21600008011
343 2.16199994087
344 2.19099998474
345 2.17499995232
346 2.22099995613
347 2.47199988365
348 2.47199988365
349 4.75199985504
350 4.69999980927
351 4.68300008774
352 4.65799999237
353 4.62900018692
354 4.59200000763
355 4.5720000267
356 4.33300018311
357 4.36000013351
358 4.48099994659
359 4.43800020218
360 4.4470000267
361 4.42500019073
362 4.40899991989
363 4.36499977112
364 4.3189997673
365 4.26300001144
366 4.24700021744
367 4.20699977875
368 4.1810002327
369 4.14300012589
370 4.11299991608
371 4.06799983978
372 4.03399991989
373 4.02199983597
374 3.9849998951
375 3.9430000782
376 3.94000005722
377 3.90799999237
378 3.8789999485
379 3.84800004959
380 3.82999992371
381 3.70300006866
382 3.64499998093
383 3.60199999809
384 3.5680000782
385 3.53099989891
386 3.47900009155
387 3.45399999619
388 3.43000006676
389 3.40599989891
390 3.35299992561
391 3.32500004768
392 3.30100011826
393 3.29500007629
394 3.25900006294
395 3.25999999046
396 3.29299998283
397 3.33599996567
398 3.37800002098
399 3.40700006485
400 3.44499993324
401 3.48399996758
402 3.50200009346
403 3.56200003624
404 3.60299992561
405 3.63599991798
406 3.69199991226
407 3.72399997711
408 3.73099994659
409 3.78399991989
410 3.82299995422
411 3.85899996758
412 3.93600010872
413 3.99099993706
414 4.06799983978
415 4.10699987411
416 4.18400001526
417 4.24599981308
418 4.28599977493
419 4.35099983215
420 4.44199991226
421 4.51300001144
422 4.59999990463
423 4.66699981689
424 4.73500013351
425 4.82000017166
426 4.90899991989
427 5.01999998093
428 5.11600017548
429 5.20399999619
430 5.32299995422
431 5.42500019073
432 5.52199983597
433 5.64799976349
434 5.77699995041
435 5.86999988556
436 6.02799987793
437 6.17199993134
438 6.31799983978
439 6.48199987411
440 6.51300001144
441 6.60200023651
442 6.47399997711
443 3.08299994469
444 3.04800009727
445 3.03399991989
446 3.04200005531
447 3.02800011635
448 3.00999999046
449 3.00200009346
450 3.00099992752
451 3.00900006294
452 2.99499988556
453 2.98000001907
454 2.97499990463
455 2.97199988365
456 2.97399997711
457 2.95199990273
458 2.95799994469
459 2.95600008965
460 2.96199989319
461 2.93799996376
462 2.94400000572
463 2.94000005722
464 2.94400000572
465 2.93600010872
466 2.92700004578
467 2.91700005531
468 2.92600011826
469 2.91100001335
470 2.64599990845
471 2.6289999485
472 2.62800002098
473 2.64499998093
474 0.962999999523
475 0.694999992847
476 0.703999996185
477 0.925000011921
478 2.65400004387
479 2.65100002289
480 2.64499998093
481 2.64800000191
482 2.65300011635
483 2.65199995041
484 2.66199994087
485 2.65599989891
486 2.40700006485
487 2.32999992371
488 2.31500005722
489 2.50600004196
490 2.82399988174
491 2.93400001526
492 2.9279999733
493 2.94899988174
494 2.95700001717
495 2.94499993324
496 2.97000002861
497 2.95300006866
498 2.97000002861
499 2.98099994659
500 2.97300004959
501 1.30799996853
502 1.17599999905
503 1.14100003242
504 1.13999998569
505 1.14600002766
506 1.13199996948
507 1.13900005817
508 1.13300001621
509 1.17900002003
510 1.19299995899
511 1.19299995899
512 1.22099995613
513 1.21500003338
514 1.22899997234
515 1.24100005627
516 1.27100002766
517 1.40400004387
518 3.11500000954
519 3.117000103
520 3.132999897
521 3.13000011444
522 3.16499996185
523 3.1740000248
524 0.930999994278
525 0.902000010014
526 0.907000005245
527 1.11300003529
528 1.08800005913
529 1.0720000267
530 1.08500003815
531 1.05599999428
532 1.07899999619
533 1.08399999142
534 1.10099995136
535 1.09800004959
536 1.1289999485
537 1.13300001621
538 1.14699995518
539 1.14300000668
540 1.22500002384
