0 4.51300001144
1 4.40899991989
2 4.45800018311
3 4.46500015259
4 4.53000020981
5 4.65500020981
6 4.69099998474
7 4.69000005722
8 4.73799991608
9 4.77400016785
10 4.80900001526
11 4.83599996567
12 4.85400009155
13 4.89400005341
14 4.92399978638
15 4.93800020218
16 4.84600019455
17 4.85500001907
18 4.86800003052
19 4.95900011063
20 5.1360001564
21 5.18400001526
22 5.22499990463
23 5.26999998093
24 5.29600000381
25 5.34000015259
26 5.40299987793
27 5.44999980927
28 5.50199985504
29 5.53100013733
30 5.59499979019
31 5.64900016785
32 5.65399980545
33 0.0
34 17.158000946
35 17.1459999084
36 17.1639995575
37 0.0
38 0.0
39 0.0
40 17.2299995422
41 17.1700000763
42 17.077999115
43 17.0090007782
44 16.5340003967
45 16.5370006561
46 16.5279998779
47 13.1730003357
48 13.0810003281
49 12.3529996872
50 11.9379997253
51 11.5860004425
52 11.6169996262
53 11.623000145
54 11.6319999695
55 11.3350000381
56 10.9960002899
57 10.4589996338
58 10.1079998016
59 8.34200000763
60 8.34500026703
61 8.20100021362
62 7.92399978638
63 7.63399982452
64 7.46099996567
65 7.242000103
66 7.06699991226
67 6.90199995041
68 6.78599977493
69 6.78200006485
70 6.8109998703
71 6.82899999619
72 6.85200023651
73 6.88000011444
74 6.79199981689
75 6.63999986649
76 6.50400018692
77 6.38800001144
78 6.25899982452
79 6.14499998093
80 5.21299982071
81 4.96899986267
82 4.85900020599
83 4.77799987793
84 4.68699979782
85 4.59999990463
86 4.51599979401
87 4.46500015259
88 4.40500020981
89 4.33799982071
90 4.27299976349
91 4.20800018311
92 4.13700008392
93 4.12400007248
94 4.0110001564
95 3.97600007057
96 3.93000006676
97 3.88100004196
98 3.8259999752
99 3.77900004387
100 3.76799988747
101 3.79999995232
102 3.82699990273
103 3.84599995613
104 3.89700007439
105 3.89899992943
106 3.92300009727
107 3.94799995422
108 3.9240000248
109 3.88899993896
110 3.84800004959
111 3.80900001526
112 3.75500011444
113 3.7460000515
114 3.69099998474
115 3.66300010681
116 3.62800002098
117 3.58599996567
118 3.54800009727
119 3.52900004387
120 3.49399995804
121 3.47900009155
122 3.44600009918
123 3.42000007629
124 3.40300011635
125 3.39199995995
126 3.4279999733
127 3.44600009918
128 3.47699999809
129 3.52699995041
130 3.57800006866
131 3.61599993706
132 3.66599988937
133 4.02600002289
134 4.04600000381
135 4.09600019455
136 4.11000013351
137 4.14900016785
138 4.1859998703
139 4.22499990463
140 4.25600004196
141 4.29500007629
142 4.31300020218
143 4.34899997711
144 4.38399982452
145 4.42399978638
146 4.45800018311
147 4.48999977112
148 4.51599979401
149 4.54600000381
150 4.54799985886
151 4.19600009918
152 4.28900003433
153 4.61199998856
154 3.26399993896
155 3.40599989891
156 4.71199989319
157 4.59600019455
158 4.5689997673
159 4.79400014877
160 4.82999992371
161 4.86899995804
162 4.88700008392
163 4.92399978638
164 4.96199989319
165 4.99900007248
166 5.02600002289
167 5.03800010681
168 3.15199995041
169 3.21900010109
170 3.36800003052
171 4.12099981308
172 4.91400003433
173 4.88000011444
174 4.85500001907
175 4.83599996567
176 4.81699991226
177 4.8189997673
178 4.83300018311
179 4.85300016403
180 4.86199998856
181 4.89599990845
182 4.81300020218
183 5.31699991226
184 5.45900011063
185 5.48500013351
186 5.49399995804
187 5.51900005341
188 4.60400009155
189 4.56599998474
190 5.56699991226
191 5.59899997711
192 3.64100003242
193 3.52200007439
194 4.06699991226
195 4.04799985886
196 5.69600009918
197 5.71299982071
198 5.72800016403
199 5.75899982452
200 5.78100013733
201 5.82100009918
202 5.82499980927
203 5.84200000763
204 5.85200023651
205 5.85099983215
206 5.85400009155
207 5.87900018692
208 5.89200019836
209 5.89599990845
210 5.90999984741
211 5.93400001526
212 5.93400001526
213 5.96199989319
214 5.99800014496
215 6.01200008392
216 6.01300001144
217 6.03599977493
218 6.05800008774
219 6.0640001297
220 6.07000017166
221 6.08300018311
222 6.09299993515
223 6.10200023651
224 6.09700012207
225 6.10900020599
226 6.11899995804
227 6.1139998436
228 6.15199995041
229 6.13199996948
230 6.15100002289
231 6.1779999733
232 6.16499996185
233 6.17999982834
234 6.19899988174
235 6.21199989319
236 6.23000001907
237 6.22200012207
238 6.21999979019
239 6.23099994659
240 6.23600006104
241 6.21999979019
242 6.22700023651
243 6.22700023651
244 6.22399997711
245 6.22100019455
246 6.22700023651
247 6.22399997711
248 6.24800014496
249 6.24599981308
250 6.26999998093
251 6.26900005341
252 6.257999897
253 6.25500011444
254 6.27699995041
255 6.26599979401
256 6.26900005341
257 6.26300001144
258 6.24100017548
259 6.24100017548
260 6.25400018692
261 6.23299980164
262 6.25099992752
263 6.21700000763
264 6.22599983215
265 6.23500013351
266 6.21400022507
267 6.22499990463
268 6.23299980164
269 6.21700000763
270 6.21700000763
271 6.21899986267
272 6.19600009918
273 6.11899995804
274 5.8220000267
275 5.80200004578
276 5.757999897
277 5.72700023651
278 5.71899986267
279 5.72100019455
280 5.75899982452
281 5.76800012589
282 5.80900001526
283 5.94199991226
284 6.09100008011
285 6.07600021362
286 6.07100009918
287 6.0720000267
288 6.06300020218
289 6.04400014877
290 6.02199983597
291 6.00199985504
292 5.992000103
293 5.98000001907
294 5.95499992371
295 5.94999980927
296 5.9279999733
297 5.91699981689
298 5.89099979401
299 5.87799978256
300 5.85200023651
301 5.84499979019
302 5.83500003815
303 5.83500003815
304 5.81500005722
305 5.79600000381
306 5.80000019073
307 5.75600004196
308 2.05500006676
309 2.07399988174
310 2.03500008583
311 2.0490000248
312 2.05399990082
313 2.05200004578
314 2.02800011635
315 2.04600000381
316 2.02800011635
317 2.02300000191
318 2.01200008392
319 2.02999997139
320 2.01300001144
321 2.03699994087
322 2.03500008583
323 2.01999998093
324 2.02600002289
325 2.01699995995
326 2.03299999237
327 2.09200000763
328 2.47600007057
329 2.36199998856
330 2.21000003815
331 2.19899988174
332 2.17700004578
333 2.17600011826
334 2.26799988747
335 2.30800008774
336 2.34699988365
337 2.30399990082
338 2.28999996185
339 2.31699991226
340 2.31699991226
341 2.2990000248
342 2.22399997711
343 2.17499995232
344 2.17899990082
345 2.18600010872
346 2.23099994659
347 2.47099995613
348 2.48600006104
349 4.74499988556
350 4.70599985123
351 4.67700004578
352 4.64099979401
353 4.61899995804
354 4.59200000763
355 4.55499982834
356 4.31500005722
357 4.35300016403
358 4.49900007248
359 4.44899988174
360 4.43699979782
361 4.39699983597
362 4.382999897
363 4.35200023651
364 4.31599998474
365 4.27400016785
366 4.24599981308
367 4.19199991226
368 4.1810002327
369 4.13999986649
370 4.12099981308
371 4.07800006866
372 4.05700016022
373 4.00600004196
374 3.992000103
375 3.96099996567
376 3.93400001526
377 3.91199994087
378 3.87599992752
379 3.83599996567
380 3.81500005722
381 3.70199990273
382 3.64599990845
383 3.59400010109
384 3.5680000782
385 3.53800010681
386 3.49699997902
387 3.46399998665
388 3.43499994278
389 3.40199995041
390 3.37700009346
391 3.34500002861
392 3.2990000248
393 3.27699995041
394 3.26600003242
395 3.26799988747
396 3.30800008774
397 3.33599996567
398 3.37599992752
399 3.40100002289
400 3.4509999752
401 3.46700000763
402 3.50900006294
403 3.56399989128
404 3.58899998665
405 3.64299988747
406 3.68400001526
407 3.72399997711
408 3.72900009155
409 3.77200007439
410 3.82999992371
411 3.88800001144
412 3.93499994278
413 3.99900007248
414 4.04400014877
415 4.12200021744
416 4.1890001297
417 4.23299980164
418 4.3060002327
419 4.37599992752
420 4.42700004578
421 4.52699995041
422 4.59999990463
423 4.65799999237
424 4.72800016403
425 4.82399988174
426 4.90799999237
427 5.01300001144
428 5.1139998436
429 5.22499990463
430 5.31500005722
431 5.41800022125
432 5.53900003433
433 5.63700008392
434 5.76200008392
435 5.8860001564
436 6.02199983597
437 6.17199993134
438 6.3060002327
439 6.47700023651
440 6.5
441 6.60099983215
442 6.45800018311
443 3.07500004768
444 3.03900003433
445 3.04999995232
446 3.02699995041
447 3.0150001049
448 3.01799988747
449 2.99300003052
450 3.007999897
451 3.0039999485
452 2.99099993706
453 2.99499988556
454 2.992000103
455 2.96600008011
456 2.95700001717
457 2.96199989319
458 2.95799994469
459 2.95000004768
460 2.94499993324
461 2.9470000267
462 2.94000005722
463 2.9470000267
464 2.93799996376
465 2.93499994278
466 2.93400001526
467 2.92300009727
468 2.91199994087
469 2.90199995041
470 2.65700006485
471 2.63599991798
472 2.632999897
473 2.64400005341
474 0.93599998951
475 0.704999983311
476 0.702000021935
477 0.922999978065
478 2.64700007439
479 2.6289999485
480 2.66300010681
481 2.65199995041
482 2.66400003433
483 2.65400004387
484 2.65899991989
485 2.62599992752
486 2.4319999218
487 2.34400010109
488 2.32999992371
489 2.52600002289
490 2.82699990273
491 2.93700003624
492 2.93000006676
493 2.93899989128
494 2.95900011063
495 2.94499993324
496 2.95000004768
497 2.9430000782
498 2.94899988174
499 2.97799992561
500 1.31299996376
501 1.18599998951
502 1.1590000391
503 1.1289999485
504 1.13800001144
505 1.13800001144
506 1.13900005817
507 1.1289999485
508 1.1629999876
509 1.20599997044
510 1.20200002193
511 1.20000004768
512 1.21500003338
513 1.22899997234
514 1.24399995804
515 1.25300002098
516 1.38199996948
517 1.32099997997
518 3.13499999046
519 3.11999988556
520 3.12800002098
521 3.14400005341
522 3.16100001335
523 3.18499994278
524 0.934000015259
525 0.917999982834
526 0.903999984264
527 1.08000004292
528 1.06799995899
529 1.08099997044
530 1.06500005722
531 1.08099997044
532 1.08899998665
533 1.07099997997
534 1.0909999609
535 1.11600005627
536 1.15499997139
537 1.14499998093
538 1.14499998093
539 1.18599998951
540 3.53999996185
