0 4.4889998436
1 4.4390001297
2 4.44899988174
3 4.45499992371
4 4.51900005341
5 4.64499998093
6 4.67000007629
7 4.70300006866
8 4.73799991608
9 4.76599979401
10 4.80999994278
11 4.8189997673
12 4.85400009155
13 4.89799976349
14 4.92000007629
15 4.93699979782
16 4.84000015259
17 4.85799980164
18 4.88800001144
19 4.97300004959
20 5.12599992752
21 5.1859998703
22 5.23000001907
23 5.26599979401
24 5.3060002327
25 5.34999990463
26 5.40500020981
27 5.4390001297
28 5.47900009155
29 5.54799985886
30 5.59899997711
31 5.632999897
32 5.66400003433
33 0.0
34 17.1469993591
35 17.1399993896
36 17.1380004883
37 0.0
38 0.0
39 0.0
40 17.2420005798
41 17.1609992981
42 17.0569992065
43 17.0069999695
44 16.5219993591
45 16.5540008545
46 16.531999588
47 13.1639995575
48 13.0869998932
49 12.3319997787
50 11.9270000458
51 11.5799999237
52 11.5920000076
53 11.6239995956
54 11.6149997711
55 11.345000267
56 10.9919996262
57 10.4449996948
58 10.126999855
59 8.33800029755
60 8.32600021362
61 8.21599960327
62 7.90600013733
63 7.63999986649
64 7.4470000267
65 7.23000001907
66 7.03999996185
67 6.90299987793
68 6.80000019073
69 6.77600002289
70 6.79600000381
71 6.81500005722
72 6.83900022507
73 6.86499977112
74 6.78499984741
75 6.6360001564
76 6.50500011444
77 6.3860001564
78 6.26300001144
79 6.13500022888
80 5.23500013351
81 4.96700000763
82 4.84999990463
83 4.77799987793
84 4.6810002327
85 4.61299991608
86 4.54600000381
87 4.45699977875
88 4.3860001564
89 4.31500005722
90 4.26900005341
91 4.22900009155
92 4.16099977493
93 4.10099983215
94 4.04799985886
95 3.98699998856
96 3.93400001526
97 3.88599991798
98 3.83699989319
99 3.78500008583
100 3.75500011444
101 3.78999996185
102 3.8180000782
103 3.85500001907
104 3.875
105 3.89700007439
106 3.92899990082
107 3.95399999619
108 3.89800000191
109 3.8710000515
110 3.85700011253
111 3.8069999218
112 3.77200007439
113 3.72699999809
114 3.69600009918
115 3.66199994087
116 3.63000011444
117 3.60700011253
118 3.56599998474
119 3.52500009537
120 3.4960000515
121 3.48099994659
122 3.45300006866
123 3.42300009727
124 3.40100002289
125 3.39199995995
126 3.42700004578
127 3.45799994469
128 3.48699998856
129 3.52699995041
130 3.56399989128
131 3.61199998856
132 3.6779999733
133 4.01900005341
134 4.05900001526
135 4.07299995422
136 4.12300014496
137 4.16400003433
138 4.1890001297
139 4.21199989319
140 4.25299978256
141 4.29300022125
142 4.29400014877
143 4.32399988174
144 4.36899995804
145 4.41800022125
146 4.45800018311
147 4.49499988556
148 4.50400018692
149 4.53800010681
150 4.52500009537
151 4.17700004578
152 4.28900003433
153 4.57899999619
154 3.26900005341
155 3.39199995995
156 4.71199989319
157 4.60500001907
158 4.55800008774
159 4.78800010681
160 4.82399988174
161 4.85599994659
162 4.88999986649
163 4.91800022125
164 4.96299982071
165 4.99399995804
166 5.0110001564
167 5.03700017929
168 3.14899992943
169 3.20900011063
170 3.36500000954
171 4.10799980164
172 4.93400001526
173 4.875
174 4.84800004959
175 4.84200000763
176 4.8140001297
177 4.8140001297
178 4.82299995422
179 4.84000015259
180 4.86199998856
181 4.88800001144
182 4.8140001297
183 5.32399988174
184 5.46600008011
185 5.48000001907
186 5.49599981308
187 5.5110001564
188 4.58699989319
189 4.57899999619
190 5.55900001526
191 5.59100008011
192 3.632999897
193 3.52099990845
194 4.0640001297
195 4.04099988937
196 5.68200016022
197 5.71199989319
198 5.73699998856
199 5.74399995804
200 5.78399991989
201 5.80000019073
202 5.83900022507
203 5.83500003815
204 5.85500001907
205 5.85400009155
206 5.86100006104
207 5.87799978256
208 5.88199996948
209 5.90000009537
210 5.92999982834
211 5.94000005722
212 5.95399999619
213 5.97599983215
214 5.97900009155
215 5.99399995804
216 6.01499986649
217 6.02899980545
218 6.05499982834
219 6.07899999619
220 6.08599996567
221 6.09499979019
222 6.07700014114
223 6.09299993515
224 6.10200023651
225 6.11000013351
226 6.11199998856
227 6.11899995804
228 6.1360001564
229 6.13999986649
230 6.15999984741
231 6.15799999237
232 6.15899991989
233 6.20200014114
234 6.1970000267
235 6.20200014114
236 6.22599983215
237 6.23500013351
238 6.23299980164
239 6.23000001907
240 6.22700023651
241 6.22499990463
242 6.25
243 6.22100019455
244 6.23799991608
245 6.22499990463
246 6.25400018692
247 6.22499990463
248 6.25299978256
249 6.23000001907
250 6.242000103
251 6.257999897
252 6.27099990845
253 6.25299978256
254 6.26700019836
255 6.26499986649
256 6.26900005341
257 6.26700019836
258 6.25500011444
259 6.24499988556
260 6.23299980164
261 6.24300003052
262 6.23299980164
263 6.22800016403
264 6.22100019455
265 6.23500013351
266 6.20399999619
267 6.21999979019
268 6.22300004959
269 6.20100021362
270 6.2389998436
271 6.19999980927
272 6.20200014114
273 6.13700008392
274 5.85699987411
275 5.79400014877
276 5.75400018692
277 5.73500013351
278 5.72900009155
279 5.71500015259
280 5.7389998436
281 5.7610001564
282 5.80900001526
283 5.96000003815
284 6.09200000763
285 6.07700014114
286 6.05100011826
287 6.0529999733
288 6.0560002327
289 6.0609998703
290 6.03000020981
291 6.02099990845
292 6.00699996948
293 5.96999979019
294 5.95499992371
295 5.93400001526
296 5.90600013733
297 5.90299987793
298 5.88800001144
299 5.87099981308
300 5.85900020599
301 5.85300016403
302 5.83500003815
303 5.8220000267
304 5.81599998474
305 5.78900003433
306 5.77400016785
307 5.76900005341
308 2.08400011063
309 2.07100009918
310 2.05599999428
311 2.04500007629
312 2.02999997139
313 2.03999996185
314 2.02600002289
315 2.03699994087
316 2.02999997139
317 2.02999997139
318 2.02200007439
319 2.01600003242
320 2.02600002289
321 2.01399993896
322 2.01200008392
323 2.02999997139
324 2.02200007439
325 2.03099989891
326 2.01900005341
327 2.09899997711
328 2.47399997711
329 2.34100008011
330 2.19499993324
331 2.17600011826
332 2.18799996376
333 2.17700004578
334 2.3029999733
335 2.33400011063
336 2.31299996376
337 2.30999994278
338 2.28999996185
339 2.29699993134
340 2.29600000381
341 2.30900001526
342 2.20199990273
343 2.18000006676
344 2.16000008583
345 2.19600009918
346 2.22499990463
347 2.48200011253
348 2.47300004959
349 4.75299978256
350 4.71400022507
351 4.67600011826
352 4.65600013733
353 4.61899995804
354 4.58500003815
355 4.54699993134
356 4.31199979782
357 4.36299991608
358 4.48400020599
359 4.46999979019
360 4.44000005722
361 4.41699981689
362 4.39799976349
363 4.36299991608
364 4.29699993134
365 4.25600004196
366 4.242000103
367 4.20800018311
368 4.18499994278
369 4.12200021744
370 4.11899995804
371 4.05900001526
372 4.04099988937
373 4.00299978256
374 3.96600008011
375 3.97099995613
376 3.94499993324
377 3.90799999237
378 3.87800002098
379 3.84500002861
380 3.83599996567
381 3.72300004959
382 3.64199995995
383 3.58400011063
384 3.56699991226
385 3.52500009537
386 3.492000103
387 3.47000002861
388 3.42899990082
389 3.3789999485
390 3.36299991608
391 3.34899997711
392 3.31699991226
393 3.27500009537
394 3.24699997902
395 3.27800011635
396 3.29999995232
397 3.33800005913
398 3.36899995804
399 3.40300011635
400 3.44099998474
401 3.47099995613
402 3.50699996948
403 3.55599999428
404 3.60599994659
405 3.64700007439
406 3.68099999428
407 3.72499990463
408 3.7460000515
409 3.79600000381
410 3.8180000782
411 3.86599993706
412 3.9470000267
413 4.00600004196
414 4.06599998474
415 4.12699985504
416 4.1779999733
417 4.21899986267
418 4.31199979782
419 4.37400007248
420 4.44500017166
421 4.52400016785
422 4.58400011063
423 4.67000007629
424 4.742000103
425 4.80100011826
426 4.90500020981
427 5.01900005341
428 5.10699987411
429 5.20900011063
430 5.32000017166
431 5.41900014877
432 5.53200006485
433 5.64400005341
434 5.76700019836
435 5.88999986649
436 6.00600004196
437 6.16599988937
438 6.31799983978
439 6.48299980164
440 6.50199985504
441 6.60500001907
442 6.4359998703
443 3.09200000763
444 3.04600000381
445 3.05100011826
446 3.03800010681
447 3.00999999046
448 3.02200007439
449 3.02099990845
450 2.9960000515
451 3.00699996948
452 2.98000001907
453 2.97300004959
454 2.97199988365
455 2.98900008202
456 2.96799993515
457 2.95900011063
458 2.96300005913
459 2.94400000572
460 2.9470000267
461 2.93600010872
462 2.9430000782
463 2.93899989128
464 2.92300009727
465 2.92899990082
466 2.92000007629
467 2.91100001335
468 2.92000007629
469 2.90700006485
470 2.66000008583
471 2.65000009537
472 2.63400006294
473 2.65799999237
474 0.945999979973
475 0.709999978542
476 0.717999994755
477 0.935000002384
478 2.63800001144
479 2.64700007439
480 2.64599990845
481 2.65199995041
482 2.65100002289
483 2.65199995041
484 2.6400001049
485 2.62299990654
486 2.41799998283
487 2.33999991417
488 2.34299993515
489 2.50900006294
490 2.82299995422
491 2.93499994278
492 2.95399999619
493 2.95799994469
494 2.93700003624
495 2.94499993324
496 2.94400000572
497 2.94799995422
498 2.96900010109
499 2.97399997711
500 1.44000005722
501 1.2460000515
502 1.20700001717
503 1.19200003147
504 1.19000005722
505 1.1779999733
506 1.18400001526
507 1.1740000248
508 1.16499996185
509 1.17700004578
510 1.20899999142
511 1.19799995422
512 1.22599995136
513 1.32099997997
514 1.54100000858
515 3.0720000267
516 3.09599995613
517 3.10100007057
518 3.12700009346
519 3.11400008202
520 1.19599997997
521 1.23800003529
522 1.14300000668
523 1.11899995804
524 0.992999970913
525 0.908999979496
526 0.921000003815
527 1.07700002193
528 1.10300004482
529 1.09800004959
530 1.09899997711
531 1.11899995804
532 1.12199997902
533 1.13999998569
534 1.28199994564
535 2.72399997711
536 2.95799994469
537 2.91199994087
538 0.0
539 0.0
540 0.0
