0 4.51300001144
1 4.4279999733
2 4.4439997673
3 4.44199991226
4 4.52699995041
5 4.66200017929
6 4.67700004578
7 4.70399999619
8 4.72300004959
9 4.76499986649
10 4.79799985886
11 4.82800006866
12 4.86299991608
13 4.88700008392
14 4.93200016022
15 4.93400001526
16 4.82600021362
17 4.85300016403
18 4.86999988556
19 4.95900011063
20 5.14499998093
21 5.1890001297
22 5.21700000763
23 5.27199983597
24 5.29899978638
25 5.35300016403
26 5.39900016785
27 5.45499992371
28 5.49800014496
29 5.54400014877
30 5.61000013351
31 5.63399982452
32 5.6779999733
33 0.0
34 17.1359996796
35 17.1380004883
36 17.1529998779
37 0.0
38 0.0
39 0.0
40 17.2259998322
41 17.1650009155
42 17.0739994049
43 16.9990005493
44 16.517999649
45 16.5349998474
46 16.5340003967
47 13.1639995575
48 13.0719995499
49 12.3439998627
50 11.9119997025
51 11.5869998932
52 11.6169996262
53 11.6440000534
54 11.626999855
55 11.343000412
56 10.9809999466
57 10.4750003815
58 10.125
59 8.34899997711
60 8.33899974823
61 8.20199966431
62 7.90500020981
63 7.62300014496
64 7.43300008774
65 7.25299978256
66 7.04799985886
67 6.88800001144
68 6.78200006485
69 6.78999996185
70 6.79799985886
71 6.82600021362
72 6.84999990463
73 6.86999988556
74 6.79899978638
75 6.64200019836
76 6.51800012589
77 6.40299987793
78 6.26300001144
79 6.14400005341
80 5.21099996567
81 4.96099996567
82 4.85699987411
83 4.757999897
84 4.67399978638
85 4.60699987411
86 4.51000022888
87 4.47800016403
88 4.41200017929
89 4.3140001297
90 4.25099992752
91 4.21199989319
92 4.16300010681
93 4.10300016403
94 4.03800010681
95 3.96600008011
96 3.9470000267
97 3.89100003242
98 3.83899998665
99 3.78999996185
100 3.76699995995
101 3.77999997139
102 3.83100008965
103 3.85199999809
104 3.87800002098
105 3.91199994087
106 3.95300006866
107 3.94600009918
108 3.92199993134
109 3.86800003052
110 3.83500003815
111 3.79500007629
112 3.77200007439
113 3.73300004005
114 3.69499993324
115 3.65899991989
116 3.60899996758
117 3.58200001717
118 3.56100010872
119 3.53399991989
120 3.49000000954
121 3.48099994659
122 3.43899989128
123 3.4240000248
124 3.41199994087
125 3.38000011444
126 3.41899991035
127 3.45499992371
128 3.49300003052
129 3.52500009537
130 3.56999993324
131 3.60700011253
132 3.64800000191
133 4.03800010681
134 4.05900001526
135 4.09999990463
136 4.10300016403
137 4.14499998093
138 4.17199993134
139 4.19299983978
140 4.22900009155
141 4.27299976349
142 4.3029999733
143 4.32700014114
144 4.39099979401
145 4.42399978638
146 4.46199989319
147 4.47900009155
148 4.5110001564
149 4.53999996185
150 4.55800008774
151 4.17899990082
152 4.28900003433
153 4.61199998856
154 3.26900005341
155 3.41700005531
156 4.71400022507
157 4.60500001907
158 4.56300020218
159 4.78599977493
160 4.81599998474
161 4.86000013351
162 4.88800001144
163 4.91699981689
164 4.96099996567
165 4.99800014496
166 5.02299976349
167 5.02799987793
168 3.15199995041
169 3.2009999752
170 3.36500000954
171 4.11000013351
172 4.91699981689
173 4.86899995804
174 4.84499979019
175 4.83699989319
176 4.81599998474
177 4.8060002327
178 4.8189997673
179 4.85799980164
180 4.86100006104
181 4.90000009537
182 4.82399988174
183 5.3029999733
184 5.46999979019
185 5.48000001907
186 5.50400018692
187 5.5110001564
188 4.59999990463
189 4.57100009918
190 5.56199979782
191 5.57000017166
192 3.63100004196
193 3.52900004387
194 4.08300018311
195 4.0689997673
196 5.6810002327
197 5.71700000763
198 5.73199987411
199 5.74700021744
200 5.77899980545
201 5.80800008774
202 5.8189997673
203 5.84000015259
204 5.85699987411
205 5.85599994659
206 5.85900020599
207 5.8639998436
208 5.88899993896
209 5.90199995041
210 5.91900014877
211 5.94299983978
212 5.93400001526
213 5.96299982071
214 5.98500013351
215 6.00299978256
216 5.99300003052
217 6.02699995041
218 6.05800008774
219 6.07499980927
220 6.08699989319
221 6.09200000763
222 6.07800006866
223 6.07800006866
224 6.10799980164
225 6.10599994659
226 6.12099981308
227 6.13100004196
228 6.14499998093
229 6.12799978256
230 6.15399980545
231 6.16900014877
232 6.15500020981
233 6.17600011826
234 6.19899988174
235 6.20200014114
236 6.22100019455
237 6.2389998436
238 6.21500015259
239 6.23000001907
240 6.22499990463
241 6.21700000763
242 6.22100019455
243 6.25
244 6.22900009155
245 6.23000001907
246 6.2389998436
247 6.23600006104
248 6.24700021744
249 6.25099992752
250 6.26200008392
251 6.25
252 6.27600002289
253 6.26800012589
254 6.28100013733
255 6.27799987793
256 6.27500009537
257 6.24900007248
258 6.242000103
259 6.24399995804
260 6.23199987411
261 6.24900007248
262 6.24499988556
263 6.21899986267
264 6.22399997711
265 6.21500015259
266 6.21199989319
267 6.20900011063
268 6.20399999619
269 6.19600009918
270 6.20900011063
271 6.21400022507
272 6.21099996567
273 6.11499977112
274 5.85500001907
275 5.78800010681
276 5.75199985504
277 5.72499990463
278 5.71299982071
279 5.71999979019
280 5.73500013351
281 5.77400016785
282 5.81699991226
283 5.93699979782
284 6.06300020218
285 6.07600021362
286 6.0640001297
287 6.06300020218
288 6.0529999733
289 6.05200004578
290 6.03499984741
291 5.99700021744
292 5.99599981308
293 5.97100019455
294 5.9439997673
295 5.92600011826
296 5.90700006485
297 5.91300010681
298 5.882999897
299 5.882999897
300 5.85799980164
301 5.84399986267
302 5.83099985123
303 5.79899978638
304 5.79899978638
305 5.78999996185
306 5.78499984741
307 5.77199983597
308 2.07100009918
309 2.05500006676
310 2.05599999428
311 2.02600002289
312 2.03500008583
313 2.02600002289
314 2.04600000381
315 2.03399991989
316 2.02500009537
317 2.03600001335
318 2.03699994087
319 2.02999997139
320 2.02300000191
321 2.01300001144
322 2.01399993896
323 2.02999997139
324 2.01900005341
325 2.02099990845
326 2.03099989891
327 2.08599996567
328 2.47199988365
329 2.35899996758
330 2.19199991226
331 2.17000007629
332 2.17100000381
333 2.19899988174
334 2.3069999218
335 2.31299996376
336 2.31599998474
337 2.31599998474
338 2.30200004578
339 2.29699993134
340 2.32500004768
341 2.32399988174
342 2.23000001907
343 2.14899992943
344 2.17600011826
345 2.20000004768
346 2.23099994659
347 2.48699998856
348 2.49699997902
349 4.73999977112
350 4.71500015259
351 4.67199993134
352 4.62799978256
353 4.61600017548
354 4.57299995422
355 4.55900001526
356 4.30200004578
357 4.36299991608
358 4.49499988556
359 4.44099998474
360 4.42399978638
361 4.39099979401
362 4.39400005341
363 4.35099983215
364 4.3140001297
365 4.27799987793
366 4.25199985504
367 4.22399997711
368 4.15399980545
369 4.14200019836
370 4.09399986267
371 4.08400011063
372 4.03000020981
373 4.02600002289
374 3.992000103
375 3.95900011063
376 3.91599988937
377 3.90100002289
378 3.88499999046
379 3.83999991417
380 3.81500005722
381 3.70300006866
382 3.62800002098
383 3.59200000763
384 3.55399990082
385 3.53399991989
386 3.49499988556
387 3.46600008011
388 3.43099999428
389 3.39899992943
390 3.35500001907
391 3.32800006866
392 3.29600000381
393 3.28200006485
394 3.26799988747
395 3.2539999485
396 3.29800009727
397 3.34100008011
398 3.36599993706
399 3.3900001049
400 3.42700004578
401 3.47799992561
402 3.50900006294
403 3.54600000381
404 3.58299994469
405 3.64499998093
406 3.67899990082
407 3.70900011063
408 3.73200011253
409 3.78800010681
410 3.83999991417
411 3.86999988556
412 3.9319999218
413 3.97900009155
414 4.04400014877
415 4.13399982452
416 4.17600011826
417 4.24800014496
418 4.31799983978
419 4.38100004196
420 4.44799995422
421 4.49100017548
422 4.58099985123
423 4.65899991989
424 4.73500013351
425 4.8109998703
426 4.91200017929
427 5.0110001564
428 5.11000013351
429 5.21099996567
430 5.29899978638
431 5.41800022125
432 5.53100013733
433 5.65199995041
434 5.757999897
435 5.89400005341
436 6.01599979401
437 6.16099977493
438 6.31300020218
439 6.45300006866
440 6.49800014496
441 6.59200000763
442 6.4279999733
443 3.06399989128
444 3.0569999218
445 3.03999996185
446 3.03999996185
447 3.02800011635
448 3.007999897
449 2.99900007248
450 3.00300002098
451 2.99900007248
452 2.98000001907
453 2.98900008202
454 2.98000001907
455 2.96799993515
456 2.98099994659
457 2.95600008965
458 2.95900011063
459 2.96600008011
460 2.94799995422
461 2.93099999428
462 2.96099996567
463 2.93700003624
464 2.93700003624
465 2.93000006676
466 2.92600011826
467 2.91799998283
468 2.92600011826
469 2.92499995232
470 2.6740000248
471 2.61899995804
472 2.64199995995
473 2.64700007439
474 0.961000025272
475 0.694999992847
476 0.712999999523
477 0.926999986172
478 2.66199994087
479 2.6289999485
480 2.6289999485
481 2.65000009537
482 2.63400006294
483 2.64199995995
484 2.65499997139
485 2.64599990845
486 2.40199995041
487 2.34200000763
488 2.31299996376
489 2.51300001144
490 2.84299993515
491 2.93000006676
492 2.9319999218
493 2.93600010872
494 2.96000003815
495 2.94499993324
496 2.9470000267
497 2.96900010109
498 2.95799994469
499 1.22300004959
500 1.26499998569
501 1.15100002289
502 1.1289999485
503 1.10099995136
504 1.11699998379
505 1.11899995804
506 1.12800002098
507 1.14999997616
508 1.18499994278
509 1.19900000095
510 1.19900000095
511 1.19500005245
512 1.19299995899
513 1.2120000124
514 1.23199999332
515 1.31599998474
516 1.47200000286
517 3.11800003052
518 3.10199999809
519 3.125
520 3.14199995995
521 3.12199997902
522 3.14100003242
523 3.15100002289
524 0.916000008583
525 0.90499997139
526 0.940999984741
527 1.07500004768
528 1.0870000124
529 1.05200004578
530 1.06799995899
531 1.08200001717
532 1.08399999142
533 1.07899999619
534 1.09500002861
535 1.11199998856
536 1.13499999046
537 1.14699995518
538 1.14699995518
539 1.16999995708
540 3.52999997139
