0 4.5
1 4.43300008774
2 4.45200014114
3 4.47499990463
4 4.53200006485
5 4.64400005341
6 4.67100000381
7 4.70399999619
8 4.7389998436
9 4.78100013733
10 4.79799985886
11 4.82899999619
12 4.87200021744
13 4.88100004196
14 4.9279999733
15 4.92199993134
16 4.84700012207
17 4.86000013351
18 4.88199996948
19 4.96899986267
20 5.15000009537
21 5.17700004578
22 5.22399997711
23 5.26200008392
24 5.32100009918
25 5.36000013351
26 5.40899991989
27 5.44899988174
28 5.50500011444
29 5.53599977493
30 5.59899997711
31 5.64699983597
32 5.69099998474
33 0.0
34 17.1509990692
35 17.1359996796
36 17.1550006866
37 0.0
38 0.0
39 0.0
40 17.2420005798
41 17.1620006561
42 17.0580005646
43 16.9960002899
44 16.5240001678
45 16.5310001373
46 16.5109996796
47 13.1529998779
48 13.1009998322
49 12.3249998093
50 11.9440002441
51 11.5970001221
52 11.6079998016
53 11.6190004349
54 11.6160001755
55 11.3280000687
56 10.984000206
57 10.4750003815
58 10.1169996262
59 8.32400035858
60 8.32800006866
61 8.1829996109
62 7.90000009537
63 7.63800001144
64 7.4439997673
65 7.22399997711
66 7.0689997673
67 6.90199995041
68 6.79099988937
69 6.76999998093
70 6.81199979782
71 6.80999994278
72 6.85200023651
73 6.867000103
74 6.78900003433
75 6.64200019836
76 6.49900007248
77 6.37699985504
78 6.27099990845
79 6.14799976349
80 5.21899986267
81 4.97300004959
82 4.84800004959
83 4.76900005341
84 4.67299985886
85 4.60799980164
86 4.54500007629
87 4.47700023651
88 4.39499998093
89 4.3109998703
90 4.26300001144
91 4.21799993515
92 4.15700006485
93 4.10500001907
94 4.02299976349
95 3.98900008202
96 3.92700004578
97 3.88499999046
98 3.83899998665
99 3.78600001335
100 3.7539999485
101 3.77699995041
102 3.82399988174
103 3.85700011253
104 3.87299990654
105 3.89599990845
106 3.93700003624
107 3.95600008965
108 3.91000008583
109 3.87599992752
110 3.85400009155
111 3.8069999218
112 3.76799988747
113 3.73200011253
114 3.70000004768
115 3.66599988937
116 3.62400007248
117 3.60599994659
118 3.5490000248
119 3.51699995995
120 3.48799991608
121 3.47399997711
122 3.43899989128
123 3.42199993134
124 3.40799999237
125 3.39299988747
126 3.42899990082
127 3.4430000782
128 3.47399997711
129 3.53800010681
130 3.57100009918
131 3.61299991608
132 3.67300009727
133 4.01900005341
134 4.06599998474
135 4.08099985123
136 4.10799980164
137 4.15299987793
138 4.18499994278
139 4.22100019455
140 4.25699996948
141 4.29199981689
142 4.31799983978
143 4.36000013351
144 4.38100004196
145 4.41900014877
146 4.43499994278
147 4.49300003052
148 4.51300001144
149 4.52299976349
150 4.54899978638
151 4.19999980927
152 4.29300022125
153 4.61600017548
154 3.25500011444
155 3.41000008583
156 4.71000003815
157 4.61000013351
158 4.56500005722
159 4.79799985886
160 4.8220000267
161 4.85799980164
162 4.89400005341
163 4.9310002327
164 4.95499992371
165 5.0
166 5.00500011444
167 5.03999996185
168 3.15100002289
169 3.21799993515
170 3.36500000954
171 4.09999990463
172 4.91200017929
173 4.87599992752
174 4.85599994659
175 4.83300018311
176 4.82499980927
177 4.81300020218
178 4.82700014114
179 4.84100008011
180 4.86600017548
181 4.90399980545
182 4.82399988174
183 5.3060002327
184 5.46700000763
185 5.48000001907
186 5.48199987411
187 5.50899982452
188 4.60599994659
189 4.5689997673
190 5.56699991226
191 5.57100009918
192 3.64400005341
193 3.51900005341
194 4.08400011063
195 4.03700017929
196 5.68200016022
197 5.71600008011
198 5.73199987411
199 5.73999977112
200 5.79099988937
201 5.82000017166
202 5.80900001526
203 5.82999992371
204 5.83799982071
205 5.85599994659
206 5.87599992752
207 5.882999897
208 5.90500020981
209 5.89799976349
210 5.92999982834
211 5.94600009918
212 5.95399999619
213 5.95499992371
214 5.99300003052
215 5.98699998856
216 6.01700019836
217 6.03200006485
218 6.0609998703
219 6.06500005722
220 6.06300020218
221 6.09600019455
222 6.08500003815
223 6.07999992371
224 6.10500001907
225 6.11800003052
226 6.10900020599
227 6.12699985504
228 6.11999988556
229 6.15299987793
230 6.16200017929
231 6.17600011826
232 6.15600013733
233 6.17999982834
234 6.19199991226
235 6.21400022507
236 6.21099996567
237 6.23999977112
238 6.21500015259
239 6.23500013351
240 6.21899986267
241 6.22200012207
242 6.21700000763
243 6.21799993515
244 6.22399997711
245 6.23500013351
246 6.25899982452
247 6.23400020599
248 6.22300004959
249 6.25
250 6.24100017548
251 6.24800014496
252 6.27199983597
253 6.26900005341
254 6.26800012589
255 6.25400018692
256 6.26999998093
257 6.24599981308
258 6.242000103
259 6.23400020599
260 6.25299978256
261 6.23699998856
262 6.21500015259
263 6.22200012207
264 6.21299982071
265 6.21299982071
266 6.21600008011
267 6.23500013351
268 6.21600008011
269 6.23299980164
270 6.19600009918
271 6.21700000763
272 6.21400022507
273 6.13800001144
274 5.83599996567
275 5.78299999237
276 5.76399993896
277 5.7389998436
278 5.71500015259
279 5.72499990463
280 5.74300003052
281 5.76599979401
282 5.80499982834
283 5.96000003815
284 6.06599998474
285 6.05399990082
286 6.07700014114
287 6.06699991226
288 6.05900001526
289 6.03900003433
290 6.03800010681
291 6.0
292 5.98199987411
293 5.96899986267
294 5.94500017166
295 5.93400001526
296 5.91499996185
297 5.88500022888
298 5.88700008392
299 5.882999897
300 5.86000013351
301 5.84200000763
302 5.84100008011
303 5.80700016022
304 5.79899978638
305 5.79199981689
306 5.78900003433
307 5.76499986649
308 2.07500004768
309 2.06500005722
310 2.03900003433
311 2.04399991035
312 2.05999994278
313 2.03699994087
314 2.03800010681
315 2.02300000191
316 2.04399991035
317 2.03500008583
318 2.03999996185
319 2.01600003242
320 2.01600003242
321 2.02600002289
322 2.02500009537
323 2.02500009537
324 2.02600002289
325 2.02399992943
326 2.007999897
327 2.10100007057
328 2.47900009155
329 2.367000103
330 2.20600008965
331 2.18099999428
332 2.17000007629
333 2.1970000267
334 2.29800009727
335 2.30399990082
336 2.31500005722
337 2.31200003624
338 2.29800009727
339 2.28999996185
340 2.31900000572
341 2.32399988174
342 2.23699998856
343 2.18400001526
344 2.18300008774
345 2.18099999428
346 2.22699999809
347 2.47499990463
348 2.49499988556
349 4.75400018692
350 4.71400022507
351 4.67500019073
352 4.62799978256
353 4.61100006104
354 4.59200000763
355 4.55800008774
356 4.33099985123
357 4.36299991608
358 4.49100017548
359 4.47200012207
360 4.44000005722
361 4.42100000381
362 4.39499998093
363 4.34200000763
364 4.31300020218
365 4.28499984741
366 4.25500011444
367 4.19600009918
368 4.17199993134
369 4.13199996948
370 4.09800004959
371 4.09100008011
372 4.02899980545
373 4.01300001144
374 3.992000103
375 3.96700000763
376 3.92199993134
377 3.91499996185
378 3.88100004196
379 3.84999990463
380 3.82899999619
381 3.70199990273
382 3.625
383 3.58800005913
384 3.57299995422
385 3.53699994087
386 3.49399995804
387 3.45900011063
388 3.4319999218
389 3.39599990845
390 3.35199999809
391 3.32299995422
392 3.31100010872
393 3.27300000191
394 3.25999999046
395 3.26399993896
396 3.29200005531
397 3.33400011063
398 3.37400007248
399 3.38800001144
400 3.4279999733
401 3.48900008202
402 3.52699995041
403 3.53999996185
404 3.59599995613
405 3.63400006294
406 3.68099999428
407 3.70700001717
408 3.73000001907
409 3.78500008583
410 3.83599996567
411 3.88100004196
412 3.94400000572
413 3.99000000954
414 4.05200004578
415 4.11000013351
416 4.18300008774
417 4.257999897
418 4.30100011826
419 4.3860001564
420 4.45499992371
421 4.51800012589
422 4.57299995422
423 4.65199995041
424 4.73299980164
425 4.8029999733
426 4.90399980545
427 5.00600004196
428 5.09899997711
429 5.21099996567
430 5.3029999733
431 5.41200017929
432 5.52299976349
433 5.64599990845
434 5.757999897
435 5.88899993896
436 6.01900005341
437 6.17299985886
438 6.30800008774
439 6.47200012207
440 6.49499988556
441 6.59800004959
442 6.44999980927
443 3.10700011253
444 3.04800009727
445 3.02999997139
446 3.03500008583
447 3.02600002289
448 3.00999999046
449 3.00099992752
450 3.01600003242
451 3.00999999046
452 2.98200011253
453 2.97199988365
454 2.98099994659
455 2.97199988365
456 2.95700001717
457 2.97099995613
458 2.94899988174
459 2.95600008965
460 2.95399999619
461 2.93799996376
462 2.93799996376
463 2.94600009918
464 2.9470000267
465 2.93099999428
466 2.91799998283
467 2.91100001335
468 2.9319999218
469 2.91000008583
470 2.64400005341
471 2.65199995041
472 2.63700008392
473 2.64599990845
474 0.93599998951
475 0.703999996185
476 0.712999999523
477 0.926999986172
478 2.66799998283
479 2.64299988747
480 2.64299988747
481 2.64800000191
482 2.65000009537
483 2.65300011635
484 2.64599990845
485 2.6400001049
486 2.39599990845
487 2.33800005913
488 2.33299994469
489 2.50099992752
490 2.83599996567
491 2.9279999733
492 2.92499995232
493 2.93799996376
494 2.9430000782
495 2.95600008965
496 2.94199991226
497 2.95000004768
498 2.96099996567
499 2.96900010109
500 1.41100001335
501 1.19400000572
502 1.15100002289
503 1.13100004196
504 1.12699997425
505 1.12000000477
506 1.12699997425
507 1.13399994373
508 1.16799998283
509 1.18099999428
510 1.19900000095
511 1.2120000124
512 1.21099996567
513 1.19099998474
514 1.21800005436
515 1.23899996281
516 1.36000001431
517 1.31599998474
518 3.12800002098
519 3.11500000954
520 3.14599990845
521 3.1400001049
522 3.14499998093
523 3.1779999733
524 0.930999994278
525 0.912000000477
526 0.933000028133
527 1.10699999332
528 1.06400001049
529 1.08299994469
530 1.05900001526
531 1.04700005054
532 1.06500005722
533 1.0870000124
534 1.08399999142
535 1.09700000286
536 1.1210000515
537 1.13800001144
538 1.12999999523
539 1.13600003719
540 3.52999997139
