0 4.50899982452
1 4.4359998703
2 4.44999980927
3 4.47800016403
4 4.54600000381
5 4.65100002289
6 4.66400003433
7 4.70200014114
8 4.74599981308
9 4.75500011444
10 4.79099988937
11 4.82100009918
12 4.85900020599
13 4.89200019836
14 4.91900014877
15 4.92700004578
16 4.84800004959
17 4.85699987411
18 4.88000011444
19 4.97200012207
20 5.13500022888
21 5.17999982834
22 5.23199987411
23 5.26700019836
24 5.29899978638
25 5.367000103
26 5.40299987793
27 5.44999980927
28 5.48799991608
29 5.55200004578
30 5.60500001907
31 5.65500020981
32 5.66900014877
33 0.0
34 17.1669998169
35 17.1420001984
36 17.1450004578
37 0.0
38 0.0
39 0.0
40 17.2530002594
41 17.1730003357
42 17.0510005951
43 17.0009994507
44 16.5240001678
45 16.533000946
46 16.5310001373
47 13.1529998779
48 13.0690002441
49 12.3299999237
50 11.9300003052
51 11.5850000381
52 11.6000003815
53 11.6309995651
54 11.6309995651
55 11.3420000076
56 11.0039997101
57 10.4560003281
58 10.1190004349
59 8.34399986267
60 8.32800006866
61 8.19999980927
62 7.89200019836
63 7.64599990845
64 7.44500017166
65 7.23999977112
66 7.06599998474
67 6.90600013733
68 6.79400014877
69 6.76999998093
70 6.79500007629
71 6.84200000763
72 6.86000013351
73 6.86999988556
74 6.78700017929
75 6.6360001564
76 6.50899982452
77 6.39200019836
78 6.27400016785
79 6.13899993896
80 5.21500015259
81 4.97200012207
82 4.84100008011
83 4.76700019836
84 4.66499996185
85 4.61100006104
86 4.54500007629
87 4.47900009155
88 4.41499996185
89 4.34000015259
90 4.28000020981
91 4.21299982071
92 4.15700006485
93 4.09899997711
94 4.03399991989
95 3.96700000763
96 3.94799995422
97 3.8900001049
98 3.83899998665
99 3.80599999428
100 3.75300002098
101 3.78200006485
102 3.82899999619
103 3.85400009155
104 3.86400008202
105 3.92000007629
106 3.94799995422
107 3.93700003624
108 3.9240000248
109 3.88800001144
110 3.83899998665
111 3.81200003624
112 3.77099990845
113 3.73099994659
114 3.69799995422
115 3.65100002289
116 3.6400001049
117 3.59699988365
118 3.55500006676
119 3.54299998283
120 3.48900008202
121 3.46900010109
122 3.44499993324
123 3.42199993134
124 3.40599989891
125 3.39700007439
126 3.42199993134
127 3.45300006866
128 3.49000000954
129 3.51999998093
130 3.5680000782
131 3.60599994659
132 3.66199994087
133 4.03399991989
134 4.07299995422
135 4.08900022507
136 4.11199998856
137 4.15199995041
138 4.16400003433
139 4.21700000763
140 4.22499990463
141 4.26800012589
142 4.31799983978
143 4.34200000763
144 4.36800003052
145 4.42899990082
146 4.46000003815
147 4.48799991608
148 4.51300001144
149 4.53800010681
150 4.54500007629
151 4.20599985123
152 4.30200004578
153 4.57899999619
154 3.27500009537
155 3.40499997139
156 4.69600009918
157 4.61199998856
158 4.56699991226
159 4.79899978638
160 4.82100009918
161 4.867000103
162 4.89099979401
163 4.92500019073
164 4.96299982071
165 4.992000103
166 5.02099990845
167 5.04699993134
168 3.14299988747
169 3.21199989319
170 3.36899995804
171 4.10599994659
172 4.92199993134
173 4.88700008392
174 4.85300016403
175 4.82299995422
176 4.83099985123
177 4.8220000267
178 4.82299995422
179 4.84399986267
180 4.87200021744
181 4.89900016785
182 4.82399988174
183 5.3189997673
184 5.46500015259
185 5.46400022507
186 5.49900007248
187 5.51399993896
188 4.59299993515
189 4.55999994278
190 5.5609998703
191 5.59499979019
192 3.63899993896
193 3.52300000191
194 4.07700014114
195 4.04699993134
196 5.69799995422
197 5.70599985123
198 5.73199987411
199 5.75199985504
200 5.78999996185
201 5.78499984741
202 5.81199979782
203 5.84200000763
204 5.85200023651
205 5.84200000763
206 5.86199998856
207 5.87799978256
208 5.88800001144
209 5.89099979401
210 5.91699981689
211 5.93300008774
212 5.96099996567
213 5.98299980164
214 5.98799991608
215 5.99100017548
216 6.01300001144
217 6.03399991989
218 6.03700017929
219 6.05999994278
220 6.08300018311
221 6.05999994278
222 6.09899997711
223 6.08900022507
224 6.09600019455
225 6.10099983215
226 6.10799980164
227 6.13399982452
228 6.13500022888
229 6.15899991989
230 6.16499996185
231 6.14799976349
232 6.17399978638
233 6.18300008774
234 6.20599985123
235 6.19299983978
236 6.22300004959
237 6.21500015259
238 6.23000001907
239 6.24800014496
240 6.22399997711
241 6.22300004959
242 6.22100019455
243 6.23099994659
244 6.22200012207
245 6.23299980164
246 6.22599983215
247 6.23799991608
248 6.24800014496
249 6.23799991608
250 6.26700019836
251 6.24300003052
252 6.25
253 6.26399993896
254 6.28000020981
255 6.27299976349
256 6.2610001564
257 6.26200008392
258 6.23000001907
259 6.2389998436
260 6.24700021744
261 6.22700023651
262 6.2389998436
263 6.22399997711
264 6.242000103
265 6.23199987411
266 6.23000001907
267 6.23099994659
268 6.21400022507
269 6.21000003815
270 6.21700000763
271 6.20100021362
272 6.21999979019
273 6.12799978256
274 5.84200000763
275 5.78999996185
276 5.76499986649
277 5.74900007248
278 5.72399997711
279 5.72599983215
280 5.74399995804
281 5.75
282 5.81199979782
283 5.96199989319
284 6.07800006866
285 6.07999992371
286 6.0689997673
287 6.05700016022
288 6.05700016022
289 6.05200004578
290 6.04199981689
291 6.02099990845
292 5.98299980164
293 5.97300004959
294 5.96700000763
295 5.94500017166
296 5.92199993134
297 5.90899991989
298 5.87099981308
299 5.87900018692
300 5.86299991608
301 5.85200023651
302 5.83699989319
303 5.80700016022
304 5.80800008774
305 5.79400014877
306 5.79799985886
307 5.77299976349
308 2.07299995422
309 2.05399990082
310 2.05999994278
311 2.05500006676
312 2.04800009727
313 2.03999996185
314 2.02200007439
315 2.02099990845
316 2.04299998283
317 2.02800011635
318 2.03399991989
319 2.01399993896
320 2.02600002289
321 2.03099989891
322 2.01999998093
323 2.02699995041
324 2.01200008392
325 2.01200008392
326 2.02999997139
327 2.08999991417
328 2.48200011253
329 2.31599998474
330 2.19899988174
331 2.17600011826
332 2.17000007629
333 2.20199990273
334 2.28500008583
335 2.31999993324
336 2.33800005913
337 2.30100011826
338 2.28600001335
339 2.29200005531
340 2.30500006676
341 2.31200003624
342 2.21900010109
343 2.15799999237
344 2.17600011826
345 2.18700003624
346 2.2349998951
347 2.47900009155
348 2.48699998856
349 4.74700021744
350 4.70900011063
351 4.67299985886
352 4.65500020981
353 4.61199998856
354 4.58300018311
355 4.56199979782
356 4.32100009918
357 4.34000015259
358 4.48699998856
359 4.46899986267
360 4.42500019073
361 4.41499996185
362 4.39499998093
363 4.35200023651
364 4.32100009918
365 4.29099988937
366 4.23000001907
367 4.19999980927
368 4.1810002327
369 4.14499998093
370 4.10699987411
371 4.07999992371
372 4.05000019073
373 4.03000020981
374 3.9960000515
375 3.95700001717
376 3.91400003433
377 3.90100002289
378 3.87700009346
379 3.85199999809
380 3.82800006866
381 3.71000003815
382 3.63599991798
383 3.59699988365
384 3.56299996376
385 3.53200006485
386 3.49399995804
387 3.46300005913
388 3.41700005531
389 3.382999897
390 3.367000103
391 3.34500002861
392 3.30999994278
393 3.28299999237
394 3.25099992752
395 3.27500009537
396 3.29399991035
397 3.32699990273
398 3.35100007057
399 3.40499997139
400 3.44199991226
401 3.47199988365
402 3.52300000191
403 3.56699991226
404 3.58699989319
405 3.65400004387
406 3.68300008774
407 3.72900009155
408 3.74300003052
409 3.78999996185
410 3.83599996567
411 3.88499999046
412 3.92000007629
413 3.97499990463
414 4.05700016022
415 4.10799980164
416 4.18400001526
417 4.24399995804
418 4.32000017166
419 4.367000103
420 4.42999982834
421 4.51599979401
422 4.58599996567
423 4.67100000381
424 4.73400020599
425 4.81500005722
426 4.90000009537
427 5.02699995041
428 5.10099983215
429 5.21099996567
430 5.31500005722
431 5.41300010681
432 5.53000020981
433 5.64799976349
434 5.76599979401
435 5.89799976349
436 6.03100013733
437 6.15899991989
438 6.30200004578
439 6.48000001907
440 6.50600004196
441 6.60900020599
442 6.44000005722
443 3.08800005913
444 3.03999996185
445 3.03500008583
446 3.03800010681
447 3.02800011635
448 3.01200008392
449 3.01900005341
450 3.01200008392
451 2.99000000954
452 2.98300004005
453 2.97600007057
454 2.98600006104
455 2.96600008011
456 2.95900011063
457 2.95199990273
458 2.97000002861
459 2.94499993324
460 2.94899988174
461 2.94199991226
462 2.93600010872
463 2.9470000267
464 2.93700003624
465 2.9319999218
466 2.93300008774
467 2.93499994278
468 2.92300009727
469 2.91000008583
470 2.67199993134
471 2.65599989891
472 2.63499999046
473 2.64700007439
474 0.943000018597
475 0.705999970436
476 0.723999977112
477 0.920000016689
478 2.65300011635
479 2.63000011444
480 2.64400005341
481 2.66799998283
482 2.63499999046
483 2.66300010681
484 2.65700006485
485 2.64700007439
486 2.41799998283
487 2.34100008011
488 2.32299995422
489 2.51300001144
490 2.82399988174
491 2.92499995232
492 2.9319999218
493 2.93899989128
494 2.95600008965
495 2.94499993324
496 2.94499993324
497 2.97600007057
498 2.95600008965
499 2.96000003815
500 2.96600008011
501 1.18499994278
502 1.25999999046
503 1.11899995804
504 1.12800002098
505 1.1289999485
506 1.12199997902
507 1.14499998093
508 1.14300000668
509 1.13900005817
510 1.17100000381
511 1.20200002193
512 1.17499995232
513 1.21099996567
514 1.21899998188
515 1.22500002384
516 1.27999997139
517 1.43599998951
518 3.11100006104
519 3.11800003052
520 3.1210000515
521 3.15100002289
522 3.15599989891
523 3.17499995232
524 0.933000028133
525 0.902000010014
526 0.903999984264
527 1.12399995327
528 1.1289999485
529 1.07700002193
530 1.05599999428
531 1.05200004578
532 1.06099998951
533 1.07000005245
534 1.08500003815
535 1.10599994659
536 1.10699999332
537 1.13999998569
538 1.14499998093
539 1.13300001621
540 1.20700001717
