0 4.50400018692
1 4.42000007629
2 4.44199991226
3 4.46099996567
4 4.53700017929
5 4.65500020981
6 4.67999982834
7 4.69500017166
8 4.73000001907
9 4.76999998093
10 4.79099988937
11 4.82600021362
12 4.86199998856
13 4.88500022888
14 4.93200016022
15 4.9390001297
16 4.83799982071
17 4.84499979019
18 4.86999988556
19 4.96400022507
20 5.14400005341
21 5.19099998474
22 5.23199987411
23 5.26999998093
24 5.31699991226
25 5.35200023651
26 5.40899991989
27 5.4390001297
28 5.49900007248
29 5.55399990082
30 5.57899999619
31 5.63999986649
32 5.68300008774
33 0.0
34 17.158000946
35 17.1439990997
36 17.1340007782
37 0.0
38 0.0
39 0.0
40 17.218000412
41 17.172000885
42 17.0669994354
43 16.9979991913
44 16.5289993286
45 16.5300006866
46 16.517999649
47 13.1590003967
48 13.0920000076
49 12.3240003586
50 11.9340000153
51 11.5850000381
52 11.6000003815
53 11.6400003433
54 11.6219997406
55 11.3529996872
56 11.0010004044
57 10.4610004425
58 10.107000351
59 8.34500026703
60 8.34700012207
61 8.19999980927
62 7.91200017929
63 7.63899993896
64 7.44500017166
65 7.23699998856
66 7.0720000267
67 6.91499996185
68 6.79500007629
69 6.78399991989
70 6.80000019073
71 6.82499980927
72 6.84100008011
73 6.8639998436
74 6.78399991989
75 6.62799978256
76 6.52099990845
77 6.382999897
78 6.27699995041
79 6.15500020981
80 5.22599983215
81 4.96299982071
82 4.84600019455
83 4.7610001564
84 4.66900014877
85 4.60599994659
86 4.52899980545
87 4.47399997711
88 4.40500020981
89 4.34000015259
90 4.2610001564
91 4.20300006866
92 4.16499996185
93 4.11000013351
94 4.02899980545
95 3.97000002861
96 3.92300009727
97 3.89299988747
98 3.82100009918
99 3.80200004578
100 3.77600002289
101 3.77699995041
102 3.80800008774
103 3.82800006866
104 3.88599991798
105 3.90700006485
106 3.94000005722
107 3.93700003624
108 3.91199994087
109 3.87299990654
110 3.83599996567
111 3.7990000248
112 3.77600002289
113 3.72099995613
114 3.6819999218
115 3.66799998283
116 3.63100004196
117 3.59800004959
118 3.55500006676
119 3.53500008583
120 3.50099992752
121 3.47099995613
122 3.43499994278
123 3.41000008583
124 3.40700006485
125 3.39400005341
126 3.42000007629
127 3.45300006866
128 3.48900008202
129 3.53399991989
130 3.5720000267
131 3.60800004005
132 3.66199994087
133 4.02299976349
134 4.0689997673
135 4.09800004959
136 4.13199996948
137 4.13199996948
138 4.17899990082
139 4.20800018311
140 4.257999897
141 4.28100013733
142 4.29500007629
143 4.3220000267
144 4.39300012589
145 4.40399980545
146 4.45100021362
147 4.47800016403
148 4.52099990845
149 4.53100013733
150 4.55000019073
151 4.19799995422
152 4.30999994278
153 4.59499979019
154 3.257999897
155 3.41899991035
156 4.70900011063
157 4.59100008011
158 4.55000019073
159 4.80000019073
160 4.82499980927
161 4.85699987411
162 4.89400005341
163 4.92899990082
164 4.95499992371
165 4.98699998856
166 5.02199983597
167 5.03100013733
168 3.14299988747
169 3.21900010109
170 3.35599994659
171 4.11800003052
172 4.91099977493
173 4.87200021744
174 4.85200023651
175 4.82000017166
176 4.8220000267
177 4.8060002327
178 4.84100008011
179 4.83599996567
180 4.85300016403
181 4.89400005341
182 4.8109998703
183 5.33199977875
184 5.46400022507
185 5.48500013351
186 5.49800014496
187 5.51200008392
188 4.617000103
189 4.57899999619
190 5.5560002327
191 5.58799982071
192 3.63700008392
193 3.51900005341
194 4.07000017166
195 4.03599977493
196 5.69099998474
197 5.71600008011
198 5.73299980164
199 5.75400018692
200 5.78100013733
201 5.80700016022
202 5.82299995422
203 5.82499980927
204 5.83900022507
205 5.86499977112
206 5.87400007248
207 5.88800001144
208 5.89099979401
209 5.88500022888
210 5.90899991989
211 5.91800022125
212 5.94600009918
213 5.98699998856
214 5.98400020599
215 6.00699996948
216 6.02600002289
217 6.02699995041
218 6.0529999733
219 6.05700016022
220 6.06699991226
221 6.08500003815
222 6.09000015259
223 6.09499979019
224 6.11199998856
225 6.11800003052
226 6.12400007248
227 6.13100004196
228 6.117000103
229 6.13899993896
230 6.16900014877
231 6.16800022125
232 6.17100000381
233 6.19000005722
234 6.1970000267
235 6.20300006866
236 6.22300004959
237 6.23199987411
238 6.22399997711
239 6.22900009155
240 6.23199987411
241 6.23699998856
242 6.21099996567
243 6.21999979019
244 6.23299980164
245 6.23500013351
246 6.22700023651
247 6.25500011444
248 6.24399995804
249 6.22800016403
250 6.2389998436
251 6.27500009537
252 6.27299976349
253 6.24900007248
254 6.28100013733
255 6.25099992752
256 6.26000022888
257 6.257999897
258 6.23600006104
259 6.25600004196
260 6.25099992752
261 6.24300003052
262 6.21199989319
263 6.21199989319
264 6.20900011063
265 6.21299982071
266 6.21600008011
267 6.21400022507
268 6.20599985123
269 6.22900009155
270 6.20599985123
271 6.23099994659
272 6.19600009918
273 6.13100004196
274 5.84499979019
275 5.79899978638
276 5.75899982452
277 5.72599983215
278 5.72399997711
279 5.72399997711
280 5.74100017548
281 5.76700019836
282 5.8060002327
283 5.94199991226
284 6.09600019455
285 6.07000017166
286 6.07000017166
287 6.07000017166
288 6.05800008774
289 6.03999996185
290 6.02699995041
291 6.01700019836
292 5.98999977112
293 5.97700023651
294 5.94999980927
295 5.94299983978
296 5.91900014877
297 5.90199995041
298 5.88800001144
299 5.86800003052
300 5.84499979019
301 5.85699987411
302 5.84100008011
303 5.79899978638
304 5.80999994278
305 5.80000019073
306 5.78999996185
307 5.77099990845
308 2.06200003624
309 2.05599999428
310 2.05200004578
311 2.04399991035
312 2.04500007629
313 2.01799988747
314 2.04500007629
315 2.02600002289
316 2.01799988747
317 2.03099989891
318 2.0150001049
319 2.02900004387
320 2.03299999237
321 2.02300000191
322 2.01799988747
323 2.01699995995
324 2.01799988747
325 2.00999999046
326 2.04699993134
327 2.10400009155
328 2.46900010109
329 2.33800005913
330 2.21399998665
331 2.18099999428
332 2.15000009537
333 2.16199994087
334 2.27699995041
335 2.33100008965
336 2.31599998474
337 2.31200003624
338 2.29500007629
339 2.29600000381
340 2.30599999428
341 2.29600000381
342 2.19499993324
343 2.15100002289
344 2.1779999733
345 2.20000004768
346 2.23099994659
347 2.48200011253
348 2.47900009155
349 4.73999977112
350 4.70399999619
351 4.67000007629
352 4.64499998093
353 4.60099983215
354 4.59100008011
355 4.55900001526
356 4.28999996185
357 4.34800004959
358 4.48299980164
359 4.46899986267
360 4.42999982834
361 4.41300010681
362 4.37699985504
363 4.34499979019
364 4.29199981689
365 4.28800010681
366 4.25
367 4.20100021362
368 4.15899991989
369 4.12099981308
370 4.117000103
371 4.0720000267
372 4.04799985886
373 4.02400016785
374 3.98399996758
375 3.95700001717
376 3.9319999218
377 3.90700006485
378 3.85599994659
379 3.85100007057
380 3.82899999619
381 3.70799994469
382 3.64299988747
383 3.60100007057
384 3.57100009918
385 3.51999998093
386 3.492000103
387 3.47399997711
388 3.41700005531
389 3.40499997139
390 3.37199997902
391 3.33599996567
392 3.31500005722
393 3.28900003433
394 3.23799991608
395 3.24799990654
396 3.28099989891
397 3.3180000782
398 3.36400008202
399 3.40199995041
400 3.43499994278
401 3.48200011253
402 3.51999998093
403 3.55800008774
404 3.59999990463
405 3.64100003242
406 3.66599988937
407 3.70199990273
408 3.74499988556
409 3.78299999237
410 3.84699988365
411 3.88000011444
412 3.93700003624
413 3.97900009155
414 4.05700016022
415 4.12900018692
416 4.17500019073
417 4.24900007248
418 4.31500005722
419 4.37799978256
420 4.45399999619
421 4.52600002289
422 4.59299993515
423 4.65799999237
424 4.72499990463
425 4.80900001526
426 4.91900014877
427 5.007999897
428 5.10500001907
429 5.20300006866
430 5.3189997673
431 5.42399978638
432 5.53200006485
433 5.63999986649
434 5.7610001564
435 5.87900018692
436 6.03700017929
437 6.16200017929
438 6.3109998703
439 6.45300006866
440 6.49599981308
441 6.59299993515
442 6.47599983215
443 3.09800004959
444 3.04500007629
445 3.03200006485
446 3.03699994087
447 3.0039999485
448 3.007999897
449 3.00999999046
450 3.00699996948
451 2.98900008202
452 2.98600006104
453 2.9849998951
454 2.97099995613
455 2.96900010109
456 2.98399996758
457 2.95499992371
458 2.96900010109
459 2.94899988174
460 2.93499994278
461 2.95700001717
462 2.95499992371
463 2.93099999428
464 2.94400000572
465 2.9279999733
466 2.9240000248
467 2.93499994278
468 2.93700003624
469 2.91799998283
470 2.67600011826
471 2.64800000191
472 2.63599991798
473 2.64400005341
474 0.934000015259
475 0.704999983311
476 0.707000017166
477 0.917999982834
478 2.65799999237
479 2.63800001144
480 2.66000008583
481 2.64700007439
482 2.632999897
483 2.64499998093
484 2.64899992943
485 2.65700006485
486 2.41000008583
487 2.34100008011
488 2.33400011063
489 2.51900005341
490 2.82100009918
491 2.92000007629
492 2.92199993134
493 2.9509999752
494 2.93600010872
495 2.95399999619
496 2.95799994469
497 2.9509999752
498 2.96900010109
499 2.95600008965
500 2.96499991417
501 1.31099998951
502 1.1779999733
503 1.15100002289
504 1.16900002956
505 1.1590000391
506 1.16400003433
507 1.14499998093
508 1.16499996185
509 1.14800000191
510 1.16100001335
511 1.15600001812
512 1.15199995041
513 1.16100001335
514 1.18400001526
515 1.21899998188
516 1.31500005722
517 1.2840000391
518 3.11199998856
519 3.11299991608
520 3.117000103
521 3.14299988747
522 3.14599990845
523 3.18799996376
524 0.936999976635
525 0.912000000477
526 0.93599998951
527 1.12699997425
528 1.13499999046
529 1.12399995327
530 1.10099995136
531 1.09399998188
532 1.07700002193
533 1.07700002193
534 1.07400000095
535 1.08899998665
536 1.10099995136
537 1.07899999619
538 1.0870000124
539 1.05999994278
540 1.10099995136
