0 4.51800012589
1 4.42399978638
2 4.44199991226
3 4.4470000267
4 4.51499986649
5 4.64400005341
6 4.66800022125
7 4.72399997711
8 4.74300003052
9 4.76499986649
10 4.78499984741
11 4.8220000267
12 4.86800003052
13 4.882999897
14 4.92399978638
15 4.9310002327
16 4.84000015259
17 4.85200023651
18 4.88999986649
19 4.96199989319
20 5.13800001144
21 5.17500019073
22 5.22800016403
23 5.26700019836
24 5.31199979782
25 5.35500001907
26 5.40100002289
27 5.44099998474
28 5.50299978256
29 5.54899978638
30 5.59700012207
31 5.64900016785
32 5.65899991989
33 0.0
34 17.1480007172
35 17.1280002594
36 17.1529998779
37 0.0
38 0.0
39 0.0
40 17.2430000305
41 17.1700000763
42 17.0590000153
43 17.0240001678
44 16.5189990997
45 16.5349998474
46 16.5270004272
47 13.154999733
48 13.079000473
49 12.3350000381
50 11.9289999008
51 11.5760002136
52 11.5989999771
53 11.6260004044
54 11.6239995956
55 11.3549995422
56 10.9809999466
57 10.4409999847
58 10.1079998016
59 8.31900024414
60 8.33300018311
61 8.20199966431
62 7.91099977493
63 7.64300012589
64 7.44099998474
65 7.24499988556
66 7.05900001526
67 6.89300012589
68 6.77600002289
69 6.76999998093
70 6.8060002327
71 6.8220000267
72 6.85500001907
73 6.875
74 6.80100011826
75 6.65199995041
76 6.51900005341
77 6.38700008392
78 6.27799987793
79 6.14099979401
80 5.20900011063
81 4.96700000763
82 4.85699987411
83 4.77699995041
84 4.68300008774
85 4.59899997711
86 4.51399993896
87 4.45499992371
88 4.39799976349
89 4.33300018311
90 4.27199983597
91 4.22800016403
92 4.17100000381
93 4.11600017548
94 4.02099990845
95 3.98399996758
96 3.9279999733
97 3.87400007248
98 3.82399988174
99 3.79399991035
100 3.78999996185
101 3.77900004387
102 3.80399990082
103 3.8599998951
104 3.882999897
105 3.90799999237
106 3.9240000248
107 3.96799993515
108 3.92000007629
109 3.8900001049
110 3.84800004959
111 3.79200005531
112 3.77699995041
113 3.71700000763
114 3.7009999752
115 3.65899991989
116 3.62800002098
117 3.58500003815
118 3.55800008774
119 3.53699994087
120 3.50500011444
121 3.47000002861
122 3.4470000267
123 3.41599988937
124 3.39800000191
125 3.3900001049
126 3.43000006676
127 3.46000003815
128 3.49300003052
129 3.53299999237
130 3.5720000267
131 3.60400009155
132 3.66700005531
133 4.00600004196
134 4.0609998703
135 4.09999990463
136 4.11800003052
137 4.13399982452
138 4.18699979782
139 4.21600008011
140 4.24499988556
141 4.257999897
142 4.32299995422
143 4.34899997711
144 4.3860001564
145 4.42899990082
146 4.46799993515
147 4.49399995804
148 4.50400018692
149 4.51200008392
150 4.54300022125
151 4.1970000267
152 4.29600000381
153 4.6139998436
154 3.24799990654
155 3.40899991989
156 4.71899986267
157 4.59200000763
158 4.54799985886
159 4.80399990082
160 4.82299995422
161 4.86600017548
162 4.89599990845
163 4.92500019073
164 4.9470000267
165 4.98699998856
166 5.01800012589
167 5.04199981689
168 3.16400003433
169 3.22699999809
170 3.37700009346
171 4.10400009155
172 4.92299985886
173 4.8860001564
174 4.84899997711
175 4.84000015259
176 4.8220000267
177 4.82600021362
178 4.82499980927
179 4.83699989319
180 4.87599992752
181 4.90600013733
182 4.81500005722
183 5.32899999619
184 5.47200012207
185 5.48400020599
186 5.49800014496
187 5.51300001144
188 4.59100008011
189 4.57600021362
190 5.55399990082
191 5.59399986267
192 3.66000008583
193 3.53600001335
194 4.09399986267
195 4.03800010681
196 5.69199991226
197 5.69500017166
198 5.72800016403
199 5.73999977112
200 5.78100013733
201 5.80499982834
202 5.81300020218
203 5.83599996567
204 5.84299993515
205 5.84600019455
206 5.88000011444
207 5.86999988556
208 5.88199996948
209 5.89599990845
210 5.92299985886
211 5.9470000267
212 5.95699977875
213 5.95499992371
214 5.98400020599
215 5.99399995804
216 6.01700019836
217 6.04400014877
218 6.05900001526
219 6.07899999619
220 6.07100009918
221 6.06300020218
222 6.0720000267
223 6.09999990463
224 6.10599994659
225 6.10900020599
226 6.11999988556
227 6.13100004196
228 6.13999986649
229 6.14400005341
230 6.15899991989
231 6.15299987793
232 6.17000007629
233 6.18499994278
234 6.1939997673
235 6.21700000763
236 6.22399997711
237 6.23699998856
238 6.23299980164
239 6.21799993515
240 6.22300004959
241 6.22300004959
242 6.23099994659
243 6.23000001907
244 6.21299982071
245 6.23699998856
246 6.23400020599
247 6.22399997711
248 6.25400018692
249 6.24700021744
250 6.25199985504
251 6.25699996948
252 6.26599979401
253 6.27799987793
254 6.28299999237
255 6.26399993896
256 6.24900007248
257 6.24300003052
258 6.25899982452
259 6.24100017548
260 6.24800014496
261 6.21299982071
262 6.24399995804
263 6.23500013351
264 6.20900011063
265 6.21000003815
266 6.22200012207
267 6.22100019455
268 6.20800018311
269 6.21400022507
270 6.20699977875
271 6.22499990463
272 6.21299982071
273 6.13199996948
274 5.83599996567
275 5.78800010681
276 5.73799991608
277 5.73000001907
278 5.72599983215
279 5.72599983215
280 5.75099992752
281 5.76900005341
282 5.80499982834
283 5.95800018311
284 6.07299995422
285 6.06799983978
286 6.0689997673
287 6.0720000267
288 6.03999996185
289 6.05200004578
290 6.02199983597
291 6.01000022888
292 5.99800014496
293 5.96799993515
294 5.95599985123
295 5.94500017166
296 5.93200016022
297 5.91900014877
298 5.90399980545
299 5.89300012589
300 5.86100006104
301 5.85500001907
302 5.83400011063
303 5.83300018311
304 5.80999994278
305 5.78800010681
306 5.79300022125
307 5.76999998093
308 2.05999994278
309 2.06200003624
310 2.03600001335
311 2.04699993134
312 2.04800009727
313 2.05100011826
314 2.02500009537
315 2.02500009537
316 2.02800011635
317 2.01399993896
318 2.01900005341
319 2.04200005531
320 2.01900005341
321 2.02699995041
322 2.02600002289
323 2.00900006294
324 2.00900006294
325 2.02500009537
326 2.03600001335
327 2.07800006866
328 2.4849998951
329 2.35100007057
330 2.19899988174
331 2.18300008774
332 2.18400001526
333 2.16100001335
334 2.26999998093
335 2.30900001526
336 2.32800006866
337 2.29600000381
338 2.29600000381
339 2.29200005531
340 2.30900001526
341 2.29800009727
342 2.20399999619
343 2.17499995232
344 2.18400001526
345 2.20300006866
346 2.21399998665
347 2.48900008202
348 2.4849998951
349 4.73500013351
350 4.69500017166
351 4.66599988937
352 4.64799976349
353 4.61899995804
354 4.57600021362
355 4.56699991226
356 4.31699991226
357 4.37599992752
358 4.49800014496
359 4.46199989319
360 4.44500017166
361 4.40799999237
362 4.39499998093
363 4.35200023651
364 4.29799985886
365 4.29400014877
366 4.23999977112
367 4.22100019455
368 4.15899991989
369 4.14900016785
370 4.09299993515
371 4.05700016022
372 4.05000019073
373 4.01300001144
374 3.99099993706
375 3.95799994469
376 3.94400000572
377 3.89800000191
378 3.86899995804
379 3.83400011063
380 3.80100011826
381 3.71199989319
382 3.63499999046
383 3.6099998951
384 3.55399990082
385 3.52600002289
386 3.48000001907
387 3.46799993515
388 3.4240000248
389 3.39100003242
390 3.36199998856
391 3.34100008011
392 3.30999994278
393 3.29500007629
394 3.25999999046
395 3.25300002098
396 3.30900001526
397 3.32699990273
398 3.35199999809
399 3.38800001144
400 3.44499993324
401 3.49000000954
402 3.51600003242
403 3.5490000248
404 3.59899997711
405 3.63400006294
406 3.66499996185
407 3.71499991417
408 3.75300002098
409 3.78500008583
410 3.81399989128
411 3.8789999485
412 3.92499995232
413 3.98600006104
414 4.04600000381
415 4.13000011444
416 4.1779999733
417 4.24900007248
418 4.31699991226
419 4.38899993896
420 4.44999980927
421 4.51399993896
422 4.59000015259
423 4.66800022125
424 4.73400020599
425 4.80100011826
426 4.89799976349
427 5.01700019836
428 5.11100006104
429 5.20100021362
430 5.31599998474
431 5.41900014877
432 5.53000020981
433 5.66200017929
434 5.76700019836
435 5.87900018692
436 6.03700017929
437 6.16699981689
438 6.32100009918
439 6.47300004959
440 6.50699996948
441 6.59399986267
442 6.492000103
443 3.0490000248
444 3.04299998283
445 3.03099989891
446 3.03999996185
447 3.00200009346
448 3.01399993896
449 3.01399993896
450 3.01600003242
451 2.99099993706
452 2.97900009155
453 2.98699998856
454 2.992000103
455 2.98099994659
456 2.97300004959
457 2.97199988365
458 2.95499992371
459 2.96499991417
460 2.94600009918
461 2.94799995422
462 2.93499994278
463 2.95199990273
464 2.92600011826
465 2.92300009727
466 2.9319999218
467 2.9279999733
468 2.92100000381
469 2.91499996185
470 2.64199995995
471 2.64800000191
472 2.632999897
473 2.63000011444
474 0.935000002384
475 0.702000021935
476 0.712000012398
477 0.925999999046
478 2.65199995041
479 2.6400001049
480 2.64800000191
481 2.65300011635
482 2.64899992943
483 2.64100003242
484 2.65400004387
485 2.63800001144
486 2.41799998283
487 2.33599996567
488 2.3259999752
489 2.50900006294
490 2.8220000267
491 2.9279999733
492 2.93700003624
493 2.9430000782
494 2.96000003815
495 2.93499994278
496 2.9470000267
497 2.96900010109
498 2.95300006866
499 2.97199988365
500 2.96900010109
501 1.33200001717
502 1.18900001049
503 1.14100003242
504 1.13800001144
505 1.12800002098
506 1.13399994373
507 1.14100003242
508 1.15199995041
509 1.17299997807
510 1.19799995422
511 1.19400000572
512 1.19200003147
513 1.2159999609
514 1.23899996281
515 1.2539999485
516 1.29700005054
517 1.43799996376
518 3.1289999485
519 3.12199997902
520 3.14499998093
521 3.15100002289
522 3.13800001144
523 3.16100001335
524 0.934000015259
525 0.907999992371
526 0.938000023365
527 1.11899995804
528 1.09899997711
529 1.0720000267
530 1.06500005722
531 1.07099997997
532 1.06700003147
533 1.09399998188
534 1.10899996758
535 1.08899998665
536 1.12000000477
537 1.13699996471
538 1.15199995041
539 1.15299999714
540 3.53099989891
