0 4.51999998093
1 4.4310002327
2 4.45100021362
3 4.4470000267
4 4.53599977493
5 4.64599990845
6 4.67500019073
7 4.72200012207
8 4.74800014496
9 4.75600004196
10 4.80700016022
11 4.82499980927
12 4.85200023651
13 4.88899993896
14 4.93200016022
15 4.92999982834
16 4.84999990463
17 4.84299993515
18 4.89499998093
19 4.96799993515
20 5.14599990845
21 5.1890001297
22 5.21700000763
23 5.27400016785
24 5.30900001526
25 5.36600017548
26 5.40500020981
27 5.44899988174
28 5.5
29 5.5560002327
30 5.60699987411
31 5.64799976349
32 5.66099977493
33 0.0
34 17.142999649
35 17.1490001678
36 17.1499996185
37 0.0
38 0.0
39 0.0
40 17.2530002594
41 17.1660003662
42 17.0599994659
43 16.9960002899
44 16.5289993286
45 16.5499992371
46 16.5259990692
47 13.1560001373
48 13.0769996643
49 12.3339996338
50 11.9580001831
51 11.5860004425
52 11.6000003815
53 11.626999855
54 11.638999939
55 11.3400001526
56 11.0109996796
57 10.4639997482
58 10.1140003204
59 8.3079996109
60 8.34000015259
61 8.19600009918
62 7.91400003433
63 7.64099979401
64 7.45399999619
65 7.2389998436
66 7.07100009918
67 6.89599990845
68 6.79799985886
69 6.76900005341
70 6.79500007629
71 6.82800006866
72 6.84700012207
73 6.87300014496
74 6.80200004578
75 6.63000011444
76 6.50199985504
77 6.39200019836
78 6.27099990845
79 6.14300012589
80 5.22200012207
81 4.96899986267
82 4.85900020599
83 4.78599977493
84 4.68200016022
85 4.61100006104
86 4.54799985886
87 4.48199987411
88 4.38100004196
89 4.34499979019
90 4.27099990845
91 4.21799993515
92 4.16400003433
93 4.11100006104
94 4.03200006485
95 3.992000103
96 3.93600010872
97 3.88599991798
98 3.84500002861
99 3.7990000248
100 3.77300000191
101 3.78900003433
102 3.81900000572
103 3.85899996758
104 3.87700009346
105 3.91199994087
106 3.95700001717
107 3.96799993515
108 3.91700005531
109 3.88499999046
110 3.82999992371
111 3.8029999733
112 3.77699995041
113 3.73799991608
114 3.6930000782
115 3.66400003433
116 3.63499999046
117 3.59400010109
118 3.56200003624
119 3.51799988747
120 3.50900006294
121 3.46399998665
122 3.4509999752
123 3.42499995232
124 3.40400004387
125 3.39100003242
126 3.42700004578
127 3.45300006866
128 3.49699997902
129 3.53200006485
130 3.56399989128
131 3.61599993706
132 3.67100000381
133 4.00400018692
134 4.05900001526
135 4.07800006866
136 4.10500001907
137 4.14599990845
138 4.17500019073
139 4.21000003815
140 4.25099992752
141 4.27500009537
142 4.32499980927
143 4.35400009155
144 4.36299991608
145 4.42299985886
146 4.45800018311
147 4.48299980164
148 4.50500011444
149 4.51499986649
150 4.54899978638
151 4.18300008774
152 4.29899978638
153 4.59600019455
154 3.27399992943
155 3.40700006485
156 4.71299982071
157 4.59700012207
158 4.5640001297
159 4.80000019073
160 4.83400011063
161 4.87200021744
162 4.88500022888
163 4.92500019073
164 4.96600008011
165 4.99599981308
166 5.01300001144
167 5.04199981689
168 3.14299988747
169 3.24900007248
170 3.37400007248
171 4.09100008011
172 4.91400003433
173 4.875
174 4.84499979019
175 4.82800006866
176 4.82700014114
177 4.81300020218
178 4.82299995422
179 4.84100008011
180 4.87099981308
181 4.89900016785
182 4.81300020218
183 5.3189997673
184 5.46500015259
185 5.47700023651
186 5.50099992752
187 5.51499986649
188 4.60599994659
189 4.59399986267
190 5.56699991226
191 5.58799982071
192 3.64199995995
193 3.53099989891
194 4.0689997673
195 4.04899978638
196 5.6939997673
197 5.70800018311
198 5.73199987411
199 5.76300001144
200 5.77600002289
201 5.80399990082
202 5.82700014114
203 5.82800006866
204 5.83799982071
205 5.86199998856
206 5.88500022888
207 5.87699985504
208 5.89200019836
209 5.89200019836
210 5.93200016022
211 5.94600009918
212 5.95699977875
213 5.97599983215
214 5.98999977112
215 5.99100017548
216 6.01599979401
217 6.03200006485
218 6.03999996185
219 6.0640001297
220 6.09399986267
221 6.09299993515
222 6.08099985123
223 6.10599994659
224 6.11199998856
225 6.10900020599
226 6.11800003052
227 6.13500022888
228 6.12599992752
229 6.14300012589
230 6.15600013733
231 6.17999982834
232 6.17199993134
233 6.17299985886
234 6.19500017166
235 6.19799995422
236 6.21299982071
237 6.25
238 6.21899986267
239 6.23400020599
240 6.24399995804
241 6.23600006104
242 6.23299980164
243 6.22900009155
244 6.23099994659
245 6.25199985504
246 6.23199987411
247 6.2389998436
248 6.22399997711
249 6.26200008392
250 6.242000103
251 6.27600002289
252 6.25199985504
253 6.25600004196
254 6.27099990845
255 6.28200006485
256 6.27099990845
257 6.26399993896
258 6.257999897
259 6.25600004196
260 6.25500011444
261 6.23099994659
262 6.22900009155
263 6.23000001907
264 6.22800016403
265 6.22100019455
266 6.21000003815
267 6.20900011063
268 6.21199989319
269 6.21299982071
270 6.20900011063
271 6.21600008011
272 6.20200014114
273 6.11600017548
274 5.85099983215
275 5.78299999237
276 5.757999897
277 5.73799991608
278 5.72700023651
279 5.73999977112
280 5.742000103
281 5.77500009537
282 5.79699993134
283 5.94999980927
284 6.08099985123
285 6.08199977875
286 6.05900001526
287 6.0609998703
288 6.06599998474
289 6.03900003433
290 6.01499986649
291 6.01999998093
292 5.98000001907
293 5.95900011063
294 5.96700000763
295 5.9470000267
296 5.92399978638
297 5.88999986649
298 5.88800001144
299 5.867000103
300 5.84499979019
301 5.84800004959
302 5.84100008011
303 5.83300018311
304 5.81199979782
305 5.8109998703
306 5.78999996185
307 5.77099990845
308 2.09400010109
309 2.05100011826
310 2.0569999218
311 2.05500006676
312 2.05399990082
313 2.04099988937
314 2.04699993134
315 2.04800009727
316 2.02099990845
317 2.03900003433
318 2.02500009537
319 2.03099989891
320 2.03600001335
321 2.01099991798
322 2.007999897
323 2.02399992943
324 2.00900006294
325 2.00900006294
326 2.02200007439
327 2.1099998951
328 2.47199988365
329 2.34599995613
330 2.21600008011
331 2.18300008774
332 2.15199995041
333 2.17000007629
334 2.27600002289
335 2.3259999752
336 2.32899999619
337 2.30900001526
338 2.3220000267
339 2.2990000248
340 2.29800009727
341 2.30500006676
342 2.20499992371
343 2.1779999733
344 2.17199993134
345 2.1970000267
346 2.242000103
347 2.48300004005
348 2.48399996758
349 4.73699998856
350 4.71999979019
351 4.67399978638
352 4.66300010681
353 4.61600017548
354 4.59499979019
355 4.5560002327
356 4.30100011826
357 4.37200021744
358 4.48799991608
359 4.44099998474
360 4.4279999733
361 4.40399980545
362 4.40199995041
363 4.36000013351
364 4.32499980927
365 4.28900003433
366 4.22900009155
367 4.22399997711
368 4.15999984741
369 4.12699985504
370 4.11499977112
371 4.0720000267
372 4.04799985886
373 4.02299976349
374 3.98200011253
375 3.96000003815
376 3.93300008774
377 3.90199995041
378 3.86899995804
379 3.84299993515
380 3.80999994278
381 3.71799993515
382 3.63800001144
383 3.59400010109
384 3.57100009918
385 3.51600003242
386 3.49799990654
387 3.46499991417
388 3.43400001526
389 3.38700008392
390 3.3599998951
391 3.32100009918
392 3.31299996376
393 3.29299998283
394 3.26300001144
395 3.25600004196
396 3.2990000248
397 3.32500004768
398 3.37800002098
399 3.41000008583
400 3.44400000572
401 3.48799991608
402 3.52099990845
403 3.54999995232
404 3.59999990463
405 3.64499998093
406 3.6779999733
407 3.72300004959
408 3.7349998951
409 3.78699994087
410 3.82500004768
411 3.89599990845
412 3.9319999218
413 3.992000103
414 4.0609998703
415 4.117000103
416 4.17700004578
417 4.24399995804
418 4.30999994278
419 4.38399982452
420 4.45599985123
421 4.49900007248
422 4.59899997711
423 4.66099977493
424 4.72700023651
425 4.8220000267
426 4.91599988937
427 5.00899982452
428 5.11499977112
429 5.20800018311
430 5.31599998474
431 5.42399978638
432 5.53000020981
433 5.64400005341
434 5.75899982452
435 5.90700006485
436 6.01900005341
437 6.16599988937
438 6.30700016022
439 6.45200014114
440 6.49599981308
441 6.60900020599
442 6.46899986267
443 3.08500003815
444 3.04500007629
445 3.04600000381
446 3.02399992943
447 3.03099989891
448 3.01999998093
449 2.9960000515
450 2.992000103
451 3.007999897
452 3.0
453 2.96900010109
454 2.98000001907
455 2.98399996758
456 2.96099996567
457 2.96000003815
458 2.95199990273
459 2.94600009918
460 2.94899988174
461 2.94199991226
462 2.94000005722
463 2.93499994278
464 2.93000006676
465 2.92199993134
466 2.92100000381
467 2.90899991989
468 2.92300009727
469 2.91499996185
470 2.67300009727
471 2.64599990845
472 2.65499997139
473 2.65199995041
474 0.933000028133
475 0.70300000906
476 0.703999996185
477 0.922999978065
478 2.65300011635
479 2.64499998093
480 2.65199995041
481 2.64899992943
482 2.65400004387
483 2.65899991989
484 2.67100000381
485 2.64499998093
486 2.40000009537
487 2.34200000763
488 2.32800006866
489 2.52500009537
490 2.83299994469
491 2.94400000572
492 2.93000006676
493 2.94499993324
494 2.95199990273
495 2.95199990273
496 2.95000004768
497 2.95700001717
498 2.96900010109
499 2.96600008011
500 2.97900009155
501 1.37800002098
502 1.22399997711
503 1.16199994087
504 1.15499997139
505 1.14999997616
506 1.13499999046
507 1.13399994373
508 1.14699995518
509 1.18499994278
510 1.21500003338
511 1.22399997711
512 1.21099996567
513 1.23099994659
514 1.22800004482
515 1.24500000477
516 1.33899998665
517 1.47699999809
518 3.12599992752
519 3.12800002098
520 3.14199995995
521 3.13100004196
522 3.14899992943
523 3.16100001335
524 0.924000024796
525 0.913999974728
526 0.912999987602
527 1.10899996758
528 1.09500002861
529 1.09599995613
530 1.08899998665
531 1.10300004482
532 1.09399998188
533 1.10800004005
534 1.10199999809
535 1.11099994183
536 1.16900002956
537 1.16799998283
538 1.16700005531
539 1.18099999428
540 3.5490000248
