0 4.52699995041
1 4.40799999237
2 4.44199991226
3 4.46000003815
4 4.53900003433
5 4.65899991989
6 4.67299985886
7 4.70499992371
8 4.7389998436
9 4.77199983597
10 4.8109998703
11 4.82499980927
12 4.84899997711
13 4.89400005341
14 4.91599988937
15 4.92899990082
16 4.84200000763
17 4.84499979019
18 4.87699985504
19 4.95599985123
20 5.13800001144
21 5.18699979782
22 5.22499990463
23 5.27600002289
24 5.31699991226
25 5.36000013351
26 5.40299987793
27 5.45599985123
28 5.49700021744
29 5.53999996185
30 5.59899997711
31 5.65399980545
32 5.66300010681
33 0.0
34 17.1410007477
35 17.1329994202
36 17.1590003967
37 0.0
38 0.0
39 0.0
40 17.2369995117
41 17.1679992676
42 17.0580005646
43 17.0090007782
44 16.5200004578
45 16.5310001373
46 16.5130004883
47 13.1700000763
48 13.0740003586
49 12.3319997787
50 11.9650001526
51 11.5799999237
52 11.5989999771
53 11.6330003738
54 11.6239995956
55 11.3489999771
56 10.9960002899
57 10.4409999847
58 10.1000003815
59 8.32900047302
60 8.33399963379
61 8.19400024414
62 7.92399978638
63 7.64499998093
64 7.44600009918
65 7.23000001907
66 7.06199979782
67 6.90600013733
68 6.78999996185
69 6.77500009537
70 6.80000019073
71 6.83199977875
72 6.84000015259
73 6.86199998856
74 6.79600000381
75 6.632999897
76 6.50400018692
77 6.37799978256
78 6.26800012589
79 6.14699983597
80 5.22200012207
81 4.95800018311
82 4.86000013351
83 4.76499986649
84 4.67500019073
85 4.59600019455
86 4.52799987793
87 4.46899986267
88 4.40600013733
89 4.34200000763
90 4.27199983597
91 4.21799993515
92 4.15500020981
93 4.09800004959
94 4.01800012589
95 3.96300005913
96 3.92000007629
97 3.89299988747
98 3.84599995613
99 3.7990000248
100 3.7650001049
101 3.77999997139
102 3.82899999619
103 3.8259999752
104 3.8789999485
105 3.89199995995
106 3.95000004768
107 3.93899989128
108 3.92300009727
109 3.88700008392
110 3.83800005913
111 3.8029999733
112 3.7650001049
113 3.73300004005
114 3.68000006676
115 3.65899991989
116 3.61599993706
117 3.59999990463
118 3.56399989128
119 3.52600002289
120 3.49499988556
121 3.46900010109
122 3.44600009918
123 3.40400004387
124 3.40000009537
125 3.39599990845
126 3.42499995232
127 3.45600008965
128 3.4960000515
129 3.52500009537
130 3.57299995422
131 3.61599993706
132 3.66700005531
133 4.01900005341
134 4.06699991226
135 4.08199977875
136 4.11999988556
137 4.13899993896
138 4.18200016022
139 4.19500017166
140 4.22300004959
141 4.27600002289
142 4.31300020218
143 4.34600019455
144 4.39200019836
145 4.43300008774
146 4.46500015259
147 4.48299980164
148 4.50299978256
149 4.53800010681
150 4.5529999733
151 4.20200014114
152 4.31300020218
153 4.62599992752
154 3.27200007439
155 3.41400003433
156 4.69999980927
157 4.59700012207
158 4.55800008774
159 4.79099988937
160 4.82899999619
161 4.84899997711
162 4.88899993896
163 4.91300010681
164 4.96299982071
165 5.0
166 5.01800012589
167 5.04300022125
168 3.17100000381
169 3.21700000763
170 3.3599998951
171 4.10799980164
172 4.90399980545
173 4.87699985504
174 4.85599994659
175 4.83900022507
176 4.81500005722
177 4.80499982834
178 4.83199977875
179 4.86100006104
180 4.87599992752
181 4.88999986649
182 4.82600021362
183 5.29600000381
184 5.46999979019
185 5.48299980164
186 5.49700021744
187 5.50600004196
188 4.59800004959
189 4.55999994278
190 5.5609998703
191 5.60900020599
192 3.65000009537
193 3.51300001144
194 4.09399986267
195 4.03999996185
196 5.68699979782
197 5.68800020218
198 5.74499988556
199 5.76200008392
200 5.76700019836
201 5.80399990082
202 5.8220000267
203 5.81799983978
204 5.83300018311
205 5.84999990463
206 5.875
207 5.87699985504
208 5.90000009537
209 5.91400003433
210 5.93200016022
211 5.93699979782
212 5.94799995422
213 5.96400022507
214 5.97700023651
215 6.00400018692
216 6.01200008392
217 6.02099990845
218 6.04400014877
219 6.07399988174
220 6.07899999619
221 6.06599998474
222 6.07899999619
223 6.10400009155
224 6.10699987411
225 6.11999988556
226 6.13000011444
227 6.12599992752
228 6.13500022888
229 6.15299987793
230 6.13700008392
231 6.16599988937
232 6.16800022125
233 6.20399999619
234 6.21199989319
235 6.22399997711
236 6.21899986267
237 6.22100019455
238 6.21700000763
239 6.22200012207
240 6.22100019455
241 6.23000001907
242 6.23400020599
243 6.23299980164
244 6.23799991608
245 6.23400020599
246 6.23500013351
247 6.25
248 6.25099992752
249 6.26000022888
250 6.25099992752
251 6.27199983597
252 6.26200008392
253 6.27299976349
254 6.28200006485
255 6.27799987793
256 6.26900005341
257 6.25600004196
258 6.25500011444
259 6.23199987411
260 6.25899982452
261 6.24399995804
262 6.23600006104
263 6.21199989319
264 6.22300004959
265 6.20800018311
266 6.22100019455
267 6.20300006866
268 6.22800016403
269 6.23099994659
270 6.20399999619
271 6.21299982071
272 6.21600008011
273 6.12400007248
274 5.84100008011
275 5.77199983597
276 5.75
277 5.72900009155
278 5.71500015259
279 5.71999979019
280 5.73199987411
281 5.77199983597
282 5.8060002327
283 5.93300008774
284 6.08300018311
285 6.07499980927
286 6.07100009918
287 6.06599998474
288 6.06699991226
289 6.04600000381
290 6.02299976349
291 6.00699996948
292 5.98500013351
293 5.96999979019
294 5.96400022507
295 5.93300008774
296 5.90199995041
297 5.91300010681
298 5.8860001564
299 5.86999988556
300 5.84800004959
301 5.85699987411
302 5.84100008011
303 5.82800006866
304 5.8109998703
305 5.79600000381
306 5.77699995041
307 5.76700019836
308 2.05500006676
309 2.06299996376
310 2.05100011826
311 2.0529999733
312 2.05399990082
313 2.02399992943
314 2.02500009537
315 2.03600001335
316 2.03399991989
317 2.01699995995
318 2.03600001335
319 2.02399992943
320 2.03999996185
321 2.03500008583
322 2.02500009537
323 2.0150001049
324 2.03200006485
325 2.01200008392
326 2.04800009727
327 2.08200001717
328 2.46499991417
329 2.35700011253
330 2.1819999218
331 2.16300010681
332 2.15199995041
333 2.15899991989
334 2.27800011635
335 2.33100008965
336 2.32399988174
337 2.31399989128
338 2.29500007629
339 2.29699993134
340 2.30100011826
341 2.3180000782
342 2.22000002861
343 2.15700006485
344 2.17600011826
345 2.20799994469
346 2.24399995804
347 2.47799992561
348 2.48300004005
349 4.73600006104
350 4.70300006866
351 4.68200016022
352 4.63199996948
353 4.61600017548
354 4.57299995422
355 4.56500005722
356 4.32600021362
357 4.36600017548
358 4.46999979019
359 4.45399999619
360 4.43499994278
361 4.41200017929
362 4.40199995041
363 4.3639998436
364 4.32700014114
365 4.28399991989
366 4.22599983215
367 4.21299982071
368 4.15500020981
369 4.132999897
370 4.10300016403
371 4.08900022507
372 4.02799987793
373 4.01700019836
374 3.99699997902
375 3.96700000763
376 3.93499994278
377 3.90799999237
378 3.86100006104
379 3.8259999752
380 3.81699991226
381 3.72199988365
382 3.64100003242
383 3.60199999809
384 3.54699993134
385 3.51900005341
386 3.49799990654
387 3.46700000763
388 3.40899991989
389 3.40100002289
390 3.36999988556
391 3.33200001717
392 3.3180000782
393 3.28999996185
394 3.25900006294
395 3.2539999485
396 3.28500008583
397 3.31599998474
398 3.35800004005
399 3.40599989891
400 3.4470000267
401 3.48300004005
402 3.52200007439
403 3.55900001526
404 3.59999990463
405 3.62400007248
406 3.69199991226
407 3.72199988365
408 3.74000000954
409 3.76300001144
410 3.83999991417
411 3.88400006294
412 3.94199991226
413 4.00400018692
414 4.0560002327
415 4.1139998436
416 4.1810002327
417 4.25199985504
418 4.3060002327
419 4.38199996948
420 4.44799995422
421 4.50500011444
422 4.58799982071
423 4.65299987793
424 4.71999979019
425 4.79600000381
426 4.91900014877
427 5.00500011444
428 5.12200021744
429 5.20599985123
430 5.30900001526
431 5.41599988937
432 5.53100013733
433 5.62699985504
434 5.77099990845
435 5.89400005341
436 6.02799987793
437 6.15700006485
438 6.32000017166
439 6.46199989319
440 6.49800014496
441 6.61499977112
442 0.0
443 3.0720000267
444 3.03399991989
445 3.04299998283
446 3.02699995041
447 3.03399991989
448 3.02500009537
449 3.00099992752
450 3.00999999046
451 2.97799992561
452 2.99000000954
453 2.98099994659
454 2.98799991608
455 2.98200011253
456 2.96900010109
457 2.9509999752
458 2.95199990273
459 2.95499992371
460 2.94600009918
461 2.93700003624
462 2.93700003624
463 2.93600010872
464 2.93000006676
465 2.9319999218
466 2.9279999733
467 2.9279999733
468 2.91799998283
469 2.92300009727
470 2.67300009727
471 2.64400005341
472 2.6400001049
473 2.63000011444
474 0.93900001049
475 0.70300000906
476 0.717000007629
477 0.913999974728
478 2.65100002289
479 2.6289999485
480 2.65300011635
481 2.64700007439
482 2.65799999237
483 2.63700008392
484 2.66000008583
485 2.64599990845
486 2.41400003433
487 2.34100008011
488 2.33400011063
489 2.51900005341
490 2.82500004768
491 2.92700004578
492 2.9430000782
493 2.95600008965
494 2.95799994469
495 2.94499993324
496 2.95300006866
497 2.97499990463
498 2.95799994469
499 2.97900009155
500 1.18299996853
501 1.26400005817
502 1.13800001144
503 1.14199995995
504 1.1289999485
505 1.13399994373
506 1.12699997425
507 1.14400005341
508 1.15499997139
509 1.18900001049
510 1.21399998665
511 1.18299996853
512 1.19099998474
513 1.21399998665
514 1.23599994183
515 1.25899994373
516 1.37600004673
517 1.53900003433
518 3.11899995804
519 3.11199998856
520 3.14499998093
521 3.13899993896
522 3.13800001144
523 3.17000007629
524 0.934000015259
525 0.910000026226
526 0.938000023365
527 1.08599996567
528 1.09599995613
529 1.07400000095
530 1.06299996376
531 1.07099997997
532 1.07700002193
533 1.08500003815
534 1.10699999332
535 1.11399996281
536 1.14800000191
537 1.13699996471
538 1.15100002289
539 1.15400004387
540 3.54699993134
