0 4.51200008392
1 4.44000005722
2 4.44600009918
3 4.46600008011
4 4.51900005341
5 4.64499998093
6 4.67000007629
7 4.71199989319
8 4.74399995804
9 4.76599979401
10 4.79099988937
11 4.82700014114
12 4.87200021744
13 4.88700008392
14 4.92999982834
15 4.92899990082
16 4.83599996567
17 4.84899997711
18 4.87900018692
19 4.97200012207
20 5.14900016785
21 5.18499994278
22 5.22399997711
23 5.26000022888
24 5.3029999733
25 5.35200023651
26 5.40500020981
27 5.45300006866
28 5.4889998436
29 5.53599977493
30 5.59700012207
31 5.64400005341
32 5.64400005341
33 0.0
34 17.1380004883
35 17.1459999084
36 17.1490001678
37 0.0
38 0.0
39 0.0
40 17.25
41 17.1800003052
42 17.0699996948
43 17.0039997101
44 16.5270004272
45 16.5349998474
46 16.517999649
47 13.1499996185
48 13.079000473
49 12.3479995728
50 11.9639997482
51 11.5970001221
52 11.5989999771
53 11.6280002594
54 11.611000061
55 11.3489999771
56 10.998000145
57 10.4610004425
58 10.1239995956
59 8.33500003815
60 8.34000015259
61 8.20899963379
62 7.90199995041
63 7.66099977493
64 7.4439997673
65 7.2389998436
66 7.06500005722
67 6.90399980545
68 6.78299999237
69 6.76700019836
70 6.81500005722
71 6.82800006866
72 6.84200000763
73 6.87699985504
74 6.80700016022
75 6.64400005341
76 6.50400018692
77 6.38500022888
78 6.26399993896
79 6.13899993896
80 5.21000003815
81 4.95800018311
82 4.85699987411
83 4.77799987793
84 4.68800020218
85 4.60599994659
86 4.54400014877
87 4.48000001907
88 4.40399980545
89 4.31199979782
90 4.28200006485
91 4.22499990463
92 4.15600013733
93 4.117000103
94 4.03999996185
95 3.97900009155
96 3.92000007629
97 3.87800002098
98 3.84899997711
99 3.78800010681
100 3.75500011444
101 3.78699994087
102 3.81500005722
103 3.85899996758
104 3.875
105 3.91199994087
106 3.95499992371
107 3.95900011063
108 3.91899991035
109 3.86400008202
110 3.83899998665
111 3.81200003624
112 3.77099990845
113 3.73399996758
114 3.67899990082
115 3.66100001335
116 3.61299991608
117 3.60199999809
118 3.56399989128
119 3.52500009537
120 3.49099993706
121 3.46900010109
122 3.45000004768
123 3.42600011826
124 3.40700006485
125 3.40100002289
126 3.43000006676
127 3.45199990273
128 3.48900008202
129 3.52200007439
130 3.55500006676
131 3.6210000515
132 3.66700005531
133 4.02099990845
134 4.07299995422
135 4.09000015259
136 4.10200023651
137 4.13500022888
138 4.18200016022
139 4.21799993515
140 4.24700021744
141 4.28800010681
142 4.30200004578
143 4.33699989319
144 4.367000103
145 4.40100002289
146 4.45499992371
147 4.50099992752
148 4.5
149 4.52400016785
150 4.5529999733
151 4.20699977875
152 4.29300022125
153 4.59700012207
154 3.25699996948
155 3.41199994087
156 4.72399997711
157 4.60900020599
158 4.54300022125
159 4.79899978638
160 4.82800006866
161 4.85099983215
162 4.89499998093
163 4.92899990082
164 4.95599985123
165 4.992000103
166 5.01499986649
167 5.04099988937
168 3.15100002289
169 3.21900010109
170 3.36899995804
171 4.09399986267
172 4.91300010681
173 4.87900018692
174 4.84800004959
175 4.83799982071
176 4.82600021362
177 4.81599998474
178 4.82700014114
179 4.83799982071
180 4.867000103
181 4.88999986649
182 4.80800008774
183 5.31500005722
184 5.46199989319
185 5.46500015259
186 5.49800014496
187 5.51900005341
188 4.60699987411
189 4.58400011063
190 5.55900001526
191 5.59000015259
192 3.63400006294
193 3.53500008583
194 4.06199979782
195 4.03599977493
196 5.67700004578
197 5.72100019455
198 5.73699998856
199 5.74700021744
200 5.78100013733
201 5.79400014877
202 5.8029999733
203 5.82499980927
204 5.85400009155
205 5.85400009155
206 5.87300014496
207 5.87400007248
208 5.88399982452
209 5.90600013733
210 5.90700006485
211 5.95100021362
212 5.94500017166
213 5.97300004959
214 5.97700023651
215 5.99599981308
216 6.01700019836
217 6.03299999237
218 6.04500007629
219 6.06699991226
220 6.08199977875
221 6.08300018311
222 6.09200000763
223 6.09700012207
224 6.10699987411
225 6.10799980164
226 6.11000013351
227 6.11600017548
228 6.13899993896
229 6.14400005341
230 6.15199995041
231 6.16400003433
232 6.18699979782
233 6.18400001526
234 6.20200014114
235 6.20100021362
236 6.21199989319
237 6.25
238 6.23299980164
239 6.21500015259
240 6.23699998856
241 6.23999977112
242 6.23099994659
243 6.21899986267
244 6.22599983215
245 6.23299980164
246 6.23000001907
247 6.2389998436
248 6.2389998436
249 6.24399995804
250 6.25899982452
251 6.26700019836
252 6.26900005341
253 6.25400018692
254 6.26999998093
255 6.25699996948
256 6.26599979401
257 6.257999897
258 6.23299980164
259 6.23699998856
260 6.25199985504
261 6.21600008011
262 6.21700000763
263 6.24100017548
264 6.21799993515
265 6.21700000763
266 6.20900011063
267 6.20800018311
268 6.21299982071
269 6.23199987411
270 6.21000003815
271 6.21299982071
272 6.20200014114
273 6.13199996948
274 5.83799982071
275 5.78000020981
276 5.74499988556
277 5.73999977112
278 5.72399997711
279 5.70900011063
280 5.73999977112
281 5.76800012589
282 5.82000017166
283 5.9390001297
284 6.08599996567
285 6.09200000763
286 6.0529999733
287 6.07899999619
288 6.0689997673
289 6.03100013733
290 6.01599979401
291 6.00899982452
292 6.00600004196
293 5.97599983215
294 5.96899986267
295 5.94799995422
296 5.92899990082
297 5.90000009537
298 5.89499998093
299 5.85400009155
300 5.867000103
301 5.84800004959
302 5.84100008011
303 5.80700016022
304 5.81300020218
305 5.78599977493
306 5.77799987793
307 5.76900005341
308 2.08800005913
309 2.05999994278
310 2.05200004578
311 2.03500008583
312 2.04500007629
313 2.04399991035
314 2.04699993134
315 2.02200007439
316 2.02300000191
317 2.01799988747
318 2.01399993896
319 2.03099989891
320 2.03399991989
321 2.01999998093
322 2.03299999237
323 2.02900004387
324 2.02800011635
325 2.01099991798
326 2.01699995995
327 2.09400010109
328 2.48300004005
329 2.35700011253
330 2.21600008011
331 2.17300009727
332 2.14800000191
333 2.18600010872
334 2.28200006485
335 2.33899998665
336 2.31999993324
337 2.33200001717
338 2.29699993134
339 2.31999993324
340 2.30500006676
341 2.30500006676
342 2.20499992371
343 2.16599988937
344 2.17100000381
345 2.17199993134
346 2.24499988556
347 2.46700000763
348 2.48600006104
349 4.74900007248
350 4.70300006866
351 4.67000007629
352 4.65999984741
353 4.61299991608
354 4.60400009155
355 4.56699991226
356 4.33099985123
357 4.36499977112
358 4.46799993515
359 4.46899986267
360 4.43400001526
361 4.40700006485
362 4.39099979401
363 4.34899997711
364 4.32700014114
365 4.28999996185
366 4.25600004196
367 4.19899988174
368 4.1810002327
369 4.12900018692
370 4.11600017548
371 4.08900022507
372 4.05000019073
373 4.02400016785
374 3.99699997902
375 3.95000004768
376 3.91899991035
377 3.90300011635
378 3.88100004196
379 3.83400011063
380 3.83299994469
381 3.72699999809
382 3.64100003242
383 3.60299992561
384 3.56699991226
385 3.52200007439
386 3.49799990654
387 3.4509999752
388 3.41400003433
389 3.382999897
390 3.36100006104
391 3.34699988365
392 3.30800008774
393 3.28900003433
394 3.24799990654
395 3.25300002098
396 3.29999995232
397 3.32899999619
398 3.34800004959
399 3.38899993896
400 3.44099998474
401 3.48900008202
402 3.51900005341
403 3.55599999428
404 3.58200001717
405 3.63700008392
406 3.66199994087
407 3.71499991417
408 3.73799991608
409 3.78900003433
410 3.83599996567
411 3.8900001049
412 3.9319999218
413 3.98000001907
414 4.04899978638
415 4.1139998436
416 4.18699979782
417 4.24700021744
418 4.3140001297
419 4.38100004196
420 4.4310002327
421 4.49800014496
422 4.58900022507
423 4.65100002289
424 4.73199987411
425 4.80900001526
426 4.91200017929
427 5.00899982452
428 5.11800003052
429 5.21700000763
430 5.3140001297
431 5.42700004578
432 5.52799987793
433 5.65100002289
434 5.77500009537
435 5.88700008392
436 6.02699995041
437 6.16300010681
438 6.31199979782
439 6.46999979019
440 6.49900007248
441 6.60500001907
442 6.48099994659
443 3.06299996376
444 3.05100011826
445 3.03600001335
446 3.04600000381
447 3.02300000191
448 3.00600004196
449 3.01300001144
450 3.02200007439
451 2.9849998951
452 2.99900007248
453 2.98200011253
454 2.97300004959
455 2.98099994659
456 2.96799993515
457 2.96199989319
458 2.94600009918
459 2.96700000763
460 2.94600009918
461 2.95600008965
462 2.95700001717
463 2.94199991226
464 2.93400001526
465 2.92000007629
466 2.92499995232
467 2.92700004578
468 2.91799998283
469 2.92000007629
470 2.6740000248
471 2.62800002098
472 2.63700008392
473 2.65199995041
474 0.944999992847
475 0.713999986649
476 0.700999975204
477 0.919000029564
478 2.66400003433
479 2.64800000191
480 2.65100002289
481 2.64299988747
482 2.65000009537
483 2.63400006294
484 2.64700007439
485 2.64299988747
486 2.42499995232
487 2.31999993324
488 2.33599996567
489 2.53399991989
490 2.81999993324
491 2.93600010872
492 2.9319999218
493 2.93499994278
494 2.93600010872
495 2.9470000267
496 2.94199991226
497 2.94899988174
498 2.97399997711
499 2.96099996567
500 1.24399995804
501 1.25999999046
502 1.15199995041
503 1.13600003719
504 1.11500000954
505 1.13999998569
506 1.14100003242
507 1.13999998569
508 1.15699994564
509 1.16799998283
510 1.20599997044
511 1.21300005913
512 1.21899998188
513 1.20000004768
514 1.23500001431
515 1.23300004005
516 1.34300005436
517 1.49100005627
518 3.11999988556
519 3.1210000515
520 3.11999988556
521 3.15000009537
522 3.15899991989
523 3.16499996185
524 0.92199999094
525 0.916000008583
526 0.93599998951
527 1.09700000286
528 1.08500003815
529 1.07500004768
530 1.08000004292
531 1.06099998951
532 1.07000005245
533 1.07700002193
534 1.10300004482
535 1.10199999809
536 1.14999997616
537 1.14499998093
538 1.13900005817
539 1.14800000191
540 3.53299999237
