0 4.51300001144
1 4.43300008774
2 4.44899988174
3 4.46799993515
4 4.53900003433
5 4.63800001144
6 4.67899990082
7 4.71899986267
8 4.73699998856
9 4.76499986649
10 4.79099988937
11 4.82000017166
12 4.86999988556
13 4.89900016785
14 4.92000007629
15 4.92199993134
16 4.8220000267
17 4.83500003815
18 4.88899993896
19 4.96600008011
20 5.14200019836
21 5.18300008774
22 5.22100019455
23 5.26700019836
24 5.31699991226
25 5.35599994659
26 5.41499996185
27 5.44000005722
28 5.50099992752
29 5.55100011826
30 5.59999990463
31 5.63800001144
32 5.65600013733
33 0.0
34 17.1420001984
35 17.156999588
36 17.1520004272
37 0.0
38 0.0
39 0.0
40 17.2460002899
41 17.1630001068
42 17.0669994354
43 17.0200004578
44 16.5219993591
45 16.5400009155
46 16.5200004578
47 13.1649999619
48 13.0889997482
49 12.3280000687
50 11.9469995499
51 11.5860004425
52 11.6020002365
53 11.6309995651
54 11.6210002899
55 11.343000412
56 10.9689998627
57 10.4689998627
58 10.1020002365
59 8.31999969482
60 8.34000015259
61 8.19799995422
62 7.91499996185
63 7.6360001564
64 7.44600009918
65 7.24700021744
66 7.0640001297
67 6.89900016785
68 6.79300022125
69 6.76800012589
70 6.79899978638
71 6.82700014114
72 6.85099983215
73 6.86299991608
74 6.79199981689
75 6.6360001564
76 6.52099990845
77 6.38899993896
78 6.25899982452
79 6.15999984741
80 5.21899986267
81 4.96099996567
82 4.85500001907
83 4.76599979401
84 4.68699979782
85 4.59999990463
86 4.51700019836
87 4.44299983978
88 4.40199995041
89 4.32899999619
90 4.27099990845
91 4.22100019455
92 4.16300010681
93 4.09000015259
94 4.04400014877
95 3.992000103
96 3.93700003624
97 3.87400007248
98 3.85500001907
99 3.77999997139
100 3.77699995041
101 3.79200005531
102 3.82100009918
103 3.86400008202
104 3.87400007248
105 3.89499998093
106 3.93300008774
107 3.95600008965
108 3.91499996185
109 3.89199995995
110 3.83999991417
111 3.80500006676
112 3.76900005341
113 3.73200011253
114 3.6779999733
115 3.65199995041
116 3.62599992752
117 3.57999992371
118 3.5490000248
119 3.53299999237
120 3.507999897
121 3.47900009155
122 3.44499993324
123 3.41799998283
124 3.39499998093
125 3.37800002098
126 3.41599988937
127 3.44899988174
128 3.48900008202
129 3.53099989891
130 3.56999993324
131 3.59899997711
132 3.66599988937
133 4.03499984741
134 4.04199981689
135 4.09200000763
136 4.12099981308
137 4.16400003433
138 4.18499994278
139 4.22399997711
140 4.24700021744
141 4.26599979401
142 4.30499982834
143 4.34700012207
144 4.39499998093
145 4.40000009537
146 4.46799993515
147 4.49499988556
148 4.50500011444
149 4.53900003433
150 4.52500009537
151 4.17899990082
152 4.30200004578
153 4.60599994659
154 3.2650001049
155 3.41100001335
156 4.70699977875
157 4.59999990463
158 4.55200004578
159 4.78900003433
160 4.83799982071
161 4.85400009155
162 4.90199995041
163 4.91699981689
164 4.96400022507
165 4.99300003052
166 5.02699995041
167 5.04400014877
168 3.15499997139
169 3.21900010109
170 3.3710000515
171 4.10699987411
172 4.91800022125
173 4.88500022888
174 4.84600019455
175 4.84399986267
176 4.82299995422
177 4.80999994278
178 4.82100009918
179 4.84499979019
180 4.86499977112
181 4.91099977493
182 4.81699991226
183 5.3060002327
184 5.47399997711
185 5.46600008011
186 5.49399995804
187 5.50899982452
188 4.60400009155
189 4.58400011063
190 5.55999994278
191 5.58900022507
192 3.65899991989
193 3.53299999237
194 4.0689997673
195 4.04099988937
196 5.68699979782
197 5.69500017166
198 5.73600006104
199 5.76000022888
200 5.78900003433
201 5.81599998474
202 5.8140001297
203 5.84800004959
204 5.85400009155
205 5.84999990463
206 5.86000013351
207 5.86800003052
208 5.90000009537
209 5.91200017929
210 5.92500019073
211 5.92399978638
212 5.95800018311
213 5.95699977875
214 5.99499988556
215 5.99599981308
216 6.02699995041
217 6.03800010681
218 6.04600000381
219 6.08099985123
220 6.08400011063
221 6.09200000763
222 6.07700014114
223 6.08500003815
224 6.10699987411
225 6.10500001907
226 6.12300014496
227 6.11999988556
228 6.14300012589
229 6.15700006485
230 6.13999986649
231 6.15799999237
232 6.17299985886
233 6.19899988174
234 6.19899988174
235 6.21799993515
236 6.22599983215
237 6.22700023651
238 6.23400020599
239 6.21500015259
240 6.21500015259
241 6.22200012207
242 6.22200012207
243 6.23199987411
244 6.24800014496
245 6.24300003052
246 6.23000001907
247 6.24300003052
248 6.23500013351
249 6.24300003052
250 6.26700019836
251 6.27099990845
252 6.27099990845
253 6.28100013733
254 6.28599977493
255 6.27099990845
256 6.27099990845
257 6.24800014496
258 6.24800014496
259 6.25500011444
260 6.2389998436
261 6.22700023651
262 6.242000103
263 6.23400020599
264 6.23699998856
265 6.21600008011
266 6.21400022507
267 6.20800018311
268 6.20900011063
269 6.21400022507
270 6.23199987411
271 6.23099994659
272 6.21700000763
273 6.132999897
274 5.84100008011
275 5.78299999237
276 5.73500013351
277 5.72399997711
278 5.72200012207
279 5.71799993515
280 5.742000103
281 5.76800012589
282 5.79300022125
283 5.95599985123
284 6.07000017166
285 6.06599998474
286 6.05499982834
287 6.06300020218
288 6.0560002327
289 6.0529999733
290 6.02899980545
291 6.007999897
292 5.98699998856
293 5.98699998856
294 5.96700000763
295 5.94500017166
296 5.92600011826
297 5.92199993134
298 5.90000009537
299 5.87300014496
300 5.86299991608
301 5.84000015259
302 5.84499979019
303 5.81199979782
304 5.81699991226
305 5.79899978638
306 5.78200006485
307 5.76700019836
308 2.06599998474
309 2.05999994278
310 2.03800010681
311 2.05200004578
312 2.04500007629
313 2.0490000248
314 2.03800010681
315 2.03999996185
316 2.02699995041
317 2.01600003242
318 2.04399991035
319 2.01200008392
320 2.01699995995
321 2.02999997139
322 2.03399991989
323 2.02200007439
324 2.02800011635
325 2.03500008583
326 2.02999997139
327 2.11100006104
328 2.46799993515
329 2.35500001907
330 2.20700001717
331 2.17600011826
332 2.18799996376
333 2.16300010681
334 2.27300000191
335 2.32299995422
336 2.32100009918
337 2.31100010872
338 2.29699993134
339 2.31900000572
340 2.30599999428
341 2.29999995232
342 2.22799992561
343 2.1779999733
344 2.15199995041
345 2.18300008774
346 2.21900010109
347 2.49000000954
348 2.47799992561
349 4.74900007248
350 4.70499992371
351 4.68699979782
352 4.64400005341
353 4.61899995804
354 4.59100008011
355 4.55800008774
356 4.3029999733
357 4.36100006104
358 4.48500013351
359 4.46099996567
360 4.41499996185
361 4.40700006485
362 4.38999986649
363 4.34800004959
364 4.31500005722
365 4.27899980545
366 4.23400020599
367 4.21500015259
368 4.16699981689
369 4.13100004196
370 4.10900020599
371 4.06500005722
372 4.05000019073
373 4.01999998093
374 3.98799991608
375 3.96300005913
376 3.92199993134
377 3.91000008583
378 3.87400007248
379 3.84699988365
380 3.83100008965
381 3.70300006866
382 3.63100004196
383 3.59899997711
384 3.56100010872
385 3.52900004387
386 3.49399995804
387 3.45499992371
388 3.42499995232
389 3.41000008583
390 3.35500001907
391 3.33599996567
392 3.30399990082
393 3.28900003433
394 3.24699997902
395 3.25900006294
396 3.30200004578
397 3.33599996567
398 3.34999990463
399 3.40400004387
400 3.44400000572
401 3.47300004959
402 3.50699996948
403 3.5529999733
404 3.60400009155
405 3.64499998093
406 3.66799998283
407 3.71099996567
408 3.73399996758
409 3.78900003433
410 3.82800006866
411 3.875
412 3.94000005722
413 3.99900007248
414 4.04199981689
415 4.12300014496
416 4.17700004578
417 4.242000103
418 4.3189997673
419 4.382999897
420 4.44899988174
421 4.49499988556
422 4.59999990463
423 4.65999984741
424 4.74100017548
425 4.80100011826
426 4.92199993134
427 5.01800012589
428 5.10400009155
429 5.21999979019
430 5.32000017166
431 5.41499996185
432 5.52299976349
433 5.63999986649
434 5.75699996948
435 5.89300012589
436 6.03700017929
437 6.17000007629
438 6.30900001526
439 6.45900011063
440 6.50899982452
441 6.61000013351
442 6.4390001297
443 3.0759999752
444 3.04099988937
445 3.03099989891
446 3.03999996185
447 3.03999996185
448 3.01099991798
449 3.02300000191
450 3.0039999485
451 2.9849998951
452 2.98300004005
453 2.97900009155
454 2.97300004959
455 2.98200011253
456 2.95499992371
457 2.95300006866
458 2.95600008965
459 2.97399997711
460 2.93700003624
461 2.94499993324
462 2.93700003624
463 2.95000004768
464 2.95700001717
465 2.94199991226
466 2.92499995232
467 2.9319999218
468 2.91899991035
469 2.91899991035
470 2.67000007629
471 2.63100004196
472 2.62400007248
473 2.64100003242
474 0.935000002384
475 0.704999983311
476 0.717000007629
477 0.924000024796
478 2.66300010681
479 2.65199995041
480 2.64100003242
481 2.64400005341
482 2.65799999237
483 2.65599989891
484 2.65300011635
485 2.64299988747
486 2.42300009727
487 2.34599995613
488 2.33800005913
489 2.51200008392
490 2.82100009918
491 2.92899990082
492 2.93799996376
493 2.9509999752
494 2.95700001717
495 2.9470000267
496 2.94400000572
497 2.94600009918
498 2.95799994469
499 2.96900010109
500 1.44599997997
501 1.21800005436
502 1.14199995995
503 1.11000001431
504 1.12800002098
505 1.12999999523
506 1.125
507 1.14999997616
508 1.16900002956
509 1.18200004101
510 1.20599997044
511 1.19299995899
512 1.18400001526
513 1.21899998188
514 1.23899996281
515 1.24199998379
516 1.36199998856
517 1.32899999619
518 3.10700011253
519 3.12599992752
520 3.1289999485
521 3.14700007439
522 3.14199995995
523 3.15899991989
524 0.924000024796
525 0.911000013351
526 0.933000028133
527 1.08099997044
528 1.09000003338
529 1.06700003147
530 1.0490000248
531 1.0529999733
532 1.08000004292
533 1.07700002193
534 1.09500002861
535 1.10300004482
536 1.13699996471
537 1.13100004196
538 1.14400005341
539 1.15299999714
540 3.55999994278
