0 4.5110001564
1 4.43800020218
2 4.45399999619
3 4.4359998703
4 4.54600000381
5 4.64099979401
6 4.68200016022
7 4.70900011063
8 4.72300004959
9 4.75899982452
10 4.80700016022
11 4.81599998474
12 4.85300016403
13 4.89699983597
14 4.92100000381
15 4.93300008774
16 4.83500003815
17 4.85099983215
18 4.89300012589
19 4.96799993515
20 5.14499998093
21 5.1810002327
22 5.22800016403
23 5.26399993896
24 5.3109998703
25 5.36199998856
26 5.41200017929
27 5.45399999619
28 5.4889998436
29 5.55100011826
30 5.59299993515
31 5.64300012589
32 5.6810002327
33 0.0
34 17.1439990997
35 17.1439990997
36 17.158000946
37 0.0
38 0.0
39 0.0
40 17.2430000305
41 17.1679992676
42 17.0680007935
43 16.9950008392
44 16.531999588
45 16.5499992371
46 16.5119991302
47 13.1499996185
48 13.0780000687
49 12.3229999542
50 11.9219999313
51 11.5799999237
52 11.593000412
53 11.6169996262
54 11.6239995956
55 11.3439998627
56 10.9910001755
57 10.4549999237
58 10.1079998016
59 8.31499958038
60 8.32900047302
61 8.19600009918
62 7.91599988937
63 7.64099979401
64 7.44299983978
65 7.24100017548
66 7.07100009918
67 6.90999984741
68 6.78399991989
69 6.77400016785
70 6.80499982834
71 6.81799983978
72 6.83900022507
73 6.87200021744
74 6.78999996185
75 6.64499998093
76 6.50500011444
77 6.40500020981
78 6.26399993896
79 6.14599990845
80 5.22200012207
81 4.96799993515
82 4.85200023651
83 4.7610001564
84 4.67700004578
85 4.61100006104
86 4.54699993134
87 4.47300004959
88 4.40799999237
89 4.33199977875
90 4.26399993896
91 4.20699977875
92 4.13899993896
93 4.1139998436
94 4.01599979401
95 3.96499991417
96 3.94400000572
97 3.88599991798
98 3.83400011063
99 3.79600000381
100 3.77800011635
101 3.79200005531
102 3.81999993324
103 3.83699989319
104 3.88199996948
105 3.90799999237
106 3.92199993134
107 3.94099998474
108 3.91899991035
109 3.87299990654
110 3.82100009918
111 3.80800008774
112 3.76699995995
113 3.72699999809
114 3.69499993324
115 3.65599989891
116 3.61299991608
117 3.59899997711
118 3.56399989128
119 3.53999996185
120 3.49099993706
121 3.47300004959
122 3.45000004768
123 3.42100000381
124 3.40000009537
125 3.38199996948
126 3.42100000381
127 3.45199990273
128 3.48000001907
129 3.51900005341
130 3.56399989128
131 3.6099998951
132 3.66199994087
133 4.03499984741
134 4.0640001297
135 4.08400011063
136 4.12099981308
137 4.15700006485
138 4.1939997673
139 4.20300006866
140 4.24399995804
141 4.28700017929
142 4.30200004578
143 4.35099983215
144 4.38700008392
145 4.41699981689
146 4.46299982071
147 4.4889998436
148 4.50699996948
149 4.51200008392
150 4.55000019073
151 4.18800020218
152 4.27899980545
153 4.48999977112
154 3.26300001144
155 3.43700003624
156 4.70499992371
157 4.61000013351
158 4.53499984741
159 4.79500007629
160 4.83099985123
161 4.87300014496
162 4.89200019836
163 4.92999982834
164 4.95699977875
165 5.0
166 5.0110001564
167 5.03499984741
168 3.13499999046
169 3.22799992561
170 3.38100004196
171 4.09999990463
172 4.92399978638
173 4.87799978256
174 4.83400011063
175 4.83199977875
176 4.82000017166
177 4.82499980927
178 4.82499980927
179 4.84999990463
180 4.875
181 4.89799976349
182 4.8140001297
183 5.31500005722
184 5.47399997711
185 5.47700023651
186 5.49300003052
187 5.48699998856
188 4.60400009155
189 4.57899999619
190 5.5560002327
191 5.60300016403
192 3.65000009537
193 3.52300000191
194 4.06799983978
195 4.04300022125
196 5.6859998703
197 5.70200014114
198 5.73500013351
199 5.76599979401
200 5.77799987793
201 5.79799985886
202 5.82899999619
203 5.82899999619
204 5.84399986267
205 5.84000015259
206 5.85799980164
207 5.87900018692
208 5.90299987793
209 5.91400003433
210 5.92199993134
211 5.91699981689
212 5.9310002327
213 5.96500015259
214 5.96099996567
215 5.99300003052
216 6.02199983597
217 6.04199981689
218 6.04899978638
219 6.04799985886
220 6.06500005722
221 6.09000015259
222 6.08599996567
223 6.08500003815
224 6.08900022507
225 6.125
226 6.12599992752
227 6.11100006104
228 6.11999988556
229 6.132999897
230 6.14599990845
231 6.14900016785
232 6.1810002327
233 6.1859998703
234 6.19500017166
235 6.22300004959
236 6.21899986267
237 6.22100019455
238 6.23000001907
239 6.22800016403
240 6.21500015259
241 6.21999979019
242 6.22800016403
243 6.22300004959
244 6.25099992752
245 6.23799991608
246 6.22300004959
247 6.23199987411
248 6.23400020599
249 6.23500013351
250 6.257999897
251 6.27199983597
252 6.27600002289
253 6.28299999237
254 6.27899980545
255 6.28399991989
256 6.24599981308
257 6.26499986649
258 6.23400020599
259 6.23999977112
260 6.24700021744
261 6.2389998436
262 6.23000001907
263 6.22399997711
264 6.20399999619
265 6.21700000763
266 6.21199989319
267 6.21999979019
268 6.20900011063
269 6.20800018311
270 6.22900009155
271 6.22700023651
272 6.19999980927
273 6.132999897
274 5.83799982071
275 5.79199981689
276 5.7610001564
277 5.742000103
278 5.72800016403
279 5.73699998856
280 5.742000103
281 5.76499986649
282 5.78900003433
283 5.94600009918
284 6.06699991226
285 6.08799982071
286 6.06699991226
287 6.05900001526
288 6.05900001526
289 6.05499982834
290 6.02799987793
291 6.00600004196
292 6.00899982452
293 5.95900011063
294 5.96500015259
295 5.94999980927
296 5.91900014877
297 5.91800022125
298 5.89400005341
299 5.86199998856
300 5.84800004959
301 5.84200000763
302 5.8189997673
303 5.81300020218
304 5.80800008774
305 5.78999996185
306 5.78900003433
307 5.77199983597
308 2.06699991226
309 2.06100010872
310 2.03699994087
311 2.04699993134
312 2.03999996185
313 2.04999995232
314 2.04500007629
315 2.02600002289
316 2.03600001335
317 2.01699995995
318 2.01799988747
319 2.00999999046
320 2.03299999237
321 2.02699995041
322 2.02699995041
323 2.02200007439
324 2.00500011444
325 2.01399993896
326 2.02099990845
327 2.06699991226
328 2.4960000515
329 2.34800004959
330 2.20799994469
331 2.1779999733
332 2.19000005722
333 2.18700003624
334 2.2650001049
335 2.34599995613
336 2.32399988174
337 2.31100010872
338 2.28999996185
339 2.31100010872
340 2.30200004578
341 2.30900001526
342 2.23200011253
343 2.14499998093
344 2.15899991989
345 2.20199990273
346 2.21799993515
347 2.48399996758
348 2.47499990463
349 4.76000022888
350 4.70200014114
351 4.67299985886
352 4.63800001144
353 4.62900018692
354 4.58699989319
355 4.5529999733
356 4.29400014877
357 4.36499977112
358 4.49100017548
359 4.4470000267
360 4.41400003433
361 4.39900016785
362 4.37699985504
363 4.36199998856
364 4.30999994278
365 4.27299976349
366 4.21799993515
367 4.20599985123
368 4.18499994278
369 4.13399982452
370 4.10500001907
371 4.08500003815
372 4.03800010681
373 4.02299976349
374 3.97300004959
375 3.95499992371
376 3.92700004578
377 3.91400003433
378 3.85700011253
379 3.85299992561
380 3.80999994278
381 3.70399999619
382 3.625
383 3.60100007057
384 3.55500006676
385 3.51099991798
386 3.48000001907
387 3.46199989319
388 3.43499994278
389 3.40400004387
390 3.34800004959
391 3.33999991417
392 3.31500005722
393 3.28099989891
394 3.26999998093
395 3.24699997902
396 3.29200005531
397 3.33299994469
398 3.36199998856
399 3.38899993896
400 3.42700004578
401 3.48799991608
402 3.51399993896
403 3.54500007629
404 3.60700011253
405 3.63700008392
406 3.67100000381
407 3.72499990463
408 3.73000001907
409 3.78999996185
410 3.83800005913
411 3.89199995995
412 3.93000006676
413 3.99000000954
414 4.07000017166
415 4.11299991608
416 4.18300008774
417 4.23500013351
418 4.31799983978
419 4.367000103
420 4.44999980927
421 4.492000103
422 4.58400011063
423 4.65700006485
424 4.7389998436
425 4.80999994278
426 4.90399980545
427 5.01399993896
428 5.09899997711
429 5.21400022507
430 5.3109998703
431 5.41200017929
432 5.53499984741
433 5.63399982452
434 5.74300003052
435 5.88199996948
436 6.02799987793
437 6.15700006485
438 6.3140001297
439 6.45499992371
440 6.50299978256
441 6.60699987411
442 6.46000003815
443 3.08500003815
444 3.04399991035
445 3.04500007629
446 3.04099988937
447 3.02999997139
448 3.00900006294
449 2.99399995804
450 2.99900007248
451 3.00600004196
452 2.97499990463
453 2.97099995613
454 2.97399997711
455 2.99000000954
456 2.97499990463
457 2.95399999619
458 2.94400000572
459 2.95199990273
460 2.95300006866
461 2.93499994278
462 2.95000004768
463 2.93400001526
464 2.94600009918
465 2.91100001335
466 2.93799996376
467 2.91700005531
468 2.92000007629
469 2.91499996185
470 2.67199993134
471 2.65199995041
472 2.63800001144
473 2.64400005341
474 0.939999997616
475 0.712999999523
476 0.699999988079
477 0.93599998951
478 2.65799999237
479 2.62800002098
480 2.65100002289
481 2.65199995041
482 2.64499998093
483 2.63400006294
484 2.65799999237
485 2.63700008392
486 2.41799998283
487 2.34299993515
488 2.34200000763
489 2.51300001144
490 2.83200001717
491 2.92499995232
492 2.93300008774
493 2.9430000782
494 2.93099999428
495 2.96300005913
496 2.94199991226
497 2.96700000763
498 2.97300004959
499 2.97699999809
500 2.97499990463
501 2.98000001907
502 1.27900004387
503 1.15999996662
504 1.11300003529
505 1.12199997902
506 1.125
507 1.11899995804
508 1.12199997902
509 1.14600002766
510 1.15499997139
511 1.20299994946
512 1.18099999428
513 1.17900002003
514 1.2159999609
515 1.2159999609
516 1.23000001907
517 1.26100003719
518 1.41700005531
519 3.13400006294
520 3.12400007248
521 3.15300011635
522 3.14700007439
523 3.15799999237
524 0.931999981403
525 0.912999987602
526 0.916999995708
527 1.14600002766
528 1.12300002575
529 1.07099997997
530 1.06200003624
531 1.03999996185
532 1.06099998951
533 1.06200003624
534 1.07000005245
535 1.07799994946
536 1.08899998665
537 1.10000002384
538 1.11899995804
539 1.10500001907
540 1.09800004959
