0 4.52899980545
1 4.43200016022
2 4.43699979782
3 4.46000003815
4 4.54400014877
5 4.65899991989
6 4.68300008774
7 4.6970000267
8 4.73099994659
9 4.76399993896
10 4.79799985886
11 4.83500003815
12 4.86499977112
13 4.89300012589
14 4.92600011826
15 4.9390001297
16 4.84299993515
17 4.85200023651
18 4.87400007248
19 4.96500015259
20 5.13999986649
21 5.19000005722
22 5.22100019455
23 5.27099990845
24 5.30700016022
25 5.3639998436
26 5.40600013733
27 5.43699979782
28 5.49399995804
29 5.55200004578
30 5.57800006866
31 5.64599990845
32 5.69199991226
33 0.0
34 17.1669998169
35 17.1399993896
36 17.1609992981
37 0.0
38 0.0
39 0.0
40 17.2329998016
41 17.1760005951
42 17.0650005341
43 17.0160007477
44 16.533000946
45 16.5370006561
46 16.5119991302
47 13.1590003967
48 13.0729999542
49 12.3400001526
50 11.9320001602
51 11.5819997787
52 11.6239995956
53 11.6280002594
54 11.6149997711
55 11.3319997787
56 11.0109996796
57 10.4709997177
58 10.1149997711
59 8.34700012207
60 8.34599971771
61 8.20199966431
62 7.90000009537
63 7.63399982452
64 7.44099998474
65 7.23099994659
66 7.05000019073
67 6.89699983597
68 6.78299999237
69 6.78999996185
70 6.79799985886
71 6.82800006866
72 6.84899997711
73 6.86999988556
74 6.78399991989
75 6.64900016785
76 6.52699995041
77 6.39499998093
78 6.26399993896
79 6.14699983597
80 5.21799993515
81 4.96899986267
82 4.84499979019
83 4.77799987793
84 4.67100000381
85 4.59999990463
86 4.51800012589
87 4.4390001297
88 4.41599988937
89 4.32700014114
90 4.25600004196
91 4.20300006866
92 4.16300010681
93 4.10900020599
94 4.03999996185
95 3.98399996758
96 3.91599988937
97 3.88899993896
98 3.83100008965
99 3.79999995232
100 3.75200009346
101 3.78099989891
102 3.81500005722
103 3.85400009155
104 3.89299988747
105 3.90799999237
106 3.95700001717
107 3.9430000782
108 3.91799998283
109 3.86899995804
110 3.82800006866
111 3.80100011826
112 3.77399992943
113 3.73699998856
114 3.6930000782
115 3.67300009727
116 3.61999988556
117 3.59599995613
118 3.56500005722
119 3.53699994087
120 3.48900008202
121 3.46300005913
122 3.43099999428
123 3.42000007629
124 3.41100001335
125 3.39100003242
126 3.4279999733
127 3.44199991226
128 3.49399995804
129 3.53699994087
130 3.5720000267
131 3.61800003052
132 3.67300009727
133 4.03399991989
134 4.05499982834
135 4.08099985123
136 4.10900020599
137 4.15100002289
138 4.17999982834
139 4.21600008011
140 4.23000001907
141 4.28999996185
142 4.30700016022
143 4.32999992371
144 4.38100004196
145 4.43300008774
146 4.46600008011
147 4.48699998856
148 4.51399993896
149 4.54099988937
150 4.54799985886
151 4.1970000267
152 4.29500007629
153 4.60300016403
154 3.26900005341
155 3.41499996185
156 4.71099996567
157 4.61299991608
158 4.56699991226
159 4.79600000381
160 4.82399988174
161 4.86800003052
162 4.89799976349
163 4.92100000381
164 4.96600008011
165 5.00299978256
166 5.01700019836
167 5.03399991989
168 3.15899991989
169 3.22099995613
170 3.38199996948
171 4.09700012207
172 4.92399978638
173 4.882999897
174 4.85099983215
175 4.83900022507
176 4.8140001297
177 4.82000017166
178 4.85300016403
179 4.84299993515
180 4.86499977112
181 4.91099977493
182 4.82100009918
183 5.33799982071
184 5.46799993515
185 5.48699998856
186 5.49700021744
187 5.507999897
188 4.60599994659
189 4.57299995422
190 5.56300020218
191 5.57899999619
192 3.6289999485
193 3.52900004387
194 4.08599996567
195 4.0560002327
196 5.68499994278
197 5.70300006866
198 5.73400020599
199 5.76999998093
200 5.78299999237
201 5.80800008774
202 5.83099985123
203 5.83400011063
204 5.83699989319
205 5.85799980164
206 5.86600017548
207 5.86800003052
208 5.90299987793
209 5.92000007629
210 5.91400003433
211 5.9310002327
212 5.9439997673
213 5.97499990463
214 5.992000103
215 6.0110001564
216 6.0110001564
217 6.03200006485
218 6.05800008774
219 6.07800006866
220 6.0609998703
221 6.09999990463
222 6.09800004959
223 6.09100008011
224 6.08699989319
225 6.10699987411
226 6.12099981308
227 6.125
228 6.11600017548
229 6.15600013733
230 6.16400003433
231 6.15299987793
232 6.15799999237
233 6.17500019073
234 6.1939997673
235 6.21799993515
236 6.23199987411
237 6.22399997711
238 6.22900009155
239 6.21799993515
240 6.22100019455
241 6.21899986267
242 6.25400018692
243 6.22399997711
244 6.22100019455
245 6.24300003052
246 6.22599983215
247 6.22200012207
248 6.22900009155
249 6.23600006104
250 6.25400018692
251 6.26499986649
252 6.26700019836
253 6.26999998093
254 6.28599977493
255 6.26700019836
256 6.25400018692
257 6.26900005341
258 6.2610001564
259 6.24599981308
260 6.23199987411
261 6.23600006104
262 6.22599983215
263 6.25
264 6.23099994659
265 6.22100019455
266 6.21299982071
267 6.20399999619
268 6.21600008011
269 6.20499992371
270 6.21400022507
271 6.20900011063
272 6.20300006866
273 6.14300012589
274 5.84200000763
275 5.78100013733
276 5.75899982452
277 5.72200012207
278 5.70699977875
279 5.72300004959
280 5.73500013351
281 5.75099992752
282 5.8029999733
283 5.9470000267
284 6.06500005722
285 6.05900001526
286 6.07800006866
287 6.05100011826
288 6.0529999733
289 6.05800008774
290 6.03900003433
291 6.01000022888
292 5.99700021744
293 5.96999979019
294 5.95399999619
295 5.93499994278
296 5.91300010681
297 5.91300010681
298 5.90000009537
299 5.85699987411
300 5.85599994659
301 5.84600019455
302 5.82299995422
303 5.82999992371
304 5.78999996185
305 5.79699993134
306 5.79699993134
307 5.77199983597
308 2.06500005722
309 2.06999993324
310 2.04299998283
311 2.04800009727
312 2.02999997139
313 2.03800010681
314 2.04600000381
315 2.03399991989
316 2.02300000191
317 2.03699994087
318 2.01699995995
319 2.04099988937
320 2.0150001049
321 2.01600003242
322 2.02800011635
323 2.02699995041
324 2.02999997139
325 2.02699995041
326 2.02699995041
327 2.10199999809
328 2.48200011253
329 2.3710000515
330 2.20499992371
331 2.18899989128
332 2.17700004578
333 2.19600009918
334 2.27500009537
335 2.33299994469
336 2.31699991226
337 2.31599998474
338 2.2990000248
339 2.30200004578
340 2.29399991035
341 2.29399991035
342 2.20700001717
343 2.16300010681
344 2.16199994087
345 2.17100000381
346 2.2349998951
347 2.49099993706
348 2.48300004005
349 4.74700021744
350 4.70800018311
351 4.67600011826
352 4.63999986649
353 4.62099981308
354 4.57600021362
355 4.55800008774
356 4.29500007629
357 4.36899995804
358 4.49399995804
359 4.46000003815
360 4.4359998703
361 4.39900016785
362 4.37900018692
363 4.36000013351
364 4.30800008774
365 4.28399991989
366 4.23099994659
367 4.21600008011
368 4.1890001297
369 4.14499998093
370 4.08500003815
371 4.0609998703
372 4.03599977493
373 4.01700019836
374 3.98900008202
375 3.96199989319
376 3.94000005722
377 3.90400004387
378 3.88800001144
379 3.85700011253
380 3.81100010872
381 3.70399999619
382 3.632999897
383 3.6099998951
384 3.57399988174
385 3.53200006485
386 3.49300003052
387 3.46499991417
388 3.43400001526
389 3.39800000191
390 3.35100007057
391 3.33800005913
392 3.31299996376
393 3.29500007629
394 3.25900006294
395 3.24699997902
396 3.28699994087
397 3.34100008011
398 3.35500001907
399 3.39599990845
400 3.44099998474
401 3.48699998856
402 3.50900006294
403 3.56399989128
404 3.60100007057
405 3.64100003242
406 3.6819999218
407 3.70799994469
408 3.73300004005
409 3.78800010681
410 3.8259999752
411 3.8900001049
412 3.93499994278
413 3.99699997902
414 4.03800010681
415 4.09800004959
416 4.18699979782
417 4.25299978256
418 4.30100011826
419 4.37799978256
420 4.44999980927
421 4.49800014496
422 4.58400011063
423 4.67100000381
424 4.73699998856
425 4.80999994278
426 4.92100000381
427 5.02299976349
428 5.10500001907
429 5.21199989319
430 5.30800008774
431 5.42299985886
432 5.53200006485
433 5.63000011444
434 5.76300001144
435 5.90000009537
436 6.00099992752
437 6.17500019073
438 6.3109998703
439 6.44799995422
440 6.49800014496
441 6.60599994659
442 6.46600008011
443 3.05900001526
444 3.03900003433
445 3.02699995041
446 3.04099988937
447 3.01900005341
448 3.0039999485
449 3.02099990845
450 3.01099991798
451 3.0039999485
452 2.98200011253
453 2.97799992561
454 2.98099994659
455 2.98699998856
456 2.96000003815
457 2.96199989319
458 2.96700000763
459 2.96399998665
460 2.94199991226
461 2.95399999619
462 2.94199991226
463 2.93400001526
464 2.92199993134
465 2.92499995232
466 2.93300008774
467 2.93700003624
468 2.92300009727
469 2.90700006485
470 2.65599989891
471 2.64499998093
472 2.64199995995
473 2.62599992752
474 0.953999996185
475 0.703999996185
476 0.71899998188
477 0.925000011921
478 2.64899992943
479 2.66799998283
480 2.64899992943
481 2.66100001335
482 2.6289999485
483 2.65199995041
484 2.66199994087
485 2.63100004196
486 2.43499994278
487 2.33899998665
488 2.32500004768
489 2.52099990845
490 2.82299995422
491 2.92700004578
492 2.9319999218
493 2.95300006866
494 2.94400000572
495 1.34399998188
496 1.39800000191
497 1.26999998093
498 1.26999998093
499 1.24300003052
500 1.2460000515
501 1.22899997234
502 1.22200000286
503 1.23500001431
504 1.24300003052
505 1.25199997425
506 1.26699995995
507 1.26800000668
508 1.29600000381
509 1.23899996281
510 1.18599998951
511 1.16199994087
512 1.13300001621
513 1.14400005341
514 1.13399994373
515 1.14400005341
516 1.13300001621
517 1.12699997425
518 1.14199995995
519 1.1289999485
520 1.14300000668
521 1.13699996471
522 1.16199994087
523 1.26100003719
524 0.93900001049
525 0.917999982834
526 0.903999984264
527 0.940999984741
528 3.03900003433
529 2.98900008202
530 2.93000006676
531 2.882999897
532 2.83100008965
533 2.76799988747
534 2.72300004959
535 2.71199989319
536 2.95199990273
537 2.92100000381
538 0.0
539 0.0
540 0.0
