0 4.5110001564
1 4.42299985886
2 4.44099998474
3 4.47100019455
4 4.53700017929
5 4.64799976349
6 4.68400001526
7 4.71700000763
8 4.75
9 4.76200008392
10 4.78800010681
11 4.83099985123
12 4.86800003052
13 4.89799976349
14 4.92999982834
15 4.9279999733
16 4.83900022507
17 4.83900022507
18 4.87400007248
19 4.96400022507
20 5.1360001564
21 5.19000005722
22 5.23400020599
23 5.26200008392
24 5.30800008774
25 5.35300016403
26 5.39599990845
27 5.45100021362
28 5.50699996948
29 5.55399990082
30 5.59999990463
31 5.63999986649
32 5.65000009537
33 0.0
34 17.1469993591
35 17.1480007172
36 17.1639995575
37 0.0
38 0.0
39 0.0
40 17.2240009308
41 17.1770000458
42 17.0720005035
43 17.0119991302
44 16.5200004578
45 16.5429992676
46 16.5240001678
47 13.1520004272
48 13.0880002975
49 12.3319997787
50 11.9300003052
51 11.5819997787
52 11.6149997711
53 11.6319999695
54 11.6400003433
55 11.3509998322
56 11.0039997101
57 10.4460000992
58 10.1000003815
59 8.34599971771
60 8.35200023651
61 8.20100021362
62 7.91900014877
63 7.65600013733
64 7.45300006866
65 7.24499988556
66 7.05900001526
67 6.89699983597
68 6.78499984741
69 6.77899980545
70 6.80700016022
71 6.82299995422
72 6.85400009155
73 6.875
74 6.80900001526
75 6.63399982452
76 6.50600004196
77 6.38199996948
78 6.2610001564
79 6.16099977493
80 5.23600006104
81 4.97800016403
82 4.86000013351
83 4.76900005341
84 4.67199993134
85 4.59299993515
86 4.53399991989
87 4.44999980927
88 4.38700008392
89 4.33599996567
90 4.27899980545
91 4.23000001907
92 4.17399978638
93 4.12200021744
94 4.03599977493
95 3.96900010109
96 3.92300009727
97 3.89299988747
98 3.8220000267
99 3.78600001335
100 3.76399993896
101 3.79699993134
102 3.81900000572
103 3.85299992561
104 3.88199996948
105 3.90799999237
106 3.93499994278
107 3.95799994469
108 3.91700005531
109 3.87199997902
110 3.84999990463
111 3.81500005722
112 3.77500009537
113 3.72799992561
114 3.69099998474
115 3.66599988937
116 3.625
117 3.59299993515
118 3.56699991226
119 3.53699994087
120 3.50900006294
121 3.47900009155
122 3.45000004768
123 3.4240000248
124 3.40199995041
125 3.3900001049
126 3.42899990082
127 3.45399999619
128 3.49399995804
129 3.51399993896
130 3.5720000267
131 3.62199997902
132 3.65300011635
133 4.007999897
134 4.07000017166
135 4.09299993515
136 4.13199996948
137 4.15600013733
138 4.1970000267
139 4.22200012207
140 4.24300003052
141 4.27799987793
142 4.3109998703
143 4.34999990463
144 4.38700008392
145 4.42299985886
146 4.47399997711
147 4.49800014496
148 4.52500009537
149 4.53000020981
150 4.53399991989
151 4.1859998703
152 4.28999996185
153 4.53599977493
154 3.26300001144
155 3.39899992943
156 4.73000001907
157 4.60900020599
158 4.54899978638
159 4.78900003433
160 4.82499980927
161 4.86199998856
162 4.90500020981
163 4.93499994278
164 4.96299982071
165 5.00099992752
166 5.01399993896
167 5.04300022125
168 3.16300010681
169 3.21199989319
170 3.37800002098
171 4.09299993515
172 4.91800022125
173 4.87799978256
174 4.86000013351
175 4.84399986267
176 4.82000017166
177 4.83799982071
178 4.82600021362
179 4.85099983215
180 4.86899995804
181 4.90899991989
182 4.8220000267
183 5.30999994278
184 5.46500015259
185 5.48699998856
186 5.5
187 5.51700019836
188 4.59399986267
189 4.57299995422
190 5.57000017166
191 5.59200000763
192 3.63899993896
193 3.53600001335
194 4.08599996567
195 4.06300020218
196 5.67700004578
197 5.70900011063
198 5.72499990463
199 5.75400018692
200 5.76499986649
201 5.79699993134
202 5.8220000267
203 5.84000015259
204 5.85500001907
205 5.84100008011
206 5.86199998856
207 5.882999897
208 5.882999897
209 5.90700006485
210 5.92199993134
211 5.9470000267
212 5.96099996567
213 5.97700023651
214 5.98999977112
215 5.99399995804
216 6.01499986649
217 6.01999998093
218 6.05000019073
219 6.07399988174
220 6.08099985123
221 6.07899999619
222 6.10099983215
223 6.10900020599
224 6.09800004959
225 6.09299993515
226 6.12799978256
227 6.132999897
228 6.14799976349
229 6.15700006485
230 6.16599988937
231 6.15999984741
232 6.1810002327
233 6.1859998703
234 6.1859998703
235 6.19199991226
236 6.23500013351
237 6.23799991608
238 6.22800016403
239 6.23400020599
240 6.23299980164
241 6.22300004959
242 6.22900009155
243 6.21999979019
244 6.22399997711
245 6.23500013351
246 6.22700023651
247 6.23199987411
248 6.24100017548
249 6.257999897
250 6.26499986649
251 6.24700021744
252 6.25199985504
253 6.2610001564
254 6.26399993896
255 6.27099990845
256 6.26800012589
257 6.26200008392
258 6.26700019836
259 6.25699996948
260 6.23699998856
261 6.21799993515
262 6.22200012207
263 6.23600006104
264 6.23999977112
265 6.22200012207
266 6.21500015259
267 6.23699998856
268 6.23199987411
269 6.22900009155
270 6.20399999619
271 6.22399997711
272 6.20300006866
273 6.12599992752
274 5.85599994659
275 5.78000020981
276 5.77199983597
277 5.74300003052
278 5.73000001907
279 5.72700023651
280 5.74100017548
281 5.76499986649
282 5.79400014877
283 5.94999980927
284 6.08799982071
285 6.08099985123
286 6.07800006866
287 6.07800006866
288 6.05499982834
289 6.04799985886
290 6.01499986649
291 5.99800014496
292 6.00199985504
293 5.98000001907
294 5.96000003815
295 5.93800020218
296 5.92899990082
297 5.90199995041
298 5.89400005341
299 5.86999988556
300 5.84800004959
301 5.86100006104
302 5.83300018311
303 5.82800006866
304 5.81199979782
305 5.80700016022
306 5.77699995041
307 5.76499986649
308 2.04999995232
309 2.0759999752
310 2.04399991035
311 2.04399991035
312 2.05399990082
313 2.05200004578
314 2.04500007629
315 2.0490000248
316 2.01900005341
317 2.02600002289
318 2.01600003242
319 2.0150001049
320 2.04200005531
321 2.01099991798
322 2.01900005341
323 2.03200006485
324 2.00999999046
325 2.03200006485
326 2.03500008583
327 2.09599995613
328 2.48099994659
329 2.36199998856
330 2.21499991417
331 2.18099999428
332 2.17100000381
333 2.16599988937
334 2.28200006485
335 2.31900000572
336 2.32100009918
337 2.30599999428
338 2.29500007629
339 2.31500005722
340 2.31999993324
341 2.31500005722
342 2.2009999752
343 2.18899989128
344 2.16599988937
345 2.17499995232
346 2.22199988365
347 2.4849998951
348 2.48699998856
349 4.75600004196
350 4.70499992371
351 4.65299987793
352 4.64499998093
353 4.61999988556
354 4.59299993515
355 4.55900001526
356 4.31599998474
357 4.36299991608
358 4.48799991608
359 4.46299982071
360 4.42299985886
361 4.41099977493
362 4.39799976349
363 4.36899995804
364 4.3220000267
365 4.27699995041
366 4.24599981308
367 4.22499990463
368 4.18800020218
369 4.15299987793
370 4.12400007248
371 4.0560002327
372 4.03800010681
373 4.01700019836
374 3.98399996758
375 3.94799995422
376 3.91499996185
377 3.91100001335
378 3.88400006294
379 3.84999990463
380 3.82899999619
381 3.72199988365
382 3.6400001049
383 3.59200000763
384 3.56100010872
385 3.53800010681
386 3.5
387 3.46399998665
388 3.43099999428
389 3.40599989891
390 3.36999988556
391 3.33400011063
392 3.3029999733
393 3.27800011635
394 3.25699996948
395 3.27900004387
396 3.30900001526
397 3.33999991417
398 3.35800004005
399 3.40300011635
400 3.4319999218
401 3.46799993515
402 3.50699996948
403 3.55200004578
404 3.6099998951
405 3.65199995041
406 3.69000005722
407 3.72600007057
408 3.74099993706
409 3.78500008583
410 3.81299996376
411 3.875
412 3.91700005531
413 4.00600004196
414 4.07499980927
415 4.13199996948
416 4.18200016022
417 4.24900007248
418 4.32100009918
419 4.37400007248
420 4.44999980927
421 4.52099990845
422 4.59100008011
423 4.66800022125
424 4.74599981308
425 4.80499982834
426 4.90299987793
427 5.01599979401
428 5.10599994659
429 5.20800018311
430 5.30999994278
431 5.4279999733
432 5.53399991989
433 5.65299987793
434 5.76599979401
435 5.875
436 6.02099990845
437 6.15399980545
438 6.31699991226
439 6.46999979019
440 6.5
441 6.60500001907
442 6.48199987411
443 3.08100008965
444 3.05100011826
445 3.03900003433
446 3.02800011635
447 3.01200008392
448 3.01600003242
449 3.00099992752
450 2.99000000954
451 2.98600006104
452 2.98600006104
453 2.97900009155
454 2.99300003052
455 2.98399996758
456 2.97699999809
457 2.96199989319
458 2.96700000763
459 2.96000003815
460 2.95399999619
461 2.95700001717
462 2.95000004768
463 2.9319999218
464 2.94199991226
465 2.94899988174
466 2.93499994278
467 2.92700004578
468 2.92499995232
469 2.91100001335
470 2.64700007439
471 2.63199996948
472 2.64400005341
473 2.64800000191
474 0.949000000954
475 0.717999994755
476 0.713999986649
477 0.921000003815
478 2.65799999237
479 2.65400004387
480 2.64599990845
481 2.65100002289
482 2.65400004387
483 2.65400004387
484 2.66300010681
485 2.63899993896
486 2.4279999733
487 2.35800004005
488 2.32100009918
489 2.49300003052
490 2.82100009918
491 2.9470000267
492 2.95399999619
493 2.93000006676
494 2.93600010872
495 2.9509999752
496 2.97300004959
497 2.96399998665
498 2.97199988365
499 2.96000003815
500 1.2990000248
501 1.18499994278
502 1.13300001621
503 1.13300001621
504 1.12999999523
505 1.13399994373
506 1.13999998569
507 1.13800001144
508 1.16100001335
509 1.19799995422
510 1.21399998665
511 1.20299994946
512 1.21399998665
513 1.22099995613
514 1.24399995804
515 1.27199995518
516 1.40999996662
517 1.32799994946
518 3.12400007248
519 3.13400006294
520 3.14199995995
521 3.13899993896
522 3.15400004387
523 3.16499996185
524 0.934000015259
525 0.917999982834
526 0.916999995708
527 1.07899999619
528 1.08500003815
529 1.05499994755
530 1.06799995899
531 1.05400002003
532 1.09300005436
533 1.0909999609
534 1.09899997711
535 1.1210000515
536 1.14900004864
537 1.15400004387
538 1.1590000391
539 1.18700003624
540 3.52999997139
