0 4.52400016785
1 4.42399978638
2 4.45599985123
3 4.47599983215
4 4.51200008392
5 4.66599988937
6 4.66800022125
7 4.69799995422
8 4.74599981308
9 4.76499986649
10 4.79300022125
11 4.82499980927
12 4.84800004959
13 4.90299987793
14 4.93699979782
15 4.9359998703
16 4.84299993515
17 4.85200023651
18 4.88700008392
19 4.96700000763
20 5.13199996948
21 5.17999982834
22 5.23000001907
23 5.26300001144
24 5.3220000267
25 5.35699987411
26 5.40399980545
27 5.44299983978
28 5.49900007248
29 5.54699993134
30 5.59800004959
31 5.65199995041
32 5.67700004578
33 0.0
34 17.125
35 17.138999939
36 17.138999939
37 0.0
38 0.0
39 0.0
40 17.2439994812
41 17.1590003967
42 17.0450000763
43 16.9969997406
44 16.5109996796
45 16.5440006256
46 16.5270004272
47 13.1809997559
48 13.0780000687
49 12.3249998093
50 11.9340000153
51 11.5830001831
52 11.6020002365
53 11.6289997101
54 11.6120004654
55 11.3360004425
56 11.0080003738
57 10.468000412
58 10.123000145
59 8.29500007629
60 8.32699966431
61 8.21300029755
62 7.90799999237
63 7.62900018692
64 7.44600009918
65 7.24800014496
66 7.0640001297
67 6.90100002289
68 6.79500007629
69 6.77199983597
70 6.80999994278
71 6.82299995422
72 6.85900020599
73 6.86199998856
74 6.78999996185
75 6.64099979401
76 6.51700019836
77 6.38700008392
78 6.26800012589
79 6.14300012589
80 5.21700000763
81 4.96799993515
82 4.85400009155
83 4.75400018692
84 4.68800020218
85 4.60699987411
86 4.53399991989
87 4.47499990463
88 4.38000011444
89 4.3140001297
90 4.26900005341
91 4.21999979019
92 4.16300010681
93 4.11899995804
94 4.04799985886
95 3.97699999809
96 3.93799996376
97 3.87599992752
98 3.82399988174
99 3.78200006485
100 3.77600002289
101 3.79099988937
102 3.81900000572
103 3.84899997711
104 3.87800002098
105 3.91499996185
106 3.9470000267
107 3.94799995422
108 3.92700004578
109 3.89199995995
110 3.84800004959
111 3.80900001526
112 3.76399993896
113 3.72499990463
114 3.67499995232
115 3.66799998283
116 3.63400006294
117 3.57699990273
118 3.55900001526
119 3.52900004387
120 3.50900006294
121 3.46700000763
122 3.44000005722
123 3.41799998283
124 3.40100002289
125 3.3900001049
126 3.43300008774
127 3.45600008965
128 3.49300003052
129 3.53699994087
130 3.5720000267
131 3.617000103
132 3.66199994087
133 4.0110001564
134 4.04699993134
135 4.09499979019
136 4.11999988556
137 4.13100004196
138 4.16800022125
139 4.21099996567
140 4.22700023651
141 4.29300022125
142 4.30100011826
143 4.35799980164
144 4.375
145 4.42999982834
146 4.47200012207
147 4.46199989319
148 4.507999897
149 4.53100013733
150 4.54799985886
151 4.19500017166
152 4.3029999733
153 4.57800006866
154 3.26699995995
155 3.41000008583
156 4.71199989319
157 4.59299993515
158 4.5560002327
159 4.78800010681
160 4.82999992371
161 4.85500001907
162 4.89099979401
163 4.92700004578
164 4.95499992371
165 4.98799991608
166 5.02600002289
167 5.03700017929
168 3.13100004196
169 3.23900008202
170 3.36100006104
171 4.10500001907
172 4.92399978638
173 4.88100004196
174 4.85200023651
175 4.84000015259
176 4.81500005722
177 4.82999992371
178 4.82800006866
179 4.85099983215
180 4.88399982452
181 4.90199995041
182 4.82399988174
183 5.31699991226
184 5.47499990463
185 5.48000001907
186 5.49800014496
187 5.50199985504
188 4.59899997711
189 4.57700014114
190 5.57899999619
191 5.60599994659
192 3.64700007439
193 3.50999999046
194 4.0640001297
195 4.04099988937
196 5.67600011826
197 5.71099996567
198 5.73699998856
199 5.75699996948
200 5.78599977493
201 5.81500005722
202 5.81799983978
203 5.82000017166
204 5.84600019455
205 5.84399986267
206 5.85400009155
207 5.87599992752
208 5.89699983597
209 5.90600013733
210 5.92000007629
211 5.92700004578
212 5.94899988174
213 5.97599983215
214 5.98000001907
215 6.00899982452
216 6.01900005341
217 6.03000020981
218 6.06300020218
219 6.07700014114
220 6.07700014114
221 6.0689997673
222 6.07299995422
223 6.08599996567
224 6.11299991608
225 6.10300016403
226 6.11100006104
227 6.13000011444
228 6.13899993896
229 6.14200019836
230 6.13999986649
231 6.14699983597
232 6.1779999733
233 6.19600009918
234 6.19600009918
235 6.20300006866
236 6.22800016403
237 6.22100019455
238 6.22599983215
239 6.21899986267
240 6.21600008011
241 6.21799993515
242 6.22300004959
243 6.23400020599
244 6.25500011444
245 6.22399997711
246 6.23000001907
247 6.242000103
248 6.25500011444
249 6.23699998856
250 6.25
251 6.26300001144
252 6.27099990845
253 6.28100013733
254 6.28399991989
255 6.27699995041
256 6.25500011444
257 6.25500011444
258 6.26000022888
259 6.23999977112
260 6.23000001907
261 6.23500013351
262 6.21700000763
263 6.23400020599
264 6.19500017166
265 6.20800018311
266 6.20699977875
267 6.23000001907
268 6.21000003815
269 6.21500015259
270 6.23500013351
271 6.20900011063
272 6.21500015259
273 6.14799976349
274 5.83799982071
275 5.78900003433
276 5.742000103
277 5.72399997711
278 5.72900009155
279 5.72399997711
280 5.73799991608
281 5.75
282 5.79500007629
283 5.94899988174
284 6.07499980927
285 6.06699991226
286 6.07499980927
287 6.04300022125
288 6.06599998474
289 6.0560002327
290 6.01399993896
291 5.99700021744
292 5.99499988556
293 5.96899986267
294 5.96199989319
295 5.94600009918
296 5.92299985886
297 5.91900014877
298 5.90100002289
299 5.87200021744
300 5.85900020599
301 5.83799982071
302 5.81500005722
303 5.81799983978
304 5.8060002327
305 5.80100011826
306 5.79400014877
307 5.78299999237
308 2.06200003624
309 2.07500004768
310 2.05399990082
311 2.03500008583
312 2.02900004387
313 2.04600000381
314 2.01799988747
315 2.03900003433
316 2.02099990845
317 2.01600003242
318 2.03900003433
319 2.01200008392
320 2.01399993896
321 2.02200007439
322 2.03200006485
323 2.01399993896
324 2.02500009537
325 2.01399993896
326 2.04299998283
327 2.08100008965
328 2.48699998856
329 2.37299990654
330 2.18600010872
331 2.20499992371
332 2.18099999428
333 2.18099999428
334 2.27600002289
335 2.30900001526
336 2.34500002861
337 2.30900001526
338 2.28299999237
339 2.29500007629
340 2.29299998283
341 2.30399990082
342 2.23200011253
343 2.15100002289
344 2.18499994278
345 2.19400000572
346 2.22600007057
347 2.46199989319
348 2.47699999809
349 4.74300003052
350 4.71199989319
351 4.67999982834
352 4.64599990845
353 4.61000013351
354 4.59000015259
355 4.5640001297
356 4.29500007629
357 4.34600019455
358 4.48600006104
359 4.45499992371
360 4.41699981689
361 4.41800022125
362 4.38800001144
363 4.34499979019
364 4.31799983978
365 4.2610001564
366 4.25699996948
367 4.21700000763
368 4.1859998703
369 4.12599992752
370 4.08900022507
371 4.06799983978
372 4.04600000381
373 4.02699995041
374 3.99499988556
375 3.93899989128
376 3.91799998283
377 3.90499997139
378 3.87700009346
379 3.83100008965
380 3.81999993324
381 3.71799993515
382 3.63499999046
383 3.60800004005
384 3.56399989128
385 3.50999999046
386 3.49799990654
387 3.46499991417
388 3.43400001526
389 3.38100004196
390 3.35100007057
391 3.3220000267
392 3.31299996376
393 3.27999997139
394 3.25300002098
395 3.25900006294
396 3.3029999733
397 3.32999992371
398 3.35100007057
399 3.3900001049
400 3.44499993324
401 3.48399996758
402 3.51900005341
403 3.54999995232
404 3.58400011063
405 3.63400006294
406 3.67499995232
407 3.71900010109
408 3.73699998856
409 3.77800011635
410 3.83800005913
411 3.89800000191
412 3.93600010872
413 3.98000001907
414 4.04199981689
415 4.117000103
416 4.17899990082
417 4.24800014496
418 4.3140001297
419 4.36999988556
420 4.42999982834
421 4.52099990845
422 4.60500001907
423 4.67000007629
424 4.73199987411
425 4.81300020218
426 4.92500019073
427 5.00400018692
428 5.117000103
429 5.20499992371
430 5.31699991226
431 5.42700004578
432 5.52299976349
433 5.66200017929
434 5.76700019836
435 5.8860001564
436 6.0110001564
437 6.16699981689
438 6.3189997673
439 6.44999980927
440 6.49300003052
441 6.61000013351
442 6.48299980164
443 3.0720000267
444 3.05100011826
445 3.02699995041
446 3.04399991035
447 3.02300000191
448 3.0039999485
449 3.01600003242
450 3.00600004196
451 2.98699998856
452 2.98799991608
453 2.99799990654
454 2.97199988365
455 2.98000001907
456 2.96799993515
457 2.96600008011
458 2.97399997711
459 2.94600009918
460 2.94400000572
461 2.95700001717
462 2.95000004768
463 2.94099998474
464 2.94099998474
465 2.93099999428
466 2.93400001526
467 2.93400001526
468 2.91899991035
469 2.90599989891
470 2.66899991035
471 2.63599991798
472 2.64499998093
473 2.63199996948
474 0.943000018597
475 0.699000000954
476 0.699000000954
477 0.921000003815
478 2.65000009537
479 2.65899991989
480 2.64800000191
481 2.65799999237
482 2.64199995995
483 2.64800000191
484 2.65700006485
485 2.64599990845
486 2.42199993134
487 2.33599996567
488 2.34699988365
489 2.51200008392
490 2.81399989128
491 2.91899991035
492 2.93300008774
493 2.93400001526
494 2.94899988174
495 2.94799995422
496 1.40499997139
497 1.26100003719
498 1.26199996471
499 1.23899996281
500 1.25100004673
501 1.23800003529
502 1.21899998188
503 1.23199999332
504 1.2539999485
505 1.25699996948
506 1.26600003242
507 1.27600002289
508 1.27999997139
509 1.37600004673
510 1.28100001812
511 1.16400003433
512 1.14300000668
513 1.13600003719
514 1.13100004196
515 1.12699997425
516 1.12600004673
517 1.11199998856
518 1.09200000763
519 1.11600005627
520 1.11899995804
521 1.12699997425
522 1.13300001621
523 1.12800002098
524 0.990999996662
525 0.907999992371
526 0.907000005245
527 0.938000023365
528 3.04200005531
529 2.98900008202
530 2.94400000572
531 2.867000103
532 2.83400011063
533 2.77900004387
534 2.73000001907
535 2.70199990273
536 2.9470000267
537 2.92600011826
538 0.0
539 0.0
540 0.0
