0 4.507999897
1 4.43699979782
2 4.42899990082
3 4.44600009918
4 4.53499984741
5 4.64699983597
6 4.6890001297
7 4.69999980927
8 4.72700023651
9 4.76499986649
10 4.79300022125
11 4.83500003815
12 4.86899995804
13 4.88800001144
14 4.92100000381
15 4.93200016022
16 4.83699989319
17 4.86199998856
18 4.89200019836
19 4.96500015259
20 5.15000009537
21 5.18200016022
22 5.23000001907
23 5.26999998093
24 5.3109998703
25 5.36800003052
26 5.40899991989
27 5.45499992371
28 5.50299978256
29 5.55800008774
30 5.60400009155
31 5.64499998093
32 5.64300012589
33 17.313999176
34 17.138999939
35 17.1509990692
36 17.1480007172
37 0.0
38 0.0
39 0.0
40 17.2339992523
41 17.1790008545
42 17.0650005341
43 17.0130004883
44 16.5270004272
45 16.5429992676
46 16.533000946
47 13.156999588
48 13.095000267
49 12.3330001831
50 11.9549999237
51 11.5900001526
52 11.607000351
53 11.6330003738
54 11.6239995956
55 11.3420000076
56 11.0
57 10.4720001221
58 10.1149997711
59 8.3360004425
60 8.35200023651
61 8.20899963379
62 7.91599988937
63 7.64300012589
64 7.4439997673
65 7.24100017548
66 7.0689997673
67 6.90199995041
68 6.77600002289
69 6.76599979401
70 6.80499982834
71 6.82600021362
72 6.85300016403
73 6.88100004196
74 6.8029999733
75 6.65399980545
76 6.50400018692
77 6.38700008392
78 6.26499986649
79 6.14799976349
80 5.22800016403
81 4.97200012207
82 4.85799980164
83 4.78200006485
84 4.68499994278
85 4.58300018311
86 4.53299999237
87 4.47100019455
88 4.40299987793
89 4.34100008011
90 4.27799987793
91 4.22700023651
92 4.15100002289
93 4.10699987411
94 4.04099988937
95 3.98099994659
96 3.9279999733
97 3.87700009346
98 3.83400011063
99 3.79600000381
100 3.77600002289
101 3.77699995041
102 3.8220000267
103 3.86400008202
104 3.88700008392
105 3.92300009727
106 3.94899988174
107 3.95199990273
108 3.9240000248
109 3.87700009346
110 3.82699990273
111 3.8069999218
112 3.78500008583
113 3.74000000954
114 3.69499993324
115 3.65599989891
116 3.617000103
117 3.60500001907
118 3.5529999733
119 3.54200005531
120 3.50600004196
121 3.47399997711
122 3.44000005722
123 3.42300009727
124 3.39100003242
125 3.39599990845
126 3.41799998283
127 3.45300006866
128 3.49699997902
129 3.53800010681
130 3.57800006866
131 3.59899997711
132 3.68300008774
133 4.01800012589
134 4.0560002327
135 4.10200023651
136 4.13700008392
137 4.16300010681
138 4.17700004578
139 4.22399997711
140 4.25600004196
141 4.26200008392
142 4.30700016022
143 4.34899997711
144 4.38899993896
145 4.43699979782
146 4.47300004959
147 4.49100017548
148 4.50899982452
149 4.52699995041
150 4.55499982834
151 4.1970000267
152 4.29300022125
153 4.55900001526
154 3.26399993896
155 3.40899991989
156 4.71700000763
157 4.60900020599
158 4.54099988937
159 4.80100011826
160 4.83099985123
161 4.86299991608
162 4.89900016785
163 4.92500019073
164 4.96500015259
165 4.992000103
166 5.02199983597
167 5.04199981689
168 3.117000103
169 3.21900010109
170 3.375
171 4.10099983215
172 4.90999984741
173 4.8860001564
174 4.86299991608
175 4.84100008011
176 4.81199979782
177 4.82299995422
178 4.83400011063
179 4.85599994659
180 4.86999988556
181 4.89599990845
182 4.82499980927
183 5.3140001297
184 5.46600008011
185 5.47900009155
186 5.49700021744
187 5.50699996948
188 4.60300016403
189 4.5720000267
190 5.55200004578
191 5.59399986267
192 3.65100002289
193 3.51600003242
194 4.07000017166
195 4.06799983978
196 5.69199991226
197 5.70200014114
198 5.73699998856
199 5.75299978256
200 5.78599977493
201 5.8109998703
202 5.83300018311
203 5.83599996567
204 5.84299993515
205 5.84999990463
206 5.85699987411
207 5.88000011444
208 5.87400007248
209 5.90500020981
210 5.9279999733
211 5.9439997673
212 5.95100021362
213 5.96400022507
214 5.96999979019
215 6.00899982452
216 6.01399993896
217 6.03900003433
218 6.06699991226
219 6.07899999619
220 6.0720000267
221 6.08500003815
222 6.07700014114
223 6.08699989319
224 6.09999990463
225 6.11899995804
226 6.1139998436
227 6.13399982452
228 6.12300014496
229 6.15399980545
230 6.14300012589
231 6.17399978638
232 6.16400003433
233 6.20399999619
234 6.19999980927
235 6.22399997711
236 6.23699998856
237 6.22599983215
238 6.22800016403
239 6.22300004959
240 6.23699998856
241 6.22100019455
242 6.22800016403
243 6.22499990463
244 6.21600008011
245 6.22599983215
246 6.23099994659
247 6.22200012207
248 6.23199987411
249 6.25299978256
250 6.27099990845
251 6.2610001564
252 6.28000020981
253 6.26999998093
254 6.28700017929
255 6.27099990845
256 6.27199983597
257 6.26499986649
258 6.24399995804
259 6.24399995804
260 6.25299978256
261 6.23799991608
262 6.23299980164
263 6.24399995804
264 6.21600008011
265 6.20499992371
266 6.22599983215
267 6.21999979019
268 6.21700000763
269 6.21299982071
270 6.21500015259
271 6.22900009155
272 6.21899986267
273 6.14300012589
274 5.84100008011
275 5.77799987793
276 5.75299978256
277 5.72900009155
278 5.72700023651
279 5.73199987411
280 5.73400020599
281 5.76499986649
282 5.80399990082
283 5.95200014114
284 6.0640001297
285 6.0720000267
286 6.06599998474
287 6.0720000267
288 6.06300020218
289 6.05399990082
290 6.03800010681
291 6.02299976349
292 5.99100017548
293 5.98600006104
294 5.94000005722
295 5.9359998703
296 5.9310002327
297 5.91499996185
298 5.87699985504
299 5.88800001144
300 5.85400009155
301 5.85300016403
302 5.83099985123
303 5.8109998703
304 5.81199979782
305 5.80399990082
306 5.79799985886
307 5.78100013733
308 2.08200001717
309 2.06200003624
310 2.0490000248
311 2.05100011826
312 2.04099988937
313 2.04500007629
314 2.02699995041
315 2.03900003433
316 2.02500009537
317 2.03699994087
318 2.02500009537
319 2.03299999237
320 2.0150001049
321 2.02399992943
322 2.02699995041
323 2.01099991798
324 2.03399991989
325 2.03500008583
326 2.03099989891
327 2.09400010109
328 2.46300005913
329 2.30900001526
330 2.20700001717
331 2.17600011826
332 2.19000005722
333 2.1970000267
334 2.28099989891
335 2.31699991226
336 2.32299995422
337 2.32699990273
338 2.29800009727
339 2.29999995232
340 2.31500005722
341 2.30900001526
342 2.22600007057
343 2.18600010872
344 2.16100001335
345 2.18700003624
346 2.23900008202
347 2.4849998951
348 2.5
349 4.75600004196
350 4.71099996567
351 4.6779999733
352 4.65000009537
353 4.61800003052
354 4.59100008011
355 4.56500005722
356 4.31799983978
357 4.36299991608
358 4.46999979019
359 4.46899986267
360 4.43800020218
361 4.41499996185
362 4.38199996948
363 4.34600019455
364 4.32000017166
365 4.29199981689
366 4.22200012207
367 4.20900011063
368 4.1859998703
369 4.15299987793
370 4.10799980164
371 4.07700014114
372 4.04799985886
373 4.03100013733
374 3.992000103
375 3.94099998474
376 3.94199991226
377 3.91400003433
378 3.88800001144
379 3.85599994659
380 3.80999994278
381 3.72499990463
382 3.62199997902
383 3.59899997711
384 3.55800008774
385 3.51699995995
386 3.50099992752
387 3.46199989319
388 3.41499996185
389 3.38499999046
390 3.35800004005
391 3.32399988174
392 3.30200004578
393 3.27099990845
394 3.26099991798
395 3.2650001049
396 3.28800010681
397 3.33699989319
398 3.37599992752
399 3.41199994087
400 3.43000006676
401 3.46900010109
402 3.51600003242
403 3.56599998474
404 3.60100007057
405 3.64499998093
406 3.68499994278
407 3.73600006104
408 3.7349998951
409 3.78099989891
410 3.84100008011
411 3.88700008392
412 3.91700005531
413 4.00400018692
414 4.06599998474
415 4.10400009155
416 4.17100000381
417 4.25199985504
418 4.3109998703
419 4.36899995804
420 4.44600009918
421 4.52400016785
422 4.59999990463
423 4.65199995041
424 4.7389998436
425 4.80999994278
426 4.91800022125
427 5.02099990845
428 5.12300014496
429 5.21700000763
430 5.31300020218
431 5.42700004578
432 5.52500009537
433 5.64599990845
434 5.77299976349
435 5.88100004196
436 6.02500009537
437 6.15999984741
438 6.31799983978
439 6.48000001907
440 6.50099992752
441 6.61000013351
442 6.48500013351
443 3.09999990463
444 3.0529999733
445 3.02600002289
446 3.01600003242
447 3.01600003242
448 3.01900005341
449 3.00600004196
450 3.0
451 3.00200009346
452 3.00999999046
453 2.97799992561
454 2.97399997711
455 2.97900009155
456 2.96499991417
457 2.97199988365
458 2.95700001717
459 2.95000004768
460 2.95499992371
461 2.94899988174
462 2.93899989128
463 2.93899989128
464 2.95000004768
465 2.95600008965
466 2.9319999218
467 2.91100001335
468 2.91799998283
469 2.92100000381
470 2.66700005531
471 2.6289999485
472 2.632999897
473 2.64800000191
474 0.943000018597
475 0.713999986649
476 0.702000021935
477 0.930999994278
478 2.65700006485
479 2.65499997139
480 2.64899992943
481 2.65300011635
482 2.67100000381
483 2.65400004387
484 2.66199994087
485 2.632999897
486 2.40400004387
487 2.3259999752
488 2.33699989319
489 2.51300001144
490 2.82500004768
491 2.95499992371
492 2.93499994278
493 2.9509999752
494 2.93799996376
495 2.9430000782
496 2.94799995422
497 2.96499991417
498 2.95499992371
499 2.96900010109
500 1.26699995995
501 1.27600002289
502 1.17499995232
503 1.15499997139
504 1.12600004673
505 1.13800001144
506 1.14199995995
507 1.15999996662
508 1.17100000381
509 1.18900001049
510 1.20899999142
511 1.19099998474
512 1.21700000763
513 1.23000001907
514 1.23099994659
515 1.25
516 1.37000000477
517 1.58500003815
518 3.1099998951
519 3.13700008392
520 3.125
521 3.15799999237
522 3.16400003433
523 3.18000006676
524 0.949999988079
525 0.908999979496
526 0.917999982834
527 1.08099997044
528 1.09500002861
529 1.09000003338
530 1.09300005436
531 1.09599995613
532 1.10300004482
533 1.08000004292
534 1.09399998188
535 1.12399995327
536 1.16499996185
537 1.16499996185
538 1.15699994564
539 1.2009999752
540 3.54600000381
