0 4.50899982452
1 4.4279999733
2 4.44799995422
3 4.47499990463
4 4.53000020981
5 4.65100002289
6 4.65500020981
7 4.70900011063
8 4.72900009155
9 4.75899982452
10 4.80999994278
11 4.82000017166
12 4.86899995804
13 4.89799976349
14 4.91800022125
15 4.91900014877
16 4.83599996567
17 4.83799982071
18 4.882999897
19 4.96199989319
20 5.15000009537
21 5.1779999733
22 5.20599985123
23 5.27099990845
24 5.32299995422
25 5.35500001907
26 5.40000009537
27 5.45699977875
28 5.5
29 5.54699993134
30 5.59600019455
31 5.64499998093
32 5.63700008392
33 0.0
34 17.1499996185
35 17.1420001984
36 17.1499996185
37 0.0
38 0.0
39 0.0
40 17.2250003815
41 17.1730003357
42 17.0809993744
43 17.0030002594
44 16.5230007172
45 16.5410003662
46 16.513999939
47 13.1639995575
48 13.0839996338
49 12.3439998627
50 11.9200000763
51 11.5970001221
52 11.6049995422
53 11.6160001755
54 11.6219997406
55 11.3389997482
56 10.970000267
57 10.4659996033
58 10.0979995728
59 8.34700012207
60 8.32900047302
61 8.18799972534
62 7.90100002289
63 7.62799978256
64 7.4310002327
65 7.25199985504
66 7.04899978638
67 6.90500020981
68 6.78700017929
69 6.77400016785
70 6.80399990082
71 6.82499980927
72 6.84299993515
73 6.87099981308
74 6.78800010681
75 6.64300012589
76 6.51999998093
77 6.3860001564
78 6.25500011444
79 6.14900016785
80 5.23199987411
81 4.95900011063
82 4.86000013351
83 4.76999998093
84 4.67500019073
85 4.57800006866
86 4.54300022125
87 4.47499990463
88 4.39900016785
89 4.34100008011
90 4.28399991989
91 4.21999979019
92 4.17399978638
93 4.09899997711
94 4.02799987793
95 3.97499990463
96 3.94400000572
97 3.89800000191
98 3.84599995613
99 3.78800010681
100 3.75500011444
101 3.78900003433
102 3.81999993324
103 3.85599994659
104 3.87700009346
105 3.91799998283
106 3.93700003624
107 3.93700003624
108 3.92199993134
109 3.86800003052
110 3.85199999809
111 3.78099989891
112 3.76799988747
113 3.73099994659
114 3.69499993324
115 3.66300010681
116 3.625
117 3.59599995613
118 3.55999994278
119 3.52500009537
120 3.49699997902
121 3.45700001717
122 3.43499994278
123 3.41799998283
124 3.40100002289
125 3.38599991798
126 3.4279999733
127 3.45399999619
128 3.48600006104
129 3.53200006485
130 3.56100010872
131 3.61899995804
132 3.66100001335
133 4.01599979401
134 4.05999994278
135 4.09600019455
136 4.11999988556
137 4.15500020981
138 4.18499994278
139 4.21000003815
140 4.25400018692
141 4.27500009537
142 4.32800006866
143 4.36100006104
144 4.37900018692
145 4.44000005722
146 4.45499992371
147 4.48099994659
148 4.49900007248
149 4.53999996185
150 4.55100011826
151 4.20900011063
152 4.27899980545
153 4.60099983215
154 3.27900004387
155 3.40300011635
156 4.70200014114
157 4.58699989319
158 4.5689997673
159 4.79099988937
160 4.8140001297
161 4.87200021744
162 4.89099979401
163 4.92999982834
164 4.95900011063
165 4.99399995804
166 5.01599979401
167 5.04500007629
168 3.16599988937
169 3.22000002861
170 3.35700011253
171 4.09999990463
172 4.92299985886
173 4.87900018692
174 4.85099983215
175 4.82299995422
176 4.81599998474
177 4.81300020218
178 4.82100009918
179 4.85400009155
180 4.867000103
181 4.91699981689
182 4.82899999619
183 5.28900003433
184 5.46999979019
185 5.48199987411
186 5.507999897
187 5.51599979401
188 4.58900022507
189 4.57700014114
190 5.56699991226
191 5.58599996567
192 3.63700008392
193 3.53500008583
194 4.08400011063
195 4.05499982834
196 5.70200014114
197 5.70599985123
198 5.73299980164
199 5.73699998856
200 5.77699995041
201 5.8060002327
202 5.82700014114
203 5.82899999619
204 5.84499979019
205 5.85099983215
206 5.86899995804
207 5.88999986649
208 5.90899991989
209 5.90700006485
210 5.93499994278
211 5.9470000267
212 5.9310002327
213 5.9439997673
214 5.99499988556
215 5.99300003052
216 6.02600002289
217 6.03200006485
218 6.04300022125
219 6.07000017166
220 6.07899999619
221 6.09200000763
222 6.09899997711
223 6.07299995422
224 6.09999990463
225 6.09999990463
226 6.11199998856
227 6.11800003052
228 6.14200019836
229 6.15199995041
230 6.16099977493
231 6.16599988937
232 6.17299985886
233 6.17000007629
234 6.19500017166
235 6.21899986267
236 6.20599985123
237 6.21700000763
238 6.22399997711
239 6.23400020599
240 6.22300004959
241 6.24599981308
242 6.22499990463
243 6.22499990463
244 6.23299980164
245 6.23000001907
246 6.25299978256
247 6.25400018692
248 6.25
249 6.23000001907
250 6.25699996948
251 6.26900005341
252 6.26900005341
253 6.25500011444
254 6.27799987793
255 6.25899982452
256 6.26700019836
257 6.26499986649
258 6.22800016403
259 6.23400020599
260 6.23999977112
261 6.24300003052
262 6.21999979019
263 6.22800016403
264 6.21500015259
265 6.23999977112
266 6.21999979019
267 6.22300004959
268 6.20200014114
269 6.21400022507
270 6.22599983215
271 6.21199989319
272 6.21999979019
273 6.13899993896
274 5.82000017166
275 5.78200006485
276 5.75500011444
277 5.73600006104
278 5.72900009155
279 5.72900009155
280 5.73999977112
281 5.77400016785
282 5.80800008774
283 5.95399999619
284 6.08400011063
285 6.08300018311
286 6.0720000267
287 6.05700016022
288 6.04600000381
289 6.04899978638
290 6.04300022125
291 6.01200008392
292 5.98400020599
293 5.97800016403
294 5.94500017166
295 5.92700004578
296 5.92500019073
297 5.89300012589
298 5.88999986649
299 5.87300014496
300 5.86899995804
301 5.85799980164
302 5.83300018311
303 5.80499982834
304 5.79799985886
305 5.79500007629
306 5.77699995041
307 5.77500009537
308 2.06500005722
309 2.07299995422
310 2.04200005531
311 2.03600001335
312 2.02999997139
313 2.03500008583
314 2.04699993134
315 2.04200005531
316 2.04600000381
317 2.0150001049
318 2.03299999237
319 2.01200008392
320 2.00999999046
321 2.01600003242
322 2.03099989891
323 2.03099989891
324 2.02900004387
325 2.00600004196
326 2.02500009537
327 2.08500003815
328 2.47300004959
329 2.33299994469
330 2.19099998474
331 2.17700004578
332 2.17199993134
333 2.18600010872
334 2.28299999237
335 2.31599998474
336 2.33500003815
337 2.30500006676
338 2.3029999733
339 2.29399991035
340 2.30800008774
341 2.32899999619
342 2.22399997711
343 2.18700003624
344 2.15799999237
345 2.17499995232
346 2.22799992561
347 2.46700000763
348 2.47399997711
349 4.75099992752
350 4.70499992371
351 4.67700004578
352 4.64099979401
353 4.60699987411
354 4.58500003815
355 4.5720000267
356 4.31300020218
357 4.35200023651
358 4.47499990463
359 4.45200014114
360 4.4310002327
361 4.40600013733
362 4.37099981308
363 4.34000015259
364 4.3189997673
365 4.28200006485
366 4.22200012207
367 4.21400022507
368 4.15700006485
369 4.15299987793
370 4.09299993515
371 4.05900001526
372 4.05000019073
373 4.00299978256
374 3.98000001907
375 3.96099996567
376 3.93099999428
377 3.90499997139
378 3.89199995995
379 3.85500001907
380 3.8259999752
381 3.72399997711
382 3.62700009346
383 3.58999991417
384 3.56100010872
385 3.53399991989
386 3.49399995804
387 3.45900011063
388 3.41700005531
389 3.40300011635
390 3.367000103
391 3.31699991226
392 3.29099988937
393 3.28399991989
394 3.26600003242
395 3.27099990845
396 3.29399991035
397 3.33100008965
398 3.36899995804
399 3.39499998093
400 3.43499994278
401 3.47799992561
402 3.52099990845
403 3.54600000381
404 3.59299993515
405 3.63400006294
406 3.6819999218
407 3.71900010109
408 3.73799991608
409 3.77300000191
410 3.82699990273
411 3.8599998951
412 3.94199991226
413 3.992000103
414 4.05100011826
415 4.12200021744
416 4.17199993134
417 4.25099992752
418 4.30499982834
419 4.382999897
420 4.45200014114
421 4.51499986649
422 4.58900022507
423 4.65600013733
424 4.72900009155
425 4.81599998474
426 4.90899991989
427 5.02299976349
428 5.11299991608
429 5.20399999619
430 5.32100009918
431 5.41699981689
432 5.52600002289
433 5.64799976349
434 5.75699996948
435 5.882999897
436 6.02699995041
437 6.17199993134
438 6.3140001297
439 6.48000001907
440 6.51000022888
441 6.59800004959
442 6.48799991608
443 3.08500003815
444 3.05100011826
445 3.04600000381
446 3.02999997139
447 3.02699995041
448 3.03699994087
449 3.00099992752
450 3.00600004196
451 3.0
452 2.98799991608
453 2.96799993515
454 2.97799992561
455 2.98200011253
456 2.98099994659
457 2.9509999752
458 2.95000004768
459 2.94600009918
460 2.96399998665
461 2.93600010872
462 2.93400001526
463 2.9509999752
464 2.93300008774
465 2.9279999733
466 2.9240000248
467 2.91000008583
468 2.90899991989
469 2.91000008583
470 2.68499994278
471 2.65400004387
472 2.6400001049
473 2.64700007439
474 0.930999994278
475 0.711000025272
476 0.694000005722
477 0.925000011921
478 2.65400004387
479 2.66000008583
480 2.65300011635
481 2.6289999485
482 2.66300010681
483 2.65300011635
484 2.64100003242
485 2.63800001144
486 2.43600010872
487 2.34200000763
488 2.33299994469
489 2.52600002289
490 2.81999993324
491 2.93400001526
492 2.95199990273
493 2.92899990082
494 2.94000005722
495 2.94099998474
496 2.95000004768
497 2.94099998474
498 2.95600008965
499 2.96199989319
500 2.99300003052
501 2.97399997711
502 2.99499988556
503 2.98300004005
504 2.98600006104
505 3.0039999485
506 2.99499988556
507 1.43700003624
508 1.27699995041
509 1.22099995613
510 1.20200002193
511 1.19500005245
512 1.20399999619
513 1.20299994946
514 1.1970000267
515 1.20700001717
516 1.20200002193
517 1.22200000286
518 1.22599995136
519 1.22399997711
520 1.23199999332
521 1.36099994183
522 3.16599988937
523 1.16600000858
524 0.962999999523
525 0.908999979496
526 0.916000008583
527 1.10699999332
528 1.09599995613
529 1.10500001907
530 1.10599994659
531 1.10099995136
532 1.0870000124
533 1.09800004959
534 1.11199998856
535 1.10899996758
536 1.1289999485
537 1.11600005627
538 1.15100002289
539 0.0
540 0.0
