0 4.49900007248
1 4.42399978638
2 4.44600009918
3 4.46799993515
4 4.51700019836
5 4.65600013733
6 4.67999982834
7 4.70800018311
8 4.73199987411
9 4.76599979401
10 4.78900003433
11 4.83500003815
12 4.85599994659
13 4.90199995041
14 4.91599988937
15 4.92199993134
16 4.83099985123
17 4.84299993515
18 4.87699985504
19 4.96199989319
20 5.13999986649
21 5.17600011826
22 5.22499990463
23 5.25699996948
24 5.29600000381
25 5.367000103
26 5.40000009537
27 5.44600009918
28 5.50099992752
29 5.54699993134
30 5.58199977875
31 5.65600013733
32 5.65399980545
33 0.0
34 17.1679992676
35 17.1350002289
36 17.142999649
37 0.0
38 0.0
39 0.0
40 17.2140007019
41 17.1739997864
42 17.0680007935
43 17.0230007172
44 16.5189990997
45 16.5300006866
46 16.5240001678
47 13.1610002518
48 13.0819997787
49 12.3269996643
50 11.9060001373
51 11.5869998932
52 11.5959997177
53 11.623000145
54 11.6190004349
55 11.3409996033
56 10.9790000916
57 10.4829998016
58 10.1079998016
59 8.33800029755
60 8.32699966431
61 8.19999980927
62 7.91300010681
63 7.63199996948
64 7.44500017166
65 7.24599981308
66 7.0640001297
67 6.91200017929
68 6.77799987793
69 6.76700019836
70 6.8029999733
71 6.8140001297
72 6.84600019455
73 6.8639998436
74 6.8029999733
75 6.64300012589
76 6.50400018692
77 6.37900018692
78 6.27699995041
79 6.15100002289
80 5.23699998856
81 4.96700000763
82 4.84200000763
83 4.76700019836
84 4.6779999733
85 4.60400009155
86 4.54099988937
87 4.47300004959
88 4.40999984741
89 4.34399986267
90 4.26499986649
91 4.21600008011
92 4.13800001144
93 4.10500001907
94 4.04300022125
95 3.98300004005
96 3.94400000572
97 3.87299990654
98 3.85199999809
99 3.81299996376
100 3.76300001144
101 3.77600002289
102 3.82899999619
103 3.84200000763
104 3.88599991798
105 3.91300010681
106 3.93600010872
107 3.97300004959
108 3.9240000248
109 3.86599993706
110 3.83800005913
111 3.78699994087
112 3.757999897
113 3.72900009155
114 3.7009999752
115 3.66499996185
116 3.62199997902
117 3.59500002861
118 3.56200003624
119 3.53200006485
120 3.507999897
121 3.45700001717
122 3.44199991226
123 3.39800000191
124 3.39100003242
125 3.38899993896
126 3.42100000381
127 3.45300006866
128 3.49300003052
129 3.53800010681
130 3.56699991226
131 3.61299991608
132 3.66599988937
133 4.03399991989
134 4.06799983978
135 4.09399986267
136 4.10699987411
137 4.16200017929
138 4.1779999733
139 4.21199989319
140 4.25099992752
141 4.28999996185
142 4.30999994278
143 4.36100006104
144 4.3860001564
145 4.40100002289
146 4.45800018311
147 4.48400020599
148 4.50600004196
149 4.53299999237
150 4.54799985886
151 4.21500015259
152 4.29400014877
153 4.59899997711
154 3.26300001144
155 3.40899991989
156 4.70599985123
157 4.60699987411
158 4.54300022125
159 4.8060002327
160 4.83699989319
161 4.86000013351
162 4.88899993896
163 4.92500019073
164 4.96299982071
165 4.99399995804
166 5.03000020981
167 5.04400014877
168 3.17100000381
169 3.21799993515
170 3.35500001907
171 4.10799980164
172 4.90899991989
173 4.86800003052
174 4.84800004959
175 4.84299993515
176 4.8220000267
177 4.83199977875
178 4.83799982071
179 4.84100008011
180 4.867000103
181 4.89200019836
182 4.80900001526
183 5.3109998703
184 5.45200014114
185 5.46999979019
186 5.49900007248
187 5.51499986649
188 4.59999990463
189 4.59399986267
190 5.55999994278
191 5.58400011063
192 3.64499998093
193 3.51900005341
194 4.06500005722
195 4.04199981689
196 5.69099998474
197 5.71799993515
198 5.72700023651
199 5.75299978256
200 5.78100013733
201 5.80999994278
202 5.80999994278
203 5.83599996567
204 5.84899997711
205 5.84000015259
206 5.87799978256
207 5.87599992752
208 5.88999986649
209 5.88800001144
210 5.90799999237
211 5.94099998474
212 5.96400022507
213 5.96700000763
214 5.97399997711
215 6.00400018692
216 6.01700019836
217 6.04099988937
218 6.03399991989
219 6.07700014114
220 6.08699989319
221 6.07000017166
222 6.09999990463
223 6.10099983215
224 6.11100006104
225 6.09200000763
226 6.12300014496
227 6.13500022888
228 6.13199996948
229 6.15600013733
230 6.16499996185
231 6.16599988937
232 6.17899990082
233 6.18699979782
234 6.18200016022
235 6.19000005722
236 6.21500015259
237 6.24499988556
238 6.22900009155
239 6.23199987411
240 6.22800016403
241 6.23099994659
242 6.23199987411
243 6.23199987411
244 6.22300004959
245 6.25199985504
246 6.23099994659
247 6.23099994659
248 6.24499988556
249 6.25099992752
250 6.26200008392
251 6.24300003052
252 6.27500009537
253 6.26399993896
254 6.28399991989
255 6.27899980545
256 6.26800012589
257 6.25500011444
258 6.26499986649
259 6.24499988556
260 6.24800014496
261 6.24499988556
262 6.21999979019
263 6.22399997711
264 6.22499990463
265 6.22399997711
266 6.21500015259
267 6.21700000763
268 6.19999980927
269 6.20499992371
270 6.21400022507
271 6.21000003815
272 6.21299982071
273 6.13700008392
274 5.86100006104
275 5.77699995041
276 5.73199987411
277 5.73799991608
278 5.72700023651
279 5.72200012207
280 5.75500011444
281 5.74700021744
282 5.80900001526
283 5.96000003815
284 6.08900022507
285 6.07899999619
286 6.06699991226
287 6.04799985886
288 6.05200004578
289 6.05999994278
290 6.02500009537
291 6.00199985504
292 6.00699996948
293 5.98000001907
294 5.96500015259
295 5.94000005722
296 5.91800022125
297 5.90100002289
298 5.90000009537
299 5.86000013351
300 5.86600017548
301 5.85799980164
302 5.83099985123
303 5.81199979782
304 5.80999994278
305 5.79400014877
306 5.76800012589
307 5.77500009537
308 2.07999992371
309 2.05599999428
310 2.04699993134
311 2.0529999733
312 2.03900003433
313 2.04600000381
314 2.01999998093
315 2.03600001335
316 2.04099988937
317 2.03699994087
318 2.04399991035
319 2.02999997139
320 2.01900005341
321 2.007999897
322 2.03399991989
323 2.02699995041
324 2.01300001144
325 2.00999999046
326 2.04099988937
327 2.08100008965
328 2.47699999809
329 2.31999993324
330 2.18700003624
331 2.1970000267
332 2.17300009727
333 2.19199991226
334 2.29200005531
335 2.33599996567
336 2.31500005722
337 2.33400011063
338 2.29600000381
339 2.31100010872
340 2.30500006676
341 2.31200003624
342 2.23000001907
343 2.17899990082
344 2.19000005722
345 2.19499993324
346 2.22199988365
347 2.48300004005
348 2.47600007057
349 4.73799991608
350 4.71899986267
351 4.67100000381
352 4.66099977493
353 4.625
354 4.59200000763
355 4.55700016022
356 4.31300020218
357 4.34600019455
358 4.48699998856
359 4.45100021362
360 4.42199993134
361 4.41699981689
362 4.39099979401
363 4.367000103
364 4.29799985886
365 4.25699996948
366 4.23299980164
367 4.21099996567
368 4.17899990082
369 4.12099981308
370 4.10400009155
371 4.07899999619
372 4.05399990082
373 4.00299978256
374 3.98399996758
375 3.93700003624
376 3.92199993134
377 3.91199994087
378 3.86599993706
379 3.84899997711
380 3.83400011063
381 3.72699999809
382 3.63599991798
383 3.60500001907
384 3.54299998283
385 3.51999998093
386 3.48300004005
387 3.46700000763
388 3.44199991226
389 3.39499998093
390 3.35100007057
391 3.33100008965
392 3.31599998474
393 3.28500008583
394 3.26099991798
395 3.257999897
396 3.29399991035
397 3.34400010109
398 3.35800004005
399 3.40300011635
400 3.43600010872
401 3.48099994659
402 3.50300002098
403 3.56100010872
404 3.59899997711
405 3.64400005341
406 3.67899990082
407 3.7349998951
408 3.73399996758
409 3.78099989891
410 3.8259999752
411 3.88400006294
412 3.93799996376
413 4.00099992752
414 4.04600000381
415 4.125
416 4.19199991226
417 4.242000103
418 4.29400014877
419 4.36899995804
420 4.45800018311
421 4.51200008392
422 4.59200000763
423 4.67199993134
424 4.71700000763
425 4.80900001526
426 4.90500020981
427 5.01599979401
428 5.11000013351
429 5.21500015259
430 5.3060002327
431 5.41499996185
432 5.52500009537
433 5.64499998093
434 5.77600002289
435 5.88500022888
436 6.00500011444
437 6.16300010681
438 6.32000017166
439 6.46199989319
440 6.47700023651
441 6.60500001907
442 6.44799995422
443 3.0680000782
444 3.04399991035
445 3.02399992943
446 3.03900003433
447 3.00699996948
448 3.01799988747
449 3.01900005341
450 2.99799990654
451 2.98900008202
452 2.992000103
453 2.99399995804
454 2.99000000954
455 2.97600007057
456 2.96099996567
457 2.97399997711
458 2.95700001717
459 2.94899988174
460 2.9470000267
461 2.94600009918
462 2.9430000782
463 2.94899988174
464 2.92700004578
465 2.92700004578
466 2.93600010872
467 2.92499995232
468 2.92300009727
469 2.91400003433
470 2.65499997139
471 2.64599990845
472 2.62299990654
473 2.65100002289
474 0.93900001049
475 0.712999999523
476 0.708999991417
477 0.93900001049
478 2.64899992943
479 2.62400007248
480 2.64899992943
481 2.64899992943
482 2.65000009537
483 2.65100002289
484 2.6740000248
485 2.64400005341
486 2.41499996185
487 2.31999993324
488 2.33400011063
489 2.50900006294
490 2.82500004768
491 2.9240000248
492 2.93799996376
493 2.95000004768
494 2.93600010872
495 2.96799993515
496 2.94400000572
497 2.96399998665
498 2.95700001717
499 2.97300004959
500 2.98200011253
501 2.97699999809
502 2.992000103
503 2.99300003052
504 3.0
505 3.00099992752
506 2.9960000515
507 3.00300002098
508 1.58899998665
509 1.36500000954
510 1.31200003624
511 1.32000005245
512 1.31400001049
513 1.31500005722
514 1.31400001049
515 1.31200003624
516 1.28999996185
517 1.30700004101
518 1.30700004101
519 1.3259999752
520 1.30700004101
521 1.41900002956
522 1.37399995327
523 1.33599996567
524 0.994000017643
525 0.899999976158
526 0.917999982834
527 1.13199996948
528 1.17700004578
529 1.17900002003
530 1.1740000248
531 1.15799999237
532 1.18099999428
533 1.17999994755
534 1.16999995708
535 1.18299996853
536 1.20799994469
537 1.26600003242
538 0.0
539 0.0
540 0.0
