0 4.50699996948
1 4.42399978638
2 4.44099998474
3 4.47200012207
4 4.53800010681
5 4.66099977493
6 4.67899990082
7 4.69799995422
8 4.72399997711
9 4.75400018692
10 4.78800010681
11 4.81699991226
12 4.84299993515
13 4.90700006485
14 4.92299985886
15 4.93800020218
16 4.82700014114
17 4.84499979019
18 4.88399982452
19 4.96600008011
20 5.13899993896
21 5.18499994278
22 5.21600008011
23 5.26599979401
24 5.32000017166
25 5.34700012207
26 5.40500020981
27 5.44500017166
28 5.49800014496
29 5.5529999733
30 5.59499979019
31 5.64200019836
32 5.67899990082
33 0.0
34 17.1639995575
35 17.1380004883
36 17.1480007172
37 0.0
38 0.0
39 0.0
40 17.232000351
41 17.1529998779
42 17.0690002441
43 17.0090007782
44 16.5219993591
45 16.533000946
46 16.5130004883
47 13.156999588
48 13.0690002441
49 12.3339996338
50 11.9370002747
51 11.5830001831
52 11.6079998016
53 11.6190004349
54 11.6300001144
55 11.3360004425
56 11.0059995651
57 10.470000267
58 10.1160001755
59 8.34000015259
60 8.33199977875
61 8.20199966431
62 7.90299987793
63 7.62799978256
64 7.4470000267
65 7.25299978256
66 7.05000019073
67 6.89300012589
68 6.79500007629
69 6.78999996185
70 6.79799985886
71 6.81699991226
72 6.84399986267
73 6.87200021744
74 6.78700017929
75 6.64699983597
76 6.50199985504
77 6.39300012589
78 6.28000020981
79 6.14799976349
80 5.22700023651
81 4.96799993515
82 4.84999990463
83 4.76599979401
84 4.68400001526
85 4.60900020599
86 4.53399991989
87 4.46500015259
88 4.3860001564
89 4.33599996567
90 4.28000020981
91 4.20200014114
92 4.17100000381
93 4.11499977112
94 4.03499984741
95 3.9849998951
96 3.9319999218
97 3.87299990654
98 3.83699989319
99 3.7990000248
100 3.77200007439
101 3.79299998283
102 3.82299995422
103 3.84200000763
104 3.87800002098
105 3.90000009537
106 3.9509999752
107 3.95399999619
108 3.91799998283
109 3.875
110 3.83500003815
111 3.81299996376
112 3.75099992752
113 3.71900010109
114 3.70000004768
115 3.66100001335
116 3.63199996948
117 3.59400010109
118 3.55800008774
119 3.53500008583
120 3.50500011444
121 3.46600008011
122 3.44000005722
123 3.40400004387
124 3.40100002289
125 3.39100003242
126 3.42199993134
127 3.45000004768
128 3.49099993706
129 3.51600003242
130 3.56200003624
131 3.61800003052
132 3.66300010681
133 4.03399991989
134 4.06500005722
135 4.07499980927
136 4.10300016403
137 4.15799999237
138 4.18200016022
139 4.21099996567
140 4.25099992752
141 4.27500009537
142 4.32100009918
143 4.33099985123
144 4.35799980164
145 4.42100000381
146 4.46299982071
147 4.48000001907
148 4.49700021744
149 4.54300022125
150 4.55700016022
151 4.20100021362
152 4.29600000381
153 4.58300018311
154 3.27200007439
155 3.40799999237
156 4.70200014114
157 4.59399986267
158 4.55999994278
159 4.80399990082
160 4.83599996567
161 4.85300016403
162 4.89300012589
163 4.92600011826
164 4.96099996567
165 4.98600006104
166 5.01200008392
167 5.03200006485
168 3.16499996185
169 3.23200011253
170 3.36899995804
171 4.10599994659
172 4.91499996185
173 4.882999897
174 4.84399986267
175 4.83400011063
176 4.81599998474
177 4.80800008774
178 4.83300018311
179 4.83599996567
180 4.86899995804
181 4.90399980545
182 4.8220000267
183 5.3060002327
184 5.45399999619
185 5.48099994659
186 5.49599981308
187 5.51499986649
188 4.58699989319
189 4.5720000267
190 5.55999994278
191 5.59299993515
192 3.63599991798
193 3.52900004387
194 4.07899999619
195 4.05800008774
196 5.69199991226
197 5.71000003815
198 5.73199987411
199 5.76200008392
200 5.76399993896
201 5.79799985886
202 5.8189997673
203 5.82899999619
204 5.84800004959
205 5.86199998856
206 5.87200021744
207 5.88899993896
208 5.88199996948
209 5.89799976349
210 5.92000007629
211 5.93699979782
212 5.96199989319
213 5.97499990463
214 5.98500013351
215 5.99599981308
216 6.02299976349
217 6.04300022125
218 6.06599998474
219 6.0720000267
220 6.06599998474
221 6.09100008011
222 6.07899999619
223 6.09700012207
224 6.09100008011
225 6.09899997711
226 6.10799980164
227 6.13500022888
228 6.13000011444
229 6.12099981308
230 6.15999984741
231 6.17100000381
232 6.17500019073
233 6.17100000381
234 6.20699977875
235 6.22100019455
236 6.22300004959
237 6.22700023651
238 6.242000103
239 6.21700000763
240 6.21999979019
241 6.22300004959
242 6.22300004959
243 6.21400022507
244 6.23299980164
245 6.23099994659
246 6.22700023651
247 6.25199985504
248 6.25400018692
249 6.25400018692
250 6.23600006104
251 6.26300001144
252 6.2610001564
253 6.28299999237
254 6.26399993896
255 6.27799987793
256 6.26599979401
257 6.26900005341
258 6.2610001564
259 6.21600008011
260 6.23199987411
261 6.23199987411
262 6.23400020599
263 6.20499992371
264 6.22599983215
265 6.2389998436
266 6.22200012207
267 6.23799991608
268 6.23000001907
269 6.20900011063
270 6.20800018311
271 6.21199989319
272 6.20800018311
273 6.14499998093
274 5.84600019455
275 5.80200004578
276 5.73699998856
277 5.73799991608
278 5.72399997711
279 5.70699977875
280 5.7389998436
281 5.77299976349
282 5.79500007629
283 5.96099996567
284 6.09399986267
285 6.06500005722
286 6.05200004578
287 6.05000019073
288 6.03599977493
289 6.04899978638
290 6.03100013733
291 6.02299976349
292 5.99499988556
293 5.96899986267
294 5.95900011063
295 5.9359998703
296 5.90799999237
297 5.90000009537
298 5.90000009537
299 5.875
300 5.84700012207
301 5.84100008011
302 5.83199977875
303 5.82100009918
304 5.80200004578
305 5.8060002327
306 5.78499984741
307 5.75500011444
308 2.08500003815
309 2.07899999619
310 2.04200005531
311 2.04800009727
312 2.03200006485
313 2.02699995041
314 2.02699995041
315 2.01999998093
316 2.04600000381
317 2.02800011635
318 2.03299999237
319 2.03200006485
320 2.01399993896
321 2.01099991798
322 2.00900006294
323 2.00999999046
324 2.03200006485
325 2.03399991989
326 2.01900005341
327 2.09200000763
328 2.48900008202
329 2.36500000954
330 2.18400001526
331 2.18000006676
332 2.17700004578
333 2.18700003624
334 2.26900005341
335 2.32100009918
336 2.31299996376
337 2.29999995232
338 2.28399991989
339 2.29299998283
340 2.32500004768
341 2.3069999218
342 2.22499990463
343 2.18499994278
344 2.18099999428
345 2.19899988174
346 2.21900010109
347 2.48000001907
348 2.48000001907
349 4.75
350 4.71500015259
351 4.67199993134
352 4.65199995041
353 4.61499977112
354 4.56500005722
355 4.5529999733
356 4.29899978638
357 4.35599994659
358 4.47200012207
359 4.45900011063
360 4.42100000381
361 4.42100000381
362 4.39599990845
363 4.33799982071
364 4.32700014114
365 4.27099990845
366 4.24700021744
367 4.21999979019
368 4.17999982834
369 4.15299987793
370 4.11499977112
371 4.07700014114
372 4.03000020981
373 4.00299978256
374 3.98799991608
375 3.9430000782
376 3.92600011826
377 3.88400006294
378 3.87199997902
379 3.84800004959
380 3.83599996567
381 3.71600008011
382 3.63400006294
383 3.60899996758
384 3.5569999218
385 3.50999999046
386 3.49900007248
387 3.45300006866
388 3.43099999428
389 3.3900001049
390 3.36400008202
391 3.34400010109
392 3.30200004578
393 3.26600003242
394 3.26099991798
395 3.26399993896
396 3.30500006676
397 3.32699990273
398 3.35199999809
399 3.40700006485
400 3.43600010872
401 3.48300004005
402 3.51099991798
403 3.55599999428
404 3.60599994659
405 3.6400001049
406 3.68099999428
407 3.70799994469
408 3.74399995804
409 3.79699993134
410 3.82500004768
411 3.88800001144
412 3.91799998283
413 4.00400018692
414 4.06300020218
415 4.11100006104
416 4.16400003433
417 4.25500011444
418 4.31199979782
419 4.38100004196
420 4.44999980927
421 4.52299976349
422 4.60099983215
423 4.65199995041
424 4.72399997711
425 4.80200004578
426 4.90999984741
427 5.01599979401
428 5.11800003052
429 5.21799993515
430 5.31799983978
431 5.41499996185
432 5.53599977493
433 5.65799999237
434 5.77500009537
435 5.88000011444
436 6.02400016785
437 6.16200017929
438 6.32700014114
439 6.47599983215
440 6.50199985504
441 6.59899997711
442 6.44799995422
443 3.07699990273
444 3.05399990082
445 3.05399990082
446 3.03699994087
447 3.02500009537
448 3.01699995995
449 2.99399995804
450 2.99699997902
451 2.98699998856
452 2.99000000954
453 2.97499990463
454 2.99900007248
455 2.96199989319
456 2.97399997711
457 2.96099996567
458 2.96099996567
459 2.95900011063
460 2.9470000267
461 2.95300006866
462 2.95600008965
463 2.92600011826
464 2.9279999733
465 2.92300009727
466 2.92700004578
467 2.9279999733
468 2.92000007629
469 2.91799998283
470 2.65799999237
471 2.64100003242
472 2.64899992943
473 2.64800000191
474 0.945999979973
475 0.714999973774
476 0.708000004292
477 0.915000021458
478 2.65100002289
479 2.65000009537
480 2.64800000191
481 2.63700008392
482 2.65799999237
483 2.63199996948
484 2.65700006485
485 2.61800003052
486 2.40599989891
487 2.35199999809
488 2.33999991417
489 2.52399992943
490 2.84299993515
491 2.92100000381
492 2.9430000782
493 2.9470000267
494 2.93700003624
495 2.94400000572
496 2.9509999752
497 2.97000002861
498 2.96199989319
499 2.95199990273
500 1.21500003338
501 1.25100004673
502 1.1590000391
503 1.13300001621
504 1.13699996471
505 1.12699997425
506 1.12699997425
507 1.13499999046
508 1.1590000391
509 1.18200004101
510 1.21300005913
511 1.21899998188
512 1.2159999609
513 1.21300005913
514 1.22599995136
515 1.22300004959
516 1.33899998665
517 1.52600002289
518 3.11999988556
519 3.11899995804
520 3.14499998093
521 3.13899993896
522 3.14599990845
523 3.17899990082
524 0.925999999046
525 0.908999979496
526 0.921000003815
527 1.08000004292
528 1.08200001717
529 1.07500004768
530 1.08099997044
531 1.07899999619
532 1.08000004292
533 1.05799996853
534 1.0870000124
535 1.09800004959
536 1.14600002766
537 1.14999997616
538 1.1590000391
539 1.15600001812
540 3.53900003433
