0 4.52099990845
1 4.41400003433
2 4.42600011826
3 4.45599985123
4 4.52899980545
5 4.64400005341
6 4.67600011826
7 4.6970000267
8 4.75
9 4.75199985504
10 4.79600000381
11 4.81699991226
12 4.85799980164
13 4.88199996948
14 4.92600011826
15 4.9359998703
16 4.84899997711
17 4.84600019455
18 4.86999988556
19 4.95900011063
20 5.132999897
21 5.1890001297
22 5.22499990463
23 5.27099990845
24 5.3060002327
25 5.36100006104
26 5.40799999237
27 5.45499992371
28 5.492000103
29 5.54400014877
30 5.58900022507
31 5.64499998093
32 5.65299987793
33 0.0
34 17.1459999084
35 17.1499996185
36 17.1410007477
37 0.0
38 0.0
39 0.0
40 17.2290000916
41 17.188999176
42 17.0540008545
43 17.0170001984
44 16.5170001984
45 16.5349998474
46 16.5200004578
47 13.1619997025
48 13.0830001831
49 12.3319997787
50 11.9530000687
51 11.5850000381
52 11.6210002899
53 11.6309995651
54 11.638999939
55 11.345000267
56 11.0080003738
57 10.468000412
58 10.107000351
59 8.32699966431
60 8.35499954224
61 8.21000003815
62 7.88999986649
63 7.64499998093
64 7.4470000267
65 7.24499988556
66 7.06599998474
67 6.90100002289
68 6.79600000381
69 6.78499984741
70 6.80100011826
71 6.82999992371
72 6.85200023651
73 6.86499977112
74 6.78100013733
75 6.63500022888
76 6.507999897
77 6.38399982452
78 6.27400016785
79 6.14699983597
80 5.23699998856
81 4.96000003815
82 4.84299993515
83 4.77099990845
84 4.67299985886
85 4.60699987411
86 4.54400014877
87 4.48699998856
88 4.41599988937
89 4.33900022507
90 4.26700019836
91 4.21299982071
92 4.16499996185
93 4.08900022507
94 4.04400014877
95 3.97600007057
96 3.93400001526
97 3.88800001144
98 3.84200000763
99 3.8069999218
100 3.77099990845
101 3.77500009537
102 3.81100010872
103 3.84899997711
104 3.87599992752
105 3.89100003242
106 3.93799996376
107 3.94899988174
108 3.92000007629
109 3.86100006104
110 3.83500003815
111 3.79399991035
112 3.75900006294
113 3.72499990463
114 3.69199991226
115 3.66199994087
116 3.62299990654
117 3.59400010109
118 3.56699991226
119 3.52999997139
120 3.49399995804
121 3.45700001717
122 3.43799996376
123 3.41300010681
124 3.40300011635
125 3.39800000191
126 3.41400003433
127 3.43700003624
128 3.49399995804
129 3.53500008583
130 3.57500004768
131 3.6099998951
132 3.67000007629
133 4.03000020981
134 4.0689997673
135 4.09200000763
136 4.09800004959
137 4.15100002289
138 4.15600013733
139 4.21099996567
140 4.24100017548
141 4.29500007629
142 4.30999994278
143 4.35699987411
144 4.37099981308
145 4.41699981689
146 4.45599985123
147 4.48299980164
148 4.50899982452
149 4.51399993896
150 4.54799985886
151 4.19899988174
152 4.28000020981
153 4.60599994659
154 3.25900006294
155 3.43300008774
156 4.71700000763
157 4.59999990463
158 4.57100009918
159 4.8029999733
160 4.82600021362
161 4.85400009155
162 4.90600013733
163 4.92999982834
164 4.96700000763
165 4.99900007248
166 5.01999998093
167 5.03700017929
168 3.14499998093
169 3.2349998951
170 3.35599994659
171 4.10599994659
172 4.91300010681
173 4.882999897
174 4.83500003815
175 4.83799982071
176 4.8189997673
177 4.83599996567
178 4.82999992371
179 4.85799980164
180 4.86800003052
181 4.88899993896
182 4.82499980927
183 5.30900001526
184 5.46199989319
185 5.48600006104
186 5.49800014496
187 5.50199985504
188 4.58099985123
189 4.58300018311
190 5.5640001297
191 5.59399986267
192 3.63400006294
193 3.51900005341
194 4.08599996567
195 4.03999996185
196 5.71099996567
197 5.70300006866
198 5.71400022507
199 5.75
200 5.76700019836
201 5.80200004578
202 5.80900001526
203 5.83300018311
204 5.83900022507
205 5.84899997711
206 5.86600017548
207 5.88199996948
208 5.882999897
209 5.89400005341
210 5.92199993134
211 5.94199991226
212 5.95399999619
213 5.96799993515
214 5.98099994659
215 5.98099994659
216 6.00099992752
217 6.02500009537
218 6.05399990082
219 6.07800006866
220 6.06199979782
221 6.08900022507
222 6.08099985123
223 6.08900022507
224 6.10300016403
225 6.09999990463
226 6.11800003052
227 6.11899995804
228 6.12400007248
229 6.14699983597
230 6.15899991989
231 6.15799999237
232 6.15399980545
233 6.17999982834
234 6.18200016022
235 6.20399999619
236 6.23400020599
237 6.22200012207
238 6.22900009155
239 6.22700023651
240 6.21899986267
241 6.21299982071
242 6.24900007248
243 6.242000103
244 6.22700023651
245 6.24399995804
246 6.25099992752
247 6.2389998436
248 6.25400018692
249 6.25099992752
250 6.24499988556
251 6.26200008392
252 6.2610001564
253 6.26599979401
254 6.25899982452
255 6.28100013733
256 6.25
257 6.2389998436
258 6.26499986649
259 6.23600006104
260 6.24399995804
261 6.22900009155
262 6.24900007248
263 6.21899986267
264 6.24599981308
265 6.21600008011
266 6.21299982071
267 6.20399999619
268 6.21500015259
269 6.21400022507
270 6.21099996567
271 6.20800018311
272 6.19999980927
273 6.14300012589
274 5.84600019455
275 5.77799987793
276 5.75299978256
277 5.74499988556
278 5.71899986267
279 5.72100019455
280 5.742000103
281 5.77099990845
282 5.81500005722
283 5.95499992371
284 6.07999992371
285 6.08300018311
286 6.06500005722
287 6.05700016022
288 6.04199981689
289 6.05900001526
290 6.02500009537
291 6.01499986649
292 5.9889998436
293 5.95699977875
294 5.94799995422
295 5.93800020218
296 5.9279999733
297 5.91099977493
298 5.87799978256
299 5.88199996948
300 5.85799980164
301 5.83900022507
302 5.82600021362
303 5.8189997673
304 5.80200004578
305 5.80800008774
306 5.77799987793
307 5.77500009537
308 2.05800008774
309 2.07100009918
310 2.03600001335
311 2.03500008583
312 2.04699993134
313 2.04299998283
314 2.02500009537
315 2.03999996185
316 2.01999998093
317 2.01399993896
318 2.01600003242
319 2.01600003242
320 2.02800011635
321 2.00900006294
322 2.01300001144
323 2.01799988747
324 2.00999999046
325 2.01999998093
326 2.03500008583
327 2.09500002861
328 2.46600008011
329 2.3710000515
330 2.19899988174
331 2.16300010681
332 2.1740000248
333 2.16100001335
334 2.27600002289
335 2.34599995613
336 2.31500005722
337 2.31500005722
338 2.30800008774
339 2.31999993324
340 2.3069999218
341 2.31100010872
342 2.22799992561
343 2.17700004578
344 2.1740000248
345 2.20000004768
346 2.22000002861
347 2.48399996758
348 2.4849998951
349 4.74100017548
350 4.69899988174
351 4.66900014877
352 4.64400005341
353 4.6139998436
354 4.59299993515
355 4.5689997673
356 4.3060002327
357 4.36100006104
358 4.48400020599
359 4.44000005722
360 4.44199991226
361 4.41200017929
362 4.39400005341
363 4.35200023651
364 4.33400011063
365 4.29300022125
366 4.25199985504
367 4.20699977875
368 4.15500020981
369 4.12300014496
370 4.1139998436
371 4.07000017166
372 4.04899978638
373 4.01700019836
374 3.98600006104
375 3.96900010109
376 3.92600011826
377 3.89400005341
378 3.88400006294
379 3.83899998665
380 3.81500005722
381 3.72000002861
382 3.64599990845
383 3.59899997711
384 3.56200003624
385 3.51999998093
386 3.49300003052
387 3.46199989319
388 3.40599989891
389 3.38899993896
390 3.36400008202
391 3.34400010109
392 3.31599998474
393 3.28500008583
394 3.26399993896
395 3.26699995995
396 3.29800009727
397 3.3180000782
398 3.37199997902
399 3.41000008583
400 3.44600009918
401 3.47399997711
402 3.51799988747
403 3.57399988174
404 3.59100008011
405 3.62599992752
406 3.67499995232
407 3.72300004959
408 3.72499990463
409 3.78399991989
410 3.82500004768
411 3.88000011444
412 3.91599988937
413 3.99099993706
414 4.03599977493
415 4.1139998436
416 4.19899988174
417 4.22599983215
418 4.30700016022
419 4.35300016403
420 4.45699977875
421 4.52099990845
422 4.59000015259
423 4.64099979401
424 4.73400020599
425 4.81799983978
426 4.91300010681
427 5.01000022888
428 5.11600017548
429 5.20200014114
430 5.30499982834
431 5.42399978638
432 5.51200008392
433 5.64099979401
434 5.76000022888
435 5.88899993896
436 6.01700019836
437 6.15600013733
438 6.31599998474
439 6.48199987411
440 6.5110001564
441 6.61499977112
442 6.4390001297
443 3.07699990273
444 3.03999996185
445 3.02900004387
446 3.02900004387
447 3.03500008583
448 3.02200007439
449 3.00200009346
450 2.99399995804
451 2.99000000954
452 3.00099992752
453 2.98900008202
454 2.9849998951
455 2.98600006104
456 2.98200011253
457 2.95399999619
458 2.96099996567
459 2.96000003815
460 2.9430000782
461 2.94000005722
462 2.93600010872
463 2.93799996376
464 2.9430000782
465 2.93300008774
466 2.92300009727
467 2.94099998474
468 2.93499994278
469 2.90199995041
470 2.67199993134
471 2.6210000515
472 2.63899993896
473 2.64899992943
474 0.941999971867
475 0.695999979973
476 0.707000017166
477 0.916999995708
478 2.65000009537
479 2.64599990845
480 2.62400007248
481 2.65499997139
482 2.65599989891
483 2.66199994087
484 2.66199994087
485 2.66000008583
486 2.40100002289
487 2.32699990273
488 2.34400010109
489 2.5150001049
490 2.82800006866
491 2.93000006676
492 2.93700003624
493 2.94499993324
494 2.94499993324
495 1.91600000858
496 1.3710000515
497 1.27499997616
498 1.2539999485
499 1.22200000286
500 1.2460000515
501 1.24899995327
502 1.22899997234
503 1.24500000477
504 1.25899994373
505 1.24399995804
506 1.2539999485
507 1.26300001144
508 1.27100002766
509 1.20899999142
510 1.16700005531
511 1.16499996185
512 1.15499997139
513 1.12000000477
514 1.13399994373
515 1.11500000954
516 1.13699996471
517 1.13199996948
518 1.11000001431
519 1.125
520 1.13600003719
521 1.14600002766
522 1.14600002766
523 1.26400005817
524 0.929000020027
525 0.898999989033
526 0.924000024796
527 0.933000028133
528 3.03900003433
529 2.98399996758
530 2.9319999218
531 2.87199997902
532 2.82899999619
533 2.77300000191
534 2.742000103
535 2.70700001717
536 2.95799994469
537 2.92499995232
538 0.0
539 0.0
540 0.0
