0 4.51900005341
1 4.4310002327
2 4.44600009918
3 4.46899986267
4 4.50500011444
5 4.64200019836
6 4.66800022125
7 4.71700000763
8 4.74399995804
9 4.76300001144
10 4.80200004578
11 4.8220000267
12 4.86199998856
13 4.89799976349
14 4.91300010681
15 4.92899990082
16 4.83300018311
17 4.84999990463
18 4.88800001144
19 4.96199989319
20 5.1360001564
21 5.18400001526
22 5.22100019455
23 5.26399993896
24 5.31300020218
25 5.34999990463
26 5.40700006485
27 5.44000005722
28 5.49900007248
29 5.53900003433
30 5.58699989319
31 5.65399980545
32 5.66499996185
33 0.0
34 17.1439990997
35 17.1350002289
36 17.1529998779
37 0.0
38 0.0
39 0.0
40 17.2290000916
41 17.1599998474
42 17.0559997559
43 17.0100002289
44 16.5230007172
45 16.5419998169
46 16.513999939
47 13.1599998474
48 13.0780000687
49 12.3219995499
50 11.9460000992
51 11.5799999237
52 11.5869998932
53 11.6239995956
54 11.6219997406
55 11.3330001831
56 10.9969997406
57 10.4600000381
58 10.109000206
59 8.36299991608
60 8.32800006866
61 8.19499969482
62 7.90000009537
63 7.63700008392
64 7.43800020218
65 7.24599981308
66 7.0609998703
67 6.90199995041
68 6.78599977493
69 6.77699995041
70 6.80900001526
71 6.81500005722
72 6.85500001907
73 6.85400009155
74 6.79899978638
75 6.63000011444
76 6.50600004196
77 6.37900018692
78 6.257999897
79 6.14900016785
80 5.21999979019
81 4.96600008011
82 4.84600019455
83 4.76700019836
84 4.68499994278
85 4.58900022507
86 4.53200006485
87 4.47800016403
88 4.382999897
89 4.31599998474
90 4.28200006485
91 4.22200012207
92 4.15299987793
93 4.10699987411
94 4.04400014877
95 3.98799991608
96 3.92899990082
97 3.88700008392
98 3.84599995613
99 3.80500006676
100 3.75200009346
101 3.79299998283
102 3.8259999752
103 3.84800004959
104 3.86500000954
105 3.91700005531
106 3.94199991226
107 3.93400001526
108 3.91300010681
109 3.8599998951
110 3.84299993515
111 3.80800008774
112 3.7650001049
113 3.73300004005
114 3.69099998474
115 3.65300011635
116 3.6289999485
117 3.59299993515
118 3.56599998474
119 3.53099989891
120 3.49000000954
121 3.47000002861
122 3.44899988174
123 3.41799998283
124 3.40000009537
125 3.39299988747
126 3.4240000248
127 3.45300006866
128 3.50099992752
129 3.50999999046
130 3.55800008774
131 3.60299992561
132 3.67100000381
133 4.01999998093
134 4.05100011826
135 4.07299995422
136 4.125
137 4.15999984741
138 4.1939997673
139 4.21400022507
140 4.25600004196
141 4.26599979401
142 4.31500005722
143 4.32399988174
144 4.37300014496
145 4.41499996185
146 4.45599985123
147 4.48299980164
148 4.48600006104
149 4.52099990845
150 4.54799985886
151 4.20100021362
152 4.29199981689
153 4.59299993515
154 3.25500011444
155 3.40300011635
156 4.71799993515
157 4.61199998856
158 4.5720000267
159 4.79799985886
160 4.84299993515
161 4.85500001907
162 4.89099979401
163 4.92199993134
164 4.96400022507
165 4.99499988556
166 5.01800012589
167 5.03999996185
168 3.13199996948
169 3.22900009155
170 3.3710000515
171 4.09100008011
172 4.91300010681
173 4.867000103
174 4.85699987411
175 4.83599996567
176 4.8140001297
177 4.81300020218
178 4.82399988174
179 4.84600019455
180 4.86299991608
181 4.89499998093
182 4.81300020218
183 5.3220000267
184 5.46199989319
185 5.48500013351
186 5.48500013351
187 5.51900005341
188 4.58400011063
189 4.5720000267
190 5.5560002327
191 5.59600019455
192 3.63599991798
193 3.52300000191
194 4.07299995422
195 4.05499982834
196 5.70399999619
197 5.70200014114
198 5.73000001907
199 5.75500011444
200 5.76599979401
201 5.79099988937
202 5.81300020218
203 5.83199977875
204 5.84700012207
205 5.85799980164
206 5.86100006104
207 5.87900018692
208 5.89699983597
209 5.91099977493
210 5.91699981689
211 5.93800020218
212 5.94500017166
213 5.98000001907
214 5.98600006104
215 5.99900007248
216 6.00699996948
217 6.01499986649
218 6.06199979782
219 6.07100009918
220 6.06799983978
221 6.09100008011
222 6.09600019455
223 6.10200023651
224 6.10099983215
225 6.11499977112
226 6.09600019455
227 6.11499977112
228 6.1360001564
229 6.14300012589
230 6.1360001564
231 6.17299985886
232 6.18499994278
233 6.19299983978
234 6.19600009918
235 6.21899986267
236 6.21500015259
237 6.22300004959
238 6.22900009155
239 6.21799993515
240 6.23099994659
241 6.22599983215
242 6.22100019455
243 6.21899986267
244 6.24900007248
245 6.24399995804
246 6.24399995804
247 6.23099994659
248 6.257999897
249 6.24399995804
250 6.26300001144
251 6.23600006104
252 6.24700021744
253 6.2610001564
254 6.28100013733
255 6.27199983597
256 6.26599979401
257 6.25899982452
258 6.26000022888
259 6.24700021744
260 6.24399995804
261 6.22800016403
262 6.23199987411
263 6.22599983215
264 6.22300004959
265 6.21899986267
266 6.22700023651
267 6.20900011063
268 6.21099996567
269 6.21000003815
270 6.21899986267
271 6.22599983215
272 6.1890001297
273 6.132999897
274 5.84700012207
275 5.78900003433
276 5.76700019836
277 5.74399995804
278 5.71700000763
279 5.71799993515
280 5.74599981308
281 5.74900007248
282 5.80800008774
283 5.94000005722
284 6.08699989319
285 6.08500003815
286 6.08099985123
287 6.05399990082
288 6.04099988937
289 6.03499984741
290 6.03700017929
291 6.02199983597
292 5.98799991608
293 5.97200012207
294 5.96400022507
295 5.93300008774
296 5.93300008774
297 5.90199995041
298 5.87200021744
299 5.867000103
300 5.86199998856
301 5.85099983215
302 5.82499980927
303 5.83300018311
304 5.80100011826
305 5.78900003433
306 5.78700017929
307 5.76300001144
308 2.0680000782
309 2.06200003624
310 2.06200003624
311 2.0529999733
312 2.04600000381
313 2.03900003433
314 2.01799988747
315 2.03399991989
316 2.02300000191
317 2.03200006485
318 2.01799988747
319 2.03500008583
320 2.00999999046
321 2.00900006294
322 2.01300001144
323 2.00900006294
324 2.01399993896
325 2.01300001144
326 2.02999997139
327 2.08500003815
328 2.47600007057
329 2.3180000782
330 2.20499992371
331 2.17300009727
332 2.16499996185
333 2.17700004578
334 2.29099988937
335 2.32100009918
336 2.31399989128
337 2.32899999619
338 2.28800010681
339 2.29800009727
340 2.29500007629
341 2.29600000381
342 2.22099995613
343 2.17300009727
344 2.17600011826
345 2.1970000267
346 2.22000002861
347 2.48699998856
348 2.46700000763
349 4.74499988556
350 4.71400022507
351 4.67600011826
352 4.65500020981
353 4.60799980164
354 4.59499979019
355 4.55800008774
356 4.3109998703
357 4.33799982071
358 4.47900009155
359 4.47100019455
360 4.44600009918
361 4.39799976349
362 4.39200019836
363 4.35500001907
364 4.32299995422
365 4.28999996185
366 4.22900009155
367 4.18400001526
368 4.16499996185
369 4.15600013733
370 4.11000013351
371 4.07700014114
372 4.05399990082
373 4.02699995041
374 3.97799992561
375 3.95399999619
376 3.93000006676
377 3.90400004387
378 3.86899995804
379 3.85400009155
380 3.83400011063
381 3.71799993515
382 3.63700008392
383 3.58299994469
384 3.57100009918
385 3.53299999237
386 3.492000103
387 3.44199991226
388 3.42199993134
389 3.39100003242
390 3.367000103
391 3.33599996567
392 3.30200004578
393 3.28200006485
394 3.26900005341
395 3.27699995041
396 3.28399991989
397 3.32699990273
398 3.36400008202
399 3.40700006485
400 3.4470000267
401 3.46199989319
402 3.50500011444
403 3.55900001526
404 3.58500003815
405 3.62700009346
406 3.68099999428
407 3.72499990463
408 3.74000000954
409 3.79299998283
410 3.82800006866
411 3.88599991798
412 3.94000005722
413 3.99499988556
414 4.0720000267
415 4.11800003052
416 4.18200016022
417 4.25
418 4.31300020218
419 4.37099981308
420 4.42399978638
421 4.52099990845
422 4.57899999619
423 4.65500020981
424 4.72800016403
425 4.8109998703
426 4.91200017929
427 5.01599979401
428 5.10200023651
429 5.21299982071
430 5.3109998703
431 5.40600013733
432 5.53200006485
433 5.64099979401
434 5.76200008392
435 5.88000011444
436 6.02099990845
437 6.15899991989
438 6.30499982834
439 6.46700000763
440 6.48699998856
441 6.61000013351
442 6.41400003433
443 3.09400010109
444 3.03900003433
445 3.03900003433
446 3.01600003242
447 3.00900006294
448 3.01699995995
449 3.0150001049
450 2.99499988556
451 2.98300004005
452 3.00099992752
453 2.97600007057
454 2.99000000954
455 2.96199989319
456 2.96199989319
457 2.95799994469
458 2.95300006866
459 2.9470000267
460 2.94600009918
461 2.9319999218
462 2.94499993324
463 2.94600009918
464 2.92700004578
465 2.92899990082
466 2.93799996376
467 2.92300009727
468 2.91199994087
469 2.92300009727
470 2.68899989128
471 2.6210000515
472 2.64100003242
473 2.62599992752
474 0.938000023365
475 0.707000017166
476 0.695999979973
477 0.913999974728
478 2.64599990845
479 2.62599992752
480 2.6400001049
481 2.64700007439
482 2.63400006294
483 2.64700007439
484 2.66199994087
485 2.65799999237
486 2.41700005531
487 2.34100008011
488 2.32399988174
489 2.51699995995
490 2.82100009918
491 2.93300008774
492 2.92600011826
493 2.94899988174
494 2.94199991226
495 2.96499991417
496 2.94400000572
497 2.95700001717
498 2.95399999619
499 2.97600007057
500 2.97699999809
501 1.43700003624
502 1.22399997711
503 1.11099994183
504 1.11899995804
505 1.13100004196
506 1.12000000477
507 1.11800003052
508 1.13900005817
509 1.14300000668
510 1.19099998474
511 1.17999994755
512 1.17100000381
513 1.18700003624
514 1.20299994946
515 1.22000002861
516 1.22899997234
517 1.39199995995
518 3.10400009155
519 3.11800003052
520 3.13100004196
521 3.15199995041
522 3.1400001049
523 3.16199994087
524 0.934000015259
525 0.90600001812
526 0.903999984264
527 1.12399995327
528 1.10300004482
529 1.08299994469
530 1.04799997807
531 1.0529999733
532 1.05799996853
533 1.06099998951
534 1.07700002193
535 1.06200003624
536 1.10300004482
537 1.13900005817
538 1.12199997902
539 1.12300002575
540 1.16199994087
