0 4.51700019836
1 4.42299985886
2 4.45100021362
3 4.46000003815
4 4.50899982452
5 4.64599990845
6 4.68499994278
7 4.70200014114
8 4.74499988556
9 4.76000022888
10 4.80100011826
11 4.84100008011
12 4.84800004959
13 4.88800001144
14 4.91699981689
15 4.92199993134
16 4.83500003815
17 4.84000015259
18 4.882999897
19 4.96500015259
20 5.14400005341
21 5.19299983978
22 5.21799993515
23 5.26000022888
24 5.29899978638
25 5.35400009155
26 5.40299987793
27 5.45599985123
28 5.50199985504
29 5.55100011826
30 5.60200023651
31 5.65899991989
32 5.64799976349
33 0.0
34 17.1590003967
35 17.138999939
36 17.1420001984
37 0.0
38 0.0
39 0.0
40 17.2259998322
41 17.1749992371
42 17.0559997559
43 16.9950008392
44 16.5200004578
45 16.5380001068
46 16.5300006866
47 13.1529998779
48 13.0799999237
49 12.3260002136
50 11.9359998703
51 11.5850000381
52 11.5920000076
53 11.6169996262
54 11.626999855
55 11.3299999237
56 10.9849996567
57 10.4639997482
58 10.1190004349
59 8.34899997711
60 8.33199977875
61 8.20600032806
62 7.92600011826
63 7.63199996948
64 7.44199991226
65 7.242000103
66 7.05399990082
67 6.90000009537
68 6.79400014877
69 6.77799987793
70 6.80900001526
71 6.83300018311
72 6.85500001907
73 6.87099981308
74 6.78700017929
75 6.64200019836
76 6.51999998093
77 6.37799978256
78 6.28000020981
79 6.13899993896
80 5.23400020599
81 4.95900011063
82 4.84100008011
83 4.76999998093
84 4.6810002327
85 4.60599994659
86 4.55000019073
87 4.47100019455
88 4.41400003433
89 4.30800008774
90 4.27099990845
91 4.20900011063
92 4.17000007629
93 4.10799980164
94 4.03100013733
95 3.99300003052
96 3.9430000782
97 3.89800000191
98 3.82999992371
99 3.79800009727
100 3.75
101 3.77399992943
102 3.82299995422
103 3.85599994659
104 3.88800001144
105 3.91599988937
106 3.94000005722
107 3.94799995422
108 3.91599988937
109 3.86100006104
110 3.82500004768
111 3.8069999218
112 3.77399992943
113 3.73099994659
114 3.6779999733
115 3.66599988937
116 3.62299990654
117 3.59899997711
118 3.56200003624
119 3.53500008583
120 3.50699996948
121 3.45199990273
122 3.43099999428
123 3.42100000381
124 3.40899991989
125 3.38199996948
126 3.43499994278
127 3.45300006866
128 3.48399996758
129 3.51399993896
130 3.56500005722
131 3.60599994659
132 3.65799999237
133 4.03399991989
134 4.05200004578
135 4.07800006866
136 4.10200023651
137 4.15000009537
138 4.18400001526
139 4.22499990463
140 4.257999897
141 4.28399991989
142 4.32700014114
143 4.34100008011
144 4.36299991608
145 4.42000007629
146 4.45699977875
147 4.48000001907
148 4.51200008392
149 4.51900005341
150 4.54500007629
151 4.21299982071
152 4.27299976349
153 4.58799982071
154 3.24900007248
155 3.40400004387
156 4.72200012207
157 4.59899997711
158 4.5689997673
159 4.80200004578
160 4.82700014114
161 4.86600017548
162 4.89599990845
163 4.92399978638
164 4.95599985123
165 4.992000103
166 5.02500009537
167 5.04500007629
168 3.14700007439
169 3.23000001907
170 3.36500000954
171 4.08799982071
172 4.92000007629
173 4.87200021744
174 4.85300016403
175 4.83099985123
176 4.83099985123
177 4.8109998703
178 4.82399988174
179 4.85599994659
180 4.87200021744
181 4.90700006485
182 4.83099985123
183 5.30900001526
184 5.47200012207
185 5.46700000763
186 5.50199985504
187 5.51000022888
188 4.61100006104
189 4.55800008774
190 5.55800008774
191 5.59700012207
192 3.63499999046
193 3.51600003242
194 4.05700016022
195 4.04099988937
196 5.69199991226
197 5.72200012207
198 5.72200012207
199 5.75899982452
200 5.77899980545
201 5.79600000381
202 5.82700014114
203 5.83099985123
204 5.84999990463
205 5.8639998436
206 5.86199998856
207 5.88999986649
208 5.87799978256
209 5.90100002289
210 5.92600011826
211 5.93300008774
212 5.94899988174
213 5.97300004959
214 5.99100017548
215 6.007999897
216 6.01700019836
217 6.02600002289
218 6.03499984741
219 6.07999992371
220 6.07899999619
221 6.09499979019
222 6.08799982071
223 6.10500001907
224 6.10900020599
225 6.09800004959
226 6.12200021744
227 6.11499977112
228 6.14300012589
229 6.14599990845
230 6.15600013733
231 6.17299985886
232 6.18699979782
233 6.19600009918
234 6.19099998474
235 6.19500017166
236 6.21700000763
237 6.22300004959
238 6.24100017548
239 6.22200012207
240 6.2389998436
241 6.22399997711
242 6.22200012207
243 6.21600008011
244 6.21999979019
245 6.21899986267
246 6.2389998436
247 6.24700021744
248 6.24300003052
249 6.24900007248
250 6.26700019836
251 6.26000022888
252 6.26200008392
253 6.25500011444
254 6.25400018692
255 6.26800012589
256 6.25299978256
257 6.257999897
258 6.23699998856
259 6.23699998856
260 6.24700021744
261 6.23199987411
262 6.23600006104
263 6.20499992371
264 6.22300004959
265 6.21799993515
266 6.21600008011
267 6.23400020599
268 6.22800016403
269 6.20900011063
270 6.20699977875
271 6.20900011063
272 6.20200014114
273 6.1360001564
274 5.84399986267
275 5.78100013733
276 5.76399993896
277 5.71700000763
278 5.71999979019
279 5.73299980164
280 5.73999977112
281 5.77699995041
282 5.82000017166
283 5.94199991226
284 6.07499980927
285 6.07800006866
286 6.07399988174
287 6.07000017166
288 6.04300022125
289 6.05499982834
290 6.01300001144
291 6.00899982452
292 5.99700021744
293 5.98299980164
294 5.96400022507
295 5.94999980927
296 5.91699981689
297 5.90299987793
298 5.89900016785
299 5.88100004196
300 5.85699987411
301 5.84499979019
302 5.84499979019
303 5.82399988174
304 5.8189997673
305 5.79300022125
306 5.78200006485
307 5.76599979401
308 2.07299995422
309 2.08800005913
310 2.05399990082
311 2.05599999428
312 2.03399991989
313 2.04600000381
314 2.03600001335
315 2.02200007439
316 2.01900005341
317 2.0150001049
318 2.02800011635
319 2.007999897
320 2.01699995995
321 2.02399992943
322 2.03200006485
323 2.01799988747
324 2.03200006485
325 2.00500011444
326 2.02999997139
327 2.08699989319
328 2.48200011253
329 2.35599994659
330 2.20700001717
331 2.18600010872
332 2.1779999733
333 2.18499994278
334 2.28600001335
335 2.32399988174
336 2.31900000572
337 2.32800006866
338 2.31699991226
339 2.28399991989
340 2.29699993134
341 2.31100010872
342 2.2009999752
343 2.17899990082
344 2.1819999218
345 2.17100000381
346 2.22399997711
347 2.48300004005
348 2.48699998856
349 4.75099992752
350 4.70200014114
351 4.6810002327
352 4.64699983597
353 4.61199998856
354 4.60099983215
355 4.55800008774
356 4.32700014114
357 4.34499979019
358 4.46899986267
359 4.4470000267
360 4.44899988174
361 4.42399978638
362 4.38800001144
363 4.35300016403
364 4.32999992371
365 4.26499986649
366 4.23500013351
367 4.21700000763
368 4.15000009537
369 4.15299987793
370 4.09700012207
371 4.07600021362
372 4.05000019073
373 4.02099990845
374 3.99000000954
375 3.96799993515
376 3.9279999733
377 3.90300011635
378 3.85599994659
379 3.85400009155
380 3.81999993324
381 3.72000002861
382 3.63800001144
383 3.59800004959
384 3.5529999733
385 3.53200006485
386 3.49799990654
387 3.45900011063
388 3.44099998474
389 3.382999897
390 3.36899995804
391 3.32800006866
392 3.32100009918
393 3.28999996185
394 3.257999897
395 3.25200009346
396 3.3069999218
397 3.30900001526
398 3.35599994659
399 3.40300011635
400 3.4509999752
401 3.47300004959
402 3.51300001144
403 3.54399991035
404 3.59999990463
405 3.6400001049
406 3.66599988937
407 3.71499991417
408 3.74000000954
409 3.79500007629
410 3.83800005913
411 3.89599990845
412 3.93899989128
413 3.99799990654
414 4.05000019073
415 4.10599994659
416 4.17999982834
417 4.23000001907
418 4.30999994278
419 4.38399982452
420 4.44500017166
421 4.50600004196
422 4.58300018311
423 4.66800022125
424 4.7389998436
425 4.80499982834
426 4.91499996185
427 5.01399993896
428 5.11000013351
429 5.21099996567
430 5.31500005722
431 5.41099977493
432 5.51599979401
433 5.63800001144
434 5.75899982452
435 5.8860001564
436 6.03499984741
437 6.15999984741
438 6.3220000267
439 6.48000001907
440 6.492000103
441 6.59399986267
442 6.44999980927
443 3.08899998665
444 3.03399991989
445 3.02699995041
446 3.04399991035
447 3.01999998093
448 3.02399992943
449 3.0039999485
450 3.0
451 2.99099993706
452 2.97900009155
453 2.97300004959
454 2.98799991608
455 2.97900009155
456 2.97000002861
457 2.95700001717
458 2.96799993515
459 2.97099995613
460 2.96600008011
461 2.93499994278
462 2.93499994278
463 2.9430000782
464 2.9279999733
465 2.93700003624
466 2.9240000248
467 2.92499995232
468 2.92100000381
469 2.91400003433
470 2.67100000381
471 2.6210000515
472 2.64199995995
473 2.63800001144
474 0.950999975204
475 0.708000004292
476 0.702000021935
477 0.926999986172
478 2.66400003433
479 2.64400005341
480 2.65100002289
481 2.64700007439
482 2.64800000191
483 2.64899992943
484 2.64299988747
485 2.625
486 2.42100000381
487 2.33999991417
488 2.34100008011
489 2.52999997139
490 2.83599996567
491 2.93400001526
492 2.92899990082
493 2.93300008774
494 2.9430000782
495 2.9430000782
496 2.95499992371
497 2.96499991417
498 2.96900010109
499 2.97099995613
500 1.25699996948
501 1.26100003719
502 1.15499997139
503 1.14900004864
504 1.12000000477
505 1.12300002575
506 1.12300002575
507 1.13800001144
508 1.14900004864
509 1.18299996853
510 1.20000004768
511 1.20899999142
512 1.21500003338
513 1.22200000286
514 1.23399996758
515 1.24500000477
516 1.33299994469
517 1.49100005627
518 3.12400007248
519 3.1099998951
520 3.117000103
521 3.15300011635
522 3.16599988937
523 3.16000008583
524 0.919000029564
525 0.912999987602
526 0.919000029564
527 1.12000000477
528 1.08399999142
529 1.07000005245
530 1.08200001717
531 1.07000005245
532 1.08500003815
533 1.08099997044
534 1.0870000124
535 1.10500001907
536 1.15400004387
537 1.14900004864
538 1.15199995041
539 1.16100001335
540 3.52800011635
