0 4.51499986649
1 4.44099998474
2 4.44799995422
3 4.47900009155
4 4.53900003433
5 4.64799976349
6 4.6779999733
7 4.69999980927
8 4.73000001907
9 4.76800012589
10 4.80999994278
11 4.83199977875
12 4.84999990463
13 4.89900016785
14 4.92100000381
15 4.93200016022
16 4.84100008011
17 4.86199998856
18 4.88500022888
19 4.97300004959
20 5.15199995041
21 5.18800020218
22 5.22700023651
23 5.26999998093
24 5.31699991226
25 5.35799980164
26 5.40500020981
27 5.44799995422
28 5.50400018692
29 5.55399990082
30 5.60400009155
31 5.65799999237
32 5.64599990845
33 0.0
34 17.1609992981
35 17.1329994202
36 17.142999649
37 0.0
38 0.0
39 0.0
40 17.2339992523
41 17.1620006561
42 17.0699996948
43 17.0060005188
44 16.5270004272
45 16.5499992371
46 16.5240001678
47 13.1739997864
48 13.1029996872
49 12.3319997787
50 11.9370002747
51 11.5869998932
52 11.607000351
53 11.642999649
54 11.6239995956
55 11.3549995422
56 11.0120000839
57 10.4670000076
58 10.1029996872
59 8.32400035858
60 8.33500003815
61 8.22200012207
62 7.92700004578
63 7.64699983597
64 7.45300006866
65 7.25099992752
66 7.0689997673
67 6.90799999237
68 6.79600000381
69 6.77299976349
70 6.79600000381
71 6.82899999619
72 6.84299993515
73 6.88399982452
74 6.80399990082
75 6.64900016785
76 6.52099990845
77 6.3860001564
78 6.26700019836
79 6.14699983597
80 5.21299982071
81 4.97200012207
82 4.86299991608
83 4.77199983597
84 4.67500019073
85 4.58500003815
86 4.54799985886
87 4.45300006866
88 4.41800022125
89 4.33500003815
90 4.28399991989
91 4.23500013351
92 4.17100000381
93 4.10599994659
94 4.03399991989
95 3.97199988365
96 3.91499996185
97 3.90100002289
98 3.82999992371
99 3.80599999428
100 3.77800011635
101 3.78800010681
102 3.83500003815
103 3.85199999809
104 3.86400008202
105 3.90000009537
106 3.94499993324
107 3.95399999619
108 3.90799999237
109 3.89199995995
110 3.86100006104
111 3.80100011826
112 3.76799988747
113 3.74099993706
114 3.68899989128
115 3.64400005341
116 3.62599992752
117 3.59500002861
118 3.56500005722
119 3.53299999237
120 3.50500011444
121 3.46199989319
122 3.44899988174
123 3.42300009727
124 3.41300010681
125 3.39599990845
126 3.42700004578
127 3.46300005913
128 3.50300002098
129 3.53800010681
130 3.57100009918
131 3.62299990654
132 3.68300008774
133 4.02699995041
134 4.06599998474
135 4.07600021362
136 4.13700008392
137 4.15999984741
138 4.1810002327
139 4.19999980927
140 4.25699996948
141 4.28200006485
142 4.32399988174
143 4.36499977112
144 4.39099979401
145 4.42299985886
146 4.46700000763
147 4.47200012207
148 4.50500011444
149 4.53100013733
150 4.54400014877
151 4.19799995422
152 4.29899978638
153 4.53499984741
154 3.29200005531
155 3.39499998093
156 4.71500015259
157 4.60300016403
158 4.55800008774
159 4.79099988937
160 4.84399986267
161 4.86100006104
162 4.89400005341
163 4.92700004578
164 4.96500015259
165 4.98799991608
166 5.00899982452
167 5.04199981689
168 3.17600011826
169 3.21600008011
170 3.36299991608
171 4.13199996948
172 4.92700004578
173 4.87599992752
174 4.84499979019
175 4.83300018311
176 4.82399988174
177 4.81599998474
178 4.84399986267
179 4.85900020599
180 4.86499977112
181 4.90600013733
182 4.83400011063
183 5.3140001297
184 5.46700000763
185 5.47599983215
186 5.48999977112
187 5.51700019836
188 4.60599994659
189 4.58099985123
190 5.56799983978
191 5.59100008011
192 3.63599991798
193 3.5150001049
194 4.09499979019
195 4.03599977493
196 5.6810002327
197 5.72100019455
198 5.74900007248
199 5.76000022888
200 5.80399990082
201 5.81300020218
202 5.80700016022
203 5.84200000763
204 5.84700012207
205 5.86800003052
206 5.8639998436
207 5.88000011444
208 5.88800001144
209 5.90299987793
210 5.91699981689
211 5.92999982834
212 5.94899988174
213 5.96600008011
214 5.98500013351
215 6.007999897
216 6.03900003433
217 6.03399991989
218 6.04699993134
219 6.06699991226
220 6.07899999619
221 6.09700012207
222 6.10400009155
223 6.10799980164
224 6.117000103
225 6.10099983215
226 6.10699987411
227 6.13500022888
228 6.12200021744
229 6.14799976349
230 6.1360001564
231 6.18200016022
232 6.16300010681
233 6.20100021362
234 6.19000005722
235 6.19799995422
236 6.22599983215
237 6.21999979019
238 6.23999977112
239 6.25600004196
240 6.23400020599
241 6.22599983215
242 6.22900009155
243 6.23199987411
244 6.22200012207
245 6.25500011444
246 6.23999977112
247 6.24399995804
248 6.25299978256
249 6.26399993896
250 6.26800012589
251 6.2610001564
252 6.25699996948
253 6.28399991989
254 6.28000020981
255 6.28800010681
256 6.28100013733
257 6.27099990845
258 6.26200008392
259 6.23799991608
260 6.25299978256
261 6.23000001907
262 6.23000001907
263 6.2389998436
264 6.22100019455
265 6.23400020599
266 6.21799993515
267 6.21000003815
268 6.20800018311
269 6.22300004959
270 6.21500015259
271 6.22100019455
272 6.22200012207
273 6.13399982452
274 5.84499979019
275 5.78399991989
276 5.75500011444
277 5.73799991608
278 5.73000001907
279 5.71299982071
280 5.75600004196
281 5.78499984741
282 5.8109998703
283 5.97399997711
284 6.09399986267
285 6.07499980927
286 6.07000017166
287 6.07700014114
288 6.05100011826
289 6.06199979782
290 6.02400016785
291 6.03200006485
292 5.98999977112
293 5.98099994659
294 5.96099996567
295 5.93499994278
296 5.91400003433
297 5.90100002289
298 5.89200019836
299 5.88000011444
300 5.85099983215
301 5.86000013351
302 5.83500003815
303 5.82299995422
304 5.80399990082
305 5.80399990082
306 5.78299999237
307 5.77500009537
308 2.08200001717
309 2.06500005722
310 2.04399991035
311 2.03099989891
312 2.03600001335
313 2.04500007629
314 2.03099989891
315 2.03299999237
316 2.02999997139
317 2.03999996185
318 2.04200005531
319 2.02300000191
320 2.0150001049
321 2.03200006485
322 2.02399992943
323 2.03500008583
324 2.01300001144
325 2.04299998283
326 2.03900003433
327 2.07899999619
328 2.47300004959
329 2.34599995613
330 2.20199990273
331 2.18000006676
332 2.17499995232
333 2.1779999733
334 2.29999995232
335 2.33100008965
336 2.33500003815
337 2.29299998283
338 2.28800010681
339 2.31100010872
340 2.29800009727
341 2.31500005722
342 2.22900009155
343 2.18300008774
344 2.18300008774
345 2.18600010872
346 2.25200009346
347 2.48300004005
348 2.49099993706
349 4.742000103
350 4.71600008011
351 4.6779999733
352 4.64599990845
353 4.61000013351
354 4.59200000763
355 4.5640001297
356 4.31799983978
357 4.35500001907
358 4.50099992752
359 4.46700000763
360 4.44600009918
361 4.39799976349
362 4.37699985504
363 4.34399986267
364 4.33199977875
365 4.28700017929
366 4.24499988556
367 4.19600009918
368 4.18699979782
369 4.14900016785
370 4.10799980164
371 4.07499980927
372 4.04500007629
373 4.01999998093
374 3.98799991608
375 3.97000002861
376 3.93499994278
377 3.89499998093
378 3.88100004196
379 3.85100007057
380 3.8069999218
381 3.70399999619
382 3.64199995995
383 3.59500002861
384 3.57699990273
385 3.51999998093
386 3.49499988556
387 3.45799994469
388 3.43300008774
389 3.40700006485
390 3.35800004005
391 3.3259999752
392 3.3180000782
393 3.28500008583
394 3.27200007439
395 3.28099989891
396 3.29800009727
397 3.33699989319
398 3.36899995804
399 3.41100001335
400 3.44600009918
401 3.47900009155
402 3.53200006485
403 3.56999993324
404 3.61100006104
405 3.64499998093
406 3.68000006676
407 3.72099995613
408 3.74300003052
409 3.79699993134
410 3.82999992371
411 3.89299988747
412 3.94099998474
413 4.00899982452
414 4.04899978638
415 4.117000103
416 4.17899990082
417 4.24599981308
418 4.29199981689
419 4.3860001564
420 4.46099996567
421 4.52899980545
422 4.59899997711
423 4.66300010681
424 4.73999977112
425 4.81500005722
426 4.92000007629
427 5.02699995041
428 5.11199998856
429 5.22300004959
430 5.3140001297
431 5.42500019073
432 5.53399991989
433 5.64300012589
434 5.76499986649
435 5.882999897
436 6.01999998093
437 6.15999984741
438 6.32600021362
439 6.45399999619
440 6.50199985504
441 6.61100006104
442 6.48999977112
443 3.06900000572
444 3.05399990082
445 3.03699994087
446 3.02900004387
447 3.02900004387
448 3.007999897
449 3.0039999485
450 3.01200008392
451 2.98300004005
452 2.99300003052
453 3.00300002098
454 2.99799990654
455 2.97499990463
456 2.96600008011
457 2.98000001907
458 2.94899988174
459 2.94899988174
460 2.9509999752
461 2.96300005913
462 2.94799995422
463 2.93400001526
464 2.92600011826
465 2.94400000572
466 2.93899989128
467 2.93000006676
468 2.92499995232
469 2.91300010681
470 2.6740000248
471 2.65100002289
472 2.64899992943
473 2.64100003242
474 0.953999996185
475 0.708000004292
476 0.721000015736
477 0.925999999046
478 2.65700006485
479 2.63100004196
480 2.6400001049
481 2.65499997139
482 2.632999897
483 2.66000008583
484 2.66599988937
485 2.63000011444
486 2.42499995232
487 2.34999990463
488 2.33400011063
489 2.51600003242
490 2.82399988174
491 2.9319999218
492 2.94799995422
493 2.93899989128
494 2.93899989128
495 1.75499999523
496 1.38999998569
497 1.28100001812
498 1.26600003242
499 1.25800001621
500 1.24399995804
501 1.22300004959
502 1.25499999523
503 1.2539999485
504 1.25499999523
505 1.26699995995
506 1.25600004196
507 1.29200005531
508 1.30200004578
509 1.23000001907
510 1.16900002956
511 1.16799998283
512 1.15999996662
513 1.14199995995
514 1.14499998093
515 1.12999999523
516 1.13600003719
517 1.12699997425
518 1.12199997902
519 1.1289999485
520 1.13600003719
521 1.14400005341
522 1.16400003433
523 1.27699995041
524 0.924000024796
525 0.908999979496
526 0.915000021458
527 0.949000000954
528 3.04699993134
529 2.99300003052
530 2.93099999428
531 2.8710000515
532 2.83800005913
533 2.78399991989
534 2.72499990463
535 2.71199989319
536 2.96399998665
537 2.92600011826
538 0.0
539 0.0
540 0.0
