0 4.5
1 4.43400001526
2 4.44600009918
3 4.46999979019
4 4.53800010681
5 4.65500020981
6 4.66599988937
7 4.71600008011
8 4.72700023651
9 4.75899982452
10 4.80000019073
11 4.83199977875
12 4.85900020599
13 4.882999897
14 4.91800022125
15 4.92399978638
16 4.83300018311
17 4.84499979019
18 4.87599992752
19 4.96799993515
20 5.14699983597
21 5.17999982834
22 5.21099996567
23 5.26800012589
24 5.32000017166
25 5.35900020599
26 5.38700008392
27 5.45200014114
28 5.50199985504
29 5.54500007629
30 5.59499979019
31 5.63199996948
32 5.6859998703
33 0.0
34 17.1420001984
35 17.1490001678
36 17.142999649
37 0.0
38 0.0
39 0.0
40 17.2430000305
41 17.1749992371
42 17.0709991455
43 17.0030002594
44 16.5189990997
45 16.5300006866
46 16.5249996185
47 13.1470003128
48 13.0799999237
49 12.3439998627
50 11.9560003281
51 11.5900001526
52 11.6160001755
53 11.6280002594
54 11.6140003204
55 11.3330001831
56 10.9960002899
57 10.470000267
58 10.0970001221
59 8.31999969482
60 8.34000015259
61 8.20300006866
62 7.90399980545
63 7.6360001564
64 7.43300008774
65 7.24300003052
66 7.05800008774
67 6.88899993896
68 6.77799987793
69 6.79199981689
70 6.80900001526
71 6.81699991226
72 6.84499979019
73 6.86000013351
74 6.77899980545
75 6.64099979401
76 6.50899982452
77 6.39099979401
78 6.27600002289
79 6.15000009537
80 5.24100017548
81 4.96799993515
82 4.84299993515
83 4.76200008392
84 4.68400001526
85 4.60900020599
86 4.54300022125
87 4.46899986267
88 4.40999984741
89 4.34100008011
90 4.26700019836
91 4.19999980927
92 4.13899993896
93 4.08799982071
94 4.01700019836
95 3.95700001717
96 3.93000006676
97 3.88000011444
98 3.84400010109
99 3.79099988937
100 3.77099990845
101 3.77399992943
102 3.81699991226
103 3.85100007057
104 3.87700009346
105 3.90300011635
106 3.93000006676
107 3.93899989128
108 3.93099999428
109 3.882999897
110 3.82299995422
111 3.77999997139
112 3.74799990654
113 3.72300004959
114 3.69199991226
115 3.66700005531
116 3.6210000515
117 3.58999991417
118 3.56299996376
119 3.52600002289
120 3.50300002098
121 3.46900010109
122 3.42300009727
123 3.40700006485
124 3.40700006485
125 3.39499998093
126 3.42100000381
127 3.44799995422
128 3.48000001907
129 3.53399991989
130 3.56200003624
131 3.61100006104
132 3.66499996185
133 4.02299976349
134 4.06799983978
135 4.09700012207
136 4.11000013351
137 4.14900016785
138 4.15999984741
139 4.21299982071
140 4.25699996948
141 4.27500009537
142 4.32299995422
143 4.34100008011
144 4.39200019836
145 4.42000007629
146 4.44299983978
147 4.47399997711
148 4.5
149 4.52500009537
150 4.53999996185
151 4.19999980927
152 4.29099988937
153 4.53399991989
154 3.2650001049
155 3.42100000381
156 4.71199989319
157 4.60099983215
158 4.55100011826
159 4.79899978638
160 4.83699989319
161 4.86199998856
162 4.90100002289
163 4.92100000381
164 4.95300006866
165 4.98500013351
166 5.02199983597
167 5.03700017929
168 3.1289999485
169 3.21700000763
170 3.36899995804
171 4.12099981308
172 4.91499996185
173 4.875
174 4.84999990463
175 4.82600021362
176 4.82499980927
177 4.8060002327
178 4.83400011063
179 4.83699989319
180 4.85799980164
181 4.90100002289
182 4.80700016022
183 5.3220000267
184 5.46700000763
185 5.46799993515
186 5.5
187 5.50500011444
188 4.59999990463
189 4.57499980927
190 5.5689997673
191 5.58400011063
192 3.63100004196
193 3.5150001049
194 4.07100009918
195 4.04400014877
196 5.67600011826
197 5.70599985123
198 5.73500013351
199 5.76399993896
200 5.76499986649
201 5.80900001526
202 5.80700016022
203 5.81199979782
204 5.83300018311
205 5.85900020599
206 5.86899995804
207 5.867000103
208 5.87799978256
209 5.91599988937
210 5.9310002327
211 5.92000007629
212 5.95499992371
213 5.95100021362
214 5.96600008011
215 6.007999897
216 6.02400016785
217 6.03900003433
218 6.04899978638
219 6.05399990082
220 6.0720000267
221 6.08099985123
222 6.08799982071
223 6.09999990463
224 6.09999990463
225 6.10099983215
226 6.11999988556
227 6.11999988556
228 6.11899995804
229 6.12900018692
230 6.13800001144
231 6.16400003433
232 6.16400003433
233 6.19099998474
234 6.20100021362
235 6.21899986267
236 6.21299982071
237 6.21199989319
238 6.21199989319
239 6.21899986267
240 6.22300004959
241 6.21999979019
242 6.23699998856
243 6.21999979019
244 6.21899986267
245 6.24499988556
246 6.22700023651
247 6.22499990463
248 6.22599983215
249 6.26200008392
250 6.25899982452
251 6.26399993896
252 6.26700019836
253 6.27500009537
254 6.25299978256
255 6.26599979401
256 6.27699995041
257 6.2389998436
258 6.25299978256
259 6.24700021744
260 6.25199985504
261 6.22700023651
262 6.23299980164
263 6.20800018311
264 6.21999979019
265 6.22100019455
266 6.21400022507
267 6.21299982071
268 6.20300006866
269 6.23699998856
270 6.21999979019
271 6.20900011063
272 6.21299982071
273 6.1360001564
274 5.83400011063
275 5.76700019836
276 5.74800014496
277 5.73500013351
278 5.71500015259
279 5.71799993515
280 5.742000103
281 5.7610001564
282 5.80000019073
283 5.92399978638
284 6.07499980927
285 6.0640001297
286 6.0609998703
287 6.07000017166
288 6.06599998474
289 6.04699993134
290 6.03700017929
291 5.99499988556
292 5.98699998856
293 5.97399997711
294 5.95800018311
295 5.93400001526
296 5.92299985886
297 5.91099977493
298 5.88399982452
299 5.87099981308
300 5.84600019455
301 5.82700014114
302 5.83400011063
303 5.82299995422
304 5.8189997673
305 5.77600002289
306 5.78999996185
307 5.76000022888
308 2.05800008774
309 2.05399990082
310 2.03999996185
311 2.04500007629
312 2.05100011826
313 2.05100011826
314 2.03600001335
315 2.02500009537
316 2.02200007439
317 2.01399993896
318 2.01300001144
319 2.03600001335
320 2.02399992943
321 2.03699994087
322 2.03099989891
323 2.01799988747
324 2.0039999485
325 2.02200007439
326 2.02500009537
327 2.08500003815
328 2.46399998665
329 2.35100007057
330 2.18000006676
331 2.16300010681
332 2.18300008774
333 2.17100000381
334 2.27300000191
335 2.3180000782
336 2.32699990273
337 2.30800008774
338 2.28200006485
339 2.29500007629
340 2.29200005531
341 2.30399990082
342 2.20300006866
343 2.14499998093
344 2.17199993134
345 2.20499992371
346 2.22499990463
347 2.49300003052
348 2.48799991608
349 4.73999977112
350 4.70699977875
351 4.66400003433
352 4.64400005341
353 4.60400009155
354 4.58599996567
355 4.5609998703
356 4.31699991226
357 4.37900018692
358 4.48000001907
359 4.45399999619
360 4.41699981689
361 4.39799976349
362 4.38000011444
363 4.37200021744
364 4.30900001526
365 4.26999998093
366 4.25400018692
367 4.21099996567
368 4.18499994278
369 4.13199996948
370 4.08500003815
371 4.09000015259
372 4.03499984741
373 4.02199983597
374 3.98799991608
375 3.95900011063
376 3.92000007629
377 3.91599988937
378 3.875
379 3.85199999809
380 3.79399991035
381 3.72699999809
382 3.63899993896
383 3.59699988365
384 3.56900000572
385 3.53299999237
386 3.50500011444
387 3.46600008011
388 3.4319999218
389 3.39299988747
390 3.34599995613
391 3.32399988174
392 3.30599999428
393 3.28500008583
394 3.2650001049
395 3.26900005341
396 3.2990000248
397 3.32299995422
398 3.367000103
399 3.38599991798
400 3.44099998474
401 3.47699999809
402 3.52200007439
403 3.55399990082
404 3.58899998665
405 3.64400005341
406 3.68000006676
407 3.71499991417
408 3.73099994659
409 3.79800009727
410 3.83599996567
411 3.88499999046
412 3.9279999733
413 3.992000103
414 4.05200004578
415 4.09100008011
416 4.17199993134
417 4.24599981308
418 4.30900001526
419 4.35799980164
420 4.45300006866
421 4.507999897
422 4.60099983215
423 4.65999984741
424 4.72700023651
425 4.80900001526
426 4.91200017929
427 5.01800012589
428 5.11499977112
429 5.21000003815
430 5.31699991226
431 5.42199993134
432 5.52699995041
433 5.6360001564
434 5.757999897
435 5.87599992752
436 6.04199981689
437 6.16699981689
438 6.30999994278
439 6.47599983215
440 6.51399993896
441 6.60400009155
442 6.44099998474
443 3.06500005722
444 3.05100011826
445 3.04999995232
446 3.03299999237
447 3.02300000191
448 3.0150001049
449 3.01699995995
450 2.9960000515
451 2.98600006104
452 3.0
453 2.97399997711
454 2.97300004959
455 2.97199988365
456 2.95499992371
457 2.9470000267
458 2.94499993324
459 2.94799995422
460 2.94600009918
461 2.93400001526
462 2.93000006676
463 2.93099999428
464 2.95300006866
465 2.92100000381
466 2.93600010872
467 2.91300010681
468 2.91499996185
469 2.90799999237
470 2.67100000381
471 2.65499997139
472 2.63499999046
473 2.63100004196
474 0.944999992847
475 0.722000002861
476 0.707000017166
477 0.929000020027
478 2.64899992943
479 2.63100004196
480 2.64499998093
481 2.65000009537
482 2.65199995041
483 2.65400004387
484 2.65700006485
485 2.617000103
486 2.39599990845
487 2.31699991226
488 2.3220000267
489 2.50200009346
490 2.83599996567
491 2.93499994278
492 2.92700004578
493 2.9509999752
494 2.94600009918
495 2.94000005722
496 2.93499994278
497 2.95799994469
498 2.9509999752
499 2.95499992371
500 1.19400000572
501 1.25100004673
502 1.12600004673
503 1.13800001144
504 1.13900005817
505 1.12699997425
506 1.11199998856
507 1.14499998093
508 1.14199995995
509 1.20500004292
510 1.20599997044
511 1.20500004292
512 1.19599997997
513 1.22200000286
514 1.23800003529
515 1.22399997711
516 1.35699999332
517 1.56400001049
518 3.10599994659
519 3.10800004005
520 3.14100003242
521 3.14400005341
522 3.14400005341
523 3.17300009727
524 0.922999978065
525 0.910000026226
526 0.916000008583
527 1.09000003338
528 1.08099997044
529 1.07299995422
530 1.07000005245
531 1.0720000267
532 1.0759999752
533 1.06099998951
534 1.07000005245
535 1.0909999609
536 1.13300001621
537 1.14300000668
538 1.15400004387
539 1.14600002766
540 3.5150001049
