0 4.51000022888
1 4.43200016022
2 4.46099996567
3 4.47100019455
4 4.507999897
5 4.64400005341
6 4.67899990082
7 4.70599985123
8 4.73099994659
9 4.76000022888
10 4.79300022125
11 4.83300018311
12 4.8639998436
13 4.89599990845
14 4.91499996185
15 4.93400001526
16 4.83500003815
17 4.85900020599
18 4.86899995804
19 4.96899986267
20 5.13899993896
21 5.19000005722
22 5.22399997711
23 5.26300001144
24 5.30900001526
25 5.35300016403
26 5.40100002289
27 5.44899988174
28 5.5110001564
29 5.55399990082
30 5.60400009155
31 5.65799999237
32 5.67199993134
33 0.0
34 17.172000885
35 17.1439990997
36 17.1469993591
37 0.0
38 0.0
39 0.0
40 17.2290000916
41 17.1690006256
42 17.0540008545
43 17.0039997101
44 16.531999588
45 16.5389995575
46 16.5230007172
47 13.1579999924
48 13.0629997253
49 12.3310003281
50 11.920999527
51 11.5889997482
52 11.6000003815
53 11.6149997711
54 11.6099996567
55 11.357000351
56 10.982000351
57 10.4639997482
58 10.1190004349
59 8.32900047302
60 8.33300018311
61 8.19600009918
62 7.89699983597
63 7.62599992752
64 7.4359998703
65 7.23500013351
66 7.06199979782
67 6.89699983597
68 6.78299999237
69 6.77099990845
70 6.8029999733
71 6.8140001297
72 6.85200023651
73 6.86899995804
74 6.78800010681
75 6.63199996948
76 6.51900005341
77 6.39799976349
78 6.26900005341
79 6.14599990845
80 5.21799993515
81 4.96099996567
82 4.85699987411
83 4.77500009537
84 4.6939997673
85 4.60300016403
86 4.52699995041
87 4.47599983215
88 4.40799999237
89 4.32399988174
90 4.25
91 4.23099994659
92 4.15500020981
93 4.11299991608
94 4.03800010681
95 3.98399996758
96 3.93300008774
97 3.86899995804
98 3.84599995613
99 3.80100011826
100 3.77800011635
101 3.79200005531
102 3.81399989128
103 3.84200000763
104 3.88100004196
105 3.90599989891
106 3.94099998474
107 3.93899989128
108 3.91000008583
109 3.87299990654
110 3.8259999752
111 3.78999996185
112 3.77399992943
113 3.73099994659
114 3.69000005722
115 3.66199994087
116 3.63100004196
117 3.59999990463
118 3.56200003624
119 3.53699994087
120 3.50600004196
121 3.47600007057
122 3.43600010872
123 3.42300009727
124 3.39700007439
125 3.40499997139
126 3.43499994278
127 3.45399999619
128 3.48699998856
129 3.53500008583
130 3.5569999218
131 3.61800003052
132 3.66899991035
133 4.02299976349
134 4.07600021362
135 4.08599996567
136 4.09499979019
137 4.14599990845
138 4.1859998703
139 4.21899986267
140 4.25099992752
141 4.2610001564
142 4.31300020218
143 4.35400009155
144 4.35900020599
145 4.41499996185
146 4.46500015259
147 4.48099994659
148 4.48500013351
149 4.53900003433
150 4.55399990082
151 4.18400001526
152 4.30999994278
153 4.56500005722
154 3.26399993896
155 3.40700006485
156 4.71500015259
157 4.59600019455
158 4.5689997673
159 4.79799985886
160 4.82100009918
161 4.86299991608
162 4.89499998093
163 4.92999982834
164 4.96899986267
165 4.98999977112
166 5.0110001564
167 5.03200006485
168 3.1289999485
169 3.21600008011
170 3.36899995804
171 4.09700012207
172 4.91599988937
173 4.87599992752
174 4.84800004959
175 4.82700014114
176 4.83099985123
177 4.8220000267
178 4.82499980927
179 4.84399986267
180 4.86800003052
181 4.90700006485
182 4.81500005722
183 5.3189997673
184 5.45300006866
185 5.47399997711
186 5.50199985504
187 5.51599979401
188 4.59999990463
189 4.5720000267
190 5.56500005722
191 5.59299993515
192 3.63800001144
193 3.51300001144
194 4.07100009918
195 4.04400014877
196 5.69899988174
197 5.70599985123
198 5.73000001907
199 5.75600004196
200 5.79300022125
201 5.79099988937
202 5.83099985123
203 5.81199979782
204 5.84600019455
205 5.85699987411
206 5.88000011444
207 5.8860001564
208 5.88800001144
209 5.89099979401
210 5.91200017929
211 5.93800020218
212 5.94199991226
213 5.98099994659
214 5.96999979019
215 6.0
216 6.01999998093
217 6.02500009537
218 6.05800008774
219 6.07700014114
220 6.07299995422
221 6.08799982071
222 6.09700012207
223 6.10400009155
224 6.09000015259
225 6.10900020599
226 6.10099983215
227 6.12099981308
228 6.13199996948
229 6.1360001564
230 6.16599988937
231 6.14599990845
232 6.18499994278
233 6.18200016022
234 6.18499994278
235 6.19299983978
236 6.22599983215
237 6.22300004959
238 6.23199987411
239 6.24100017548
240 6.21700000763
241 6.22599983215
242 6.22499990463
243 6.22800016403
244 6.21799993515
245 6.23099994659
246 6.23699998856
247 6.23400020599
248 6.25600004196
249 6.23099994659
250 6.25899982452
251 6.26499986649
252 6.27299976349
253 6.26000022888
254 6.28700017929
255 6.28000020981
256 6.26900005341
257 6.26800012589
258 6.24900007248
259 6.25500011444
260 6.22599983215
261 6.24499988556
262 6.21600008011
263 6.24300003052
264 6.21999979019
265 6.21899986267
266 6.24399995804
267 6.21899986267
268 6.1970000267
269 6.20599985123
270 6.20699977875
271 6.21400022507
272 6.21700000763
273 6.14099979401
274 5.84000015259
275 5.77099990845
276 5.76300001144
277 5.73299980164
278 5.72900009155
279 5.72599983215
280 5.74100017548
281 5.74300003052
282 5.80900001526
283 5.94600009918
284 6.08799982071
285 6.06500005722
286 6.07000017166
287 6.04199981689
288 6.04300022125
289 6.04199981689
290 6.03499984741
291 6.00699996948
292 6.00500011444
293 5.98699998856
294 5.96899986267
295 5.93800020218
296 5.91699981689
297 5.92100000381
298 5.88500022888
299 5.87799978256
300 5.8639998436
301 5.85300016403
302 5.84299993515
303 5.80499982834
304 5.80800008774
305 5.78999996185
306 5.77500009537
307 5.7610001564
308 2.06999993324
309 2.06599998474
310 2.05900001526
311 2.03999996185
312 2.04999995232
313 2.04600000381
314 2.03299999237
315 2.01999998093
316 2.03099989891
317 2.03900003433
318 2.03999996185
319 2.01600003242
320 2.03600001335
321 2.01300001144
322 2.02300000191
323 2.02200007439
324 2.00900006294
325 2.01799988747
326 2.03699994087
327 2.1099998951
328 2.47000002861
329 2.34400010109
330 2.1819999218
331 2.20000004768
332 2.19099998474
333 2.19600009918
334 2.28600001335
335 2.32699990273
336 2.31200003624
337 2.3029999733
338 2.28200006485
339 2.30100011826
340 2.28900003433
341 2.31200003624
342 2.23399996758
343 2.18400001526
344 2.18499994278
345 2.18000006676
346 2.21000003815
347 2.45799994469
348 2.47499990463
349 4.74499988556
350 4.70399999619
351 4.6810002327
352 4.65299987793
353 4.62799978256
354 4.58900022507
355 4.55100011826
356 4.29500007629
357 4.35300016403
358 4.49599981308
359 4.46199989319
360 4.4439997673
361 4.40500020981
362 4.39599990845
363 4.33900022507
364 4.32299995422
365 4.26000022888
366 4.23099994659
367 4.21400022507
368 4.18499994278
369 4.13999986649
370 4.09800004959
371 4.08500003815
372 4.0529999733
373 4.02400016785
374 3.97900009155
375 3.95799994469
376 3.91799998283
377 3.88700008392
378 3.88499999046
379 3.84599995613
380 3.80999994278
381 3.70000004768
382 3.62800002098
383 3.59800004959
384 3.55900001526
385 3.53299999237
386 3.48399996758
387 3.45499992371
388 3.4319999218
389 3.40400004387
390 3.36899995804
391 3.32699990273
392 3.31100010872
393 3.26600003242
394 3.24699997902
395 3.24799990654
396 3.29399991035
397 3.33400011063
398 3.36999988556
399 3.40899991989
400 3.4430000782
401 3.4849998951
402 3.52399992943
403 3.55200004578
404 3.58999991417
405 3.64100003242
406 3.68600010872
407 3.73000001907
408 3.75500011444
409 3.78800010681
410 3.84299993515
411 3.867000103
412 3.92899990082
413 3.99300003052
414 4.05700016022
415 4.132999897
416 4.18300008774
417 4.24300003052
418 4.28399991989
419 4.36499977112
420 4.4439997673
421 4.52799987793
422 4.5720000267
423 4.66499996185
424 4.73400020599
425 4.80399990082
426 4.90799999237
427 5.01300001144
428 5.10900020599
429 5.20800018311
430 5.31699991226
431 5.42199993134
432 5.54099988937
433 5.64099979401
434 5.77199983597
435 5.87300014496
436 6.02199983597
437 6.16300010681
438 6.30700016022
439 6.46099996567
440 6.50199985504
441 6.60200023651
442 6.41699981689
443 3.08800005913
444 3.03699994087
445 3.04399991035
446 3.04399991035
447 3.03900003433
448 3.01300001144
449 3.00500011444
450 3.01600003242
451 2.9849998951
452 2.99799990654
453 2.98099994659
454 2.97699999809
455 2.97000002861
456 2.95900011063
457 2.97300004959
458 2.95799994469
459 2.95799994469
460 2.94600009918
461 2.93400001526
462 2.94600009918
463 2.93400001526
464 2.93000006676
465 2.93099999428
466 2.94199991226
467 2.92100000381
468 2.9240000248
469 2.90499997139
470 2.65199995041
471 2.62199997902
472 2.64800000191
473 2.63100004196
474 0.941999971867
475 0.707000017166
476 0.703999996185
477 0.919000029564
478 2.65700006485
479 2.64499998093
480 2.63899993896
481 2.64400005341
482 2.65400004387
483 2.65300011635
484 2.65000009537
485 2.64100003242
486 2.39499998093
487 2.33899998665
488 2.33299994469
489 2.51099991798
490 2.8220000267
491 2.93300008774
492 2.92899990082
493 2.94099998474
494 2.93300008774
495 2.95799994469
496 2.96300005913
497 2.95000004768
498 2.96300005913
499 2.97900009155
500 2.9849998951
501 2.98099994659
502 1.26400005817
503 1.14100003242
504 1.13600003719
505 1.09599995613
506 1.12300002575
507 1.12699997425
508 1.12000000477
509 1.1210000515
510 1.17200005054
511 1.20200002193
512 1.20200002193
513 1.21099996567
514 1.19299995899
515 1.23300004005
516 1.24500000477
517 1.37699997425
518 1.31700003147
519 3.11500000954
520 3.14199995995
521 3.1289999485
522 3.15700006485
523 3.18000006676
524 0.927999973297
525 0.924000024796
526 0.916999995708
527 1.11699998379
528 1.12800002098
529 1.07500004768
530 1.06599998474
531 1.07299995422
532 1.07500004768
533 1.06299996376
534 1.08000004292
535 1.09399998188
536 1.09500002861
537 1.11699998379
538 1.13600003719
539 1.13300001621
540 1.13900005817
