0 4.51499986649
1 4.44299983978
2 4.44999980927
3 4.45900011063
4 4.52500009537
5 4.65299987793
6 4.6810002327
7 4.70900011063
8 4.7389998436
9 4.77699995041
10 4.78900003433
11 4.82999992371
12 4.85500001907
13 4.89099979401
14 4.94000005722
15 4.92600011826
16 4.83900022507
17 4.85400009155
18 4.87699985504
19 4.96500015259
20 5.13100004196
21 5.1810002327
22 5.23000001907
23 5.26700019836
24 5.3140001297
25 5.35500001907
26 5.40600013733
27 5.44600009918
28 5.49900007248
29 5.54099988937
30 5.60599994659
31 5.63700008392
32 5.67600011826
33 17.1259994507
34 17.142999649
35 17.1529998779
36 17.138999939
37 0.0
38 0.0
39 0.0
40 17.2380008698
41 17.1730003357
42 17.0699996948
43 17.0170001984
44 16.5349998474
45 16.5380001068
46 16.5270004272
47 13.1520004272
48 13.093000412
49 12.343000412
50 11.9149999619
51 11.5959997177
52 11.6099996567
53 11.6289997101
54 11.6309995651
55 11.3559999466
56 11.0
57 10.4720001221
58 10.1219997406
59 8.33800029755
60 8.33399963379
61 8.18500041962
62 7.90500020981
63 7.64599990845
64 7.44500017166
65 7.25500011444
66 7.0640001297
67 6.89799976349
68 6.78700017929
69 6.77799987793
70 6.8029999733
71 6.81300020218
72 6.85599994659
73 6.87699985504
74 6.79600000381
75 6.64099979401
76 6.50099992752
77 6.38199996948
78 6.26200008392
79 6.16400003433
80 5.22700023651
81 4.96999979019
82 4.85300016403
83 4.77500009537
84 4.67000007629
85 4.61000013351
86 4.53499984741
87 4.46700000763
88 4.40100002289
89 4.33199977875
90 4.27299976349
91 4.22700023651
92 4.16599988937
93 4.12099981308
94 4.03800010681
95 3.97499990463
96 3.93400001526
97 3.88499999046
98 3.82399988174
99 3.78900003433
100 3.78299999237
101 3.79699993134
102 3.8259999752
103 3.86800003052
104 3.86599993706
105 3.89800000191
106 3.92499995232
107 3.9509999752
108 3.91899991035
109 3.89100003242
110 3.84500002861
111 3.80599999428
112 3.78299999237
113 3.73099994659
114 3.67300009727
115 3.64899992943
116 3.62400007248
117 3.59200000763
118 3.5490000248
119 3.53399991989
120 3.50999999046
121 3.46700000763
122 3.44499993324
123 3.42100000381
124 3.39800000191
125 3.38499999046
126 3.41300010681
127 3.43600010872
128 3.48200011253
129 3.51300001144
130 3.56900000572
131 3.61100006104
132 3.65700006485
133 4.02600002289
134 4.05900001526
135 4.09800004959
136 4.10799980164
137 4.15100002289
138 4.17600011826
139 4.1970000267
140 4.25600004196
141 4.28700017929
142 4.30700016022
143 4.34899997711
144 4.38700008392
145 4.42999982834
146 4.46500015259
147 4.47300004959
148 4.507999897
149 4.52899980545
150 4.52899980545
151 4.19500017166
152 4.29500007629
153 4.5529999733
154 3.26900005341
155 3.40499997139
156 4.71099996567
157 4.59100008011
158 4.54799985886
159 4.79300022125
160 4.82399988174
161 4.85699987411
162 4.88500022888
163 4.92299985886
164 4.96500015259
165 4.98400020599
166 5.01900005341
167 5.04699993134
168 3.16799998283
169 3.22300004959
170 3.37299990654
171 4.10900020599
172 4.91599988937
173 4.882999897
174 4.84600019455
175 4.84100008011
176 4.82600021362
177 4.8140001297
178 4.83699989319
179 4.85300016403
180 4.86600017548
181 4.90600013733
182 4.82100009918
183 5.31699991226
184 5.46500015259
185 5.48699998856
186 5.49599981308
187 5.51200008392
188 4.60400009155
189 4.57399988174
190 5.56199979782
191 5.58300018311
192 3.6400001049
193 3.52500009537
194 4.06300020218
195 4.04300022125
196 5.6859998703
197 5.6890001297
198 5.74499988556
199 5.75
200 5.77299976349
201 5.79600000381
202 5.83900022507
203 5.82800006866
204 5.85799980164
205 5.85400009155
206 5.85300016403
207 5.88100004196
208 5.89099979401
209 5.90999984741
210 5.92600011826
211 5.9390001297
212 5.95699977875
213 5.96600008011
214 5.96799993515
215 5.98000001907
216 6.01200008392
217 6.03399991989
218 6.06500005722
219 6.07700014114
220 6.06500005722
221 6.0720000267
222 6.07600021362
223 6.07999992371
224 6.10599994659
225 6.10900020599
226 6.10200023651
227 6.13500022888
228 6.14099979401
229 6.1360001564
230 6.15500020981
231 6.15199995041
232 6.15700006485
233 6.18300008774
234 6.1939997673
235 6.1970000267
236 6.22900009155
237 6.21600008011
238 6.21700000763
239 6.21700000763
240 6.22100019455
241 6.22100019455
242 6.23099994659
243 6.22599983215
244 6.25199985504
245 6.25400018692
246 6.23600006104
247 6.26000022888
248 6.257999897
249 6.25099992752
250 6.25
251 6.26599979401
252 6.2610001564
253 6.28700017929
254 6.28100013733
255 6.27199983597
256 6.25199985504
257 6.25699996948
258 6.26499986649
259 6.24700021744
260 6.24700021744
261 6.22399997711
262 6.24100017548
263 6.23799991608
264 6.22499990463
265 6.19600009918
266 6.21700000763
267 6.21400022507
268 6.19999980927
269 6.21099996567
270 6.20300006866
271 6.21099996567
272 6.20699977875
273 6.117000103
274 5.83199977875
275 5.78599977493
276 5.75699996948
277 5.71700000763
278 5.73500013351
279 5.72599983215
280 5.74100017548
281 5.75299978256
282 5.81199979782
283 5.95200014114
284 6.07600021362
285 6.08300018311
286 6.0560002327
287 6.0560002327
288 6.05800008774
289 6.0529999733
290 6.01499986649
291 6.00899982452
292 5.98999977112
293 5.96600008011
294 5.96299982071
295 5.93400001526
296 5.90999984741
297 5.91300010681
298 5.89400005341
299 5.88199996948
300 5.86100006104
301 5.84299993515
302 5.82600021362
303 5.80800008774
304 5.80000019073
305 5.79600000381
306 5.79199981689
307 5.77500009537
308 2.07800006866
309 2.0569999218
310 2.03900003433
311 2.05100011826
312 2.04399991035
313 2.04299998283
314 2.04600000381
315 2.04399991035
316 2.02800011635
317 2.03800010681
318 2.03600001335
319 2.01900005341
320 2.03099989891
321 2.00999999046
322 2.02600002289
323 2.02600002289
324 2.02600002289
325 2.02300000191
326 2.02200007439
327 2.09100008011
328 2.47699999809
329 2.34899997711
330 2.20700001717
331 2.17199993134
332 2.18600010872
333 2.19499993324
334 2.28099989891
335 2.31299996376
336 2.31299996376
337 2.30900001526
338 2.29999995232
339 2.29999995232
340 2.30200004578
341 2.30800008774
342 2.23099994659
343 2.18000006676
344 2.15599989891
345 2.17899990082
346 2.21600008011
347 2.47600007057
348 2.4849998951
349 4.74599981308
350 4.71899986267
351 4.67999982834
352 4.64499998093
353 4.62400007248
354 4.57700014114
355 4.54600000381
356 4.3029999733
357 4.36000013351
358 4.49300003052
359 4.46999979019
360 4.4439997673
361 4.39699983597
362 4.38800001144
363 4.36199998856
364 4.32999992371
365 4.28000020981
366 4.24399995804
367 4.1859998703
368 4.1779999733
369 4.14599990845
370 4.11100006104
371 4.06599998474
372 4.05100011826
373 4.007999897
374 4.0
375 3.95700001717
376 3.93300008774
377 3.90599989891
378 3.87800002098
379 3.85899996758
380 3.8220000267
381 3.70600008965
382 3.62199997902
383 3.58599996567
384 3.56999993324
385 3.53600001335
386 3.50200009346
387 3.45600008965
388 3.4279999733
389 3.40599989891
390 3.367000103
391 3.34500002861
392 3.30100011826
393 3.28299999237
394 3.25600004196
395 3.27200007439
396 3.28600001335
397 3.31900000572
398 3.3710000515
399 3.40400004387
400 3.44400000572
401 3.46099996567
402 3.51900005341
403 3.56200003624
404 3.60899996758
405 3.64400005341
406 3.67899990082
407 3.72300004959
408 3.72600007057
409 3.79299998283
410 3.82899999619
411 3.88800001144
412 3.92700004578
413 4.0
414 4.0609998703
415 4.12599992752
416 4.16400003433
417 4.25600004196
418 4.3060002327
419 4.382999897
420 4.45100021362
421 4.49599981308
422 4.59600019455
423 4.64499998093
424 4.72700023651
425 4.80000019073
426 4.91900014877
427 5.01599979401
428 5.11899995804
429 5.20399999619
430 5.3189997673
431 5.42299985886
432 5.52400016785
433 5.64699983597
434 5.77099990845
435 5.87799978256
436 6.02099990845
437 6.15600013733
438 6.3060002327
439 6.46700000763
440 6.51200008392
441 6.60099983215
442 6.47300004959
443 3.08299994469
444 3.04500007629
445 3.03299999237
446 3.03399991989
447 3.01300001144
448 3.00600004196
449 3.01399993896
450 3.01300001144
451 2.99099993706
452 2.97699999809
453 2.99499988556
454 2.96700000763
455 2.97099995613
456 2.96700000763
457 2.97799992561
458 2.95300006866
459 2.97199988365
460 2.9430000782
461 2.93899989128
462 2.9509999752
463 2.9509999752
464 2.9279999733
465 2.93000006676
466 2.91700005531
467 2.91799998283
468 2.92000007629
469 2.91400003433
470 2.67700004578
471 2.65799999237
472 2.65400004387
473 2.64700007439
474 0.950999975204
475 0.698000013828
476 0.705999970436
477 0.92199999094
478 2.65300011635
479 2.65199995041
480 2.64899992943
481 2.65000009537
482 2.65100002289
483 2.66499996185
484 2.65499997139
485 2.65000009537
486 2.42700004578
487 2.33400011063
488 2.32399988174
489 2.50999999046
490 2.81999993324
491 2.93600010872
492 2.93499994278
493 2.93600010872
494 2.93899989128
495 2.94400000572
496 2.96700000763
497 2.97199988365
498 2.96600008011
499 2.96099996567
500 1.18900001049
501 1.26300001144
502 1.14999997616
503 1.1289999485
504 1.13300001621
505 1.125
506 1.11300003529
507 1.12300002575
508 1.16499996185
509 1.18700003624
510 1.18200004101
511 1.18499994278
512 1.20899999142
513 1.22500002384
514 1.23399996758
515 1.24899995327
516 1.35599994659
517 1.58200001717
518 3.11199998856
519 3.11299991608
520 3.14700007439
521 3.15000009537
522 3.14400005341
523 3.17300009727
524 0.922999978065
525 0.90600001812
526 0.912999987602
527 1.0909999609
528 1.08200001717
529 1.07899999619
530 1.06299996376
531 1.06900000572
532 1.06799995899
533 1.05900001526
534 1.07299995422
535 1.08800005913
536 1.13399994373
537 1.15199995041
538 1.15600001812
539 1.15799999237
540 3.52200007439
