0 4.52299976349
1 4.44099998474
2 4.44500017166
3 4.47499990463
4 4.50600004196
5 4.64699983597
6 4.68499994278
7 4.69999980927
8 4.74700021744
9 4.76499986649
10 4.80800008774
11 4.84299993515
12 4.85599994659
13 4.89200019836
14 4.91699981689
15 4.9310002327
16 4.84100008011
17 4.83900022507
18 4.88199996948
19 4.96099996567
20 5.13500022888
21 5.17899990082
22 5.23600006104
23 5.27299976349
24 5.3060002327
25 5.35799980164
26 5.40399980545
27 5.43800020218
28 5.50600004196
29 5.54500007629
30 5.59999990463
31 5.64599990845
32 5.67100000381
33 0.0
34 17.138999939
35 17.1299991608
36 17.1359996796
37 0.0
38 0.0
39 0.0
40 17.2310009003
41 17.1679992676
42 17.0540008545
43 17.0020008087
44 16.5170001984
45 16.545999527
46 16.5270004272
47 13.1599998474
48 13.0889997482
49 12.3459997177
50 11.9409999847
51 11.5760002136
52 11.6049995422
53 11.6190004349
54 11.6129999161
55 11.3310003281
56 10.9960002899
57 10.454000473
58 10.1169996262
59 8.28299999237
60 8.34300041199
61 8.19600009918
62 7.92899990082
63 7.63999986649
64 7.45100021362
65 7.23999977112
66 7.07499980927
67 6.90500020981
68 6.78999996185
69 6.77099990845
70 6.79699993134
71 6.82299995422
72 6.84899997711
73 6.87300014496
74 6.79500007629
75 6.64300012589
76 6.51700019836
77 6.38500022888
78 6.2610001564
79 6.14699983597
80 5.22599983215
81 4.96500015259
82 4.86199998856
83 4.76499986649
84 4.69000005722
85 4.59600019455
86 4.51800012589
87 4.45800018311
88 4.40799999237
89 4.33900022507
90 4.28399991989
91 4.21999979019
92 4.16900014877
93 4.11899995804
94 4.05200004578
95 3.97799992561
96 3.92100000381
97 3.89299988747
98 3.82500004768
99 3.78200006485
100 3.78800010681
101 3.7990000248
102 3.8069999218
103 3.86199998856
104 3.87400007248
105 3.89700007439
106 3.91899991035
107 3.95600008965
108 3.91400003433
109 3.88899993896
110 3.85100007057
111 3.80399990082
112 3.77699995041
113 3.71399998665
114 3.70399999619
115 3.65799999237
116 3.61199998856
117 3.58500003815
118 3.57299995422
119 3.52999997139
120 3.50300002098
121 3.48000001907
122 3.4279999733
123 3.41100001335
124 3.38700008392
125 3.39800000191
126 3.42000007629
127 3.44199991226
128 3.48099994659
129 3.53099989891
130 3.57399988174
131 3.61100006104
132 3.67300009727
133 4.02299976349
134 4.06199979782
135 4.09100008011
136 4.13199996948
137 4.13100004196
138 4.18200016022
139 4.22499990463
140 4.22900009155
141 4.27899980545
142 4.32100009918
143 4.34100008011
144 4.382999897
145 4.41900014877
146 4.46000003815
147 4.49499988556
148 4.48199987411
149 4.53499984741
150 4.54500007629
151 4.18800020218
152 4.3029999733
153 4.58199977875
154 3.26999998093
155 3.41300010681
156 4.70200014114
157 4.61199998856
158 4.55499982834
159 4.8060002327
160 4.83300018311
161 4.87099981308
162 4.89200019836
163 4.93699979782
164 4.95800018311
165 4.99100017548
166 5.01999998093
167 5.03200006485
168 3.18499994278
169 3.22199988365
170 3.3599998951
171 4.13399982452
172 4.92399978638
173 4.87300014496
174 4.85500001907
175 4.83400011063
176 4.82000017166
177 4.8140001297
178 4.82499980927
179 4.84399986267
180 4.87400007248
181 4.90899991989
182 4.82100009918
183 5.3109998703
184 5.45900011063
185 5.48099994659
186 5.49800014496
187 5.5110001564
188 4.59600019455
189 4.57700014114
190 5.55900001526
191 5.58799982071
192 3.63899993896
193 3.53200006485
194 4.06699991226
195 4.03800010681
196 5.68300008774
197 5.71099996567
198 5.73600006104
199 5.75899982452
200 5.78299999237
201 5.79199981689
202 5.80200004578
203 5.82299995422
204 5.82499980927
205 5.85900020599
206 5.86199998856
207 5.87799978256
208 5.89699983597
209 5.91300010681
210 5.93499994278
211 5.93499994278
212 5.94299983978
213 5.95100021362
214 5.98600006104
215 6.01300001144
216 6.01700019836
217 6.02400016785
218 6.05499982834
219 6.07299995422
220 6.07700014114
221 6.06599998474
222 6.07899999619
223 6.09000015259
224 6.10599994659
225 6.09299993515
226 6.13199996948
227 6.13700008392
228 6.14400005341
229 6.13100004196
230 6.1360001564
231 6.15600013733
232 6.1779999733
233 6.19099998474
234 6.20300006866
235 6.21799993515
236 6.23199987411
237 6.22499990463
238 6.21099996567
239 6.23500013351
240 6.23199987411
241 6.23000001907
242 6.23699998856
243 6.24499988556
244 6.21999979019
245 6.23199987411
246 6.23000001907
247 6.23299980164
248 6.22700023651
249 6.26200008392
250 6.25699996948
251 6.25600004196
252 6.25
253 6.27699995041
254 6.28000020981
255 6.26800012589
256 6.25299978256
257 6.25500011444
258 6.25899982452
259 6.2389998436
260 6.23000001907
261 6.25099992752
262 6.21799993515
263 6.23299980164
264 6.21400022507
265 6.23699998856
266 6.21899986267
267 6.21899986267
268 6.21299982071
269 6.23299980164
270 6.21899986267
271 6.20499992371
272 6.21400022507
273 6.11000013351
274 5.83599996567
275 5.78200006485
276 5.73799991608
277 5.73799991608
278 5.71500015259
279 5.72800016403
280 5.73699998856
281 5.76800012589
282 5.8060002327
283 5.9279999733
284 6.08300018311
285 6.07100009918
286 6.05800008774
287 6.05999994278
288 6.0529999733
289 6.04400014877
290 6.02099990845
291 6.01000022888
292 5.99800014496
293 5.97700023651
294 5.96299982071
295 5.94799995422
296 5.93300008774
297 5.90600013733
298 5.89300012589
299 5.88700008392
300 5.84800004959
301 5.83699989319
302 5.83699989319
303 5.82999992371
304 5.81500005722
305 5.80399990082
306 5.77899980545
307 5.76700019836
308 2.04800009727
309 2.05900001526
310 2.05100011826
311 2.0569999218
312 2.02900004387
313 2.03800010681
314 2.04299998283
315 2.0150001049
316 2.01300001144
317 2.0150001049
318 2.03399991989
319 2.02200007439
320 2.02999997139
321 2.02600002289
322 2.007999897
323 2.02300000191
324 2.01699995995
325 2.01399993896
326 2.01699995995
327 2.09299993515
328 2.47799992561
329 2.36299991608
330 2.19000005722
331 2.1779999733
332 2.16700005531
333 2.17600011826
334 2.27399992943
335 2.32399988174
336 2.31200003624
337 2.29800009727
338 2.29099988937
339 2.29800009727
340 2.29699993134
341 2.31200003624
342 2.2009999752
343 2.15599989891
344 2.1779999733
345 2.17700004578
346 2.22399997711
347 2.4849998951
348 2.47699999809
349 4.74700021744
350 4.70100021362
351 4.67899990082
352 4.64499998093
353 4.61899995804
354 4.59499979019
355 4.56599998474
356 4.32600021362
357 4.34999990463
358 4.46500015259
359 4.46400022507
360 4.44099998474
361 4.41599988937
362 4.36999988556
363 4.36299991608
364 4.28900003433
365 4.28999996185
366 4.25099992752
367 4.19099998474
368 4.15700006485
369 4.14499998093
370 4.10699987411
371 4.07499980927
372 4.02799987793
373 4.02199983597
374 3.98600006104
375 3.94400000572
376 3.92300009727
377 3.89100003242
378 3.86100006104
379 3.83699989319
380 3.82399988174
381 3.71399998665
382 3.63599991798
383 3.58500003815
384 3.56200003624
385 3.53399991989
386 3.4960000515
387 3.46900010109
388 3.43499994278
389 3.38599991798
390 3.36299991608
391 3.34500002861
392 3.3069999218
393 3.26600003242
394 3.25999999046
395 3.26200008392
396 3.29299998283
397 3.33200001717
398 3.36899995804
399 3.40899991989
400 3.44199991226
401 3.47799992561
402 3.50099992752
403 3.55399990082
404 3.57999992371
405 3.63199996948
406 3.68700003624
407 3.72399997711
408 3.74900007248
409 3.79200005531
410 3.81900000572
411 3.86999988556
412 3.92300009727
413 3.98300004005
414 4.05800008774
415 4.11999988556
416 4.18699979782
417 4.24399995804
418 4.28900003433
419 4.37200021744
420 4.42500019073
421 4.51200008392
422 4.56599998474
423 4.67100000381
424 4.72300004959
425 4.80700016022
426 4.91099977493
427 5.0
428 5.10799980164
429 5.21500015259
430 5.30200004578
431 5.42000007629
432 5.53000020981
433 5.62900018692
434 5.76300001144
435 5.89799976349
436 6.01800012589
437 6.17000007629
438 6.30900001526
439 6.47300004959
440 6.51200008392
441 6.60599994659
442 6.45599985123
443 3.0569999218
444 3.05500006676
445 3.03800010681
446 3.02200007439
447 3.02699995041
448 3.03099989891
449 2.99699997902
450 2.9960000515
451 2.99000000954
452 2.98000001907
453 2.99099993706
454 2.96600008011
455 2.98200011253
456 2.97499990463
457 2.97399997711
458 2.95199990273
459 2.9509999752
460 2.96499991417
461 2.93700003624
462 2.95300006866
463 2.93400001526
464 2.9319999218
465 2.91899991035
466 2.92600011826
467 2.91599988937
468 2.93499994278
469 2.91700005531
470 2.66899991035
471 2.6289999485
472 2.62199997902
473 2.64100003242
474 0.949999988079
475 0.725000023842
476 0.690999984741
477 0.927999973297
478 2.64499998093
479 2.64499998093
480 2.63599991798
481 2.63400006294
482 2.65400004387
483 2.65000009537
484 2.66000008583
485 2.64100003242
486 2.41899991035
487 2.34699988365
488 2.34200000763
489 2.50999999046
490 2.82100009918
491 2.94099998474
492 2.94899988174
493 2.93300008774
494 2.9470000267
495 2.97399997711
496 2.94400000572
497 2.96900010109
498 2.96000003815
499 2.96300005913
500 2.97099995613
501 1.28199994564
502 1.14499998093
503 1.13600003719
504 1.13399994373
505 1.13800001144
506 1.14100003242
507 1.14499998093
508 1.15400004387
509 1.16900002956
510 1.20599997044
511 1.2159999609
512 1.19500005245
513 1.21800005436
514 1.22599995136
515 1.25100004673
516 1.32099997997
517 1.44799995422
518 3.11800003052
519 3.11999988556
520 3.12299990654
521 3.14299988747
522 3.16300010681
523 3.18000006676
524 0.921000003815
525 0.919000029564
526 0.919000029564
527 1.12000000477
528 1.09800004959
529 1.08500003815
530 1.0870000124
531 1.08000004292
532 1.08899998665
533 1.06599998474
534 1.09700000286
535 1.11399996281
536 1.13199996948
537 1.15600001812
538 1.13900005817
539 1.15499997139
540 3.55200004578
