0 4.5110001564
1 4.44000005722
2 4.44299983978
3 4.46400022507
4 4.53399991989
5 4.63999986649
6 4.6810002327
7 4.71700000763
8 4.72700023651
9 4.77400016785
10 4.79199981689
11 4.82100009918
12 4.867000103
13 4.89599990845
14 4.92700004578
15 4.93200016022
16 4.82700014114
17 4.83599996567
18 4.875
19 4.96400022507
20 5.13800001144
21 5.17600011826
22 5.22900009155
23 5.257999897
24 5.3140001297
25 5.36000013351
26 5.40100002289
27 5.4470000267
28 5.48699998856
29 5.54899978638
30 5.58900022507
31 5.63999986649
32 5.67999982834
33 0.0
34 17.1590003967
35 17.125
36 17.1380004883
37 0.0
38 0.0
39 0.0
40 17.2299995422
41 17.1800003052
42 17.0699996948
43 17.0119991302
44 16.5130004883
45 16.5499992371
46 16.5170001984
47 13.1520004272
48 13.0810003281
49 12.3319997787
50 11.9289999008
51 11.5880002975
52 11.6020002365
53 11.6280002594
54 11.623000145
55 11.3360004425
56 11.001999855
57 10.4770002365
58 10.1020002365
59 8.32600021362
60 8.33300018311
61 8.19900035858
62 7.92000007629
63 7.64200019836
64 7.44000005722
65 7.23699998856
66 7.05800008774
67 6.89300012589
68 6.79199981689
69 6.77400016785
70 6.79799985886
71 6.81599998474
72 6.85500001907
73 6.8639998436
74 6.78800010681
75 6.65100002289
76 6.51300001144
77 6.40000009537
78 6.26700019836
79 6.14699983597
80 5.21999979019
81 4.96099996567
82 4.84800004959
83 4.76700019836
84 4.6779999733
85 4.57700014114
86 4.54899978638
87 4.44099998474
88 4.41200017929
89 4.34399986267
90 4.26700019836
91 4.1939997673
92 4.14799976349
93 4.117000103
94 4.03900003433
95 3.98300004005
96 3.93499994278
97 3.867000103
98 3.84200000763
99 3.79800009727
100 3.75999999046
101 3.77099990845
102 3.80900001526
103 3.83299994469
104 3.87299990654
105 3.90000009537
106 3.93099999428
107 3.97099995613
108 3.93400001526
109 3.87599992752
110 3.8259999752
111 3.78099989891
112 3.7650001049
113 3.72399997711
114 3.69600009918
115 3.65899991989
116 3.63100004196
117 3.59800004959
118 3.56699991226
119 3.52600002289
120 3.50999999046
121 3.45900011063
122 3.43300008774
123 3.41599988937
124 3.3900001049
125 3.39599990845
126 3.40799999237
127 3.4470000267
128 3.492000103
129 3.5150001049
130 3.55399990082
131 3.61400008202
132 3.67000007629
133 4.01900005341
134 4.05999994278
135 4.08400011063
136 4.10500001907
137 4.13899993896
138 4.16699981689
139 4.21500015259
140 4.22399997711
141 4.28599977493
142 4.32299995422
143 4.36000013351
144 4.39200019836
145 4.42100000381
146 4.45699977875
147 4.48799991608
148 4.48799991608
149 4.50400018692
150 4.52600002289
151 4.21400022507
152 4.30700016022
153 4.59299993515
154 3.27200007439
155 3.41799998283
156 4.71700000763
157 4.59899997711
158 4.56500005722
159 4.80000019073
160 4.83500003815
161 4.86899995804
162 4.89699983597
163 4.92199993134
164 4.96299982071
165 5.0
166 5.01999998093
167 5.03599977493
168 3.12700009346
169 3.23099994659
170 3.37599992752
171 4.09399986267
172 4.91599988937
173 4.86499977112
174 4.83699989319
175 4.83699989319
176 4.81199979782
177 4.81599998474
178 4.82899999619
179 4.84200000763
180 4.86499977112
181 4.89900016785
182 4.81300020218
183 5.31799983978
184 5.45200014114
185 5.48500013351
186 5.49499988556
187 5.49700021744
188 4.58400011063
189 4.58400011063
190 5.54699993134
191 5.57800006866
192 3.63400006294
193 3.52699995041
194 4.07399988174
195 4.03599977493
196 5.67999982834
197 5.70300006866
198 5.73000001907
199 5.76399993896
200 5.78399991989
201 5.78700017929
202 5.82000017166
203 5.83400011063
204 5.84999990463
205 5.84999990463
206 5.867000103
207 5.88199996948
208 5.89699983597
209 5.92299985886
210 5.91499996185
211 5.9279999733
212 5.95800018311
213 5.96799993515
214 5.98299980164
215 6.00099992752
216 6.02699995041
217 6.04600000381
218 6.04500007629
219 6.08400011063
220 6.08599996567
221 6.09299993515
222 6.08400011063
223 6.08900022507
224 6.07700014114
225 6.12099981308
226 6.12099981308
227 6.12599992752
228 6.132999897
229 6.15600013733
230 6.15700006485
231 6.14499998093
232 6.16499996185
233 6.17500019073
234 6.17999982834
235 6.22300004959
236 6.22300004959
237 6.22100019455
238 6.21299982071
239 6.22300004959
240 6.21400022507
241 6.22599983215
242 6.242000103
243 6.22900009155
244 6.22900009155
245 6.22100019455
246 6.24800014496
247 6.22100019455
248 6.24900007248
249 6.23199987411
250 6.26599979401
251 6.27099990845
252 6.26900005341
253 6.27400016785
254 6.28100013733
255 6.28100013733
256 6.26700019836
257 6.26300001144
258 6.26300001144
259 6.24300003052
260 6.22800016403
261 6.21500015259
262 6.22499990463
263 6.22700023651
264 6.23999977112
265 6.22900009155
266 6.20100021362
267 6.21500015259
268 6.19899988174
269 6.23400020599
270 6.20499992371
271 6.21099996567
272 6.22300004959
273 6.13899993896
274 5.84399986267
275 5.78100013733
276 5.75299978256
277 5.74300003052
278 5.71199989319
279 5.70699977875
280 5.75600004196
281 5.76800012589
282 5.79199981689
283 5.95499992371
284 6.09299993515
285 6.07600021362
286 6.05100011826
287 6.06500005722
288 6.05200004578
289 6.04899978638
290 6.04600000381
291 6.01499986649
292 5.98999977112
293 5.97900009155
294 5.94199991226
295 5.91900014877
296 5.9279999733
297 5.89900016785
298 5.89699983597
299 5.88100004196
300 5.867000103
301 5.84700012207
302 5.83500003815
303 5.82899999619
304 5.79300022125
305 5.80999994278
306 5.77099990845
307 5.78100013733
308 2.08299994469
309 2.06500005722
310 2.04699993134
311 2.03099989891
312 2.02699995041
313 2.03699994087
314 2.03999996185
315 2.0490000248
316 2.03500008583
317 2.03399991989
318 2.00999999046
319 2.01600003242
320 2.01200008392
321 2.00699996948
322 2.02300000191
323 2.03099989891
324 2.03399991989
325 2.02300000191
326 2.02800011635
327 2.09999990463
328 2.48099994659
329 2.34500002861
330 2.19600009918
331 2.17899990082
332 2.16899991035
333 2.18300008774
334 2.28999996185
335 2.32299995422
336 2.32800006866
337 2.31299996376
338 2.27999997139
339 2.28399991989
340 2.30100011826
341 2.32100009918
342 2.22300004959
343 2.18700003624
344 2.18600010872
345 2.17000007629
346 2.22399997711
347 2.47799992561
348 2.47399997711
349 4.742000103
350 4.71299982071
351 4.6779999733
352 4.63899993896
353 4.60799980164
354 4.59399986267
355 4.56199979782
356 4.30900001526
357 4.37099981308
358 4.48099994659
359 4.45499992371
360 4.44099998474
361 4.41800022125
362 4.36600017548
363 4.36299991608
364 4.30700016022
365 4.28700017929
366 4.24700021744
367 4.22100019455
368 4.17899990082
369 4.12900018692
370 4.11899995804
371 4.0560002327
372 4.02699995041
373 3.9960000515
374 3.98200011253
375 3.96399998665
376 3.92100000381
377 3.90300011635
378 3.87700009346
379 3.84999990463
380 3.81399989128
381 3.70399999619
382 3.61500000954
383 3.59599995613
384 3.5569999218
385 3.52999997139
386 3.48000001907
387 3.45199990273
388 3.41400003433
389 3.40300011635
390 3.36599993706
391 3.3220000267
392 3.29399991035
393 3.29399991035
394 3.2539999485
395 3.27500009537
396 3.29200005531
397 3.31699991226
398 3.37199997902
399 3.41100001335
400 3.4319999218
401 3.47900009155
402 3.52399992943
403 3.54200005531
404 3.60500001907
405 3.63700008392
406 3.67899990082
407 3.71099996567
408 3.71700000763
409 3.77800011635
410 3.83299994469
411 3.89599990845
412 3.92899990082
413 4.01000022888
414 4.04400014877
415 4.10400009155
416 4.18200016022
417 4.25299978256
418 4.3109998703
419 4.35799980164
420 4.44199991226
421 4.51599979401
422 4.58900022507
423 4.65000009537
424 4.72700023651
425 4.81699991226
426 4.91499996185
427 5.01800012589
428 5.10099983215
429 5.21600008011
430 5.31699991226
431 5.42500019073
432 5.51700019836
433 5.64499998093
434 5.74900007248
435 5.87599992752
436 6.02600002289
437 6.15299987793
438 6.30900001526
439 6.45699977875
440 6.49499988556
441 6.60300016403
442 6.47800016403
443 3.08800005913
444 3.04500007629
445 3.05100011826
446 3.02300000191
447 3.01900005341
448 3.02399992943
449 3.0150001049
450 3.00600004196
451 2.99000000954
452 3.00500011444
453 2.97300004959
454 2.992000103
455 2.96600008011
456 2.95799994469
457 2.95199990273
458 2.96199989319
459 2.97300004959
460 2.94099998474
461 2.94400000572
462 2.95199990273
463 2.9279999733
464 2.9319999218
465 2.92499995232
466 2.92300009727
467 2.92300009727
468 2.9279999733
469 2.91300010681
470 2.67100000381
471 2.65199995041
472 2.63700008392
473 2.63800001144
474 0.941999971867
475 0.697000026703
476 0.695999979973
477 0.926999986172
478 2.66199994087
479 2.64499998093
480 2.65899991989
481 2.64499998093
482 2.63899993896
483 2.65799999237
484 2.64499998093
485 2.65899991989
486 2.43899989128
487 2.34200000763
488 2.34200000763
489 2.52800011635
490 2.83500003815
491 2.94499993324
492 2.92600011826
493 2.9279999733
494 2.94099998474
495 2.96499991417
496 2.94099998474
497 2.96499991417
498 2.95600008965
499 2.95499992371
500 2.96700000763
501 2.96600008011
502 2.9849998951
503 2.97499990463
504 2.99399995804
505 2.98300004005
506 2.99900007248
507 3.01300001144
508 3.02500009537
509 3.04099988937
510 1.35599994659
511 1.41400003433
512 1.33000004292
513 1.31200003624
514 1.29299998283
515 1.29700005054
516 1.29400002956
517 1.29600000381
518 1.30200004578
519 1.2879999876
520 1.30700004101
521 1.30700004101
522 1.3220000267
523 1.3259999752
524 0.972999989986
525 0.898999989033
526 0.920000016689
527 1.26300001144
528 1.2539999485
529 1.23599994183
530 1.22300004959
531 1.22000002861
532 1.2159999609
533 1.22000002861
534 1.23300004005
535 1.21500003338
536 1.2159999609
537 1.22699999809
538 1.22699999809
539 1.23399996758
540 1.25800001621
