0 4.52500009537
1 4.41800022125
2 4.45399999619
3 4.47300004959
4 4.52899980545
5 4.66300010681
6 4.68499994278
7 4.69899988174
8 4.74399995804
9 4.75699996948
10 4.79199981689
11 4.8220000267
12 4.84700012207
13 4.882999897
14 4.92399978638
15 4.92899990082
16 4.83500003815
17 4.85400009155
18 4.87599992752
19 4.96299982071
20 5.13700008392
21 5.1890001297
22 5.21999979019
23 5.26800012589
24 5.31300020218
25 5.34200000763
26 5.40500020981
27 5.44600009918
28 5.50099992752
29 5.53100013733
30 5.59299993515
31 5.64599990845
32 5.65299987793
33 0.0
34 17.1490001678
35 17.1439990997
36 17.138999939
37 0.0
38 0.0
39 0.0
40 17.2290000916
41 17.1760005951
42 17.0620002747
43 16.9939994812
44 16.533000946
45 16.5389995575
46 16.5189990997
47 13.1700000763
48 13.079000473
49 12.3350000381
50 11.9300003052
51 11.5889997482
52 11.5909996033
53 11.6280002594
54 11.6309995651
55 11.3369998932
56 10.9899997711
57 10.4809999466
58 10.0819997787
59 8.35200023651
60 8.34399986267
61 8.19600009918
62 7.92399978638
63 7.64599990845
64 7.44999980927
65 7.25699996948
66 7.05900001526
67 6.89300012589
68 6.78599977493
69 6.77699995041
70 6.80499982834
71 6.8189997673
72 6.84499979019
73 6.85699987411
74 6.78299999237
75 6.63700008392
76 6.49399995804
77 6.38999986649
78 6.26000022888
79 6.16099977493
80 5.21799993515
81 4.96700000763
82 4.85699987411
83 4.76300001144
84 4.67600011826
85 4.57600021362
86 4.54300022125
87 4.45900011063
88 4.41499996185
89 4.33099985123
90 4.27099990845
91 4.22100019455
92 4.17399978638
93 4.12200021744
94 4.03999996185
95 3.99300003052
96 3.92300009727
97 3.87400007248
98 3.83899998665
99 3.80399990082
100 3.78299999237
101 3.79399991035
102 3.8259999752
103 3.86299991608
104 3.89199995995
105 3.91400003433
106 3.91599988937
107 3.94899988174
108 3.9319999218
109 3.88400006294
110 3.84899997711
111 3.8029999733
112 3.77900004387
113 3.72799992561
114 3.69499993324
115 3.65100002289
116 3.60899996758
117 3.57899999619
118 3.5490000248
119 3.54299998283
120 3.50900006294
121 3.47799992561
122 3.43000006676
123 3.40300011635
124 3.40100002289
125 3.37299990654
126 3.42000007629
127 3.43600010872
128 3.4849998951
129 3.53999996185
130 3.56500005722
131 3.59599995613
132 3.66599988937
133 4.00299978256
134 4.04300022125
135 4.10300016403
136 4.11199998856
137 4.13000011444
138 4.16699981689
139 4.21999979019
140 4.24100017548
141 4.27799987793
142 4.3060002327
143 4.36000013351
144 4.367000103
145 4.42899990082
146 4.47100019455
147 4.49499988556
148 4.51499986649
149 4.53000020981
150 4.53900003433
151 4.19799995422
152 4.31599998474
153 4.60400009155
154 3.257999897
155 3.41499996185
156 4.71500015259
157 4.59700012207
158 4.5560002327
159 4.77899980545
160 4.82999992371
161 4.85400009155
162 4.89200019836
163 4.93200016022
164 4.96600008011
165 4.98699998856
166 5.00899982452
167 5.04500007629
168 3.12299990654
169 3.22000002861
170 3.36100006104
171 4.10599994659
172 4.91300010681
173 4.87300014496
174 4.85300016403
175 4.82700014114
176 4.82899999619
177 4.83099985123
178 4.82600021362
179 4.84200000763
180 4.86499977112
181 4.90899991989
182 4.82399988174
183 5.29699993134
184 5.47200012207
185 5.4889998436
186 5.492000103
187 5.49599981308
188 4.59999990463
189 4.58500003815
190 5.57000017166
191 5.57700014114
192 3.63400006294
193 3.52500009537
194 4.07899999619
195 4.04099988937
196 5.6859998703
197 5.71899986267
198 5.73099994659
199 5.73999977112
200 5.76599979401
201 5.79500007629
202 5.82800006866
203 5.84000015259
204 5.85500001907
205 5.86000013351
206 5.86299991608
207 5.87900018692
208 5.89499998093
209 5.90600013733
210 5.92899990082
211 5.94299983978
212 5.95499992371
213 5.97300004959
214 5.97900009155
215 5.98099994659
216 6.01399993896
217 6.02899980545
218 6.05999994278
219 6.0689997673
220 6.05999994278
221 6.09200000763
222 6.09200000763
223 6.10099983215
224 6.11000013351
225 6.10699987411
226 6.11199998856
227 6.12400007248
228 6.13899993896
229 6.15299987793
230 6.16400003433
231 6.16599988937
232 6.17000007629
233 6.18499994278
234 6.19799995422
235 6.21199989319
236 6.23099994659
237 6.242000103
238 6.22499990463
239 6.22700023651
240 6.23199987411
241 6.22900009155
242 6.23500013351
243 6.23400020599
244 6.22300004959
245 6.24499988556
246 6.25
247 6.25699996948
248 6.24599981308
249 6.23099994659
250 6.25400018692
251 6.24300003052
252 6.25500011444
253 6.27199983597
254 6.27899980545
255 6.26200008392
256 6.28200006485
257 6.24599981308
258 6.23600006104
259 6.24399995804
260 6.22700023651
261 6.23099994659
262 6.23099994659
263 6.24300003052
264 6.23099994659
265 6.23699998856
266 6.21999979019
267 6.22300004959
268 6.22200012207
269 6.20300006866
270 6.19899988174
271 6.22399997711
272 6.21500015259
273 6.11800003052
274 5.84600019455
275 5.79300022125
276 5.75099992752
277 5.72800016403
278 5.73000001907
279 5.71099996567
280 5.72499990463
281 5.76800012589
282 5.80700016022
283 5.95399999619
284 6.09299993515
285 6.08199977875
286 6.05000019073
287 6.04300022125
288 6.05100011826
289 6.04799985886
290 6.04199981689
291 6.02400016785
292 5.99100017548
293 5.97499990463
294 5.96500015259
295 5.9390001297
296 5.91200017929
297 5.91499996185
298 5.88399982452
299 5.88399982452
300 5.86800003052
301 5.84600019455
302 5.84399986267
303 5.82299995422
304 5.81699991226
305 5.78800010681
306 5.79400014877
307 5.76599979401
308 2.08299994469
309 2.06500005722
310 2.05200004578
311 2.03699994087
312 2.03099989891
313 2.04399991035
314 2.03099989891
315 2.01999998093
316 2.03800010681
317 2.0150001049
318 2.02900004387
319 2.02699995041
320 2.0150001049
321 2.00999999046
322 2.01200008392
323 2.007999897
324 2.01600003242
325 2.01600003242
326 2.03699994087
327 2.09200000763
328 2.46900010109
329 2.36500000954
330 2.20700001717
331 2.16599988937
332 2.18499994278
333 2.19199991226
334 2.27999997139
335 2.34299993515
336 2.32699990273
337 2.30599999428
338 2.28699994087
339 2.29399991035
340 2.30100011826
341 2.31500005722
342 2.22699999809
343 2.18799996376
344 2.15799999237
345 2.20700001717
346 2.22399997711
347 2.46700000763
348 2.47199988365
349 4.7389998436
350 4.71000003815
351 4.68200016022
352 4.64799976349
353 4.632999897
354 4.59499979019
355 4.55700016022
356 4.30000019073
357 4.34700012207
358 4.48500013351
359 4.45900011063
360 4.42700004578
361 4.42299985886
362 4.37300014496
363 4.35799980164
364 4.3189997673
365 4.2610001564
366 4.22700023651
367 4.21600008011
368 4.17500019073
369 4.14300012589
370 4.10500001907
371 4.08599996567
372 4.03299999237
373 4.03200006485
374 3.98300004005
375 3.94199991226
376 3.91199994087
377 3.89800000191
378 3.87400007248
379 3.84299993515
380 3.82800006866
381 3.71499991417
382 3.63800001144
383 3.60299992561
384 3.53999996185
385 3.53800010681
386 3.47699999809
387 3.45000004768
388 3.42499995232
389 3.40400004387
390 3.3789999485
391 3.33699989319
392 3.31500005722
393 3.28500008583
394 3.26900005341
395 3.25200009346
396 3.28999996185
397 3.33999991417
398 3.37400007248
399 3.38800001144
400 3.45000004768
401 3.48699998856
402 3.5150001049
403 3.56299996376
404 3.58299994469
405 3.6289999485
406 3.68700003624
407 3.72099995613
408 3.74300003052
409 3.78299999237
410 3.83200001717
411 3.88800001144
412 3.91700005531
413 4.00500011444
414 4.05700016022
415 4.11800003052
416 4.1939997673
417 4.257999897
418 4.30200004578
419 4.375
420 4.44099998474
421 4.51900005341
422 4.58300018311
423 4.66800022125
424 4.73999977112
425 4.80999994278
426 4.91900014877
427 5.01399993896
428 5.10900020599
429 5.21000003815
430 5.31300020218
431 5.41099977493
432 5.52600002289
433 5.63899993896
434 5.75299978256
435 5.89499998093
436 6.01999998093
437 6.16800022125
438 6.31699991226
439 6.46799993515
440 6.51200008392
441 6.61600017548
442 6.45100021362
443 3.09299993515
444 3.04699993134
445 3.02099990845
446 3.03099989891
447 3.02200007439
448 3.01699995995
449 3.01900005341
450 2.99399995804
451 3.00200009346
452 2.98799991608
453 2.98799991608
454 2.98799991608
455 2.98300004005
456 2.95600008965
457 2.97099995613
458 2.95499992371
459 2.9509999752
460 2.94899988174
461 2.94099998474
462 2.9509999752
463 2.94199991226
464 2.93099999428
465 2.93099999428
466 2.93700003624
467 2.93400001526
468 2.93300008774
469 2.91199994087
470 2.66599988937
471 2.64499998093
472 2.62599992752
473 2.64800000191
474 0.952000021935
475 0.713999986649
476 0.708000004292
477 0.924000024796
478 2.65499997139
479 2.65700006485
480 2.65199995041
481 2.62700009346
482 2.64700007439
483 2.63100004196
484 2.66000008583
485 2.62599992752
486 2.42899990082
487 2.34400010109
488 2.32999992371
489 2.5
490 2.81999993324
491 2.93400001526
492 2.94899988174
493 2.96199989319
494 2.93799996376
495 2.94499993324
496 2.97300004959
497 2.94899988174
498 2.96300005913
499 2.96700000763
500 1.18799996376
501 1.24899995327
502 1.14800000191
503 1.13600003719
504 1.14100003242
505 1.125
506 1.13100004196
507 1.14800000191
508 1.15400004387
509 1.19599997997
510 1.2009999752
511 1.2120000124
512 1.20399999619
513 1.23000001907
514 1.23000001907
515 1.2460000515
516 1.34599995613
517 1.52199995518
518 3.09899997711
519 3.12299990654
520 3.13800001144
521 3.13599991798
522 3.14499998093
523 3.1740000248
524 0.930999994278
525 0.925999999046
526 0.919000029564
527 1.09599995613
528 1.07700002193
529 1.06200003624
530 1.08000004292
531 1.07299995422
532 1.08000004292
533 1.09200000763
534 1.11000001431
535 1.10300004482
536 1.12300002575
537 1.14800000191
538 1.15299999714
539 1.15699994564
540 3.54200005531
