0 4.52099990845
1 4.43200016022
2 4.46000003815
3 4.46099996567
4 4.54300022125
5 4.64400005341
6 4.67899990082
7 4.71500015259
8 4.75
9 4.76200008392
10 4.78299999237
11 4.82499980927
12 4.86199998856
13 4.88199996948
14 4.92199993134
15 4.92700004578
16 4.83400011063
17 4.84700012207
18 4.87900018692
19 4.96500015259
20 5.14499998093
21 5.18800020218
22 5.22300004959
23 5.27799987793
24 5.3109998703
25 5.35400009155
26 5.40600013733
27 5.44500017166
28 5.50099992752
29 5.5560002327
30 5.60799980164
31 5.65700006485
32 5.65399980545
33 0.0
34 17.156999588
35 17.1529998779
36 17.138999939
37 0.0
38 0.0
39 0.0
40 17.2350006104
41 17.1660003662
42 17.063999176
43 17.0119991302
44 16.517999649
45 16.5300006866
46 16.5119991302
47 13.1789999008
48 13.0880002975
49 12.3310003281
50 11.9359998703
51 11.5830001831
52 11.593000412
53 11.6379995346
54 11.6040000916
55 11.3129997253
56 11.0010004044
57 10.454000473
58 10.1190004349
59 8.31999969482
60 8.33300018311
61 8.20199966431
62 7.90700006485
63 7.64300012589
64 7.44999980927
65 7.24300003052
66 7.07100009918
67 6.89300012589
68 6.78700017929
69 6.78299999237
70 6.79400014877
71 6.8220000267
72 6.85500001907
73 6.86999988556
74 6.78900003433
75 6.63800001144
76 6.51300001144
77 6.38100004196
78 6.25500011444
79 6.15799999237
80 5.21899986267
81 4.96799993515
82 4.85200023651
83 4.76800012589
84 4.67999982834
85 4.61199998856
86 4.53999996185
87 4.45800018311
88 4.39799976349
89 4.32399988174
90 4.27699995041
91 4.20499992371
92 4.15700006485
93 4.10200023651
94 4.04899978638
95 3.98099994659
96 3.94600009918
97 3.89199995995
98 3.82899999619
99 3.77500009537
100 3.76699995995
101 3.78699994087
102 3.82999992371
103 3.84899997711
104 3.87400007248
105 3.91400003433
106 3.92499995232
107 3.93400001526
108 3.90599989891
109 3.87400007248
110 3.83599996567
111 3.80900001526
112 3.77500009537
113 3.71700000763
114 3.68300008774
115 3.65300011635
116 3.6289999485
117 3.59400010109
118 3.57299995422
119 3.51600003242
120 3.50500011444
121 3.47199988365
122 3.4470000267
123 3.41700005531
124 3.40100002289
125 3.39499998093
126 3.43099999428
127 3.4470000267
128 3.492000103
129 3.53900003433
130 3.57500004768
131 3.61199998856
132 3.66799998283
133 4.01800012589
134 4.04899978638
135 4.07299995422
136 4.10799980164
137 4.15999984741
138 4.1859998703
139 4.22300004959
140 4.24100017548
141 4.28399991989
142 4.32100009918
143 4.33799982071
144 4.39400005341
145 4.42199993134
146 4.46299982071
147 4.49499988556
148 4.51000022888
149 4.53000020981
150 4.54099988937
151 4.18200016022
152 4.29199981689
153 4.58799982071
154 3.26300001144
155 3.40400004387
156 4.71700000763
157 4.61199998856
158 4.57000017166
159 4.79400014877
160 4.83099985123
161 4.86499977112
162 4.90000009537
163 4.93800020218
164 4.95800018311
165 4.99399995804
166 5.01900005341
167 5.03800010681
168 3.16499996185
169 3.20199990273
170 3.36199998856
171 4.10799980164
172 4.91099977493
173 4.88800001144
174 4.84999990463
175 4.83099985123
176 4.83300018311
177 4.82399988174
178 4.82499980927
179 4.84600019455
180 4.867000103
181 4.90299987793
182 4.82100009918
183 5.31799983978
184 5.45599985123
185 5.47800016403
186 5.50699996948
187 5.52199983597
188 4.57600021362
189 4.58599996567
190 5.5609998703
191 5.58500003815
192 3.64499998093
193 3.51999998093
194 4.0689997673
195 4.05499982834
196 5.69999980927
197 5.71199989319
198 5.74399995804
199 5.75400018692
200 5.78200006485
201 5.79799985886
202 5.82499980927
203 5.83300018311
204 5.85799980164
205 5.86299991608
206 5.85599994659
207 5.88199996948
208 5.89900016785
209 5.89599990845
210 5.90600013733
211 5.94199991226
212 5.95599985123
213 5.94500017166
214 5.98999977112
215 5.99399995804
216 6.01800012589
217 6.01800012589
218 6.04899978638
219 6.0720000267
220 6.08199977875
221 6.09600019455
222 6.09200000763
223 6.10099983215
224 6.10599994659
225 6.09999990463
226 6.10599994659
227 6.12200021744
228 6.13500022888
229 6.132999897
230 6.15799999237
231 6.14699983597
232 6.17199993134
233 6.18200016022
234 6.1939997673
235 6.20300006866
236 6.22300004959
237 6.22100019455
238 6.23199987411
239 6.2389998436
240 6.22300004959
241 6.22700023651
242 6.22399997711
243 6.2389998436
244 6.22900009155
245 6.23699998856
246 6.21700000763
247 6.2389998436
248 6.23299980164
249 6.25
250 6.257999897
251 6.2389998436
252 6.27500009537
253 6.25600004196
254 6.28399991989
255 6.26599979401
256 6.25299978256
257 6.26700019836
258 6.24100017548
259 6.23400020599
260 6.22599983215
261 6.22399997711
262 6.22499990463
263 6.24300003052
264 6.22700023651
265 6.22300004959
266 6.23699998856
267 6.22300004959
268 6.21099996567
269 6.21000003815
270 6.20499992371
271 6.19600009918
272 6.21400022507
273 6.13399982452
274 5.85300016403
275 5.78900003433
276 5.76999998093
277 5.72900009155
278 5.72399997711
279 5.71299982071
280 5.73299980164
281 5.75500011444
282 5.81500005722
283 5.95699977875
284 6.09000015259
285 6.08300018311
286 6.06500005722
287 6.06599998474
288 6.06199979782
289 6.03700017929
290 6.01499986649
291 6.01399993896
292 5.99499988556
293 5.98199987411
294 5.96700000763
295 5.9359998703
296 5.92100000381
297 5.90999984741
298 5.87900018692
299 5.87099981308
300 5.85900020599
301 5.84299993515
302 5.84399986267
303 5.8109998703
304 5.80800008774
305 5.79300022125
306 5.79099988937
307 5.76800012589
308 2.07899999619
309 2.07399988174
310 2.05200004578
311 2.05399990082
312 2.04600000381
313 2.02699995041
314 2.02699995041
315 2.02300000191
316 2.02399992943
317 2.02699995041
318 2.03500008583
319 2.01300001144
320 2.02399992943
321 2.02300000191
322 2.00999999046
323 2.02800011635
324 2.02600002289
325 2.02099990845
326 2.02900004387
327 2.09200000763
328 2.47399997711
329 2.35800004005
330 2.17499995232
331 2.16799998283
332 2.17899990082
333 2.18400001526
334 2.27200007439
335 2.33299994469
336 2.31599998474
337 2.31500005722
338 2.31699991226
339 2.3029999733
340 2.29399991035
341 2.32699990273
342 2.22300004959
343 2.18300008774
344 2.18300008774
345 2.18700003624
346 2.21399998665
347 2.48600006104
348 2.47099995613
349 4.742000103
350 4.69799995422
351 4.6779999733
352 4.65500020981
353 4.62400007248
354 4.59700012207
355 4.5720000267
356 4.32999992371
357 4.34200000763
358 4.49599981308
359 4.45900011063
360 4.44500017166
361 4.41200017929
362 4.38800001144
363 4.36199998856
364 4.32100009918
365 4.27500009537
366 4.22300004959
367 4.19299983978
368 4.17999982834
369 4.14900016785
370 4.10799980164
371 4.05800008774
372 4.04899978638
373 4.02799987793
374 3.96399998665
375 3.94499993324
376 3.93600010872
377 3.89299988747
378 3.87599992752
379 3.84899997711
380 3.83299994469
381 3.69899988174
382 3.62700009346
383 3.58800005913
384 3.56699991226
385 3.53099989891
386 3.49900007248
387 3.47099995613
388 3.42700004578
389 3.40199995041
390 3.37299990654
391 3.34400010109
392 3.29699993134
393 3.27500009537
394 3.25200009346
395 3.26399993896
396 3.28099989891
397 3.33400011063
398 3.36299991608
399 3.41100001335
400 3.42899990082
401 3.46799993515
402 3.52300000191
403 3.55200004578
404 3.61199998856
405 3.64299988747
406 3.67899990082
407 3.72799992561
408 3.75200009346
409 3.78999996185
410 3.82800006866
411 3.875
412 3.92100000381
413 3.98000001907
414 4.0529999733
415 4.12599992752
416 4.17899990082
417 4.25199985504
418 4.31300020218
419 4.35300016403
420 4.44099998474
421 4.5110001564
422 4.58799982071
423 4.67000007629
424 4.72599983215
425 4.8189997673
426 4.89599990845
427 5.02299976349
428 5.11299991608
429 5.20900011063
430 5.3060002327
431 5.42600011826
432 5.5110001564
433 5.65399980545
434 5.76499986649
435 5.89300012589
436 6.02899980545
437 6.17000007629
438 6.3140001297
439 6.47499990463
440 6.51200008392
441 6.61100006104
442 6.43400001526
443 3.09699988365
444 3.04800009727
445 3.03299999237
446 3.02600002289
447 3.03399991989
448 3.02800011635
449 3.01300001144
450 2.98900008202
451 2.99300003052
452 2.98900008202
453 2.97499990463
454 2.97499990463
455 2.96600008011
456 2.96300005913
457 2.97199988365
458 2.97399997711
459 2.9470000267
460 2.94400000572
461 2.94499993324
462 2.93400001526
463 2.93099999428
464 2.93799996376
465 2.93000006676
466 2.93300008774
467 2.93300008774
468 2.91700005531
469 2.91100001335
470 2.65300011635
471 2.64599990845
472 2.6400001049
473 2.63899993896
474 0.949999988079
475 0.709999978542
476 0.708000004292
477 0.921000003815
478 2.65599989891
479 2.65300011635
480 2.65000009537
481 2.62599992752
482 2.63899993896
483 2.65000009537
484 2.67100000381
485 2.64499998093
486 2.41599988937
487 2.33599996567
488 2.32399988174
489 2.50200009346
490 2.81699991226
491 2.92700004578
492 2.93499994278
493 2.9470000267
494 2.95900011063
495 2.95499992371
496 2.96000003815
497 2.95300006866
498 2.97499990463
499 2.97499990463
500 1.23099994659
501 1.27100002766
502 1.1590000391
503 1.13499999046
504 1.15100002289
505 1.14499998093
506 1.13699996471
507 1.13300001621
508 1.14400005341
509 1.19099998474
510 1.20200002193
511 1.20200002193
512 1.21300005913
513 1.22699999809
514 1.22300004959
515 1.24800002575
516 1.33899998665
517 1.46300005913
518 3.10400009155
519 3.12700009346
520 3.1400001049
521 3.15100002289
522 3.14800000191
523 3.16499996185
524 0.939999997616
525 0.916000008583
526 0.916999995708
527 1.10199999809
528 1.09899997711
529 1.09599995613
530 1.08500003815
531 1.08099997044
532 1.07700002193
533 1.09300005436
534 1.10699999332
535 1.09800004959
536 1.12399995327
537 1.14999997616
538 1.15199995041
539 1.17100000381
540 3.5569999218
