0 4.49300003052
1 4.42899990082
2 4.42399978638
3 4.46600008011
4 4.54600000381
5 4.65799999237
6 4.67999982834
7 4.71799993515
8 4.73299980164
9 4.77899980545
10 4.79600000381
11 4.82299995422
12 4.87400007248
13 4.89200019836
14 4.91900014877
15 4.9470000267
16 4.83599996567
17 4.84100008011
18 4.87200021744
19 4.96700000763
20 5.14599990845
21 5.18400001526
22 5.23000001907
23 5.26599979401
24 5.29500007629
25 5.34899997711
26 5.40899991989
27 5.4439997673
28 5.5
29 5.54600000381
30 5.60200023651
31 5.64599990845
32 5.66699981689
33 0.0
34 17.1630001068
35 17.1480007172
36 17.156999588
37 0.0
38 0.0
39 0.0
40 17.2380008698
41 17.1630001068
42 17.0739994049
43 17.0189990997
44 16.5240001678
45 16.533000946
46 16.5240001678
47 13.1630001068
48 13.0839996338
49 12.3310003281
50 11.970000267
51 11.5860004425
52 11.6160001755
53 11.6319999695
54 11.6319999695
55 11.3680000305
56 10.9910001755
57 10.4659996033
58 10.1190004349
59 8.34500026703
60 8.35200023651
61 8.21500015259
62 7.92299985886
63 7.65000009537
64 7.44500017166
65 7.23999977112
66 7.06799983978
67 6.90999984741
68 6.78499984741
69 6.77899980545
70 6.8109998703
71 6.83300018311
72 6.84399986267
73 6.8639998436
74 6.79199981689
75 6.63800001144
76 6.51300001144
77 6.3860001564
78 6.26999998093
79 6.16200017929
80 5.21500015259
81 4.96199989319
82 4.86199998856
83 4.76599979401
84 4.68499994278
85 4.60900020599
86 4.53299999237
87 4.48199987411
88 4.41699981689
89 4.33599996567
90 4.27899980545
91 4.21400022507
92 4.17100000381
93 4.08199977875
94 4.02600002289
95 3.97799992561
96 3.93700003624
97 3.88700008392
98 3.84999990463
99 3.79800009727
100 3.75999999046
101 3.79399991035
102 3.81500005722
103 3.84800004959
104 3.86800003052
105 3.90599989891
106 3.94099998474
107 3.96199989319
108 3.93400001526
109 3.88800001144
110 3.84500002861
111 3.80599999428
112 3.76699995995
113 3.71600008011
114 3.69400000572
115 3.65199995041
116 3.61199998856
117 3.59999990463
118 3.56699991226
119 3.53099989891
120 3.50300002098
121 3.47699999809
122 3.43799996376
123 3.41100001335
124 3.41700005531
125 3.38800001144
126 3.42899990082
127 3.46099996567
128 3.49799990654
129 3.51999998093
130 3.57699990273
131 3.61599993706
132 3.64800000191
133 4.02299976349
134 4.07000017166
135 4.07499980927
136 4.13199996948
137 4.16099977493
138 4.16400003433
139 4.21799993515
140 4.242000103
141 4.28599977493
142 4.30999994278
143 4.36600017548
144 4.39699983597
145 4.43200016022
146 4.44500017166
147 4.47599983215
148 4.507999897
149 4.54099988937
150 4.54099988937
151 4.1890001297
152 4.32100009918
153 4.61100006104
154 3.26300001144
155 3.39100003242
156 4.69999980927
157 4.59000015259
158 4.54500007629
159 4.78399991989
160 4.83099985123
161 4.86299991608
162 4.88000011444
163 4.92299985886
164 4.96600008011
165 5.0
166 5.02099990845
167 5.03599977493
168 3.1740000248
169 3.22300004959
170 3.36899995804
171 4.10400009155
172 4.92000007629
173 4.87900018692
174 4.84700012207
175 4.83799982071
176 4.81599998474
177 4.81199979782
178 4.83199977875
179 4.85200023651
180 4.86199998856
181 4.90199995041
182 4.81300020218
183 5.30499982834
184 5.45900011063
185 5.48400020599
186 5.50099992752
187 5.52400016785
188 4.60599994659
189 4.57600021362
190 5.56699991226
191 5.59000015259
192 3.64599990845
193 3.53099989891
194 4.0609998703
195 4.05900001526
196 5.67500019073
197 5.69500017166
198 5.73500013351
199 5.77199983597
200 5.77699995041
201 5.8060002327
202 5.8189997673
203 5.82000017166
204 5.84600019455
205 5.85699987411
206 5.87400007248
207 5.89099979401
208 5.90600013733
209 5.90799999237
210 5.92399978638
211 5.93800020218
212 5.92999982834
213 5.96899986267
214 5.992000103
215 6.00199985504
216 6.01900005341
217 6.03599977493
218 6.0560002327
219 6.07100009918
220 6.08900022507
221 6.07700014114
222 6.06799983978
223 6.10400009155
224 6.09100008011
225 6.11800003052
226 6.11999988556
227 6.12200021744
228 6.11999988556
229 6.15700006485
230 6.15399980545
231 6.16099977493
232 6.18800020218
233 6.17899990082
234 6.20399999619
235 6.21000003815
236 6.23000001907
237 6.21600008011
238 6.22499990463
239 6.22499990463
240 6.23299980164
241 6.23000001907
242 6.22800016403
243 6.24300003052
244 6.22100019455
245 6.25299978256
246 6.23099994659
247 6.23500013351
248 6.23699998856
249 6.24399995804
250 6.257999897
251 6.27400016785
252 6.27400016785
253 6.27400016785
254 6.25699996948
255 6.27299976349
256 6.26999998093
257 6.26000022888
258 6.25099992752
259 6.25600004196
260 6.25199985504
261 6.24100017548
262 6.21299982071
263 6.21999979019
264 6.21899986267
265 6.22399997711
266 6.23799991608
267 6.22300004959
268 6.21899986267
269 6.21600008011
270 6.20900011063
271 6.21000003815
272 6.19500017166
273 6.12699985504
274 5.84700012207
275 5.78299999237
276 5.75299978256
277 5.7389998436
278 5.71099996567
279 5.73000001907
280 5.73500013351
281 5.76700019836
282 5.80900001526
283 5.94999980927
284 6.09499979019
285 6.07499980927
286 6.07600021362
287 6.07399988174
288 6.05900001526
289 6.04600000381
290 6.03700017929
291 5.99399995804
292 6.0
293 5.98500013351
294 5.96799993515
295 5.92199993134
296 5.93699979782
297 5.89099979401
298 5.90199995041
299 5.867000103
300 5.86899995804
301 5.84600019455
302 5.84000015259
303 5.82999992371
304 5.79600000381
305 5.79899978638
306 5.78599977493
307 5.76599979401
308 2.05399990082
309 2.06200003624
310 2.05900001526
311 2.05200004578
312 2.0490000248
313 2.02099990845
314 2.03200006485
315 2.04200005531
316 2.04699993134
317 2.01699995995
318 2.03699994087
319 2.01799988747
320 2.03500008583
321 2.02399992943
322 2.02699995041
323 2.02600002289
324 2.03900003433
325 2.01200008392
326 2.03200006485
327 2.08899998665
328 2.48000001907
329 2.31900000572
330 2.2009999752
331 2.17199993134
332 2.15899991989
333 2.16799998283
334 2.28500008583
335 2.32699990273
336 2.34800004959
337 2.3069999218
338 2.29500007629
339 2.30500006676
340 2.3029999733
341 2.3029999733
342 2.2349998951
343 2.16100001335
344 2.17199993134
345 2.19499993324
346 2.2460000515
347 2.45900011063
348 2.47199988365
349 4.73199987411
350 4.70900011063
351 4.66200017929
352 4.64599990845
353 4.62400007248
354 4.60099983215
355 4.57499980927
356 4.33199977875
357 4.36299991608
358 4.49599981308
359 4.44999980927
360 4.43300008774
361 4.41599988937
362 4.38399982452
363 4.3639998436
364 4.30000019073
365 4.28200006485
366 4.25099992752
367 4.21999979019
368 4.16599988937
369 4.14499998093
370 4.11100006104
371 4.07899999619
372 4.05100011826
373 4.01700019836
374 3.97600007057
375 3.97499990463
376 3.92600011826
377 3.89199995995
378 3.87599992752
379 3.83599996567
380 3.80800008774
381 3.71900010109
382 3.64599990845
383 3.59599995613
384 3.56900000572
385 3.53699994087
386 3.47499990463
387 3.45700001717
388 3.41300010681
389 3.40700006485
390 3.36800003052
391 3.34400010109
392 3.31500005722
393 3.27300000191
394 3.26399993896
395 3.26999998093
396 3.29699993134
397 3.3259999752
398 3.37199997902
399 3.40199995041
400 3.43499994278
401 3.47300004959
402 3.52600002289
403 3.56500005722
404 3.59599995613
405 3.62800002098
406 3.67199993134
407 3.72699999809
408 3.75
409 3.76999998093
410 3.83699989319
411 3.882999897
412 3.94600009918
413 3.97799992561
414 4.06500005722
415 4.12200021744
416 4.16400003433
417 4.25500011444
418 4.31599998474
419 4.36100006104
420 4.43400001526
421 4.52699995041
422 4.58400011063
423 4.66099977493
424 4.72499990463
425 4.8109998703
426 4.92100000381
427 5.02199983597
428 5.11100006104
429 5.21400022507
430 5.30800008774
431 5.42000007629
432 5.52400016785
433 5.64300012589
434 5.75500011444
435 5.88199996948
436 6.02099990845
437 6.17000007629
438 6.30999994278
439 6.45900011063
440 6.507999897
441 6.61199998856
442 6.46700000763
443 3.07100009918
444 3.04299998283
445 3.04399991035
446 3.02999997139
447 3.01099991798
448 3.02500009537
449 2.99799990654
450 3.01699995995
451 3.01300001144
452 2.98600006104
453 2.97199988365
454 2.992000103
455 2.97099995613
456 2.96099996567
457 2.97399997711
458 2.95900011063
459 2.95000004768
460 2.95799994469
461 2.9509999752
462 2.93600010872
463 2.92899990082
464 2.93499994278
465 2.93000006676
466 2.9430000782
467 2.92600011826
468 2.92100000381
469 2.91799998283
470 2.68300008774
471 2.64400005341
472 2.64299988747
473 2.63800001144
474 0.936999976635
475 0.705999970436
476 0.708999991417
477 0.924000024796
478 2.65599989891
479 2.64599990845
480 2.65300011635
481 2.64800000191
482 2.66199994087
483 2.65599989891
484 2.66899991035
485 2.65199995041
486 2.43000006676
487 2.32699990273
488 2.33200001717
489 2.50300002098
490 2.81999993324
491 2.92499995232
492 2.93700003624
493 2.93400001526
494 2.94499993324
495 2.94899988174
496 2.95000004768
497 2.95000004768
498 2.97199988365
499 2.97600007057
500 1.18900001049
501 1.24500000477
502 1.12399995327
503 1.13300001621
504 1.14699995518
505 1.125
506 1.13900005817
507 1.13699996471
508 1.15100002289
509 1.17900002003
510 1.20799994469
511 1.18400001526
512 1.2009999752
513 1.21099996567
514 1.23099994659
515 1.2539999485
516 1.36000001431
517 1.51800000668
518 3.10500001907
519 3.11500000954
520 3.14299988747
521 3.13100004196
522 3.14899992943
523 3.17600011826
524 0.93900001049
525 0.920000016689
526 0.916000008583
527 1.09800004959
528 1.08800005913
529 1.06500005722
530 1.06900000572
531 1.0529999733
532 1.07700002193
533 1.09300005436
534 1.07299995422
535 1.11500000954
536 1.13699996471
537 1.14600002766
538 1.15199995041
539 1.16199994087
540 3.53800010681
