0 4.5110001564
1 4.44000005722
2 4.44000005722
3 4.47300004959
4 4.52799987793
5 4.64599990845
6 4.68300008774
7 4.69999980927
8 4.73799991608
9 4.77099990845
10 4.79600000381
11 4.82999992371
12 4.84399986267
13 4.89599990845
14 4.92199993134
15 4.93400001526
16 4.82000017166
17 4.84200000763
18 4.88500022888
19 4.95699977875
20 5.13399982452
21 5.17199993134
22 5.21899986267
23 5.26599979401
24 5.3189997673
25 5.35699987411
26 5.40600013733
27 5.43699979782
28 5.49900007248
29 5.54799985886
30 5.61600017548
31 5.63100004196
32 5.65100002289
33 0.0
34 17.156999588
35 17.1289997101
36 17.1550006866
37 0.0
38 0.0
39 0.0
40 17.2399997711
41 17.1650009155
42 17.0629997253
43 17.0189990997
44 16.5189990997
45 16.5389995575
46 16.5240001678
47 13.1560001373
48 13.0810003281
49 12.3409996033
50 11.968000412
51 11.5749998093
52 11.6020002365
53 11.6219997406
54 11.6079998016
55 11.3249998093
56 11.0059995651
57 10.4560003281
58 10.111000061
59 8.27499961853
60 8.33699989319
61 8.20800018311
62 7.91400003433
63 7.63700008392
64 7.4470000267
65 7.23199987411
66 7.05999994278
67 6.90299987793
68 6.79500007629
69 6.76300001144
70 6.78700017929
71 6.8140001297
72 6.85200023651
73 6.86899995804
74 6.78800010681
75 6.62799978256
76 6.50299978256
77 6.382999897
78 6.26499986649
79 6.14900016785
80 5.23600006104
81 4.96500015259
82 4.85500001907
83 4.75899982452
84 4.66800022125
85 4.60599994659
86 4.55100011826
87 4.46000003815
88 4.38500022888
89 4.3220000267
90 4.26200008392
91 4.21199989319
92 4.14900016785
93 4.10699987411
94 4.03900003433
95 3.95799994469
96 3.93799996376
97 3.89499998093
98 3.84200000763
99 3.78299999237
100 3.75500011444
101 3.77600002289
102 3.81399989128
103 3.85299992561
104 3.87599992752
105 3.90700006485
106 3.93899989128
107 3.94499993324
108 3.91799998283
109 3.86400008202
110 3.81900000572
111 3.80200004578
112 3.757999897
113 3.73000001907
114 3.69899988174
115 3.66199994087
116 3.62800002098
117 3.59500002861
118 3.56200003624
119 3.53299999237
120 3.48399996758
121 3.46600008011
122 3.43799996376
123 3.41799998283
124 3.40899991989
125 3.38800001144
126 3.41899991035
127 3.45300006866
128 3.48900008202
129 3.52500009537
130 3.56399989128
131 3.60500001907
132 3.66899991035
133 4.00899982452
134 4.05999994278
135 4.07800006866
136 4.10099983215
137 4.13999986649
138 4.1810002327
139 4.20900011063
140 4.24900007248
141 4.2610001564
142 4.29500007629
143 4.34800004959
144 4.36600017548
145 4.4359998703
146 4.44500017166
147 4.48699998856
148 4.50299978256
149 4.53100013733
150 4.54699993134
151 4.20599985123
152 4.29199981689
153 4.56599998474
154 3.25300002098
155 3.41700005531
156 4.71000003815
157 4.59200000763
158 4.56500005722
159 4.80399990082
160 4.83400011063
161 4.85400009155
162 4.88399982452
163 4.92999982834
164 4.95800018311
165 4.98600006104
166 5.01700019836
167 5.04300022125
168 3.12299990654
169 3.2349998951
170 3.36800003052
171 4.09100008011
172 4.91699981689
173 4.87200021744
174 4.84999990463
175 4.82100009918
176 4.82899999619
177 4.82000017166
178 4.83799982071
179 4.84399986267
180 4.85799980164
181 4.90199995041
182 4.80800008774
183 5.31199979782
184 5.47100019455
185 5.46600008011
186 5.49599981308
187 5.50199985504
188 4.61000013351
189 4.58099985123
190 5.55900001526
191 5.59000015259
192 3.63700008392
193 3.51900005341
194 4.07299995422
195 4.03499984741
196 5.6890001297
197 5.70800018311
198 5.72900009155
199 5.75500011444
200 5.77400016785
201 5.81199979782
202 5.81199979782
203 5.8189997673
204 5.83500003815
205 5.85799980164
206 5.875
207 5.87599992752
208 5.88199996948
209 5.90500020981
210 5.91800022125
211 5.94600009918
212 5.93499994278
213 5.94999980927
214 5.98500013351
215 5.98500013351
216 6.02699995041
217 6.03599977493
218 6.05399990082
219 6.05900001526
220 6.06300020218
221 6.08199977875
222 6.09899997711
223 6.08099985123
224 6.09899997711
225 6.1139998436
226 6.12200021744
227 6.12900018692
228 6.11600017548
229 6.12200021744
230 6.15199995041
231 6.16099977493
232 6.17100000381
233 6.17000007629
234 6.18499994278
235 6.22200012207
236 6.21099996567
237 6.22800016403
238 6.23699998856
239 6.21500015259
240 6.21999979019
241 6.22900009155
242 6.24599981308
243 6.21299982071
244 2.07699990273
245 2.04600000381
246 2.03200006485
247 2.01600003242
248 2.01200008392
249 2.01200008392
250 2.02500009537
251 2.01699995995
252 2.01399993896
253 2.00999999046
254 2.00500011444
255 1.99699997902
256 2.0039999485
257 1.99000000954
258 2.00500011444
259 1.22500002384
260 0.921000003815
261 0.870000004768
262 0.889999985695
263 0.98400002718
264 6.21600008011
265 6.21299982071
266 2.39700007439
267 2.39400005341
268 2.37199997902
269 2.35700011253
270 2.24399995804
271 2.19099998474
272 2.18700003624
273 2.16199994087
274 2.15300011635
275 2.13599991798
276 2.14800000191
277 2.15400004387
278 2.14400005341
279 2.13899993896
280 2.14899992943
281 2.16300010681
282 2.19499993324
283 2.22000002861
284 2.34800004959
285 2.39599990845
286 2.41899991035
287 2.43400001526
288 6.07299995422
289 6.03900003433
290 6.02099990845
291 6.0
292 5.9889998436
293 5.95800018311
294 5.95300006866
295 5.92500019073
296 5.92999982834
297 5.90799999237
298 5.90100002289
299 5.85900020599
300 5.86600017548
301 5.82999992371
302 5.82299995422
303 5.8109998703
304 5.80200004578
305 5.79899978638
306 5.79099988937
307 5.77799987793
308 5.73799991608
309 5.72499990463
310 5.69199991226
311 5.66800022125
312 5.66300010681
313 5.62300014496
314 5.60200023651
315 5.58099985123
316 5.55399990082
317 5.53499984741
318 5.51700019836
319 5.30900001526
320 5.11199998856
321 5.45599985123
322 5.44899988174
323 5.4279999733
324 5.41400003433
325 5.39200019836
326 5.35200023651
327 5.33099985123
328 5.29099988937
329 4.38199996948
330 4.04500007629
331 4.09800004959
332 5.0
333 5.15799999237
334 5.13199996948
335 5.10400009155
336 5.08699989319
337 5.06799983978
338 5.04500007629
339 5.02099990845
340 4.94999980927
341 4.79400014877
342 4.94099998474
343 4.93300008774
344 4.90399980545
345 4.87099981308
346 4.84000015259
347 4.68699979782
348 4.57000017166
349 4.71899986267
350 4.71400022507
351 4.68300008774
352 4.63800001144
353 4.59600019455
354 4.59499979019
355 4.54400014877
356 4.31500005722
357 4.36100006104
358 4.4889998436
359 4.47200012207
360 4.42100000381
361 4.42299985886
362 4.39200019836
363 4.35799980164
364 4.30399990082
365 4.28499984741
366 4.22300004959
367 4.20599985123
368 4.16900014877
369 4.15199995041
370 4.117000103
371 4.07000017166
372 4.03700017929
373 4.0110001564
374 3.98200011253
375 3.94499993324
376 3.92499995232
377 3.90599989891
378 3.85599994659
379 3.85400009155
380 3.82999992371
381 3.71700000763
382 3.63599991798
383 3.58699989319
384 3.55800008774
385 3.52999997139
386 3.492000103
387 3.46600008011
388 3.43300008774
389 3.39400005341
390 3.36500000954
391 3.34500002861
392 3.30900001526
393 3.27200007439
394 3.25200009346
395 3.2650001049
396 3.29500007629
397 3.34200000763
398 3.36199998856
399 3.39599990845
400 3.43700003624
401 3.47199988365
402 3.50300002098
403 3.55200004578
404 3.59299993515
405 3.64499998093
406 3.68499994278
407 3.71700000763
408 3.72399997711
409 3.78600001335
410 3.81399989128
411 3.86899995804
412 3.93400001526
413 3.99300003052
414 4.06199979782
415 4.125
416 4.1890001297
417 4.23400020599
418 4.31599998474
419 4.375
420 4.44000005722
421 4.5110001564
422 4.58599996567
423 4.67299985886
424 4.72499990463
425 4.79899978638
426 4.90100002289
427 5.00600004196
428 5.10599994659
429 5.20399999619
430 5.31699991226
431 5.41699981689
432 5.53000020981
433 5.64499998093
434 5.74499988556
435 5.87799978256
436 6.00400018692
437 6.17100000381
438 6.3189997673
439 6.45599985123
440 6.50899982452
441 6.60799980164
442 6.46500015259
443 3.06900000572
444 3.05399990082
445 3.03600001335
446 3.04299998283
447 3.03200006485
448 3.00699996948
449 3.00300002098
450 2.99499988556
451 2.9849998951
452 2.98099994659
453 2.98000001907
454 2.96900010109
455 2.97699999809
456 2.96600008011
457 2.96000003815
458 2.94499993324
459 2.94199991226
460 2.94799995422
461 2.95300006866
462 2.93300008774
463 2.92700004578
464 2.92899990082
465 2.94499993324
466 2.92700004578
467 2.93000006676
468 2.93099999428
469 2.90799999237
470 2.64899992943
471 2.62400007248
472 2.63000011444
473 2.6400001049
474 0.934000015259
475 0.712999999523
476 0.695999979973
477 0.925000011921
478 2.66400003433
479 2.64800000191
480 2.62700009346
481 2.64700007439
482 2.63499999046
483 2.65400004387
484 2.65100002289
485 2.65100002289
486 2.65700006485
487 2.68000006676
488 2.66799998283
489 2.67899990082
490 2.82899999619
491 2.92300009727
492 2.94600009918
493 1.1779999733
494 1.23300004005
495 1.10199999809
496 1.10300004482
497 1.09200000763
498 1.0909999609
499 1.05599999428
500 1.08399999142
501 1.07500004768
502 1.06400001049
503 1.07899999619
504 1.0909999609
505 1.0870000124
506 1.10899996758
507 1.09300005436
508 1.11600005627
509 1.25100004673
510 3.04500007629
511 3.05900001526
512 3.04200005531
513 3.06100010872
514 3.06900000572
515 3.06900000572
516 1.25800001621
517 1.29700005054
518 1.19200003147
519 1.18400001526
520 1.17900002003
521 1.15600001812
522 1.15600001812
523 1.14699995518
524 1.0
525 0.90499997139
526 0.921000003815
527 1.11899995804
528 1.16799998283
529 1.15299999714
530 1.18700003624
531 1.44099998474
532 2.82899999619
533 2.78399991989
534 2.72300004959
535 2.68300008774
536 2.93600010872
537 2.89400005341
538 0.0
539 0.0
540 0.0
