0 4.52099990845
1 4.42199993134
2 4.42000007629
3 4.47399997711
4 4.52500009537
5 4.64599990845
6 4.66900014877
7 4.71799993515
8 4.73500013351
9 4.7610001564
10 4.78499984741
11 4.82000017166
12 4.85200023651
13 4.87799978256
14 4.92000007629
15 4.93499994278
16 4.83799982071
17 4.84399986267
18 4.88399982452
19 4.96000003815
20 5.14099979401
21 5.19600009918
22 5.22800016403
23 5.26399993896
24 5.3189997673
25 5.35599994659
26 5.40299987793
27 5.45399999619
28 5.50099992752
29 5.55000019073
30 5.59000015259
31 5.64699983597
32 5.66099977493
33 0.0
34 17.158000946
35 17.1420001984
36 17.1560001373
37 0.0
38 0.0
39 0.0
40 17.232000351
41 17.1599998474
42 17.061000824
43 17.017999649
44 16.5189990997
45 16.5419998169
46 16.5119991302
47 13.1520004272
48 13.0690002441
49 12.3459997177
50 11.9189996719
51 11.5830001831
52 11.5979995728
53 11.6280002594
54 11.6149997711
55 11.3489999771
56 10.9809999466
57 10.4630002975
58 10.1160001755
59 8.33399963379
60 8.33800029755
61 8.21000003815
62 7.90199995041
63 7.6360001564
64 7.4439997673
65 7.242000103
66 7.0689997673
67 6.91599988937
68 6.78100013733
69 6.76399993896
70 6.79600000381
71 6.82999992371
72 6.85900020599
73 6.86999988556
74 6.80499982834
75 6.63500022888
76 6.50199985504
77 6.38399982452
78 6.26900005341
79 6.15500020981
80 5.21700000763
81 4.97399997711
82 4.84399986267
83 4.77600002289
84 4.6890001297
85 4.60699987411
86 4.54199981689
87 4.47700023651
88 4.41300010681
89 4.31599998474
90 4.27699995041
91 4.21899986267
92 4.14900016785
93 4.09000015259
94 4.04400014877
95 3.98600006104
96 3.9319999218
97 3.89700007439
98 3.82399988174
99 3.79200005531
100 3.76900005341
101 3.78999996185
102 3.79999995232
103 3.84200000763
104 3.86500000954
105 3.91599988937
106 3.95499992371
107 3.94799995422
108 3.93499994278
109 3.88100004196
110 3.83899998665
111 3.78999996185
112 3.76300001144
113 3.73099994659
114 3.69899988174
115 3.66499996185
116 3.62199997902
117 3.58599996567
118 3.54999995232
119 3.53699994087
120 3.50300002098
121 3.47000002861
122 3.4470000267
123 3.40700006485
124 3.40599989891
125 3.38899993896
126 3.42499995232
127 3.45700001717
128 3.47699999809
129 3.52900004387
130 3.56699991226
131 3.61299991608
132 3.67100000381
133 4.03200006485
134 4.0529999733
135 4.09899997711
136 4.12400007248
137 4.15500020981
138 4.16200017929
139 4.21299982071
140 4.25899982452
141 4.27299976349
142 4.31199979782
143 4.36100006104
144 4.39400005341
145 4.40000009537
146 4.4390001297
147 4.49499988556
148 4.50600004196
149 4.53499984741
150 4.55100011826
151 4.21099996567
152 4.29500007629
153 4.6139998436
154 3.26200008392
155 3.40499997139
156 4.69899988174
157 4.60799980164
158 4.55000019073
159 4.80100011826
160 4.82600021362
161 4.85799980164
162 4.88800001144
163 4.92199993134
164 4.96099996567
165 5.0
166 5.02099990845
167 5.04300022125
168 3.14899992943
169 3.22300004959
170 3.38000011444
171 4.09899997711
172 4.90899991989
173 4.89400005341
174 4.85599994659
175 4.83400011063
176 4.82800006866
177 4.82399988174
178 4.82499980927
179 4.84700012207
180 4.86800003052
181 4.89400005341
182 4.82000017166
183 5.32700014114
184 5.46500015259
185 5.48500013351
186 5.49900007248
187 5.52099990845
188 4.58400011063
189 4.57999992371
190 5.55700016022
191 5.58699989319
192 3.63700008392
193 3.51399993896
194 4.07600021362
195 4.0640001297
196 5.69600009918
197 5.71099996567
198 5.73099994659
199 5.75400018692
200 5.76499986649
201 5.80999994278
202 5.83699989319
203 5.84000015259
204 5.85099983215
205 5.83900022507
206 5.86100006104
207 5.882999897
208 5.90600013733
209 5.88800001144
210 5.91400003433
211 5.94099998474
212 5.93800020218
213 5.97399997711
214 5.98400020599
215 6.00600004196
216 6.0110001564
217 6.04300022125
218 6.0529999733
219 6.04799985886
220 6.07899999619
221 6.09499979019
222 6.07800006866
223 6.09800004959
224 6.08400011063
225 6.09700012207
226 6.09600019455
227 6.12699985504
228 6.14499998093
229 6.12300014496
230 6.15600013733
231 6.17299985886
232 6.17000007629
233 6.17000007629
234 6.20900011063
235 6.21799993515
236 6.22599983215
237 6.22800016403
238 6.242000103
239 6.21500015259
240 6.21899986267
241 6.23099994659
242 6.21500015259
243 6.23400020599
244 2.06999993324
245 2.03800010681
246 2.04600000381
247 2.03399991989
248 2.02600002289
249 2.02900004387
250 2.0039999485
251 2.00300002098
252 2.02600002289
253 2.00099992752
254 2.01300001144
255 2.02200007439
256 2.01099991798
257 2.00600004196
258 1.99699997902
259 1.23000001907
260 0.919000029564
261 0.85900002718
262 0.888000011444
263 0.977999985218
264 6.22700023651
265 6.21400022507
266 2.40000009537
267 2.39499998093
268 2.36899995804
269 2.34800004959
270 2.25200009346
271 2.18700003624
272 2.19899988174
273 2.19099998474
274 2.16000008583
275 2.14299988747
276 2.14400005341
277 2.132999897
278 2.14299988747
279 2.15199995041
280 2.17100000381
281 2.18400001526
282 2.2009999752
283 2.23099994659
284 2.32399988174
285 2.41400003433
286 2.43000006676
287 2.42899990082
288 6.07000017166
289 6.05900001526
290 6.04400014877
291 6.02500009537
292 5.99300003052
293 5.97200012207
294 5.94500017166
295 5.92500019073
296 5.91300010681
297 5.91099977493
298 5.89200019836
299 5.88199996948
300 5.87400007248
301 5.83500003815
302 5.83599996567
303 5.80999994278
304 5.79300022125
305 5.80200004578
306 5.78900003433
307 5.77600002289
308 5.757999897
309 5.70599985123
310 5.67600011826
311 5.64900016785
312 5.65500020981
313 5.6139998436
314 5.6139998436
315 5.57000017166
316 5.55800008774
317 5.55100011826
318 5.5110001564
319 5.32000017166
320 5.10799980164
321 5.45200014114
322 5.44299983978
323 5.42199993134
324 5.41499996185
325 5.39300012589
326 5.35799980164
327 5.32899999619
328 5.29799985886
329 4.37400007248
330 4.0529999733
331 4.09999990463
332 5.00500011444
333 5.16300010681
334 5.14099979401
335 5.11499977112
336 5.09200000763
337 5.06500005722
338 5.04500007629
339 5.02299976349
340 4.9470000267
341 4.81300020218
342 4.95100021362
343 4.94000005722
344 4.89599990845
345 4.86499977112
346 4.82999992371
347 4.70300006866
348 4.55200004578
349 4.74499988556
350 4.71000003815
351 4.67999982834
352 4.63399982452
353 4.60900020599
354 4.57899999619
355 4.55700016022
356 4.32600021362
357 4.37099981308
358 4.49599981308
359 4.46799993515
360 4.4359998703
361 4.40100002289
362 4.40100002289
363 4.35099983215
364 4.3029999733
365 4.26700019836
366 4.22700023651
367 4.18499994278
368 4.17999982834
369 4.13999986649
370 4.09600019455
371 4.06199979782
372 4.04799985886
373 4.01800012589
374 3.99000000954
375 3.96499991417
376 3.93099999428
377 3.88599991798
378 3.875
379 3.84299993515
380 3.80800008774
381 3.70199990273
382 3.62700009346
383 3.59899997711
384 3.5720000267
385 3.53099989891
386 3.49699997902
387 3.45600008965
388 3.42700004578
389 3.39400005341
390 3.34599995613
391 3.33500003815
392 3.31999993324
393 3.28600001335
394 3.26799988747
395 3.25999999046
396 3.29200005531
397 3.32399988174
398 3.367000103
399 3.38400006294
400 3.43300008774
401 3.48900008202
402 3.50300002098
403 3.55399990082
404 3.59899997711
405 3.65000009537
406 3.66899991035
407 3.71300005913
408 3.73300004005
409 3.78699994087
410 3.83100008965
411 3.89199995995
412 3.9319999218
413 3.99000000954
414 4.06500005722
415 4.125
416 4.17999982834
417 4.24700021744
418 4.31300020218
419 4.37900018692
420 4.45599985123
421 4.49100017548
422 4.59299993515
423 4.66300010681
424 4.73999977112
425 4.80700016022
426 4.91900014877
427 5.02400016785
428 5.1139998436
429 5.20800018311
430 5.32000017166
431 5.41699981689
432 5.53399991989
433 5.63000011444
434 5.77600002289
435 5.89300012589
436 6.03299999237
437 6.16300010681
438 6.31599998474
439 6.47200012207
440 6.49800014496
441 6.60599994659
442 6.46000003815
443 3.08599996567
444 3.04299998283
445 3.02399992943
446 3.04399991035
447 3.02500009537
448 3.007999897
449 3.00600004196
450 3.00600004196
451 2.97900009155
452 3.0
453 2.99399995804
454 2.96700000763
455 2.96700000763
456 2.96199989319
457 2.95399999619
458 2.97099995613
459 2.9509999752
460 2.94400000572
461 2.9430000782
462 2.9430000782
463 2.93600010872
464 2.9279999733
465 2.92700004578
466 2.93899989128
467 2.9279999733
468 2.91499996185
469 2.91499996185
470 2.67300009727
471 2.65599989891
472 2.63100004196
473 2.66499996185
474 0.943000018597
475 0.712000012398
476 0.714999973774
477 0.921000003815
478 2.65799999237
479 2.65300011635
480 1.74399995804
481 1.22099995613
482 1.09899997711
483 1.0720000267
484 1.03999996185
485 1.03999996185
486 1.05799996853
487 1.03100001812
488 1.07400000095
489 1.07299995422
490 1.11199998856
491 1.14699995518
492 1.13800001144
493 1.13399994373
494 1.13800001144
495 1.15699994564
496 1.17200005054
497 1.19000005722
498 1.20000004768
499 1.20399999619
500 1.32899999619
501 1.54100000858
502 2.99799990654
503 2.98000001907
504 3.00600004196
505 3.00300002098
506 2.99799990654
507 3.02399992943
508 3.01099991798
509 3.01699995995
510 3.02999997139
511 3.0569999218
512 3.03800010681
513 3.05999994278
514 3.08299994469
515 1.51400005817
516 1.34500002861
517 1.23599994183
518 1.22800004482
519 1.20000004768
520 1.22000002861
521 1.18400001526
522 1.17900002003
523 1.19000005722
524 1.00100004673
525 0.896000027657
526 0.916000008583
527 1.14100003242
528 1.10399997234
529 1.10000002384
530 1.10199999809
531 1.08800005913
532 1.11600005627
533 1.12999999523
534 1.12300002575
535 1.17599999905
536 3.0569999218
537 2.93099999428
538 0.0
539 0.0
540 0.0
