0 4.50699996948
1 4.41400003433
2 4.4439997673
3 4.46600008011
4 4.53499984741
5 4.64099979401
6 4.67500019073
7 4.70599985123
8 4.74300003052
9 4.76800012589
10 4.78800010681
11 4.83199977875
12 4.85599994659
13 4.87699985504
14 4.92600011826
15 4.92100000381
16 4.82899999619
17 4.84000015259
18 4.89300012589
19 4.96299982071
20 5.14400005341
21 5.17299985886
22 5.21799993515
23 5.25099992752
24 5.30999994278
25 5.35699987411
26 5.39499998093
27 5.45200014114
28 5.49900007248
29 5.54500007629
30 5.59299993515
31 5.63800001144
32 5.67299985886
33 0.0
34 17.1509990692
35 17.1509990692
36 17.1529998779
37 0.0
38 0.0
39 0.0
40 17.2210006714
41 17.1669998169
42 17.0659999847
43 17.0049991608
44 16.5090007782
45 16.5349998474
46 16.5160007477
47 13.1540002823
48 13.0719995499
49 12.3459997177
50 11.9479999542
51 11.579000473
52 11.5979995728
53 11.623000145
54 11.6059999466
55 11.3559999466
56 10.9919996262
57 10.4659996033
58 10.109000206
59 8.33199977875
60 8.33399963379
61 8.20699977875
62 7.90000009537
63 7.63800001144
64 7.45399999619
65 7.22900009155
66 7.06599998474
67 6.89599990845
68 6.79199981689
69 6.78499984741
70 6.79500007629
71 6.82299995422
72 6.83500003815
73 6.86499977112
74 6.77799987793
75 6.63800001144
76 6.5110001564
77 6.39599990845
78 6.26300001144
79 6.13100004196
80 5.23000001907
81 4.95800018311
82 4.84299993515
83 4.75899982452
84 4.67700004578
85 4.59200000763
86 4.53900003433
87 4.47499990463
88 4.40299987793
89 4.33599996567
90 4.28000020981
91 4.21500015259
92 4.14200019836
93 4.08400011063
94 4.01700019836
95 3.98300004005
96 3.93099999428
97 3.87700009346
98 3.83400011063
99 3.78299999237
100 3.77500009537
101 3.79099988937
102 3.81500005722
103 3.83899998665
104 3.86199998856
105 3.90199995041
106 3.92600011826
107 3.95199990273
108 3.9279999733
109 3.89299988747
110 3.85500001907
111 3.80500006676
112 3.76900005341
113 3.71300005913
114 3.69000005722
115 3.65799999237
116 3.6289999485
117 3.59599995613
118 3.55800008774
119 3.52900004387
120 3.50099992752
121 3.45700001717
122 3.43899989128
123 3.41199994087
124 3.38800001144
125 3.38499999046
126 3.42899990082
127 3.45399999619
128 3.49099993706
129 3.52999997139
130 3.56699991226
131 3.60700011253
132 3.65799999237
133 4.02500009537
134 4.06199979782
135 4.10200023651
136 4.12900018692
137 4.14400005341
138 4.17399978638
139 4.21899986267
140 4.22800016403
141 4.27400016785
142 4.31699991226
143 4.34600019455
144 4.39099979401
145 4.43699979782
146 4.45699977875
147 4.47900009155
148 4.48999977112
149 4.52899980545
150 4.55100011826
151 4.18400001526
152 4.28200006485
153 4.61100006104
154 3.257999897
155 3.40899991989
156 4.71999979019
157 4.58099985123
158 4.53499984741
159 4.78700017929
160 4.83099985123
161 4.85900020599
162 4.89799976349
163 4.92600011826
164 4.94999980927
165 4.98799991608
166 5.01999998093
167 5.03900003433
168 3.15300011635
169 3.21499991417
170 3.36199998856
171 4.10699987411
172 4.91400003433
173 4.867000103
174 4.84299993515
175 4.82100009918
176 4.8060002327
177 4.8060002327
178 4.8220000267
179 4.85599994659
180 4.86299991608
181 4.88399982452
182 4.8140001297
183 5.32700014114
184 5.45200014114
185 5.48000001907
186 5.49499988556
187 5.50899982452
188 4.59499979019
189 4.55800008774
190 5.56699991226
191 5.58900022507
192 3.65199995041
193 3.5150001049
194 4.0609998703
195 4.03800010681
196 5.69000005722
197 5.69799995422
198 5.73799991608
199 5.77199983597
200 5.77799987793
201 5.80000019073
202 5.80100011826
203 5.82399988174
204 5.84100008011
205 5.86299991608
206 5.86899995804
207 5.87400007248
208 5.89099979401
209 5.91200017929
210 5.91499996185
211 5.93499994278
212 5.9470000267
213 5.96899986267
214 5.96799993515
215 6.007999897
216 6.0110001564
217 6.03700017929
218 6.05900001526
219 6.0529999733
220 6.08699989319
221 6.08500003815
222 6.07499980927
223 6.08199977875
224 6.09100008011
225 6.11000013351
226 6.12300014496
227 6.125
228 6.14300012589
229 6.15199995041
230 6.15700006485
231 6.15600013733
232 6.15500020981
233 6.17899990082
234 6.19000005722
235 6.21600008011
236 6.23000001907
237 6.21500015259
238 6.22300004959
239 6.21700000763
240 6.21999979019
241 6.20800018311
242 6.22399997711
243 6.22399997711
244 2.08200001717
245 2.04500007629
246 2.0490000248
247 2.02699995041
248 2.02699995041
249 2.02600002289
250 2.0
251 1.99699997902
252 1.99399995804
253 2.01099991798
254 1.99500000477
255 2.01099991798
256 2.00900006294
257 2.01099991798
258 1.99699997902
259 1.2120000124
260 0.912000000477
261 0.883000016212
262 0.861000001431
263 0.981000006199
264 6.21999979019
265 6.20900011063
266 2.39199995995
267 2.375
268 2.36400008202
269 2.33899998665
270 2.24799990654
271 2.18899989128
272 2.18700003624
273 2.18700003624
274 2.14100003242
275 2.15599989891
276 2.11899995804
277 2.13599991798
278 2.13100004196
279 2.132999897
280 2.16599988937
281 2.1779999733
282 2.21000003815
283 2.21499991417
284 2.32699990273
285 2.39499998093
286 2.41899991035
287 2.41799998283
288 6.07000017166
289 6.06199979782
290 6.03599977493
291 6.01599979401
292 5.99599981308
293 5.97900009155
294 5.95200014114
295 5.94899988174
296 5.91200017929
297 5.89900016785
298 5.88199996948
299 5.86999988556
300 5.85300016403
301 5.84800004959
302 5.83799982071
303 5.81699991226
304 5.81599998474
305 5.78900003433
306 5.78700017929
307 5.76599979401
308 5.73699998856
309 5.71899986267
310 5.69600009918
311 5.66699981689
312 5.63800001144
313 5.61899995804
314 5.60599994659
315 5.57499980927
316 5.54300022125
317 5.53800010681
318 5.50500011444
319 5.31199979782
320 5.1139998436
321 5.44799995422
322 5.4470000267
323 5.42700004578
324 5.41300010681
325 5.39200019836
326 5.34299993515
327 5.32800006866
328 5.29300022125
329 4.36600017548
330 4.05100011826
331 4.117000103
332 5.01800012589
333 5.15799999237
334 5.13700008392
335 5.10900020599
336 5.07999992371
337 5.06300020218
338 5.03999996185
339 5.01300001144
340 4.94500017166
341 4.80900001526
342 4.95399999619
343 4.92399978638
344 4.90799999237
345 4.86000013351
346 4.82100009918
347 4.69199991226
348 4.5529999733
349 4.73999977112
350 4.6970000267
351 4.67600011826
352 4.64200019836
353 4.61999988556
354 4.60300016403
355 4.56500005722
356 4.3189997673
357 4.37799978256
358 4.48299980164
359 4.45900011063
360 4.43800020218
361 4.40899991989
362 4.38700008392
363 4.35699987411
364 4.32600021362
365 4.27899980545
366 4.23099994659
367 4.20200014114
368 4.17100000381
369 4.13899993896
370 4.08900022507
371 4.07399988174
372 4.05200004578
373 4.02500009537
374 3.99000000954
375 3.94899988174
376 3.92600011826
377 3.89700007439
378 3.8599998951
379 3.84200000763
380 3.81900000572
381 3.71099996567
382 3.6289999485
383 3.59999990463
384 3.56100010872
385 3.52999997139
386 3.5
387 3.45900011063
388 3.43099999428
389 3.38599991798
390 3.36800003052
391 3.33500003815
392 3.31500005722
393 3.28800010681
394 3.25300002098
395 3.27500009537
396 3.29600000381
397 3.31599998474
398 3.35899996758
399 3.41400003433
400 3.43300008774
401 3.46700000763
402 3.51300001144
403 3.55599999428
404 3.59400010109
405 3.632999897
406 3.65799999237
407 3.70700001717
408 3.73900008202
409 3.78399991989
410 3.83599996567
411 3.86899995804
412 3.91599988937
413 4.00600004196
414 4.03599977493
415 4.11800003052
416 4.18200016022
417 4.23999977112
418 4.30700016022
419 4.38199996948
420 4.43200016022
421 4.52199983597
422 4.58199977875
423 4.65100002289
424 4.71600008011
425 4.80200004578
426 4.90700006485
427 5.01200008392
428 5.10799980164
429 5.19000005722
430 5.30800008774
431 5.40199995041
432 5.52199983597
433 5.63700008392
434 5.76200008392
435 5.90100002289
436 6.03100013733
437 6.16499996185
438 6.31599998474
439 6.45499992371
440 6.49300003052
441 6.59700012207
442 6.45100021362
443 3.06999993324
444 3.05399990082
445 3.05100011826
446 3.04099988937
447 3.02500009537
448 3.00300002098
449 2.9960000515
450 2.992000103
451 3.00099992752
452 2.99399995804
453 2.9849998951
454 2.98300004005
455 2.96199989319
456 2.96300005913
457 2.94799995422
458 2.95499992371
459 2.95000004768
460 2.94199991226
461 2.9319999218
462 2.93899989128
463 2.95399999619
464 2.9319999218
465 2.9279999733
466 2.90899991989
467 2.91599988937
468 2.92100000381
469 2.90400004387
470 2.68700003624
471 2.65300011635
472 2.63100004196
473 2.64299988747
474 0.944000005722
475 0.698000013828
476 0.698000013828
477 0.917999982834
478 2.64800000191
479 2.64499998093
480 1.28199994564
481 1.13699996471
482 1.09700000286
483 1.07700002193
484 1.08200001717
485 1.08800005913
486 1.10300004482
487 1.07899999619
488 1.07700002193
489 1.08599996567
490 1.09700000286
491 1.10099995136
492 1.10699999332
493 1.12600004673
494 1.13600003719
495 1.13300001621
496 1.14499998093
497 1.16400003433
498 1.27699995041
499 1.46399998665
500 2.96900010109
501 2.97300004959
502 2.97000002861
503 2.97499990463
504 2.97799992561
505 2.99799990654
506 3.0150001049
507 3.00900006294
508 3.01300001144
509 3.01600003242
510 3.03900003433
511 3.05100011826
512 3.04600000381
513 3.05599999428
514 0.0
515 1.36199998856
516 1.23099994659
517 1.17999994755
518 1.1629999876
519 1.17900002003
520 1.17299997807
521 1.15699994564
522 1.16799998283
523 1.16100001335
524 0.991999983788
525 0.901000022888
526 0.898000001907
527 1.14400005341
528 1.1590000391
529 1.1590000391
530 1.16199994087
531 1.15100002289
532 1.17499995232
533 1.2990000248
534 2.74000000954
535 2.70600008965
536 2.94799995422
537 2.91700005531
538 0.0
539 0.0
540 0.0
