0 4.51000022888
1 4.42899990082
2 4.45200014114
3 4.46099996567
4 4.51900005341
5 4.64099979401
6 4.67100000381
7 4.70599985123
8 4.72900009155
9 4.76800012589
10 4.80900001526
11 4.81699991226
12 4.84899997711
13 4.88100004196
14 4.92399978638
15 4.92399978638
16 4.82800006866
17 4.84200000763
18 4.88100004196
19 4.96199989319
20 5.13899993896
21 5.18200016022
22 5.21999979019
23 5.27699995041
24 5.30499982834
25 5.35799980164
26 5.41499996185
27 5.4470000267
28 5.48699998856
29 5.55499982834
30 5.59299993515
31 5.65899991989
32 5.65999984741
33 0.0
34 17.1520004272
35 17.1280002594
36 17.156999588
37 0.0
38 0.0
39 0.0
40 17.2329998016
41 17.156999588
42 17.0760002136
43 17.0039997101
44 16.5279998779
45 16.5489997864
46 16.5219993591
47 13.1669998169
48 13.0839996338
49 12.3199996948
50 11.9490003586
51 11.5889997482
52 11.5989999771
53 11.6190004349
54 11.6190004349
55 11.3380002975
56 10.9890003204
57 10.4490003586
58 10.0869998932
59 8.32900047302
60 8.32999992371
61 8.19600009918
62 7.91900014877
63 7.64200019836
64 7.45599985123
65 7.24599981308
66 7.05800008774
67 6.88899993896
68 6.78499984741
69 6.77400016785
70 6.80499982834
71 6.82499980927
72 6.84200000763
73 6.867000103
74 6.79300022125
75 6.64499998093
76 6.50299978256
77 6.38999986649
78 6.2610001564
79 6.14799976349
80 5.21400022507
81 4.96600008011
82 4.86000013351
83 4.78100013733
84 4.67399978638
85 4.59399986267
86 4.53000020981
87 4.46299982071
88 4.40000009537
89 4.33699989319
90 4.26900005341
91 4.20800018311
92 4.14300012589
93 4.08599996567
94 4.03700017929
95 3.96000003815
96 3.94000005722
97 3.86599993706
98 3.82500004768
99 3.7990000248
100 3.77399992943
101 3.78699994087
102 3.8180000782
103 3.85100007057
104 3.875
105 3.8900001049
106 3.9319999218
107 3.96600008011
108 3.91199994087
109 3.86800003052
110 3.84299993515
111 3.7990000248
112 3.76999998093
113 3.72900009155
114 3.70199990273
115 3.65499997139
116 3.6099998951
117 3.57999992371
118 3.55999994278
119 3.52600002289
120 3.49399995804
121 3.46900010109
122 3.43899989128
123 3.42100000381
124 3.39700007439
125 3.39700007439
126 3.40599989891
127 3.4470000267
128 3.4960000515
129 3.53200006485
130 3.56900000572
131 3.60899996758
132 3.65199995041
133 4.00699996948
134 4.06199979782
135 4.08699989319
136 4.11199998856
137 4.14599990845
138 4.1859998703
139 4.22399997711
140 4.22900009155
141 4.25699996948
142 4.31799983978
143 4.34600019455
144 4.39699983597
145 4.43400001526
146 4.46000003815
147 4.48000001907
148 4.50600004196
149 4.52299976349
150 4.54099988937
151 4.1939997673
152 4.29899978638
153 4.58099985123
154 3.26600003242
155 3.43000006676
156 4.70900011063
157 4.59100008011
158 4.5640001297
159 4.79699993134
160 4.81699991226
161 4.86000013351
162 4.90100002289
163 4.93400001526
164 4.94899988174
165 4.99700021744
166 5.01200008392
167 5.03200006485
168 3.16499996185
169 3.21199989319
170 3.36999988556
171 4.10200023651
172 4.93200016022
173 4.87699985504
174 4.84800004959
175 4.82800006866
176 4.8220000267
177 4.8140001297
178 4.82499980927
179 4.84100008011
180 4.87099981308
181 4.89499998093
182 4.82600021362
183 5.31599998474
184 5.46700000763
185 5.47599983215
186 5.48999977112
187 5.5110001564
188 4.59100008011
189 4.57700014114
190 5.55700016022
191 5.57399988174
192 3.63599991798
193 3.52800011635
194 4.06300020218
195 4.07399988174
196 5.67000007629
197 5.71799993515
198 5.72599983215
199 5.76800012589
200 5.78200006485
201 5.8140001297
202 5.81500005722
203 5.82399988174
204 5.84299993515
205 5.84100008011
206 5.85599994659
207 5.86999988556
208 5.90199995041
209 5.91400003433
210 5.91400003433
211 5.93499994278
212 5.95599985123
213 5.96999979019
214 5.9889998436
215 6.0
216 6.02199983597
217 6.01800012589
218 6.0560002327
219 6.06199979782
220 6.07700014114
221 6.07100009918
222 6.08199977875
223 6.09499979019
224 6.09700012207
225 6.11499977112
226 6.12300014496
227 6.12900018692
228 6.13399982452
229 6.1360001564
230 6.15999984741
231 6.14799976349
232 6.17700004578
233 6.1859998703
234 6.20900011063
235 6.21899986267
236 6.21600008011
237 6.21400022507
238 6.2389998436
239 6.22499990463
240 6.22200012207
241 6.23000001907
242 6.22100019455
243 6.24800014496
244 2.0720000267
245 2.04299998283
246 2.05100011826
247 2.04299998283
248 2.02800011635
249 2.00999999046
250 2.007999897
251 2.02699995041
252 1.9960000515
253 2.01999998093
254 2.0039999485
255 2.01699995995
256 1.98699998856
257 1.98599994183
258 1.99100005627
259 1.2159999609
260 0.921000003815
261 0.878000020981
262 0.902000010014
263 0.976000010967
264 6.21299982071
265 6.21199989319
266 2.39599990845
267 2.39400005341
268 2.38599991798
269 2.35599994659
270 2.26300001144
271 2.20799994469
272 2.16899991035
273 2.15199995041
274 2.14700007439
275 2.14400005341
276 2.14899992943
277 2.15700006485
278 2.15599989891
279 2.15700006485
280 2.18400001526
281 2.16499996185
282 2.21000003815
283 2.22000002861
284 2.35100007057
285 2.41199994087
286 2.42100000381
287 2.44199991226
288 6.07600021362
289 6.05200004578
290 6.03000020981
291 5.99800014496
292 6.00500011444
293 5.96999979019
294 5.95599985123
295 5.9439997673
296 5.90700006485
297 5.90399980545
298 5.88899993896
299 5.86999988556
300 5.86899995804
301 5.85099983215
302 5.82700014114
303 5.8220000267
304 5.80200004578
305 5.80100011826
306 5.78000020981
307 5.77600002289
308 5.74399995804
309 5.71500015259
310 5.69600009918
311 5.65600013733
312 5.64300012589
313 5.63100004196
314 5.60900020599
315 5.57700014114
316 5.55700016022
317 5.54099988937
318 5.51399993896
319 5.31599998474
320 5.10500001907
321 5.45300006866
322 5.45699977875
323 5.4279999733
324 5.40299987793
325 5.382999897
326 5.36100006104
327 5.33699989319
328 5.30499982834
329 4.38700008392
330 4.04699993134
331 4.11600017548
332 5.03299999237
333 5.15899991989
334 5.14599990845
335 5.11199998856
336 5.09299993515
337 5.07100009918
338 5.04400014877
339 5.01399993896
340 4.9470000267
341 4.8029999733
342 4.94999980927
343 4.9310002327
344 4.90999984741
345 4.86600017548
346 4.83400011063
347 4.70399999619
348 4.55999994278
349 4.73699998856
350 4.69500017166
351 4.67600011826
352 4.64099979401
353 4.61299991608
354 4.59100008011
355 4.5640001297
356 4.32600021362
357 4.37200021744
358 4.4889998436
359 4.44199991226
360 4.43300008774
361 4.42000007629
362 4.38800001144
363 4.34600019455
364 4.32800006866
365 4.28399991989
366 4.257999897
367 4.19899988174
368 4.17000007629
369 4.12200021744
370 4.10200023651
371 4.08199977875
372 4.05399990082
373 4.0110001564
374 3.99900007248
375 3.96300005913
376 3.92700004578
377 3.90799999237
378 3.88700008392
379 3.84999990463
380 3.81500005722
381 3.7009999752
382 3.64100003242
383 3.58699989319
384 3.55900001526
385 3.52699995041
386 3.49099993706
387 3.45700001717
388 3.4319999218
389 3.38800001144
390 3.36299991608
391 3.32500004768
392 3.31500005722
393 3.27900004387
394 3.2539999485
395 3.26200008392
396 3.29099988937
397 3.3180000782
398 3.3599998951
399 3.39700007439
400 3.4509999752
401 3.46000003815
402 3.51799988747
403 3.54699993134
404 3.59400010109
405 3.64199995995
406 3.67300009727
407 3.72399997711
408 3.74000000954
409 3.78200006485
410 3.81200003624
411 3.882999897
412 3.91700005531
413 3.97699999809
414 4.0689997673
415 4.12200021744
416 4.1810002327
417 4.24900007248
418 4.30000019073
419 4.36899995804
420 4.42600011826
421 4.51300001144
422 4.58599996567
423 4.66599988937
424 4.73400020599
425 4.80900001526
426 4.90199995041
427 5.01000022888
428 5.09800004959
429 5.20100021362
430 5.3189997673
431 5.41900014877
432 5.51900005341
433 5.64099979401
434 5.75899982452
435 5.8860001564
436 6.00199985504
437 6.16099977493
438 6.29099988937
439 6.48000001907
440 6.51000022888
441 6.60699987411
442 6.44600009918
443 3.07999992371
444 3.04299998283
445 3.04699993134
446 3.01999998093
447 3.01600003242
448 3.01900005341
449 2.9960000515
450 3.00699996948
451 2.98900008202
452 2.99499988556
453 2.97199988365
454 2.97799992561
455 2.96399998665
456 2.95499992371
457 2.97000002861
458 2.95499992371
459 2.9470000267
460 2.94099998474
461 2.95300006866
462 2.93899989128
463 2.93400001526
464 2.92600011826
465 2.93099999428
466 2.93400001526
467 2.93400001526
468 2.92000007629
469 2.91599988937
470 2.66899991035
471 2.65000009537
472 2.61899995804
473 2.65499997139
474 0.948000013828
475 0.708000004292
476 0.694999992847
477 0.926999986172
478 2.65300011635
479 2.64499998093
480 1.34300005436
481 1.1740000248
482 1.08500003815
483 1.06599998474
484 1.05400002003
485 1.04200005531
486 1.05099999905
487 1.0340000391
488 1.06500005722
489 1.06900000572
490 1.13499999046
491 1.15999996662
492 1.16400003433
493 1.13600003719
494 1.15799999237
495 1.1779999733
496 1.16900002956
497 1.19099998474
498 1.19299995899
499 1.2159999609
500 1.33800005913
501 1.4240000248
502 2.97699999809
503 2.97900009155
504 2.98600006104
505 3.007999897
506 3.01399993896
507 3.01099991798
508 3.01699995995
509 3.03299999237
510 3.04299998283
511 3.03800010681
512 3.05100011826
513 3.07800006866
514 1.3029999733
515 1.39499998093
516 1.27999997139
517 1.24399995804
518 1.22500002384
519 1.19299995899
520 1.2120000124
521 1.19299995899
522 1.20899999142
523 1.19299995899
524 0.981999993324
525 0.894999980927
526 0.917999982834
527 1.16100001335
528 1.12800002098
529 1.12199997902
530 1.10800004005
531 1.11500000954
532 1.10800004005
533 1.11399996281
534 1.1210000515
535 1.15299999714
536 1.1740000248
537 2.91899991035
538 0.0
539 0.0
540 0.0
