0 4.51800012589
1 4.4279999733
2 4.44899988174
3 4.45599985123
4 4.52400016785
5 4.64799976349
6 4.6779999733
7 4.70200014114
8 4.73799991608
9 4.77500009537
10 4.79199981689
11 4.81500005722
12 4.867000103
13 4.89300012589
14 4.92100000381
15 4.93499994278
16 4.83900022507
17 4.84399986267
18 4.88199996948
19 4.95900011063
20 5.13500022888
21 5.18300008774
22 5.22300004959
23 5.27099990845
24 5.30200004578
25 5.34499979019
26 5.40799999237
27 5.44600009918
28 5.492000103
29 5.53299999237
30 5.58900022507
31 5.63100004196
32 5.67199993134
33 0.0
34 17.142999649
35 17.1399993896
36 17.1499996185
37 0.0
38 0.0
39 0.0
40 17.2420005798
41 17.1650009155
42 17.0650005341
43 17.0
44 16.5189990997
45 16.533000946
46 16.5170001984
47 13.1750001907
48 13.0649995804
49 12.3319997787
50 11.9359998703
51 11.5989999771
52 11.5989999771
53 11.6199998856
54 11.6190004349
55 11.3389997482
56 10.9790000916
57 10.4619998932
58 10.1140003204
59 8.3140001297
60 8.34399986267
61 8.19400024414
62 7.91599988937
63 7.63999986649
64 7.42999982834
65 7.23799991608
66 7.04500007629
67 6.90000009537
68 6.78200006485
69 6.78499984741
70 6.79099988937
71 6.8220000267
72 6.85900020599
73 6.86000013351
74 6.77699995041
75 6.632999897
76 6.50099992752
77 6.3860001564
78 6.26300001144
79 6.14400005341
80 5.21400022507
81 4.97200012207
82 4.84399986267
83 4.75899982452
84 4.66499996185
85 4.59200000763
86 4.53299999237
87 4.46199989319
88 4.40299987793
89 4.31500005722
90 4.27299976349
91 4.22700023651
92 4.16300010681
93 4.11299991608
94 4.02799987793
95 3.96600008011
96 3.91199994087
97 3.87199997902
98 3.82500004768
99 3.8029999733
100 3.77099990845
101 3.78399991989
102 3.81399989128
103 3.85899996758
104 3.86100006104
105 3.88599991798
106 3.9319999218
107 3.94600009918
108 3.92499995232
109 3.87800002098
110 3.82999992371
111 3.81100010872
112 3.77399992943
113 3.73099994659
114 3.69400000572
115 3.64599990845
116 3.61100006104
117 3.5720000267
118 3.5569999218
119 3.53399991989
120 3.51200008392
121 3.46700000763
122 3.4319999218
123 3.41499996185
124 3.38899993896
125 3.37599992752
126 3.4319999218
127 3.45199990273
128 3.48600006104
129 3.52699995041
130 3.56599998474
131 3.60700011253
132 3.66499996185
133 4.02099990845
134 4.03800010681
135 4.08599996567
136 4.11600017548
137 4.16200017929
138 4.17100000381
139 4.22200012207
140 4.24100017548
141 4.25699996948
142 4.30999994278
143 4.35500001907
144 4.37699985504
145 4.4279999733
146 4.46600008011
147 4.49399995804
148 4.50500011444
149 4.52099990845
150 4.53599977493
151 4.19199991226
152 4.30100011826
153 4.54600000381
154 3.26200008392
155 3.40300011635
156 4.71199989319
157 4.59299993515
158 4.55200004578
159 4.78200006485
160 4.82700014114
161 4.86100006104
162 4.89699983597
163 4.9310002327
164 4.96400022507
165 4.9889998436
166 5.01700019836
167 5.03100013733
168 3.15100002289
169 3.22499990463
170 3.35500001907
171 4.11000013351
172 4.90999984741
173 4.86999988556
174 4.84499979019
175 4.82399988174
176 4.8060002327
177 4.82100009918
178 4.82800006866
179 4.84100008011
180 4.87300014496
181 4.89400005341
182 4.81699991226
183 5.30900001526
184 5.46600008011
185 5.48199987411
186 5.49300003052
187 5.50899982452
188 4.59100008011
189 4.57800006866
190 5.54500007629
191 5.57299995422
192 3.63899993896
193 3.51399993896
194 4.06500005722
195 4.03599977493
196 5.69000005722
197 5.70499992371
198 5.73600006104
199 5.742000103
200 5.78999996185
201 5.80999994278
202 5.82299995422
203 5.83699989319
204 5.83400011063
205 5.85300016403
206 5.86899995804
207 5.88899993896
208 5.89400005341
209 5.90899991989
210 5.92100000381
211 5.93800020218
212 5.95399999619
213 5.96500015259
214 5.98400020599
215 5.98299980164
216 5.99900007248
217 6.03200006485
218 6.04799985886
219 6.05399990082
220 6.07100009918
221 6.08799982071
222 6.08699989319
223 6.09000015259
224 6.09200000763
225 6.11600017548
226 6.11899995804
227 6.11199998856
228 6.13899993896
229 6.14499998093
230 6.13999986649
231 6.16800022125
232 6.16099977493
233 6.1779999733
234 6.18800020218
235 6.20699977875
236 6.22599983215
237 6.22100019455
238 6.21799993515
239 6.22700023651
240 6.22599983215
241 6.23600006104
242 6.21500015259
243 6.24599981308
244 2.07500004768
245 2.04299998283
246 2.05200004578
247 2.02800011635
248 2.02500009537
249 2.02300000191
250 2.00500011444
251 2.00699996948
252 1.99399995804
253 2.007999897
254 1.99500000477
255 2.01399993896
256 2.0039999485
257 1.98899996281
258 1.99399995804
259 1.23099994659
260 0.922999978065
261 0.856999993324
262 0.878000020981
263 0.978999972343
264 6.23000001907
265 6.23400020599
266 2.40700006485
267 2.36599993706
268 2.37400007248
269 2.33699989319
270 2.24799990654
271 2.17600011826
272 2.19000005722
273 2.18600010872
274 2.16700005531
275 2.15199995041
276 2.12299990654
277 2.15799999237
278 2.14499998093
279 2.14199995995
280 2.17199993134
281 2.18400001526
282 2.21300005913
283 2.23000001907
284 2.33100008965
285 2.39800000191
286 2.40599989891
287 2.43499994278
288 6.03999996185
289 6.0529999733
290 6.02299976349
291 6.02500009537
292 6.00199985504
293 5.96899986267
294 5.95699977875
295 5.93499994278
296 5.90799999237
297 5.90899991989
298 5.89200019836
299 5.87699985504
300 5.86199998856
301 5.83300018311
302 5.82600021362
303 5.8140001297
304 5.80700016022
305 5.78499984741
306 5.78499984741
307 5.77600002289
308 5.72100019455
309 5.72300004959
310 5.70399999619
311 5.66699981689
312 5.64300012589
313 5.61800003052
314 5.60200023651
315 5.56300020218
316 5.54300022125
317 5.53599977493
318 5.52500009537
319 5.31799983978
320 5.09100008011
321 5.44799995422
322 5.4359998703
323 5.42999982834
324 5.40199995041
325 5.39300012589
326 5.36299991608
327 5.32700014114
328 5.3029999733
329 4.36800003052
330 4.04799985886
331 4.09700012207
332 5.02099990845
333 5.16900014877
334 5.14099979401
335 5.10500001907
336 5.08500003815
337 5.07299995422
338 5.03800010681
339 5.01599979401
340 4.95100021362
341 4.81599998474
342 4.95599985123
343 4.93200016022
344 4.90399980545
345 4.87099981308
346 4.83199977875
347 4.71000003815
348 4.55499982834
349 4.72800016403
350 4.71299982071
351 4.6779999733
352 4.65100002289
353 4.617000103
354 4.58500003815
355 4.54300022125
356 4.30900001526
357 4.34299993515
358 4.48099994659
359 4.45200014114
360 4.41400003433
361 4.42500019073
362 4.375
363 4.34200000763
364 4.29300022125
365 4.28000020981
366 4.22900009155
367 4.19600009918
368 4.17600011826
369 4.13399982452
370 4.10699987411
371 4.09000015259
372 4.05399990082
373 4.01599979401
374 3.97799992561
375 3.94099998474
376 3.91700005531
377 3.91100001335
378 3.87299990654
379 3.85100007057
380 3.82299995422
381 3.7009999752
382 3.63199996948
383 3.59500002861
384 3.55999994278
385 3.51699995995
386 3.49099993706
387 3.46600008011
388 3.41899991035
389 3.39700007439
390 3.36899995804
391 3.34299993515
392 3.3069999218
393 3.27200007439
394 3.26600003242
395 3.24499988556
396 3.28999996185
397 3.32399988174
398 3.367000103
399 3.40499997139
400 3.44000005722
401 3.47600007057
402 3.51799988747
403 3.53900003433
404 3.60400009155
405 3.6289999485
406 3.67899990082
407 3.71900010109
408 3.74799990654
409 3.78299999237
410 3.83100008965
411 3.86199998856
412 3.93400001526
413 3.99799990654
414 4.0560002327
415 4.11000013351
416 4.17999982834
417 4.25099992752
418 4.29799985886
419 4.38100004196
420 4.44600009918
421 4.50500011444
422 4.59800004959
423 4.66300010681
424 4.71899986267
425 4.80200004578
426 4.91400003433
427 5.00899982452
428 5.10099983215
429 5.20699977875
430 5.31699991226
431 5.41800022125
432 5.52400016785
433 5.64300012589
434 5.77099990845
435 5.89200019836
436 6.02699995041
437 6.15999984741
438 6.30900001526
439 6.46999979019
440 6.50299978256
441 6.60400009155
442 6.40899991989
443 3.06900000572
444 3.04999995232
445 3.02900004387
446 3.01099991798
447 3.02399992943
448 3.01600003242
449 3.0
450 2.99300003052
451 2.9849998951
452 2.97499990463
453 2.99099993706
454 2.97099995613
455 2.96499991417
456 2.97099995613
457 2.96900010109
458 2.97099995613
459 2.94000005722
460 2.9509999752
461 2.93899989128
462 2.95499992371
463 2.92899990082
464 2.92000007629
465 2.93600010872
466 2.9279999733
467 2.91599988937
468 2.9240000248
469 2.91400003433
470 2.67100000381
471 2.64499998093
472 2.625
473 2.63499999046
474 0.943000018597
475 0.708000004292
476 0.698000013828
477 0.925000011921
478 2.65300011635
479 2.63800001144
480 2.64499998093
481 2.64899992943
482 2.64100003242
483 2.66899991035
484 2.66199994087
485 2.66100001335
486 2.65700006485
487 2.66499996185
488 2.66400003433
489 2.6740000248
490 2.82500004768
491 2.92499995232
492 2.93600010872
493 2.93000006676
494 2.95199990273
495 2.95499992371
496 2.96199989319
497 2.94899988174
498 2.96700000763
499 2.96600008011
500 2.95900011063
501 2.97600007057
502 2.98799991608
503 2.97300004959
504 2.98699998856
505 3.01099991798
506 3.00099992752
507 3.00699996948
508 3.00900006294
509 3.01399993896
510 3.0490000248
511 1.27400004864
512 1.12600004673
513 1.10800004005
514 1.09899997711
515 1.10199999809
516 1.09500002861
517 1.08899998665
518 1.09399998188
519 1.08500003815
520 1.06900000572
521 1.07299995422
522 1.07700002193
523 1.10000002384
524 0.986999988556
525 0.90600001812
526 0.90600001812
527 1.12699997425
528 1.24500000477
529 1.2009999752
530 2.93300008774
531 2.88199996948
532 1.26199996471
533 1.11300003529
534 1.07500004768
535 1.04299998283
536 1.04499995708
537 1.04499995708
538 1.03199994564
539 0.999000012875
540 0.972999989986
