0 4.50400018692
1 4.43499994278
2 4.42500019073
3 4.45900011063
4 4.51999998093
5 4.63899993896
6 4.66699981689
7 4.70100021362
8 4.73299980164
9 4.76000022888
10 4.78200006485
11 4.82800006866
12 4.85300016403
13 4.882999897
14 4.9310002327
15 4.9279999733
16 4.83500003815
17 4.85599994659
18 4.88000011444
19 4.94799995422
20 5.14699983597
21 5.17500019073
22 5.22499990463
23 5.26999998093
24 5.3140001297
25 5.35900020599
26 5.39200019836
27 5.44600009918
28 5.49700021744
29 5.54799985886
30 5.59899997711
31 5.62799978256
32 5.65500020981
33 0.0
34 17.1550006866
35 17.138999939
36 17.1459999084
37 0.0
38 0.0
39 0.0
40 17.236000061
41 17.1669998169
42 17.0690002441
43 17.0100002289
44 16.5230007172
45 16.5279998779
46 16.5170001984
47 13.1630001068
48 13.0690002441
49 12.343000412
50 11.9589996338
51 11.5889997482
52 11.6049995422
53 11.6280002594
54 11.6020002365
55 11.3459997177
56 11.0030002594
57 10.4499998093
58 10.0979995728
59 8.34300041199
60 8.32100009918
61 8.19799995422
62 7.91099977493
63 7.63399982452
64 7.44999980927
65 7.24499988556
66 7.05700016022
67 6.89799976349
68 6.78399991989
69 6.76999998093
70 6.78800010681
71 6.82999992371
72 6.83699989319
73 6.86199998856
74 6.79099988937
75 6.63399982452
76 6.51200008392
77 6.40399980545
78 6.26900005341
79 6.13800001144
80 5.22200012207
81 4.96999979019
82 4.85300016403
83 4.757999897
84 4.68400001526
85 4.60099983215
86 4.54300022125
87 4.4439997673
88 4.375
89 4.32600021362
90 4.27299976349
91 4.21500015259
92 4.15700006485
93 4.09999990463
94 4.04199981689
95 3.96000003815
96 3.94099998474
97 3.8789999485
98 3.83999991417
99 3.79800009727
100 3.75500011444
101 3.78399991989
102 3.82800006866
103 3.84800004959
104 3.8789999485
105 3.89400005341
106 3.93099999428
107 3.93099999428
108 3.90499997139
109 3.867000103
110 3.83200001717
111 3.80599999428
112 3.77600002289
113 3.72000002861
114 3.69600009918
115 3.65700006485
116 3.62199997902
117 3.59299993515
118 3.5680000782
119 3.51600003242
120 3.49900007248
121 3.47199988365
122 3.44499993324
123 3.41400003433
124 3.40000009537
125 3.382999897
126 3.41899991035
127 3.45199990273
128 3.4849998951
129 3.50999999046
130 3.56200003624
131 3.6099998951
132 3.66599988937
133 4.02299976349
134 4.0609998703
135 4.0689997673
136 4.09700012207
137 4.13000011444
138 4.17700004578
139 4.21000003815
140 4.24300003052
141 4.28100013733
142 4.3220000267
143 4.34299993515
144 4.38199996948
145 4.40000009537
146 4.45699977875
147 4.48299980164
148 4.51499986649
149 4.52400016785
150 4.55200004578
151 4.21400022507
152 4.27500009537
153 4.61100006104
154 3.25900006294
155 3.42700004578
156 4.71199989319
157 4.60599994659
158 4.56599998474
159 4.8029999733
160 4.81699991226
161 4.86100006104
162 4.90000009537
163 4.91900014877
164 4.96099996567
165 4.99300003052
166 5.01900005341
167 5.03999996185
168 3.12400007248
169 3.22600007057
170 3.3710000515
171 4.09999990463
172 4.90799999237
173 4.88199996948
174 4.84200000763
175 4.83900022507
176 4.82600021362
177 4.83500003815
178 4.82100009918
179 4.84600019455
180 4.85400009155
181 4.88800001144
182 4.80999994278
183 5.32600021362
184 5.47300004959
185 5.47599983215
186 5.49900007248
187 5.51300001144
188 4.59000015259
189 4.5609998703
190 5.55800008774
191 5.60300016403
192 3.63499999046
193 3.52300000191
194 4.06199979782
195 4.03499984741
196 5.69199991226
197 5.71400022507
198 5.73699998856
199 5.74800014496
200 5.77899980545
201 5.80900001526
202 5.82499980927
203 5.82100009918
204 5.83699989319
205 5.85799980164
206 5.87099981308
207 5.875
208 5.88800001144
209 5.90500020981
210 5.89799976349
211 5.92399978638
212 5.94799995422
213 5.96500015259
214 5.96999979019
215 6.00299978256
216 6.01800012589
217 6.03200006485
218 6.04300022125
219 6.07399988174
220 6.07899999619
221 6.08699989319
222 6.08900022507
223 6.09600019455
224 6.10500001907
225 6.11899995804
226 6.10699987411
227 6.11600017548
228 6.11899995804
229 6.1360001564
230 6.15799999237
231 6.15199995041
232 6.15600013733
233 6.1890001297
234 6.20100021362
235 6.22100019455
236 6.21899986267
237 6.23699998856
238 6.22300004959
239 6.21999979019
240 6.22200012207
241 6.2389998436
242 6.21700000763
243 6.24399995804
244 2.06100010872
245 2.04600000381
246 2.04800009727
247 2.01099991798
248 2.03699994087
249 2.03200006485
250 2.02699995041
251 2.01600003242
252 2.01300001144
253 1.99800002575
254 1.99399995804
255 1.99300003052
256 2.00600004196
257 1.99399995804
258 1.99100005627
259 1.22699999809
260 0.929000020027
261 0.875
262 0.873000025749
263 0.98400002718
264 6.23699998856
265 6.21400022507
266 2.39599990845
267 2.36199998856
268 2.3789999485
269 2.35199999809
270 2.25
271 2.17700004578
272 2.17700004578
273 2.15799999237
274 2.15300011635
275 2.15000009537
276 2.117000103
277 2.16400003433
278 2.13700008392
279 2.14599990845
280 2.17499995232
281 2.19000005722
282 2.18700003624
283 2.21900010109
284 2.33899998665
285 2.42100000381
286 2.42000007629
287 2.42899990082
288 6.0689997673
289 6.05499982834
290 6.04199981689
291 5.99300003052
292 6.0
293 5.94999980927
294 5.95399999619
295 5.94199991226
296 5.92899990082
297 5.90999984741
298 5.8860001564
299 5.87099981308
300 5.87300014496
301 5.84000015259
302 5.82700014114
303 5.8189997673
304 5.80999994278
305 5.80100011826
306 5.79099988937
307 5.757999897
308 5.73600006104
309 5.71500015259
310 5.67399978638
311 5.66699981689
312 5.63700008392
313 5.61999988556
314 5.59999990463
315 5.58300018311
316 5.56500005722
317 5.52899980545
318 5.51499986649
319 5.32100009918
320 5.10200023651
321 5.4359998703
322 5.43800020218
323 5.43499994278
324 5.41900014877
325 5.39200019836
326 5.36100006104
327 5.33199977875
328 5.3029999733
329 4.367000103
330 4.04899978638
331 4.11100006104
332 5.00699996948
333 5.17000007629
334 5.1360001564
335 5.12200021744
336 5.09000015259
337 5.05999994278
338 5.04099988937
339 5.01900005341
340 4.9390001297
341 4.79799985886
342 4.96000003815
343 4.9279999733
344 4.89900016785
345 4.85900020599
346 4.83099985123
347 4.6890001297
348 4.54699993134
349 4.72499990463
350 4.69899988174
351 4.66400003433
352 4.63899993896
353 4.61499977112
354 4.58900022507
355 4.5560002327
356 4.3109998703
357 4.33799982071
358 4.46299982071
359 4.46000003815
360 4.43400001526
361 4.40199995041
362 4.39599990845
363 4.32999992371
364 4.3029999733
365 4.27699995041
366 4.23799991608
367 4.21799993515
368 4.18200016022
369 4.15100002289
370 4.09899997711
371 4.08799982071
372 4.0529999733
373 4.01300001144
374 3.99900007248
375 3.9430000782
376 3.93000006676
377 3.90100002289
378 3.86500000954
379 3.83299994469
380 3.81200003624
381 3.70399999619
382 3.63499999046
383 3.59200000763
384 3.54399991035
385 3.53399991989
386 3.49300003052
387 3.45600008965
388 3.42100000381
389 3.39599990845
390 3.37199997902
391 3.33100008965
392 3.29800009727
393 3.27900004387
394 3.26600003242
395 3.26999998093
396 3.29600000381
397 3.31699991226
398 3.37400007248
399 3.40700006485
400 3.43000006676
401 3.46399998665
402 3.51200008392
403 3.56100010872
404 3.60100007057
405 3.64199995995
406 3.68899989128
407 3.72300004959
408 3.72399997711
409 3.76900005341
410 3.82699990273
411 3.88499999046
412 3.92100000381
413 4.00099992752
414 4.0720000267
415 4.12400007248
416 4.18300008774
417 4.242000103
418 4.3060002327
419 4.38399982452
420 4.4439997673
421 4.52099990845
422 4.58500003815
423 4.65399980545
424 4.71899986267
425 4.8109998703
426 4.91599988937
427 5.01000022888
428 5.09999990463
429 5.21400022507
430 5.31599998474
431 5.41499996185
432 5.53200006485
433 5.63999986649
434 5.76499986649
435 5.88800001144
436 6.01399993896
437 6.15700006485
438 6.32100009918
439 6.47399997711
440 6.49900007248
441 6.60400009155
442 6.46799993515
443 3.07500004768
444 3.03900003433
445 3.03200006485
446 3.02800011635
447 3.01600003242
448 3.01600003242
449 3.00500011444
450 3.00600004196
451 2.99300003052
452 2.98000001907
453 2.99099993706
454 2.96700000763
455 2.96799993515
456 2.95700001717
457 2.97199988365
458 2.95199990273
459 2.96099996567
460 2.9430000782
461 2.93099999428
462 2.9319999218
463 2.93099999428
464 2.92899990082
465 2.93700003624
466 2.93700003624
467 2.92499995232
468 2.91599988937
469 2.92000007629
470 2.66400003433
471 2.63499999046
472 2.61899995804
473 2.64800000191
474 0.940999984741
475 0.707000017166
476 0.695999979973
477 0.903999984264
478 2.63800001144
479 2.62700009346
480 2.64700007439
481 2.65100002289
482 2.64499998093
483 2.64800000191
484 2.66499996185
485 2.67100000381
486 2.68300008774
487 2.64599990845
488 2.68400001526
489 2.66599988937
490 2.8180000782
491 2.92300009727
492 2.93799996376
493 2.93000006676
494 2.96300005913
495 2.94400000572
496 2.96000003815
497 2.94799995422
498 1.35500001907
499 1.19799995422
500 1.17499995232
501 1.18400001526
502 1.1740000248
503 1.17200005054
504 1.15100002289
505 1.18099999428
506 1.16700005531
507 1.18799996376
508 1.17499995232
509 1.19400000572
510 1.19599997997
511 1.21899998188
512 1.3409999609
513 3.06200003624
514 1.32000005245
515 1.33000004292
516 1.21899998188
517 1.19599997997
518 1.17700004578
519 1.17200005054
520 1.17999994755
521 1.17700004578
522 1.18400001526
523 1.18299996853
524 0.999000012875
525 0.912999987602
526 0.92199999094
527 1.15999996662
528 1.27600002289
529 1.55799996853
530 2.93400001526
531 2.86899995804
532 2.81399989128
533 2.78699994087
534 2.73200011253
535 2.7009999752
536 2.95000004768
537 2.90300011635
538 0.0
539 0.0
540 0.0
