0 4.49499988556
1 4.42000007629
2 4.42399978638
3 4.46899986267
4 4.50500011444
5 4.65100002289
6 4.67399978638
7 4.70599985123
8 4.72599983215
9 4.76200008392
10 4.78299999237
11 4.82100009918
12 4.85900020599
13 4.88700008392
14 4.92299985886
15 4.94099998474
16 4.83900022507
17 4.83199977875
18 4.88100004196
19 4.95800018311
20 5.14499998093
21 5.18400001526
22 5.22100019455
23 5.26599979401
24 5.29799985886
25 5.34299993515
26 5.39699983597
27 5.44999980927
28 5.492000103
29 5.54600000381
30 5.59100008011
31 5.62900018692
32 5.64400005341
33 17.3840007782
34 17.1420001984
35 17.142999649
36 17.138999939
37 0.0
38 0.0
39 0.0
40 17.2350006104
41 17.1630001068
42 17.0450000763
43 16.9960002899
44 16.5189990997
45 16.5400009155
46 16.5079994202
47 13.1680002213
48 13.0640001297
49 12.3269996643
50 11.9259996414
51 11.5880002975
52 11.5979995728
53 11.6300001144
54 11.6169996262
55 11.3479995728
56 10.9870004654
57 10.4519996643
58 10.1020002365
59 8.35200023651
60 8.34200000763
61 8.20400047302
62 7.92000007629
63 7.64699983597
64 7.44600009918
65 7.23299980164
66 7.06599998474
67 6.90600013733
68 6.79500007629
69 6.77199983597
70 6.80499982834
71 6.82399988174
72 6.84999990463
73 6.87200021744
74 6.78599977493
75 6.64400005341
76 6.50199985504
77 6.37599992752
78 6.25899982452
79 6.14499998093
80 5.22499990463
81 4.95900011063
82 4.84000015259
83 4.78299999237
84 4.6810002327
85 4.59299993515
86 4.52199983597
87 4.46099996567
88 4.40799999237
89 4.32800006866
90 4.27500009537
91 4.22399997711
92 4.15299987793
93 4.08599996567
94 4.01200008392
95 3.98399996758
96 3.91599988937
97 3.89100003242
98 3.83999991417
99 3.78900003433
100 3.75200009346
101 3.77200007439
102 3.81500005722
103 3.85100007057
104 3.86400008202
105 3.90400004387
106 3.93000006676
107 3.95399999619
108 3.91799998283
109 3.88800001144
110 3.84100008011
111 3.80100011826
112 3.7650001049
113 3.71499991417
114 3.67499995232
115 3.65100002289
116 3.63499999046
117 3.58999991417
118 3.56200003624
119 3.52699995041
120 3.49399995804
121 3.47099995613
122 3.4470000267
123 3.41400003433
124 3.40100002289
125 3.37599992752
126 3.42700004578
127 3.45799994469
128 3.49000000954
129 3.52699995041
130 3.5569999218
131 3.60800004005
132 3.66000008583
133 4.01599979401
134 4.05999994278
135 4.09100008011
136 4.11299991608
137 4.15100002289
138 4.17199993134
139 4.19099998474
140 4.24100017548
141 4.27699995041
142 4.30499982834
143 4.35500001907
144 4.38800001144
145 4.4279999733
146 4.46400022507
147 4.48299980164
148 4.4889998436
149 4.52400016785
150 4.53800010681
151 4.1970000267
152 4.28599977493
153 4.61100006104
154 3.26600003242
155 3.39899992943
156 4.70100021362
157 4.59000015259
158 4.5689997673
159 4.78800010681
160 4.82100009918
161 4.86100006104
162 4.89599990845
163 4.91499996185
164 4.96099996567
165 4.99499988556
166 5.00699996948
167 5.03299999237
168 3.11999988556
169 3.21700000763
170 3.36100006104
171 4.11800003052
172 4.90999984741
173 4.86999988556
174 4.84299993515
175 4.83900022507
176 4.80499982834
177 4.83199977875
178 4.83099985123
179 4.85099983215
180 4.85900020599
181 4.89200019836
182 4.82499980927
183 5.29899978638
184 5.45900011063
185 5.47800016403
186 5.49900007248
187 5.51999998093
188 4.58599996567
189 4.57700014114
190 5.56199979782
191 5.59100008011
192 3.63400006294
193 3.51699995995
194 4.06500005722
195 4.02699995041
196 5.67399978638
197 5.70499992371
198 5.73000001907
199 5.76200008392
200 5.78200006485
201 5.79099988937
202 5.80900001526
203 5.82600021362
204 5.83400011063
205 5.83900022507
206 5.867000103
207 5.882999897
208 5.90000009537
209 5.91099977493
210 5.91699981689
211 5.94000005722
212 5.95200014114
213 5.95200014114
214 5.97800016403
215 5.99300003052
216 6.01399993896
217 6.02099990845
218 6.04199981689
219 6.06500005722
220 6.05800008774
221 6.06699991226
222 6.09999990463
223 6.09399986267
224 6.10099983215
225 6.11100006104
226 6.11899995804
227 6.12099981308
228 6.13000011444
229 6.15199995041
230 6.13999986649
231 6.15700006485
232 6.17299985886
233 6.17100000381
234 6.20100021362
235 6.1890001297
236 6.21500015259
237 6.22499990463
238 6.21500015259
239 6.21700000763
240 6.22300004959
241 6.21700000763
242 6.23000001907
243 6.24300003052
244 2.07500004768
245 2.06599998474
246 2.04099988937
247 2.03699994087
248 2.00600004196
249 2.00699996948
250 2.01799988747
251 2.01099991798
252 2.01200008392
253 2.00999999046
254 2.01200008392
255 1.99000000954
256 1.99699997902
257 2.00500011444
258 1.99000000954
259 1.22200000286
260 0.929000020027
261 0.875
262 0.879999995232
263 0.97000002861
264 6.22399997711
265 6.22800016403
266 2.40100002289
267 2.39100003242
268 2.38800001144
269 2.32899999619
270 2.24399995804
271 2.1819999218
272 2.16700005531
273 2.18899989128
274 2.17499995232
275 2.14499998093
276 2.14199995995
277 2.13899993896
278 2.15499997139
279 2.15000009537
280 2.17899990082
281 2.20499992371
282 2.18300008774
283 2.22000002861
284 2.35299992561
285 2.41300010681
286 2.41499996185
287 2.42899990082
288 6.07299995422
289 6.05900001526
290 6.03200006485
291 6.007999897
292 6.00099992752
293 5.96700000763
294 5.95300006866
295 5.94099998474
296 5.91099977493
297 5.90500020981
298 5.88899993896
299 5.88700008392
300 5.86600017548
301 5.82899999619
302 5.82399988174
303 5.82000017166
304 5.80800008774
305 5.78700017929
306 5.79300022125
307 5.77299976349
308 5.72499990463
309 5.71799993515
310 5.69299983978
311 5.6859998703
312 5.6360001564
313 5.61899995804
314 5.60900020599
315 5.58400011063
316 5.54500007629
317 5.53700017929
318 5.52199983597
319 5.30900001526
320 5.10200023651
321 5.45499992371
322 5.44500017166
323 5.43499994278
324 5.42500019073
325 5.38500022888
326 5.36199998856
327 5.32499980927
328 5.29300022125
329 4.36899995804
330 4.03999996185
331 4.11100006104
332 5.03800010681
333 5.16800022125
334 5.13800001144
335 5.10300016403
336 5.09100008011
337 5.0640001297
338 5.04899978638
339 5.01499986649
340 4.93699979782
341 4.79600000381
342 4.96000003815
343 4.92199993134
344 4.8860001564
345 4.86499977112
346 4.84299993515
347 4.69999980927
348 4.56300020218
349 4.73999977112
350 4.69600009918
351 4.66699981689
352 4.64099979401
353 4.62599992752
354 4.59499979019
355 4.55000019073
356 4.30200004578
357 4.37200021744
358 4.47399997711
359 4.45800018311
360 4.43400001526
361 4.39499998093
362 4.37699985504
363 4.35799980164
364 4.31300020218
365 4.26999998093
366 4.23099994659
367 4.20699977875
368 4.17399978638
369 4.12599992752
370 4.08699989319
371 4.05700016022
372 4.03700017929
373 4.01499986649
374 3.97399997711
375 3.95399999619
376 3.92300009727
377 3.89800000191
378 3.875
379 3.85599994659
380 3.82399988174
381 3.72099995613
382 3.63000011444
383 3.59800004959
384 3.56299996376
385 3.53200006485
386 3.49099993706
387 3.45000004768
388 3.42600011826
389 3.39800000191
390 3.36899995804
391 3.33100008965
392 3.30900001526
393 3.27300000191
394 3.26600003242
395 3.25500011444
396 3.29299998283
397 3.32999992371
398 3.36599993706
399 3.41499996185
400 3.44099998474
401 3.48099994659
402 3.51399993896
403 3.5529999733
404 3.60199999809
405 3.64199995995
406 3.66199994087
407 3.70399999619
408 3.72600007057
409 3.77999997139
410 3.83699989319
411 3.87800002098
412 3.93000006676
413 3.98900008202
414 4.06300020218
415 4.10200023651
416 4.15000009537
417 4.24499988556
418 4.31300020218
419 4.37799978256
420 4.45200014114
421 4.50299978256
422 4.58400011063
423 4.65700006485
424 4.73600006104
425 4.80999994278
426 4.90799999237
427 5.02099990845
428 5.09299993515
429 5.21199989319
430 5.31300020218
431 5.41499996185
432 5.51800012589
433 5.63999986649
434 5.77400016785
435 5.86299991608
436 6.01999998093
437 6.17299985886
438 6.30499982834
439 6.47499990463
440 6.50199985504
441 6.59600019455
442 6.492000103
443 3.06900000572
444 3.0490000248
445 3.02699995041
446 3.02699995041
447 3.01099991798
448 3.01399993896
449 2.99699997902
450 2.992000103
451 3.00200009346
452 2.97799992561
453 2.97000002861
454 2.98200011253
455 2.97499990463
456 2.96799993515
457 2.95300006866
458 2.94899988174
459 2.94899988174
460 2.94799995422
461 2.95199990273
462 2.96000003815
463 2.94899988174
464 2.9279999733
465 2.93799996376
466 2.91799998283
467 2.91599988937
468 2.91899991035
469 2.90899991989
470 2.65499997139
471 2.65499997139
472 2.61899995804
473 2.65300011635
474 0.949999988079
475 0.695999979973
476 0.689999997616
477 0.922999978065
478 2.65599989891
479 2.64199995995
480 2.64899992943
481 2.64499998093
482 2.65000009537
483 2.65799999237
484 2.65799999237
485 2.65499997139
486 2.66199994087
487 2.65199995041
488 2.66700005531
489 2.68000006676
490 2.83200001717
491 2.92600011826
492 2.94099998474
493 2.9240000248
494 2.93300008774
495 2.93099999428
496 2.94799995422
497 2.96000003815
498 2.94899988174
499 2.96900010109
500 2.96199989319
501 2.98200011253
502 2.97699999809
503 2.97199988365
504 3.00999999046
505 2.99699997902
506 3.0150001049
507 3.00900006294
508 3.01900005341
509 3.02399992943
510 3.03600001335
511 3.0490000248
512 3.03800010681
513 3.06500005722
514 3.07399988174
515 3.08999991417
516 1.28299999237
517 1.33200001717
518 1.2120000124
519 1.18700003624
520 1.19099998474
521 1.18499994278
522 1.16100001335
523 1.15100002289
524 1.00199997425
525 0.894999980927
526 0.902000010014
527 1.14199995995
528 1.15999996662
529 1.17999994755
530 1.20700001717
531 1.20399999619
532 1.25999999046
533 1.54299998283
534 1.30799996853
535 1.10800004005
536 1.09200000763
537 1.08099997044
538 1.0529999733
539 1.02400004864
540 0.991999983788
