0 4.51200008392
1 4.43699979782
2 4.44500017166
3 4.47100019455
4 4.53900003433
5 4.64200019836
6 4.67999982834
7 4.71899986267
8 4.742000103
9 4.77799987793
10 4.79600000381
11 4.83300018311
12 4.86600017548
13 4.89799976349
14 4.91099977493
15 4.92299985886
16 4.83099985123
17 4.84100008011
18 4.87599992752
19 4.97399997711
20 5.13100004196
21 5.18699979782
22 5.22599983215
23 5.27099990845
24 5.30200004578
25 5.35500001907
26 5.39799976349
27 5.43699979782
28 5.49599981308
29 5.54600000381
30 5.58199977875
31 5.64400005341
32 5.64699983597
33 0.0
34 17.1380004883
35 17.1529998779
36 17.1420001984
37 0.0
38 0.0
39 0.0
40 17.2240009308
41 17.1760005951
42 17.045999527
43 17.0200004578
44 16.5189990997
45 16.547000885
46 16.5149993896
47 13.1459999084
48 13.0729999542
49 12.3360004425
50 11.9370002747
51 11.5799999237
52 11.5869998932
53 11.609000206
54 11.623000145
55 11.3459997177
56 10.9930000305
57 10.4779996872
58 10.0880002975
59 8.34599971771
60 8.33300018311
61 8.19799995422
62 7.90799999237
63 7.64400005341
64 7.4390001297
65 7.242000103
66 7.04300022125
67 6.89599990845
68 6.79199981689
69 6.77199983597
70 6.8060002327
71 6.83599996567
72 6.84700012207
73 6.86999988556
74 6.79400014877
75 6.63700008392
76 6.51399993896
77 6.37699985504
78 6.26200008392
79 6.13100004196
80 5.22700023651
81 4.96799993515
82 4.84899997711
83 4.76399993896
84 4.6859998703
85 4.61000013351
86 4.53000020981
87 4.46999979019
88 4.39200019836
89 4.34100008011
90 4.27500009537
91 4.22599983215
92 4.15199995041
93 4.11100006104
94 4.01999998093
95 3.98799991608
96 3.93700003624
97 3.88499999046
98 3.82399988174
99 3.78900003433
100 3.77300000191
101 3.78299999237
102 3.81699991226
103 3.86100006104
104 3.86800003052
105 3.882999897
106 3.93400001526
107 3.9430000782
108 3.91100001335
109 3.88599991798
110 3.83800005913
111 3.80500006676
112 3.76900005341
113 3.72499990463
114 3.68499994278
115 3.65700006485
116 3.61800003052
117 3.59699988365
118 3.5569999218
119 3.52399992943
120 3.50200009346
121 3.46900010109
122 3.44400000572
123 3.42000007629
124 3.40799999237
125 3.375
126 3.42499995232
127 3.45199990273
128 3.492000103
129 3.52500009537
130 3.55399990082
131 3.61199998856
132 3.67000007629
133 4.03599977493
134 4.04899978638
135 4.08900022507
136 4.11800003052
137 4.14900016785
138 4.17100000381
139 4.22200012207
140 4.23799991608
141 4.27899980545
142 4.30399990082
143 4.34100008011
144 4.37799978256
145 4.40100002289
146 4.46299982071
147 4.49100017548
148 4.51399993896
149 4.52699995041
150 4.53499984741
151 4.18699979782
152 4.30200004578
153 4.617000103
154 3.26300001144
155 3.42000007629
156 4.70800018311
157 4.59899997711
158 4.53999996185
159 4.8060002327
160 4.82100009918
161 4.86499977112
162 4.89400005341
163 4.92500019073
164 4.96899986267
165 4.98699998856
166 5.02400016785
167 5.02699995041
168 3.15499997139
169 3.22600007057
170 3.36599993706
171 4.09600019455
172 4.90899991989
173 4.867000103
174 4.84999990463
175 4.8189997673
176 4.8189997673
177 4.81599998474
178 4.82600021362
179 4.85099983215
180 4.87200021744
181 4.89799976349
182 4.80800008774
183 5.32499980927
184 5.46999979019
185 5.46299982071
186 5.49900007248
187 5.50899982452
188 4.60200023651
189 4.57700014114
190 5.55999994278
191 5.58500003815
192 3.64199995995
193 3.52699995041
194 4.07299995422
195 4.06599998474
196 5.67600011826
197 5.70399999619
198 5.73000001907
199 5.76800012589
200 5.78100013733
201 5.79899978638
202 5.8189997673
203 5.82499980927
204 5.83199977875
205 5.83799982071
206 5.85900020599
207 5.882999897
208 5.89900016785
209 5.91200017929
210 5.91200017929
211 5.93499994278
212 5.95599985123
213 5.96099996567
214 5.96600008011
215 5.99300003052
216 6.01800012589
217 6.01800012589
218 6.06500005722
219 6.08500003815
220 6.07700014114
221 6.06599998474
222 6.09299993515
223 6.09600019455
224 6.10300016403
225 6.11000013351
226 6.12200021744
227 6.1360001564
228 6.13700008392
229 6.14300012589
230 6.14099979401
231 6.17000007629
232 6.17500019073
233 6.1810002327
234 6.20499992371
235 6.19000005722
236 6.20900011063
237 6.22100019455
238 6.21600008011
239 6.21400022507
240 6.23600006104
241 6.2389998436
242 6.23500013351
243 6.23799991608
244 2.07100009918
245 2.06299996376
246 2.03800010681
247 2.01600003242
248 2.01399993896
249 2.00999999046
250 2.01999998093
251 2.02099990845
252 1.99699997902
253 2.01099991798
254 1.99500000477
255 2.01999998093
256 1.99300003052
257 2.01200008392
258 1.98599994183
259 1.22200000286
260 0.926999986172
261 0.879000008106
262 0.874000012875
263 0.977999985218
264 6.22700023651
265 6.21099996567
266 2.38499999046
267 2.38599991798
268 2.375
269 2.35500001907
270 2.27099990845
271 2.1819999218
272 2.16499996185
273 2.17499995232
274 2.14800000191
275 2.14700007439
276 2.1210000515
277 2.13000011444
278 2.11999988556
279 2.13899993896
280 2.17499995232
281 2.18300008774
282 2.19000005722
283 2.23699998856
284 2.35100007057
285 2.41000008583
286 2.42199993134
287 2.43899989128
288 6.05100011826
289 6.04199981689
290 6.02799987793
291 5.99499988556
292 6.01200008392
293 5.96199989319
294 5.96899986267
295 5.94500017166
296 5.92899990082
297 5.90799999237
298 5.882999897
299 5.88500022888
300 5.84000015259
301 5.83599996567
302 5.82700014114
303 5.82899999619
304 5.80999994278
305 5.78800010681
306 5.78200006485
307 5.74800014496
308 5.75
309 5.70699977875
310 5.68800020218
311 5.66800022125
312 5.64699983597
313 5.625
314 5.61000013351
315 5.56300020218
316 5.55499982834
317 5.53700017929
318 5.51700019836
319 5.31500005722
320 5.09200000763
321 5.46099996567
322 5.46000003815
323 5.43699979782
324 5.41800022125
325 5.38899993896
326 5.35099983215
327 5.32999992371
328 5.28900003433
329 4.35500001907
330 4.03000020981
331 4.12099981308
332 5.0
333 5.16400003433
334 5.12599992752
335 5.10699987411
336 5.08599996567
337 5.0689997673
338 5.03900003433
339 5.02500009537
340 4.94299983978
341 4.82000017166
342 4.95100021362
343 4.92399978638
344 4.90600013733
345 4.86999988556
346 4.84200000763
347 4.6970000267
348 4.54799985886
349 4.72300004959
350 4.69899988174
351 4.67500019073
352 4.64400005341
353 4.61600017548
354 4.59499979019
355 4.57000017166
356 4.3189997673
357 4.35799980164
358 4.46600008011
359 4.46899986267
360 4.4310002327
361 4.41900014877
362 4.39900016785
363 4.33300018311
364 4.32000017166
365 4.27199983597
366 4.23600006104
367 4.19299983978
368 4.15100002289
369 4.12300014496
370 4.10799980164
371 4.0640001297
372 4.03999996185
373 4.02099990845
374 3.98099994659
375 3.94099998474
376 3.92499995232
377 3.90199995041
378 3.87299990654
379 3.85100007057
380 3.82699990273
381 3.72699999809
382 3.632999897
383 3.59299993515
384 3.5529999733
385 3.52699995041
386 3.49300003052
387 3.46099996567
388 3.43099999428
389 3.39599990845
390 3.35199999809
391 3.33599996567
392 3.31100010872
393 3.2650001049
394 3.26600003242
395 3.24799990654
396 3.27900004387
397 3.32399988174
398 3.36299991608
399 3.41400003433
400 3.44199991226
401 3.47399997711
402 3.51300001144
403 3.56100010872
404 3.58299994469
405 3.62299990654
406 3.67600011826
407 3.71799993515
408 3.74099993706
409 3.79600000381
410 3.83599996567
411 3.8710000515
412 3.92600011826
413 4.00099992752
414 4.05900001526
415 4.10300016403
416 4.17000007629
417 4.24800014496
418 4.29799985886
419 4.34899997711
420 4.44799995422
421 4.51900005341
422 4.58300018311
423 4.66099977493
424 4.74100017548
425 4.80999994278
426 4.90100002289
427 5.00600004196
428 5.10200023651
429 5.20800018311
430 5.3060002327
431 5.42999982834
432 5.52699995041
433 5.63000011444
434 5.74100017548
435 5.88999986649
436 6.02400016785
437 6.15299987793
438 6.30800008774
439 6.46899986267
440 6.51200008392
441 6.59899997711
442 6.44199991226
443 3.0720000267
444 3.04200005531
445 3.03600001335
446 3.02699995041
447 3.03500008583
448 2.99699997902
449 2.99499988556
450 2.992000103
451 2.992000103
452 2.9960000515
453 2.97600007057
454 2.97300004959
455 2.96099996567
456 2.98099994659
457 2.97300004959
458 2.94499993324
459 2.97499990463
460 2.93799996376
461 2.94799995422
462 2.94499993324
463 2.93099999428
464 2.93499994278
465 2.93899989128
466 2.92300009727
467 2.91400003433
468 2.91599988937
469 2.90899991989
470 2.68300008774
471 2.61800003052
472 2.61800003052
473 2.64400005341
474 0.944000005722
475 0.702000021935
476 0.700999975204
477 0.926999986172
478 2.64899992943
479 2.64499998093
480 1.35500001907
481 1.18599998951
482 1.08200001717
483 1.04100000858
484 1.04499995708
485 1.0490000248
486 1.05400002003
487 1.05200004578
488 1.03699994087
489 1.05900001526
490 1.13399994373
491 1.13800001144
492 1.13300001621
493 1.15199995041
494 1.15199995041
495 1.1629999876
496 1.18400001526
497 1.17100000381
498 1.19099998474
499 1.21300005913
500 1.2990000248
501 1.42299997807
502 2.97699999809
503 2.99000000954
504 2.9849998951
505 2.9849998951
506 2.99300003052
507 3.01699995995
508 3.01600003242
509 3.02900004387
510 3.02200007439
511 3.04099988937
512 3.06200003624
513 3.06599998474
514 1.30099999905
515 1.40699994564
516 1.2990000248
517 1.22899997234
518 1.2159999609
519 1.21000003815
520 1.20500004292
521 1.21000003815
522 1.20899999142
523 1.19400000572
524 0.992999970913
525 0.908999979496
526 0.917999982834
527 1.13399994373
528 1.14999997616
529 1.11399996281
530 1.11500000954
531 1.10899996758
532 1.10599994659
533 1.13100004196
534 1.13100004196
535 1.14199995995
536 1.16999995708
537 2.90100002289
538 0.0
539 0.0
540 0.0
