0 4.50699996948
1 4.4359998703
2 4.45800018311
3 4.47200012207
4 4.54400014877
5 4.66300010681
6 4.65000009537
7 4.71799993515
8 4.73799991608
9 4.76900005341
10 4.80499982834
11 4.82399988174
12 4.86100006104
13 4.90399980545
14 4.92299985886
15 4.94000005722
16 4.83400011063
17 4.84399986267
18 4.88199996948
19 4.96799993515
20 5.14099979401
21 5.18699979782
22 5.22200012207
23 5.26399993896
24 5.31599998474
25 5.34899997711
26 5.40199995041
27 5.45100021362
28 5.49800014496
29 5.54899978638
30 5.60400009155
31 5.64699983597
32 5.69000005722
33 0.0
34 17.1609992981
35 17.138999939
36 17.1539993286
37 0.0
38 0.0
39 0.0
40 17.2369995117
41 17.1790008545
42 17.077999115
43 17.0100002289
44 16.5429992676
45 16.531999588
46 16.5219993591
47 13.1660003662
48 13.1000003815
49 12.3489999771
50 11.9420003891
51 11.5920000076
52 11.611000061
53 11.6529998779
54 11.6300001144
55 11.3529996872
56 10.9879999161
57 10.4639997482
58 10.0939998627
59 8.33500003815
60 8.32699966431
61 8.1859998703
62 7.88500022888
63 7.61999988556
64 7.43200016022
65 7.24100017548
66 7.05399990082
67 6.89799976349
68 6.78100013733
69 6.77299976349
70 6.79600000381
71 6.82600021362
72 6.84899997711
73 6.87200021744
74 6.79899978638
75 6.65000009537
76 6.51599979401
77 6.40600013733
78 6.27799987793
79 6.15799999237
80 5.20900011063
81 4.96000003815
82 4.86000013351
83 4.77799987793
84 4.65600013733
85 4.61000013351
86 4.53900003433
87 4.47900009155
88 4.40700006485
89 4.32100009918
90 4.27600002289
91 4.20699977875
92 4.15600013733
93 4.10400009155
94 4.03900003433
95 3.98600006104
96 3.91700005531
97 3.89800000191
98 3.83899998665
99 3.79500007629
100 3.76300001144
101 3.78800010681
102 3.82999992371
103 3.85599994659
104 3.87199997902
105 3.90899991989
106 3.94099998474
107 3.9470000267
108 3.92100000381
109 3.8710000515
110 3.82299995422
111 3.8069999218
112 3.77099990845
113 3.73099994659
114 3.69899988174
115 3.66100001335
116 3.632999897
117 3.59999990463
118 3.56999993324
119 3.51699995995
120 3.49399995804
121 3.46900010109
122 3.43700003624
123 3.4240000248
124 3.40599989891
125 3.39100003242
126 3.43400001526
127 3.46000003815
128 3.4849998951
129 3.52699995041
130 3.57299995422
131 3.61199998856
132 3.67000007629
133 4.03299999237
134 4.05900001526
135 4.07499980927
136 4.11800003052
137 4.15199995041
138 4.18200016022
139 4.21700000763
140 4.25299978256
141 4.25899982452
142 4.32700014114
143 4.32999992371
144 4.375
145 4.42000007629
146 4.46099996567
147 4.48699998856
148 4.49700021744
149 4.54099988937
150 4.55399990082
151 4.19799995422
152 4.28900003433
153 4.61999988556
154 3.26699995995
155 3.41199994087
156 4.70499992371
157 4.59399986267
158 4.56799983978
159 4.79699993134
160 4.83599996567
161 4.85699987411
162 4.89300012589
163 4.92000007629
164 4.96400022507
165 4.98799991608
166 5.01700019836
167 5.03299999237
168 3.14899992943
169 3.20399999619
170 3.35299992561
171 4.13500022888
172 4.92399978638
173 4.87900018692
174 4.84700012207
175 4.84499979019
176 4.82100009918
177 4.83099985123
178 4.83099985123
179 4.84299993515
180 4.867000103
181 4.90000009537
182 4.82600021362
183 5.28900003433
184 5.46500015259
185 5.49499988556
186 5.50400018692
187 5.49800014496
188 4.58400011063
189 4.58199977875
190 5.55900001526
191 5.58599996567
192 3.63400006294
193 3.53299999237
194 4.0640001297
195 4.05399990082
196 5.69099998474
197 5.70300006866
198 5.7389998436
199 5.75899982452
200 5.76700019836
201 5.8060002327
202 5.82800006866
203 5.83699989319
204 5.85900020599
205 5.85599994659
206 5.88100004196
207 5.88100004196
208 5.90399980545
209 5.90000009537
210 5.92700004578
211 5.94000005722
212 5.95699977875
213 5.97100019455
214 5.98199987411
215 5.992000103
216 6.02899980545
217 6.03499984741
218 6.04799985886
219 6.07499980927
220 6.08500003815
221 6.09299993515
222 6.10699987411
223 6.08799982071
224 6.10799980164
225 6.11999988556
226 6.10699987411
227 6.12900018692
228 6.13800001144
229 6.13199996948
230 6.16200017929
231 6.17199993134
232 6.17600011826
233 6.16699981689
234 6.21299982071
235 6.22499990463
236 6.22599983215
237 6.24100017548
238 6.2389998436
239 6.23099994659
240 6.21899986267
241 6.21899986267
242 6.24700021744
243 6.23699998856
244 2.08100008965
245 2.06399989128
246 2.0490000248
247 2.01799988747
248 2.0150001049
249 2.02600002289
250 2.01300001144
251 2.00200009346
252 2.00099992752
253 2.01799988747
254 2.01200008392
255 2.01399993896
256 2.00600004196
257 2.01200008392
258 2.00699996948
259 1.22599995136
260 0.925000011921
261 0.85900002718
262 0.867999970913
263 0.987999975681
264 6.24900007248
265 6.21899986267
266 2.40799999237
267 2.36599993706
268 2.375
269 2.34200000763
270 2.25600004196
271 2.19000005722
272 2.19400000572
273 2.19400000572
274 2.17000007629
275 2.15300011635
276 2.13599991798
277 2.17100000381
278 2.14199995995
279 2.15000009537
280 2.17000007629
281 2.19799995422
282 2.18799996376
283 2.242000103
284 2.35500001907
285 2.40300011635
286 2.40400004387
287 2.43700003624
288 6.0689997673
289 6.06500005722
290 6.03700017929
291 6.02299976349
292 5.99800014496
293 5.97700023651
294 5.96500015259
295 5.92299985886
296 5.91300010681
297 5.90600013733
298 5.90299987793
299 5.88000011444
300 5.867000103
301 5.83900022507
302 5.82299995422
303 5.81500005722
304 5.79799985886
305 5.78999996185
306 5.79500007629
307 5.77600002289
308 5.74499988556
309 5.73400020599
310 5.6890001297
311 5.66300010681
312 5.64799976349
313 5.617000103
314 5.59299993515
315 5.57899999619
316 5.56199979782
317 5.54699993134
318 5.53200006485
319 5.3189997673
320 5.09700012207
321 5.46299982071
322 5.4470000267
323 5.42199993134
324 5.42000007629
325 5.39599990845
326 5.36899995804
327 5.32100009918
328 5.30399990082
329 4.35900020599
330 4.04699993134
331 4.14200019836
332 5.02199983597
333 5.16400003433
334 5.1360001564
335 5.11899995804
336 5.08699989319
337 5.07100009918
338 5.04300022125
339 5.02199983597
340 4.95900011063
341 4.8220000267
342 4.95900011063
343 4.93300008774
344 4.90799999237
345 4.87400007248
346 4.83199977875
347 4.69799995422
348 4.56199979782
349 4.73299980164
350 4.71000003815
351 4.67999982834
352 4.64400005341
353 4.617000103
354 4.59200000763
355 4.56199979782
356 4.30100011826
357 4.35799980164
358 4.46700000763
359 4.46199989319
360 4.42700004578
361 4.42000007629
362 4.37900018692
363 4.36800003052
364 4.32899999619
365 4.27899980545
366 4.23999977112
367 4.21299982071
368 4.1890001297
369 4.14900016785
370 4.125
371 4.07999992371
372 4.03000020981
373 4.00299978256
374 3.98000001907
375 3.96199989319
376 3.93400001526
377 3.91000008583
378 3.88599991798
379 3.86100006104
380 3.82399988174
381 3.71099996567
382 3.61999988556
383 3.60400009155
384 3.5680000782
385 3.53399991989
386 3.49699997902
387 3.45199990273
388 3.43000006676
389 3.38499999046
390 3.37199997902
391 3.33999991417
392 3.2990000248
393 3.27999997139
394 3.26600003242
395 3.26900005341
396 3.30800008774
397 3.31299996376
398 3.36299991608
399 3.40899991989
400 3.43499994278
401 3.47000002861
402 3.5
403 3.56500005722
404 3.60100007057
405 3.64899992943
406 3.67199993134
407 3.71399998665
408 3.742000103
409 3.79500007629
410 3.83500003815
411 3.88800001144
412 3.94099998474
413 3.97199988365
414 4.0640001297
415 4.12799978256
416 4.15700006485
417 4.24100017548
418 4.31300020218
419 4.37300014496
420 4.44799995422
421 4.50899982452
422 4.59800004959
423 4.6360001564
424 4.73600006104
425 4.8220000267
426 4.91699981689
427 5.01399993896
428 5.11299991608
429 5.21299982071
430 5.32000017166
431 5.42999982834
432 5.53000020981
433 5.63199996948
434 5.76700019836
435 5.8860001564
436 6.02400016785
437 6.16599988937
438 6.32299995422
439 6.48199987411
440 6.51399993896
441 6.60300016403
442 6.47399997711
443 3.08299994469
444 3.05599999428
445 3.03399991989
446 3.04099988937
447 3.01799988747
448 3.02600002289
449 3.00600004196
450 2.99799990654
451 2.98900008202
452 3.00500011444
453 2.99099993706
454 2.97000002861
455 2.96600008011
456 2.97099995613
457 2.96300005913
458 2.95600008965
459 2.95300006866
460 2.95199990273
461 2.95799994469
462 2.93700003624
463 2.93700003624
464 2.95700001717
465 2.9470000267
466 2.93600010872
467 2.91400003433
468 2.92600011826
469 2.92199993134
470 2.66700005531
471 2.65700006485
472 2.66199994087
473 2.66499996185
474 0.947000026703
475 0.712000012398
476 0.695999979973
477 0.930000007153
478 2.64899992943
479 2.64599990845
480 1.35800004005
481 1.18099999428
482 1.08099997044
483 1.06700003147
484 1.03699994087
485 1.05400002003
486 1.0529999733
487 1.0490000248
488 1.06500005722
489 1.07400000095
490 1.13199996948
491 1.14800000191
492 1.16100001335
493 1.16499996185
494 1.15799999237
495 1.16199994087
496 1.16199994087
497 1.16600000858
498 1.19099998474
499 1.22699999809
500 1.31400001049
501 1.43599998951
502 2.97399997711
503 3.00600004196
504 3.007999897
505 3.01200008392
506 3.0150001049
507 3.00099992752
508 3.02300000191
509 3.04299998283
510 3.03999996185
511 3.04500007629
512 3.04699993134
513 3.07500004768
514 1.2990000248
515 1.39199995995
516 1.29600000381
517 1.24399995804
518 1.24100005627
519 1.23300004005
520 1.2120000124
521 1.22099995613
522 1.20899999142
523 1.18099999428
524 0.980000019073
525 0.910000026226
526 0.92199999094
527 1.15699994564
528 1.12800002098
529 1.11099994183
530 1.11800003052
531 1.10300004482
532 1.1210000515
533 1.125
534 1.12800002098
535 1.14699995518
536 1.15100002289
537 2.90000009537
538 0.0
539 0.0
540 0.0
