0 4.50500011444
1 4.4279999733
2 4.45399999619
3 4.46500015259
4 4.54300022125
5 4.65799999237
6 4.68400001526
7 4.71199989319
8 4.74499988556
9 4.77799987793
10 4.78100013733
11 4.83400011063
12 4.8639998436
13 4.89300012589
14 4.93499994278
15 4.93699979782
16 4.85300016403
17 4.85099983215
18 4.86800003052
19 4.96999979019
20 5.13399982452
21 5.18800020218
22 5.22399997711
23 5.26000022888
24 5.30700016022
25 5.36299991608
26 5.40299987793
27 5.45699977875
28 5.5110001564
29 5.55200004578
30 5.60900020599
31 5.6360001564
32 5.64799976349
33 0.0
34 17.1520004272
35 17.1480007172
36 17.1560001373
37 0.0
38 0.0
39 0.0
40 17.2460002899
41 17.1739997864
42 17.0620002747
43 16.9969997406
44 16.5289993286
45 16.5480003357
46 16.5289993286
47 13.1639995575
48 13.0869998932
49 12.3269996643
50 11.9630002975
51 11.5810003281
52 11.6099996567
53 11.6260004044
54 11.626999855
55 11.3459997177
56 11.0
57 10.4589996338
58 10.1149997711
59 8.35200023651
60 8.34500026703
61 8.21500015259
62 7.92100000381
63 7.625
64 7.44899988174
65 7.24300003052
66 7.0529999733
67 6.89699983597
68 6.78999996185
69 6.77400016785
70 6.80200004578
71 6.83900022507
72 6.84899997711
73 6.875
74 6.80499982834
75 6.64900016785
76 6.50600004196
77 6.38800001144
78 6.26399993896
79 6.14599990845
80 5.22300004959
81 4.96400022507
82 4.84600019455
83 4.76399993896
84 4.68200016022
85 4.59800004959
86 4.53999996185
87 4.47399997711
88 4.41400003433
89 4.33799982071
90 4.27699995041
91 4.22100019455
92 4.16499996185
93 4.10900020599
94 4.03700017929
95 3.96900010109
96 3.93899989128
97 3.89299988747
98 3.85199999809
99 3.80599999428
100 3.77099990845
101 3.81399989128
102 3.83500003815
103 3.83599996567
104 3.86599993706
105 3.89100003242
106 3.94600009918
107 3.96099996567
108 3.92700004578
109 3.89400005341
110 3.85899996758
111 3.79800009727
112 3.77200007439
113 3.72399997711
114 3.68000006676
115 3.64499998093
116 3.63000011444
117 3.60199999809
118 3.56399989128
119 3.53200006485
120 3.50699996948
121 3.48200011253
122 3.45399999619
123 3.41799998283
124 3.40199995041
125 3.3900001049
126 3.43499994278
127 3.45900011063
128 3.49099993706
129 3.53099989891
130 3.56999993324
131 3.61299991608
132 3.6779999733
133 4.03200006485
134 4.06199979782
135 4.09100008011
136 4.12799978256
137 4.15999984741
138 4.1859998703
139 4.19899988174
140 4.25199985504
141 4.29300022125
142 4.29600000381
143 4.35900020599
144 4.37699985504
145 4.42999982834
146 4.46999979019
147 4.46400022507
148 4.492000103
149 4.52899980545
150 4.55200004578
151 4.19999980927
152 4.30399990082
153 4.61299991608
154 3.27300000191
155 3.42899990082
156 4.71799993515
157 4.59700012207
158 4.56199979782
159 4.79400014877
160 4.83300018311
161 4.875
162 4.90700006485
163 4.9310002327
164 4.97200012207
165 5.00199985504
166 5.02699995041
167 5.02799987793
168 3.14599990845
169 3.22699999809
170 3.367000103
171 4.13100004196
172 4.91800022125
173 4.87699985504
174 4.85500001907
175 4.82800006866
176 4.8189997673
177 4.83599996567
178 4.84200000763
179 4.85200023651
180 4.875
181 4.88999986649
182 4.82700014114
183 5.32100009918
184 5.46700000763
185 5.48500013351
186 5.49700021744
187 5.49599981308
188 4.60099983215
189 4.57700014114
190 5.55900001526
191 5.58500003815
192 3.64700007439
193 3.51300001144
194 4.07000017166
195 4.04799985886
196 5.6890001297
197 5.72200012207
198 5.72900009155
199 5.76999998093
200 5.77899980545
201 5.79400014877
202 5.81300020218
203 5.8189997673
204 5.84499979019
205 5.86000013351
206 5.88000011444
207 5.882999897
208 5.88199996948
209 5.90399980545
210 5.91200017929
211 5.93800020218
212 5.94899988174
213 5.97300004959
214 5.9889998436
215 6.00400018692
216 6.02799987793
217 6.01900005341
218 6.0640001297
219 6.0720000267
220 6.07000017166
221 6.07700014114
222 6.08099985123
223 6.09700012207
224 6.11000013351
225 6.10300016403
226 6.125
227 6.12200021744
228 6.11999988556
229 6.14499998093
230 6.16800022125
231 6.15700006485
232 6.1810002327
233 6.20100021362
234 6.19799995422
235 6.21199989319
236 6.23199987411
237 6.22800016403
238 6.21299982071
239 6.23099994659
240 6.23699998856
241 6.23699998856
242 6.24700021744
243 6.22100019455
244 2.06699991226
245 2.0490000248
246 2.02099990845
247 2.01699995995
248 2.01399993896
249 2.01999998093
250 2.02900004387
251 2.01799988747
252 2.0150001049
253 2.00200009346
254 2.01900005341
255 1.99500000477
256 1.99199998379
257 2.0039999485
258 1.99300003052
259 1.22599995136
260 0.925999999046
261 0.878000020981
262 0.882000029087
263 0.98400002718
264 6.24300003052
265 6.22399997711
266 2.40700006485
267 2.39599990845
268 2.38199996948
269 2.32699990273
270 2.25500011444
271 2.20399999619
272 2.17499995232
273 2.19799995422
274 2.16199994087
275 2.14499998093
276 2.15000009537
277 2.16300010681
278 2.13899993896
279 2.14199995995
280 2.14899992943
281 2.19199991226
282 2.21399998665
283 2.24099993706
284 2.3599998951
285 2.40400004387
286 2.41100001335
287 2.42100000381
288 6.07100009918
289 6.07000017166
290 6.01599979401
291 6.02500009537
292 6.00199985504
293 5.98199987411
294 5.96600008011
295 5.93699979782
296 5.91200017929
297 5.90799999237
298 5.89400005341
299 5.87699985504
300 5.85099983215
301 5.83900022507
302 5.83900022507
303 5.82800006866
304 5.81799983978
305 5.80900001526
306 5.78399991989
307 5.77500009537
308 5.742000103
309 5.71999979019
310 5.68300008774
311 5.66499996185
312 5.65600013733
313 5.62400007248
314 5.60200023651
315 5.57999992371
316 5.56799983978
317 5.53900003433
318 5.51700019836
319 5.31599998474
320 5.09000015259
321 5.45300006866
322 5.45499992371
323 5.42100000381
324 5.41699981689
325 5.39099979401
326 5.36499977112
327 5.32700014114
328 5.28900003433
329 4.375
330 4.04300022125
331 4.10699987411
332 5.00699996948
333 5.16499996185
334 5.13500022888
335 5.10900020599
336 5.09700012207
337 5.0689997673
338 5.03900003433
339 5.02099990845
340 4.94500017166
341 4.8220000267
342 4.96700000763
343 4.9390001297
344 4.90999984741
345 4.86999988556
346 4.84399986267
347 4.69999980927
348 4.55999994278
349 4.72300004959
350 4.71099996567
351 4.67399978638
352 4.64499998093
353 4.63199996948
354 4.60500001907
355 4.57000017166
356 4.30900001526
357 4.35900020599
358 4.48199987411
359 4.4439997673
360 4.44299983978
361 4.41400003433
362 4.38700008392
363 4.36199998856
364 4.29799985886
365 4.29600000381
366 4.24399995804
367 4.20800018311
368 4.15899991989
369 4.13999986649
370 4.11299991608
371 4.08500003815
372 4.03299999237
373 4.02299976349
374 4.00299978256
375 3.96700000763
376 3.93700003624
377 3.88400006294
378 3.86400008202
379 3.84999990463
380 3.82999992371
381 3.72300004959
382 3.6400001049
383 3.60100007057
384 3.56500005722
385 3.53500008583
386 3.4960000515
387 3.46600008011
388 3.42600011826
389 3.38100004196
390 3.36100006104
391 3.34500002861
392 3.3259999752
393 3.27099990845
394 3.24799990654
395 3.25600004196
396 3.28800010681
397 3.3220000267
398 3.3599998951
399 3.41000008583
400 3.4430000782
401 3.49300003052
402 3.51600003242
403 3.56699991226
404 3.58800005913
405 3.625
406 3.6740000248
407 3.73200011253
408 3.74099993706
409 3.79200005531
410 3.83999991417
411 3.88899993896
412 3.92000007629
413 4.00299978256
414 4.05700016022
415 4.12300014496
416 4.1810002327
417 4.25199985504
418 4.30499982834
419 4.36100006104
420 4.44099998474
421 4.52600002289
422 4.59000015259
423 4.66900014877
424 4.73600006104
425 4.82399988174
426 4.91499996185
427 5.01999998093
428 5.10200023651
429 5.20300006866
430 5.31799983978
431 5.42500019073
432 5.51999998093
433 5.65100002289
434 5.76000022888
435 5.87400007248
436 6.01599979401
437 6.16200017929
438 6.3189997673
439 6.47900009155
440 6.50099992752
441 6.60799980164
442 6.46400022507
443 3.08200001717
444 3.04200005531
445 3.03900003433
446 3.02699995041
447 3.02600002289
448 3.02900004387
449 3.0
450 2.99499988556
451 2.9960000515
452 2.992000103
453 2.97399997711
454 2.97499990463
455 2.96900010109
456 2.96700000763
457 2.97600007057
458 2.95900011063
459 2.97300004959
460 2.96199989319
461 2.96199989319
462 2.9430000782
463 2.94000005722
464 2.94000005722
465 2.94000005722
466 2.92899990082
467 2.91400003433
468 2.91700005531
469 2.91499996185
470 2.66700005531
471 2.65100002289
472 2.62800002098
473 2.64100003242
474 0.943000018597
475 0.717000007629
476 0.717000007629
477 0.935000002384
478 2.65799999237
479 2.64400005341
480 1.36899995804
481 1.2009999752
482 1.08800005913
483 1.04299998283
484 1.06299996376
485 1.04799997807
486 1.05900001526
487 1.04600000381
488 1.06799995899
489 1.07299995422
490 1.13399994373
491 1.15299999714
492 1.16400003433
493 1.13900005817
494 1.16100001335
495 1.16600000858
496 1.17700004578
497 1.17100000381
498 1.1970000267
499 1.21700000763
500 1.2990000248
501 1.41799998283
502 2.97300004959
503 2.97300004959
504 2.98200011253
505 3.00300002098
506 3.01999998093
507 3.02099990845
508 3.02399992943
509 3.04200005531
510 3.03999996185
511 3.03900003433
512 3.04999995232
513 3.04699993134
514 1.31299996376
515 1.41400003433
516 1.29100000858
517 1.25
518 1.21399998665
519 1.22399997711
520 1.21500003338
521 1.20299994946
522 1.20799994469
523 1.20599997044
524 0.991999983788
525 0.903999984264
526 0.920000016689
527 1.15400004387
528 1.14999997616
529 1.12199997902
530 1.11600005627
531 1.09599995613
532 1.11199998856
533 1.11800003052
534 1.14499998093
535 1.14800000191
536 1.16700005531
537 2.91799998283
538 0.0
539 0.0
540 0.0
