0 4.51399993896
1 4.4310002327
2 4.44199991226
3 4.46500015259
4 4.52600002289
5 4.65199995041
6 4.67500019073
7 4.70399999619
8 4.72499990463
9 4.757999897
10 4.78200006485
11 4.8189997673
12 4.85400009155
13 4.89099979401
14 4.92500019073
15 4.92100000381
16 4.83400011063
17 4.85400009155
18 4.88500022888
19 4.96600008011
20 5.13000011444
21 5.19000005722
22 5.22900009155
23 5.27099990845
24 5.30200004578
25 5.35400009155
26 5.39799976349
27 5.44899988174
28 5.49100017548
29 5.55100011826
30 5.59100008011
31 5.64099979401
32 5.66900014877
33 0.0
34 17.1359996796
35 17.1359996796
36 17.1469993591
37 0.0
38 0.0
39 0.0
40 17.2399997711
41 17.1690006256
42 17.0659999847
43 17.0219993591
44 16.5240001678
45 16.5259990692
46 16.5100002289
47 13.1649999619
48 13.0670003891
49 12.329000473
50 11.9270000458
51 11.5760002136
52 11.611000061
53 11.6199998856
54 11.6059999466
55 11.343000412
56 10.9919996262
57 10.4530000687
58 10.1049995422
59 8.32699966431
60 8.33300018311
61 8.19699954987
62 7.89799976349
63 7.632999897
64 7.44299983978
65 7.23699998856
66 7.05100011826
67 6.89200019836
68 6.78700017929
69 6.78999996185
70 6.79699993134
71 6.81599998474
72 6.84700012207
73 6.87200021744
74 6.78000020981
75 6.632999897
76 6.5
77 6.37900018692
78 6.25899982452
79 6.14599990845
80 5.22499990463
81 4.96700000763
82 4.86100006104
83 4.76300001144
84 4.68200016022
85 4.60699987411
86 4.54699993134
87 4.46099996567
88 4.40600013733
89 4.30200004578
90 4.26900005341
91 4.21799993515
92 4.14699983597
93 4.11199998856
94 4.03900003433
95 3.9849998951
96 3.94199991226
97 3.89199995995
98 3.83200001717
99 3.79500007629
100 3.7539999485
101 3.78900003433
102 3.8029999733
103 3.83699989319
104 3.86999988556
105 3.90100002289
106 3.93099999428
107 3.95600008965
108 3.90599989891
109 3.875
110 3.83899998665
111 3.8069999218
112 3.75699996948
113 3.72499990463
114 3.69099998474
115 3.65700006485
116 3.625
117 3.58899998665
118 3.56299996376
119 3.52999997139
120 3.492000103
121 3.47099995613
122 3.44000005722
123 3.40199995041
124 3.40100002289
125 3.39100003242
126 3.4240000248
127 3.44400000572
128 3.48699998856
129 3.52900004387
130 3.55500006676
131 3.60299992561
132 3.66300010681
133 4.02099990845
134 4.06599998474
135 4.09399986267
136 4.13000011444
137 4.12300014496
138 4.16900014877
139 4.20900011063
140 4.23999977112
141 4.27600002289
142 4.32100009918
143 4.35300016403
144 4.39099979401
145 4.41699981689
146 4.45900011063
147 4.49399995804
148 4.49100017548
149 4.51700019836
150 4.52699995041
151 4.19000005722
152 4.28700017929
153 4.59899997711
154 3.27399992943
155 3.40000009537
156 4.70499992371
157 4.59499979019
158 4.54600000381
159 4.79300022125
160 4.83300018311
161 4.86299991608
162 4.88399982452
163 4.93300008774
164 4.94899988174
165 4.98400020599
166 5.01700019836
167 5.03499984741
168 3.132999897
169 3.21600008011
170 3.37700009346
171 4.09999990463
172 4.90700006485
173 4.88000011444
174 4.83599996567
175 4.82700014114
176 4.80399990082
177 4.82999992371
178 4.83199977875
179 4.85300016403
180 4.86899995804
181 4.89799976349
182 4.82000017166
183 5.31699991226
184 5.46700000763
185 5.47700023651
186 5.49599981308
187 5.5
188 4.59700012207
189 4.58900022507
190 5.55999994278
191 5.59000015259
192 3.64299988747
193 3.5150001049
194 4.06500005722
195 4.04799985886
196 5.67000007629
197 5.70499992371
198 5.72900009155
199 5.76599979401
200 5.78100013733
201 5.79199981689
202 5.8140001297
203 5.82600021362
204 5.83599996567
205 5.84499979019
206 5.86499977112
207 5.88199996948
208 5.89200019836
209 5.90899991989
210 5.92000007629
211 5.92899990082
212 5.94500017166
213 5.96199989319
214 5.9889998436
215 5.99900007248
216 6.01900005341
217 6.02600002289
218 6.05800008774
219 6.07100009918
220 6.06599998474
221 6.05900001526
222 6.07000017166
223 6.07399988174
224 6.10099983215
225 6.10900020599
226 6.10099983215
227 6.13100004196
228 6.11499977112
229 6.15299987793
230 6.14200019836
231 6.14699983597
232 6.15999984741
233 6.17399978638
234 6.19299983978
235 6.20599985123
236 6.20800018311
237 6.22300004959
238 6.23400020599
239 6.21000003815
240 6.21899986267
241 6.21099996567
242 6.21999979019
243 6.22300004959
244 2.08500003815
245 2.04600000381
246 2.03800010681
247 2.02900004387
248 2.02699995041
249 2.00900006294
250 2.02399992943
251 1.9960000515
252 2.00699996948
253 2.00900006294
254 2.00200009346
255 2.01600003242
256 2.00500011444
257 1.98399996758
258 1.99000000954
259 1.21399998665
260 0.92199999094
261 0.875999987125
262 0.869000017643
263 0.975000023842
264 6.22800016403
265 6.21899986267
266 2.39400005341
267 2.36899995804
268 2.36800003052
269 2.33899998665
270 2.25
271 2.18600010872
272 2.18700003624
273 2.15599989891
274 2.16700005531
275 2.16199994087
276 2.1210000515
277 2.16400003433
278 2.12700009346
279 2.132999897
280 2.16799998283
281 2.17100000381
282 2.21199989319
283 2.22900009155
284 2.34899997711
285 2.40700006485
286 2.39700007439
287 2.4240000248
288 6.05999994278
289 6.04199981689
290 6.03100013733
291 6.0110001564
292 6.00099992752
293 5.97100019455
294 5.95800018311
295 5.94099998474
296 5.92299985886
297 5.89699983597
298 5.88500022888
299 5.86999988556
300 5.8639998436
301 5.85400009155
302 5.84100008011
303 5.81500005722
304 5.80100011826
305 5.79300022125
306 5.77899980545
307 5.75099992752
308 5.74399995804
309 5.69600009918
310 5.70100021362
311 5.67600011826
312 5.65399980545
313 5.617000103
314 5.59700012207
315 5.58300018311
316 5.55900001526
317 5.53399991989
318 5.52500009537
319 5.31599998474
320 5.09499979019
321 5.44500017166
322 5.4439997673
323 5.41400003433
324 5.40999984741
325 5.39099979401
326 5.34499979019
327 5.32000017166
328 5.28399991989
329 4.33900022507
330 4.05200004578
331 4.10099983215
332 4.99100017548
333 5.16599988937
334 5.13999986649
335 5.10500001907
336 5.08699989319
337 5.0560002327
338 5.04300022125
339 5.02099990845
340 4.9470000267
341 4.80000019073
342 4.95300006866
343 4.93400001526
344 4.90299987793
345 4.88000011444
346 4.83900022507
347 4.69299983978
348 4.55499982834
349 4.71799993515
350 4.69999980927
351 4.66800022125
352 4.65100002289
353 4.61899995804
354 4.57899999619
355 4.56799983978
356 4.3220000267
357 4.36299991608
358 4.46999979019
359 4.46799993515
360 4.42999982834
361 4.40600013733
362 4.38999986649
363 4.35200023651
364 4.3220000267
365 4.27600002289
366 4.24900007248
367 4.20900011063
368 4.16800022125
369 4.13199996948
370 4.11199998856
371 4.07600021362
372 4.04400014877
373 4.01900005341
374 3.99000000954
375 3.9430000782
376 3.92100000381
377 3.89199995995
378 3.87199997902
379 3.82999992371
380 3.82100009918
381 3.71000003815
382 3.63199996948
383 3.60199999809
384 3.56200003624
385 3.51399993896
386 3.48799991608
387 3.46199989319
388 3.43099999428
389 3.39700007439
390 3.36899995804
391 3.31599998474
392 3.30599999428
393 3.29200005531
394 3.2460000515
395 3.24099993706
396 3.29800009727
397 3.33200001717
398 3.36299991608
399 3.39800000191
400 3.43899989128
401 3.47600007057
402 3.51999998093
403 3.55599999428
404 3.59699988365
405 3.64199995995
406 3.67600011826
407 3.70600008965
408 3.72600007057
409 3.78200006485
410 3.81500005722
411 3.86599993706
412 3.9430000782
413 3.99399995804
414 4.05900001526
415 4.11000013351
416 4.17199993134
417 4.24599981308
418 4.3060002327
419 4.37200021744
420 4.44899988174
421 4.51499986649
422 4.59600019455
423 4.66300010681
424 4.72599983215
425 4.80700016022
426 4.90100002289
427 5.01499986649
428 5.10200023651
429 5.21099996567
430 5.31599998474
431 5.40999984741
432 5.53399991989
433 5.625
434 5.76000022888
435 5.87599992752
436 6.007999897
437 6.14300012589
438 6.32399988174
439 6.47100019455
440 6.49499988556
441 6.61000013351
442 6.44799995422
443 3.06200003624
444 3.04399991035
445 3.02699995041
446 3.02099990845
447 3.02200007439
448 3.00500011444
449 3.01300001144
450 2.98200011253
451 2.98699998856
452 2.9849998951
453 2.99300003052
454 2.96799993515
455 2.96099996567
456 2.96799993515
457 2.97600007057
458 2.94799995422
459 2.95000004768
460 2.94600009918
461 2.96300005913
462 2.95300006866
463 2.9319999218
464 2.92600011826
465 2.92600011826
466 2.9279999733
467 2.93099999428
468 2.90899991989
469 2.90100002289
470 2.65100002289
471 2.64599990845
472 2.63700008392
473 2.64599990845
474 0.948000013828
475 0.707000017166
476 0.707000017166
477 0.926999986172
478 2.66100001335
479 2.62599992752
480 2.64599990845
481 2.6400001049
482 2.64100003242
483 2.64800000191
484 2.64599990845
485 2.65799999237
486 2.66000008583
487 2.64400005341
488 2.67100000381
489 2.67899990082
490 2.82800006866
491 2.92700004578
492 2.93799996376
493 2.93600010872
494 2.93799996376
495 2.95799994469
496 2.9430000782
497 2.94899988174
498 2.95000004768
499 2.95600008965
500 2.97199988365
501 2.96799993515
502 2.97799992561
503 3.0
504 2.97799992561
505 2.98699998856
506 3.00500011444
507 3.00500011444
508 3.02300000191
509 3.04099988937
510 1.11500000954
511 1.18799996376
512 1.09700000286
513 1.07899999619
514 1.04799997807
515 1.0490000248
516 1.04600000381
517 1.05900001526
518 1.04299998283
519 1.03499996662
520 1.0529999733
521 1.07000005245
522 1.06400001049
523 1.07299995422
524 0.972999989986
525 0.90600001812
526 0.908999979496
527 1.10899996758
528 1.18599998951
529 1.38999998569
530 2.92199993134
531 2.87800002098
532 1.11199998856
533 1.14699995518
534 1.07400000095
535 1.06799995899
536 1.04700005054
537 1.03199994564
538 1.01800000668
539 0.981999993324
540 0.93599998951
