0 4.50099992752
1 4.40500020981
2 4.44099998474
3 4.45800018311
4 4.52699995041
5 4.64400005341
6 4.65399980545
7 4.70300006866
8 4.73600006104
9 4.75699996948
10 4.78299999237
11 4.82100009918
12 4.85699987411
13 4.90299987793
14 4.92399978638
15 4.92000007629
16 4.83699989319
17 4.84200000763
18 4.875
19 4.96600008011
20 5.12699985504
21 5.17399978638
22 5.22499990463
23 5.26399993896
24 5.3140001297
25 5.34700012207
26 5.39400005341
27 5.45499992371
28 5.50299978256
29 5.54799985886
30 5.59600019455
31 5.63700008392
32 5.64300012589
33 0.0
34 17.111000061
35 17.1399993896
36 17.1420001984
37 0.0
38 0.0
39 0.0
40 17.2250003815
41 17.1639995575
42 17.0550003052
43 16.9969997406
44 16.5300006866
45 16.5300006866
46 16.5259990692
47 13.1599998474
48 13.0579996109
49 12.3260002136
50 11.9420003891
51 11.5780000687
52 11.5970001221
53 11.626999855
54 11.6180000305
55 11.3190002441
56 11.0050001144
57 10.4390001297
58 10.0909996033
59 8.34599971771
60 8.32900047302
61 8.19699954987
62 7.92000007629
63 7.63700008392
64 7.44999980927
65 7.22399997711
66 7.05700016022
67 6.89099979401
68 6.78399991989
69 6.77600002289
70 6.79799985886
71 6.82800006866
72 6.85099983215
73 6.86999988556
74 6.79300022125
75 6.63800001144
76 6.50600004196
77 6.382999897
78 6.25099992752
79 6.16599988937
80 5.21600008011
81 4.96600008011
82 4.85599994659
83 4.77899980545
84 4.67299985886
85 4.57800006866
86 4.52400016785
87 4.46999979019
88 4.41200017929
89 4.32700014114
90 4.27299976349
91 4.22800016403
92 4.16699981689
93 4.10900020599
94 4.04199981689
95 3.97399997711
96 3.92000007629
97 3.882999897
98 3.84500002861
99 3.78800010681
100 3.77099990845
101 3.77399992943
102 3.8180000782
103 3.85599994659
104 3.87599992752
105 3.8900001049
106 3.92899990082
107 3.94099998474
108 3.90100002289
109 3.86599993706
110 3.84299993515
111 3.80200004578
112 3.76999998093
113 3.71300005913
114 3.68899989128
115 3.65799999237
116 3.61599993706
117 3.5720000267
118 3.54800009727
119 3.51799988747
120 3.507999897
121 3.46799993515
122 3.42199993134
123 3.41499996185
124 3.40199995041
125 3.38700008392
126 3.41799998283
127 3.43799996376
128 3.48099994659
129 3.52600002289
130 3.57500004768
131 3.60599994659
132 3.65799999237
133 4.007999897
134 4.05999994278
135 4.07899999619
136 4.11499977112
137 4.15199995041
138 4.18499994278
139 4.21299982071
140 4.25400018692
141 4.26700019836
142 4.29899978638
143 4.35500001907
144 4.37900018692
145 4.41800022125
146 4.45900011063
147 4.48600006104
148 4.50500011444
149 4.52899980545
150 4.51700019836
151 4.17899990082
152 4.28599977493
153 4.54099988937
154 3.27300000191
155 3.41199994087
156 4.70200014114
157 4.60599994659
158 4.55399990082
159 4.79799985886
160 4.81699991226
161 4.86600017548
162 4.88999986649
163 4.92899990082
164 4.96099996567
165 4.99100017548
166 5.00500011444
167 5.03499984741
168 3.13100004196
169 3.19799995422
170 3.3599998951
171 4.10500001907
172 4.92500019073
173 4.87099981308
174 4.85400009155
175 4.83699989319
176 4.81500005722
177 4.81699991226
178 4.82899999619
179 4.84299993515
180 4.86199998856
181 4.90500020981
182 4.82700014114
183 5.3060002327
184 5.46000003815
185 5.48500013351
186 5.49599981308
187 5.507999897
188 4.58099985123
189 4.57700014114
190 5.5609998703
191 5.57700014114
192 3.63899993896
193 3.51200008392
194 4.09200000763
195 4.02799987793
196 5.69199991226
197 5.69899988174
198 5.73199987411
199 5.75500011444
200 5.78100013733
201 5.8140001297
202 5.82600021362
203 5.81699991226
204 5.84999990463
205 5.86499977112
206 5.86000013351
207 5.87699985504
208 5.87900018692
209 5.89799976349
210 5.92700004578
211 5.9310002327
212 5.93699979782
213 5.96799993515
214 5.98600006104
215 5.99499988556
216 6.01300001144
217 6.03999996185
218 6.04500007629
219 6.0609998703
220 6.07999992371
221 6.07299995422
222 6.09100008011
223 6.08799982071
224 6.10599994659
225 6.1139998436
226 6.11299991608
227 6.11800003052
228 6.132999897
229 6.1360001564
230 6.15199995041
231 6.16599988937
232 6.18400001526
233 6.18800020218
234 6.1779999733
235 6.19099998474
236 6.20200014114
237 6.22499990463
238 6.21899986267
239 6.23299980164
240 6.21600008011
241 6.23400020599
242 6.22499990463
243 6.21600008011
244 2.0680000782
245 2.04500007629
246 2.02800011635
247 2.03500008583
248 2.02699995041
249 2.02399992943
250 2.00500011444
251 2.01600003242
252 2.01699995995
253 2.00200009346
254 1.98699998856
255 2.00200009346
256 2.0
257 2.0039999485
258 1.98699998856
259 1.22300004959
260 0.925000011921
261 0.861000001431
262 0.875999987125
263 0.98400002718
264 6.22900009155
265 6.21199989319
266 2.41000008583
267 2.40300011635
268 2.36599993706
269 2.33200001717
270 2.23300004005
271 2.17100000381
272 2.19199991226
273 2.1740000248
274 2.15300011635
275 2.15700006485
276 2.13700008392
277 2.14800000191
278 2.11500000954
279 2.14199995995
280 2.17499995232
281 2.17199993134
282 2.19400000572
283 2.2349998951
284 2.33500003815
285 2.39800000191
286 2.39700007439
287 2.43000006676
288 6.04799985886
289 6.05800008774
290 6.007999897
291 5.99900007248
292 5.97900009155
293 5.97499990463
294 5.96000003815
295 5.94600009918
296 5.9279999733
297 5.89900016785
298 5.88800001144
299 5.85699987411
300 5.85099983215
301 5.85599994659
302 5.82700014114
303 5.83199977875
304 5.79699993134
305 5.79500007629
306 5.77899980545
307 5.7610001564
308 5.7389998436
309 5.70599985123
310 5.69299983978
311 5.67199993134
312 5.64699983597
313 5.632999897
314 5.58799982071
315 5.5609998703
316 5.55100011826
317 5.53499984741
318 5.52099990845
319 5.31300020218
320 5.09499979019
321 5.4359998703
322 5.44500017166
323 5.42399978638
324 5.40700006485
325 5.39099979401
326 5.35900020599
327 5.32499980927
328 5.30900001526
329 4.37099981308
330 4.05200004578
331 4.11000013351
332 4.99499988556
333 5.17500019073
334 5.12799978256
335 5.1139998436
336 5.09100008011
337 5.06799983978
338 5.04099988937
339 5.01499986649
340 4.9470000267
341 4.8140001297
342 4.94999980927
343 4.93200016022
344 4.90999984741
345 4.86600017548
346 4.83900022507
347 4.70499992371
348 4.5689997673
349 4.72499990463
350 4.70599985123
351 4.66099977493
352 4.632999897
353 4.62400007248
354 4.59600019455
355 4.5560002327
356 4.29199981689
357 4.37200021744
358 4.47800016403
359 4.43800020218
360 4.41800022125
361 4.40700006485
362 4.38100004196
363 4.32499980927
364 4.32399988174
365 4.28599977493
366 4.23299980164
367 4.21899986267
368 4.16900014877
369 4.12200021744
370 4.10300016403
371 4.0609998703
372 4.04199981689
373 4.01499986649
374 3.992000103
375 3.94899988174
376 3.92499995232
377 3.89100003242
378 3.8599998951
379 3.82699990273
380 3.80900001526
381 3.71700000763
382 3.64299988747
383 3.60100007057
384 3.56399989128
385 3.52399992943
386 3.48300004005
387 3.46700000763
388 3.41700005531
389 3.39499998093
390 3.35700011253
391 3.32299995422
392 3.31299996376
393 3.28399991989
394 3.26600003242
395 3.25999999046
396 3.2990000248
397 3.32899999619
398 3.34899997711
399 3.40799999237
400 3.4319999218
401 3.48300004005
402 3.51799988747
403 3.5529999733
404 3.59400010109
405 3.63400006294
406 3.66700005531
407 3.70300006866
408 3.72399997711
409 3.79099988937
410 3.81200003624
411 3.88100004196
412 3.93300008774
413 3.98699998856
414 4.03900003433
415 4.10699987411
416 4.17700004578
417 4.24499988556
418 4.31300020218
419 4.37900018692
420 4.44299983978
421 4.51800012589
422 4.59499979019
423 4.65899991989
424 4.72100019455
425 4.8060002327
426 4.90100002289
427 5.01900005341
428 5.09700012207
429 5.20900011063
430 5.30100011826
431 5.41699981689
432 5.52199983597
433 5.64200019836
434 5.77500009537
435 5.88000011444
436 6.00899982452
437 6.15899991989
438 6.31199979782
439 6.47800016403
440 6.47800016403
441 6.60900020599
442 6.48999977112
443 3.06699991226
444 3.04200005531
445 3.04600000381
446 3.04200005531
447 3.03399991989
448 3.007999897
449 3.01799988747
450 2.9960000515
451 3.00099992752
452 2.98600006104
453 2.97199988365
454 2.97399997711
455 2.98099994659
456 2.96199989319
457 2.95499992371
458 2.96900010109
459 2.94199991226
460 2.94099998474
461 2.94600009918
462 2.9430000782
463 2.9279999733
464 2.93400001526
465 2.94099998474
466 2.91599988937
467 2.91100001335
468 2.91700005531
469 2.90599989891
470 2.66100001335
471 2.62199997902
472 2.62199997902
473 2.65000009537
474 0.936999976635
475 0.712000012398
476 0.70300000906
477 0.922999978065
478 2.63100004196
479 2.64499998093
480 1.87399995327
481 1.22099995613
482 1.09399998188
483 1.06400001049
484 1.05999994278
485 1.03199994564
486 1.05200004578
487 1.05900001526
488 1.05999994278
489 1.06599998474
490 1.14100003242
491 1.13499999046
492 1.14400005341
493 1.13100004196
494 1.14699995518
495 1.15299999714
496 1.17599999905
497 1.18499994278
498 1.17999994755
499 1.25999999046
500 1.36800003052
501 1.31099998951
502 2.98600006104
503 2.99399995804
504 2.98399996758
505 3.00200009346
506 2.99900007248
507 3.0039999485
508 3.00200009346
509 3.03600001335
510 3.04699993134
511 3.04800009727
512 3.04200005531
513 3.05100011826
514 1.29799997807
515 1.39800000191
516 1.28999996185
517 1.24000000954
518 1.20700001717
519 1.22099995613
520 1.21500003338
521 1.20700001717
522 1.19799995422
523 1.19400000572
524 0.994000017643
525 0.897000014782
526 0.901000022888
527 1.12199997902
528 1.11199998856
529 1.12300002575
530 1.12600004673
531 1.11099994183
532 1.11600005627
533 1.13300001621
534 1.14199995995
535 1.35099995136
536 2.97399997711
537 2.91400003433
538 0.0
539 0.0
540 0.0
