0 4.51000022888
1 4.44000005722
2 4.4439997673
3 4.45200014114
4 4.51800012589
5 4.65899991989
6 4.68200016022
7 4.70399999619
8 4.73999977112
9 4.77699995041
10 4.79199981689
11 4.82299995422
12 4.85099983215
13 4.89699983597
14 4.91599988937
15 4.92100000381
16 4.82999992371
17 4.85400009155
18 4.87699985504
19 4.95800018311
20 5.14099979401
21 5.1779999733
22 5.22100019455
23 5.26499986649
24 5.3109998703
25 5.34899997711
26 5.39499998093
27 5.44600009918
28 5.49900007248
29 5.55100011826
30 5.60099983215
31 5.63700008392
32 5.65399980545
33 0.0
34 17.1319999695
35 17.1259994507
36 17.156999588
37 0.0
38 0.0
39 0.0
40 17.2420005798
41 17.1679992676
42 17.061000824
43 17.0149993896
44 16.517999649
45 16.5429992676
46 16.5259990692
47 13.1660003662
48 13.0869998932
49 12.3260002136
50 11.9479999542
51 11.5839996338
52 11.5920000076
53 11.6239995956
54 11.6099996567
55 11.3280000687
56 10.998000145
57 10.4670000076
58 10.0889997482
59 8.35999965668
60 8.33300018311
61 8.19600009918
62 7.90700006485
63 7.64200019836
64 7.43499994278
65 7.24100017548
66 7.07000017166
67 6.90500020981
68 6.79099988937
69 6.77899980545
70 6.80399990082
71 6.82399988174
72 6.85200023651
73 6.8639998436
74 6.78800010681
75 6.63399982452
76 6.50600004196
77 6.38999986649
78 6.26399993896
79 6.13000011444
80 5.24800014496
81 4.95300006866
82 4.85200023651
83 4.76700019836
84 4.68699979782
85 4.59999990463
86 4.53000020981
87 4.46299982071
88 4.40000009537
89 4.31199979782
90 4.25099992752
91 4.21000003815
92 4.16699981689
93 4.10799980164
94 4.02699995041
95 3.98300004005
96 3.93799996376
97 3.89100003242
98 3.84500002861
99 3.78999996185
100 3.76099991798
101 3.78999996185
102 3.8180000782
103 3.84999990463
104 3.86999988556
105 3.89199995995
106 3.93400001526
107 3.95600008965
108 3.91300010681
109 3.875
110 3.82299995422
111 3.79399991035
112 3.77200007439
113 3.73600006104
114 3.69600009918
115 3.66599988937
116 3.60599994659
117 3.59699988365
118 3.56699991226
119 3.52500009537
120 3.48900008202
121 3.47099995613
122 3.44199991226
123 3.41000008583
124 3.40799999237
125 3.38499999046
126 3.42000007629
127 3.44600009918
128 3.48200011253
129 3.52600002289
130 3.54999995232
131 3.61599993706
132 3.65700006485
133 4.03100013733
134 4.06799983978
135 4.08500003815
136 4.09700012207
137 4.14499998093
138 4.17700004578
139 4.21299982071
140 4.22800016403
141 4.28999996185
142 4.32399988174
143 4.35099983215
144 4.36800003052
145 4.40600013733
146 4.46099996567
147 4.47700023651
148 4.50099992752
149 4.53399991989
150 4.5560002327
151 4.18499994278
152 4.28999996185
153 4.57999992371
154 3.26300001144
155 3.41400003433
156 4.71299982071
157 4.58900022507
158 4.5640001297
159 4.8029999733
160 4.82499980927
161 4.85099983215
162 4.88700008392
163 4.91400003433
164 4.96799993515
165 4.992000103
166 5.02099990845
167 5.03200006485
168 3.14599990845
169 3.21300005913
170 3.367000103
171 4.10500001907
172 4.90299987793
173 4.87300014496
174 4.84299993515
175 4.83900022507
176 4.8140001297
177 4.81699991226
178 4.83099985123
179 4.85200023651
180 4.86600017548
181 4.90600013733
182 4.81300020218
183 5.32100009918
184 5.46400022507
185 5.47499990463
186 5.48999977112
187 5.5110001564
188 4.60400009155
189 4.58900022507
190 5.55000019073
191 5.59000015259
192 3.64299988747
193 3.51999998093
194 4.06799983978
195 4.03599977493
196 5.67199993134
197 5.71899986267
198 5.74300003052
199 5.75899982452
200 5.78000020981
201 5.8060002327
202 5.8060002327
203 5.83099985123
204 5.83599996567
205 5.84800004959
206 5.87300014496
207 5.882999897
208 5.875
209 5.89900016785
210 5.9279999733
211 5.94600009918
212 5.94299983978
213 5.95900011063
214 5.98000001907
215 6.00099992752
216 6.02600002289
217 6.04099988937
218 6.04600000381
219 6.06699991226
220 6.06500005722
221 6.08599996567
222 6.09499979019
223 6.10900020599
224 6.10400009155
225 6.11999988556
226 6.12200021744
227 6.11100006104
228 6.117000103
229 6.12799978256
230 6.15500020981
231 6.16900014877
232 6.1779999733
233 6.16800022125
234 6.20599985123
235 6.21799993515
236 6.21600008011
237 6.21400022507
238 6.23600006104
239 6.21199989319
240 6.21799993515
241 6.23000001907
242 6.23199987411
243 6.22700023651
244 2.06699991226
245 2.02699995041
246 2.04800009727
247 2.01099991798
248 2.00699996948
249 2.01099991798
250 2.00500011444
251 2.01999998093
252 2.0150001049
253 2.0150001049
254 2.0039999485
255 2.0150001049
256 1.99399995804
257 1.98699998856
258 1.99699997902
259 1.22500002384
260 0.930999994278
261 0.865999996662
262 0.89099997282
263 0.966000020504
264 6.21600008011
265 6.21099996567
266 2.40199995041
267 2.37299990654
268 2.39100003242
269 2.32899999619
270 2.24099993706
271 2.18899989128
272 2.18899989128
273 2.16000008583
274 2.15899991989
275 2.13400006294
276 2.14599990845
277 2.1400001049
278 2.12299990654
279 2.13599991798
280 2.16199994087
281 2.16100001335
282 2.19199991226
283 2.2349998951
284 2.35500001907
285 2.40599989891
286 2.4240000248
287 2.42899990082
288 6.07000017166
289 6.06699991226
290 6.02799987793
291 6.01900005341
292 5.96999979019
293 5.96700000763
294 5.96099996567
295 5.93800020218
296 5.91400003433
297 5.90600013733
298 5.89900016785
299 5.86999988556
300 5.85099983215
301 5.84499979019
302 5.82299995422
303 5.83199977875
304 5.80700016022
305 5.80499982834
306 5.78700017929
307 5.757999897
308 5.74399995804
309 5.71899986267
310 5.69299983978
311 5.67000007629
312 5.65700006485
313 5.60900020599
314 5.59899997711
315 5.58599996567
316 5.56199979782
317 5.52899980545
318 5.53200006485
319 5.32600021362
320 5.09899997711
321 5.4439997673
322 5.4470000267
323 5.42399978638
324 5.41699981689
325 5.39200019836
326 5.35500001907
327 5.32600021362
328 5.29699993134
329 4.35599994659
330 4.04799985886
331 4.09499979019
332 5.01399993896
333 5.16900014877
334 5.14400005341
335 5.10599994659
336 5.08400011063
337 5.05900001526
338 5.05200004578
339 5.00600004196
340 4.95699977875
341 4.80900001526
342 4.9390001297
343 4.92899990082
344 4.90600013733
345 4.87099981308
346 4.83099985123
347 4.70900011063
348 4.56799983978
349 4.73299980164
350 4.70200014114
351 4.6779999733
352 4.64400005341
353 4.61299991608
354 4.57800006866
355 4.54799985886
356 4.30800008774
357 4.35300016403
358 4.492000103
359 4.46799993515
360 4.4390001297
361 4.40999984741
362 4.38399982452
363 4.32700014114
364 4.32000017166
365 4.27899980545
366 4.24499988556
367 4.19899988174
368 4.17299985886
369 4.14699983597
370 4.1139998436
371 4.08199977875
372 4.02799987793
373 4.02699995041
374 3.98900008202
375 3.95799994469
376 3.94099998474
377 3.90899991989
378 3.86800003052
379 3.82999992371
380 3.81500005722
381 3.71300005913
382 3.62599992752
383 3.59699988365
384 3.55999994278
385 3.51399993896
386 3.48799991608
387 3.46199989319
388 3.42899990082
389 3.38499999046
390 3.35700011253
391 3.34200000763
392 3.30500006676
393 3.26600003242
394 3.25
395 3.25300002098
396 3.3069999218
397 3.33999991417
398 3.367000103
399 3.39199995995
400 3.44199991226
401 3.48099994659
402 3.51099991798
403 3.54600000381
404 3.59699988365
405 3.63100004196
406 3.67899990082
407 3.71000003815
408 3.72600007057
409 3.77399992943
410 3.81200003624
411 3.86800003052
412 3.93400001526
413 3.99799990654
414 4.06699991226
415 4.12400007248
416 4.17700004578
417 4.24300003052
418 4.29199981689
419 4.38100004196
420 4.44500017166
421 4.51800012589
422 4.57100009918
423 4.65399980545
424 4.71899986267
425 4.81199979782
426 4.90000009537
427 5.0110001564
428 5.11000013351
429 5.21199989319
430 5.31199979782
431 5.42399978638
432 5.52600002289
433 5.63899993896
434 5.75899982452
435 5.87200021744
436 6.02299976349
437 6.15899991989
438 6.31799983978
439 6.48000001907
440 6.49900007248
441 6.6139998436
442 6.46600008011
443 3.07999992371
444 3.04399991035
445 3.01799988747
446 3.01600003242
447 3.02300000191
448 3.0
449 2.99799990654
450 3.00300002098
451 2.97799992561
452 2.99300003052
453 2.97300004959
454 2.97300004959
455 2.97600007057
456 2.97000002861
457 2.95900011063
458 2.94799995422
459 2.95000004768
460 2.96000003815
461 2.94600009918
462 2.93499994278
463 2.94099998474
464 2.94000005722
465 2.93600010872
466 2.92499995232
467 2.93499994278
468 2.91799998283
469 2.91300010681
470 2.66899991035
471 2.62400007248
472 2.62700009346
473 2.6400001049
474 0.940999984741
475 0.708000004292
476 0.690999984741
477 0.929000020027
478 2.65300011635
479 2.64199995995
480 2.64599990845
481 2.63599991798
482 2.632999897
483 1.22800004482
484 1.08500003815
485 1.07899999619
486 1.09300005436
487 1.04799997807
488 1.07000005245
489 1.06099998951
490 1.06299996376
491 1.07299995422
492 1.06599998474
493 1.08200001717
494 1.08000004292
495 1.05999994278
496 1.09000003338
497 1.08599996567
498 1.11699998379
499 1.19400000572
500 1.13999998569
501 2.99300003052
502 2.97000002861
503 2.98000001907
504 2.98200011253
505 2.98799991608
506 2.99799990654
507 3.01600003242
508 1.20500004292
509 1.26300001144
510 1.16600000858
511 1.15100002289
512 1.12600004673
513 1.14100003242
514 1.13199996948
515 1.1210000515
516 1.09800004959
517 1.11300003529
518 1.12199997902
519 1.11899995804
520 1.10599994659
521 1.11399996281
522 1.14400005341
523 1.15600001812
524 0.971000015736
525 0.894999980927
526 0.90499997139
527 0.958000004292
528 3.03699994087
529 2.96799993515
530 2.93000006676
531 2.8710000515
532 2.83500003815
533 2.78900003433
534 2.73799991608
535 2.71700000763
536 2.95199990273
537 2.90100002289
538 0.0
539 0.0
540 0.0
