0 4.51300001144
1 4.40500020981
2 4.44199991226
3 4.43800020218
4 4.53900003433
5 4.64499998093
6 4.6859998703
7 4.70200014114
8 4.73299980164
9 4.77500009537
10 4.80900001526
11 4.82899999619
12 4.85699987411
13 4.90100002289
14 4.91599988937
15 4.9310002327
16 4.83400011063
17 4.84200000763
18 4.89300012589
19 4.95800018311
20 5.132999897
21 5.1779999733
22 5.23000001907
23 5.26399993896
24 5.3060002327
25 5.34899997711
26 5.39900016785
27 5.45200014114
28 5.50199985504
29 5.53700017929
30 5.59100008011
31 5.64599990845
32 5.64099979401
33 0.0
34 17.1399993896
35 17.1509990692
36 17.1590003967
37 0.0
38 0.0
39 0.0
40 17.2530002594
41 17.1700000763
42 17.0699996948
43 16.9869995117
44 16.5300006866
45 16.5279998779
46 16.5209999084
47 13.1540002823
48 13.0690002441
49 12.3389997482
50 11.9289999008
51 11.5830001831
52 11.6009998322
53 11.6309995651
54 11.6359996796
55 11.3579998016
56 10.998000145
57 10.4490003586
58 10.1009998322
59 8.30700016022
60 8.32800006866
61 8.19999980927
62 7.91499996185
63 7.65399980545
64 7.44500017166
65 7.2389998436
66 7.06500005722
67 6.89599990845
68 6.78700017929
69 6.78399991989
70 6.80000019073
71 6.83199977875
72 6.84999990463
73 6.85599994659
74 6.78499984741
75 6.62300014496
76 6.52199983597
77 6.38999986649
78 6.257999897
79 6.14200019836
80 5.21500015259
81 4.95499992371
82 4.84600019455
83 4.76499986649
84 4.67000007629
85 4.58699989319
86 4.53100013733
87 4.47300004959
88 4.41499996185
89 4.34200000763
90 4.28100013733
91 4.20900011063
92 4.15999984741
93 4.09999990463
94 4.02099990845
95 3.96399998665
96 3.94400000572
97 3.89100003242
98 3.84500002861
99 3.80100011826
100 3.77500009537
101 3.79999995232
102 3.81200003624
103 3.82699990273
104 3.86400008202
105 3.90300011635
106 3.94000005722
107 3.95399999619
108 3.93000006676
109 3.87800002098
110 3.84500002861
111 3.79500007629
112 3.75600004196
113 3.71600008011
114 3.70799994469
115 3.66400003433
116 3.6400001049
117 3.59599995613
118 3.56100010872
119 3.52300000191
120 3.49000000954
121 3.46900010109
122 3.43799996376
123 3.40199995041
124 3.39400005341
125 3.37700009346
126 3.43000006676
127 3.45399999619
128 3.48900008202
129 3.52699995041
130 3.57299995422
131 3.60800004005
132 3.64899992943
133 4.01999998093
134 4.05700016022
135 4.09499979019
136 4.12200021744
137 4.15899991989
138 4.19600009918
139 4.20300006866
140 4.24499988556
141 4.27899980545
142 4.32499980927
143 4.34299993515
144 4.39599990845
145 4.40999984741
146 4.43300008774
147 4.492000103
148 4.50400018692
149 4.52699995041
150 4.55399990082
151 4.19999980927
152 4.3189997673
153 4.59499979019
154 3.25900006294
155 3.42000007629
156 4.70800018311
157 4.61100006104
158 4.54600000381
159 4.79899978638
160 4.84200000763
161 4.85799980164
162 4.8860001564
163 4.92500019073
164 4.96099996567
165 4.992000103
166 5.01200008392
167 5.03700017929
168 3.13899993896
169 3.21700000763
170 3.35700011253
171 4.11299991608
172 4.89900016785
173 4.87599992752
174 4.84999990463
175 4.83699989319
176 4.82600021362
177 4.81199979782
178 4.83300018311
179 4.83900022507
180 4.87400007248
181 4.91900014877
182 4.81300020218
183 5.33500003815
184 5.46799993515
185 5.48400020599
186 5.49499988556
187 5.51599979401
188 4.59700012207
189 4.57000017166
190 5.55999994278
191 5.59000015259
192 3.63700008392
193 3.52600002289
194 4.0560002327
195 4.0560002327
196 5.6890001297
197 5.6939997673
198 5.72900009155
199 5.75299978256
200 5.77799987793
201 5.78700017929
202 5.81799983978
203 5.84000015259
204 5.83699989319
205 5.85799980164
206 5.875
207 5.88399982452
208 5.88999986649
209 5.90799999237
210 5.90399980545
211 5.93300008774
212 5.95499992371
213 5.97900009155
214 5.97399997711
215 5.99599981308
216 6.01499986649
217 6.05200004578
218 6.04500007629
219 6.07100009918
220 6.06599998474
221 6.09100008011
222 6.09399986267
223 6.11000013351
224 6.09800004959
225 6.11600017548
226 6.10300016403
227 6.1360001564
228 6.13399982452
229 6.15000009537
230 6.16200017929
231 6.16900014877
232 6.17700004578
233 6.17700004578
234 6.1810002327
235 6.20100021362
236 6.21199989319
237 6.22100019455
238 6.242000103
239 6.22900009155
240 6.22499990463
241 6.22800016403
242 6.21799993515
243 6.21600008011
244 2.08100008965
245 2.04600000381
246 2.04999995232
247 2.03600001335
248 2.01900005341
249 2.01200008392
250 2.02099990845
251 2.01799988747
252 1.99500000477
253 2.00200009346
254 2.01399993896
255 2.01600003242
256 1.99300003052
257 2.00999999046
258 2.0039999485
259 1.22500002384
260 0.931999981403
261 0.879999995232
262 0.866999983788
263 0.986999988556
264 6.20499992371
265 6.22200012207
266 2.39599990845
267 2.37700009346
268 2.3710000515
269 2.34500002861
270 2.25200009346
271 2.1970000267
272 2.19499993324
273 2.17600011826
274 2.15199995041
275 2.14700007439
276 2.14599990845
277 2.14700007439
278 2.13499999046
279 2.14400005341
280 2.17199993134
281 2.20199990273
282 2.21799993515
283 2.22900009155
284 2.3220000267
285 2.39700007439
286 2.4240000248
287 2.43799996376
288 6.04699993134
289 6.05700016022
290 6.04400014877
291 6.02099990845
292 5.98500013351
293 5.97300004959
294 5.95300006866
295 5.9279999733
296 5.92100000381
297 5.90500020981
298 5.89799976349
299 5.87099981308
300 5.86800003052
301 5.83099985123
302 5.82600021362
303 5.83199977875
304 5.78999996185
305 5.78999996185
306 5.79099988937
307 5.76800012589
308 5.74800014496
309 5.73000001907
310 5.69500017166
311 5.66499996185
312 5.64499998093
313 5.61000013351
314 5.59499979019
315 5.57999992371
316 5.5689997673
317 5.54500007629
318 5.5110001564
319 5.32700014114
320 5.10200023651
321 5.46500015259
322 5.43400001526
323 5.42600011826
324 5.41300010681
325 5.38999986649
326 5.35599994659
327 5.32600021362
328 5.30000019073
329 4.3639998436
330 4.04899978638
331 4.10500001907
332 5.01000022888
333 5.16499996185
334 5.15000009537
335 5.10900020599
336 5.08500003815
337 5.05700016022
338 5.04500007629
339 5.03100013733
340 4.9390001297
341 4.81799983978
342 4.94899988174
343 4.94099998474
344 4.90100002289
345 4.87200021744
346 4.83900022507
347 4.71299982071
348 4.55200004578
349 4.73400020599
350 4.71299982071
351 4.66800022125
352 4.63899993896
353 4.6139998436
354 4.58199977875
355 4.56300020218
356 4.32299995422
357 4.36800003052
358 4.5
359 4.44000005722
360 4.43499994278
361 4.39300012589
362 4.38700008392
363 4.34899997711
364 4.31300020218
365 4.27600002289
366 4.24300003052
367 4.21500015259
368 4.17600011826
369 4.14900016785
370 4.10799980164
371 4.06300020218
372 4.03499984741
373 4.00899982452
374 3.98799991608
375 3.96300005913
376 3.91700005531
377 3.91499996185
378 3.88199996948
379 3.84899997711
380 3.80599999428
381 3.72699999809
382 3.63599991798
383 3.60400009155
384 3.56599998474
385 3.52800011635
386 3.49900007248
387 3.46399998665
388 3.42700004578
389 3.39700007439
390 3.382999897
391 3.33500003815
392 3.32100009918
393 3.28500008583
394 3.26099991798
395 3.27099990845
396 3.30200004578
397 3.34200000763
398 3.37700009346
399 3.40300011635
400 3.42300009727
401 3.48399996758
402 3.52399992943
403 3.54999995232
404 3.59800004959
405 3.65499997139
406 3.66400003433
407 3.73699998856
408 3.73200011253
409 3.76900005341
410 3.8259999752
411 3.88499999046
412 3.94199991226
413 3.98300004005
414 4.03599977493
415 4.10500001907
416 4.17700004578
417 4.24800014496
418 4.31500005722
419 4.38199996948
420 4.45100021362
421 4.52600002289
422 4.58599996567
423 4.65899991989
424 4.73999977112
425 4.81500005722
426 4.90700006485
427 5.01399993896
428 5.1139998436
429 5.21400022507
430 5.3220000267
431 5.42199993134
432 5.52899980545
433 5.64699983597
434 5.75500011444
435 5.88399982452
436 6.03399991989
437 6.15899991989
438 6.3220000267
439 6.48400020599
440 6.49300003052
441 6.60900020599
442 6.41599988937
443 3.05599999428
444 3.03699994087
445 3.04500007629
446 3.01699995995
447 3.02399992943
448 3.00699996948
449 3.0039999485
450 3.00200009346
451 2.98900008202
452 2.98900008202
453 2.97900009155
454 2.96900010109
455 2.96199989319
456 2.95799994469
457 2.96199989319
458 2.96799993515
459 2.95300006866
460 2.94799995422
461 2.96600008011
462 2.93600010872
463 2.94099998474
464 2.9279999733
465 2.92899990082
466 2.94000005722
467 2.9279999733
468 2.91799998283
469 2.90899991989
470 2.68300008774
471 2.64499998093
472 2.62800002098
473 2.63199996948
474 0.952000021935
475 0.716000020504
476 0.717999994755
477 0.949000000954
478 2.64599990845
479 2.64400005341
480 1.40699994564
481 1.19000005722
482 1.07700002193
483 1.05999994278
484 1.0379999876
485 1.05099999905
486 1.07700002193
487 1.05900001526
488 1.07099997997
489 1.08800005913
490 1.14100003242
491 1.15799999237
492 1.15499997139
493 1.13600003719
494 1.13999998569
495 1.15699994564
496 1.18499994278
497 1.19900000095
498 1.2120000124
499 1.22500002384
500 1.36500000954
501 1.29600000381
502 2.99000000954
503 2.97099995613
504 3.01099991798
505 3.00200009346
506 3.0039999485
507 3.02099990845
508 3.00699996948
509 3.02600002289
510 3.05100011826
511 3.03699994087
512 3.04800009727
513 3.07399988174
514 1.31599998474
515 1.42100000381
516 1.32099997997
517 1.23300004005
518 1.22399997711
519 1.20399999619
520 1.20500004292
521 1.20399999619
522 1.20399999619
523 1.19900000095
524 0.996999979019
525 0.903999984264
526 0.925000011921
527 1.11800003052
528 1.10099995136
529 1.10399997234
530 1.10599994659
531 1.09800004959
532 1.11899995804
533 1.11300003529
534 1.13800001144
535 1.23300004005
536 3.01799988747
537 2.90599989891
538 0.0
539 0.0
540 0.0
