0 4.507999897
1 4.42500019073
2 4.44299983978
3 4.47300004959
4 4.51399993896
5 4.64699983597
6 4.66200017929
7 4.6939997673
8 4.74700021744
9 4.76800012589
10 4.80000019073
11 4.84200000763
12 4.84999990463
13 4.88100004196
14 4.9310002327
15 4.9279999733
16 4.83599996567
17 4.85200023651
18 4.89200019836
19 4.96500015259
20 5.13199996948
21 5.18800020218
22 5.21700000763
23 5.25500011444
24 5.30900001526
25 5.35300016403
26 5.40700006485
27 5.45599985123
28 5.50400018692
29 5.5609998703
30 5.59999990463
31 5.64200019836
32 5.67500019073
33 0.0
34 17.1380004883
35 17.1599998474
36 17.142999649
37 0.0
38 0.0
39 0.0
40 17.2469997406
41 17.1650009155
42 17.0590000153
43 17.0069999695
44 16.5160007477
45 16.5450000763
46 16.531999588
47 13.1800003052
48 13.0810003281
49 12.3260002136
50 11.9300003052
51 11.5959997177
52 11.5900001526
53 11.638999939
54 11.6129999161
55 11.3380002975
56 10.998000145
57 10.4479999542
58 10.1059999466
59 8.32900047302
60 8.33899974823
61 8.21700000763
62 7.90399980545
63 7.63700008392
64 7.43699979782
65 7.23699998856
66 7.06599998474
67 6.91499996185
68 6.78700017929
69 6.76999998093
70 6.79400014877
71 6.81799983978
72 6.84299993515
73 6.87799978256
74 6.78800010681
75 6.64900016785
76 6.50199985504
77 6.38500022888
78 6.25899982452
79 6.14099979401
80 5.22300004959
81 4.95800018311
82 4.85500001907
83 4.77199983597
84 4.68699979782
85 4.59600019455
86 4.53900003433
87 4.46199989319
88 4.39599990845
89 4.32399988174
90 4.27400016785
91 4.21500015259
92 4.17600011826
93 4.12099981308
94 4.04500007629
95 3.97000002861
96 3.93300008774
97 3.86800003052
98 3.8220000267
99 3.79699993134
100 3.78099989891
101 3.78999996185
102 3.81500005722
103 3.86400008202
104 3.8789999485
105 3.89100003242
106 3.93499994278
107 3.95499992371
108 3.92199993134
109 3.88899993896
110 3.82699990273
111 3.8069999218
112 3.77200007439
113 3.72600007057
114 3.69400000572
115 3.65300011635
116 3.60800004005
117 3.58500003815
118 3.56900000572
119 3.53299999237
120 3.5039999485
121 3.47000002861
122 3.45000004768
123 3.40300011635
124 3.40300011635
125 3.38599991798
126 3.40700006485
127 3.44799995422
128 3.47399997711
129 3.52999997139
130 3.55800008774
131 3.6099998951
132 3.66700005531
133 4.01399993896
134 4.04600000381
135 4.08799982071
136 4.12099981308
137 4.15899991989
138 4.1890001297
139 4.21600008011
140 4.24399995804
141 4.29400014877
142 4.31199979782
143 4.34700012207
144 4.38899993896
145 4.41200017929
146 4.46899986267
147 4.48999977112
148 4.50699996948
149 4.51599979401
150 4.54300022125
151 4.19899988174
152 4.29400014877
153 4.61600017548
154 3.24900007248
155 3.40899991989
156 4.71799993515
157 4.58900022507
158 4.55499982834
159 4.80000019073
160 4.83300018311
161 4.86899995804
162 4.90700006485
163 4.92899990082
164 4.96600008011
165 4.99900007248
166 5.01900005341
167 5.03000020981
168 3.14700007439
169 3.22000002861
170 3.35899996758
171 4.11000013351
172 4.91699981689
173 4.86100006104
174 4.84899997711
175 4.82299995422
176 4.81199979782
177 4.83400011063
178 4.84000015259
179 4.83699989319
180 4.86499977112
181 4.90399980545
182 4.8029999733
183 5.30000019073
184 5.46500015259
185 5.48299980164
186 5.50199985504
187 5.50400018692
188 4.57800006866
189 4.58900022507
190 5.5609998703
191 5.59999990463
192 3.64599990845
193 3.52300000191
194 4.06300020218
195 4.03399991989
196 5.66800022125
197 5.70699977875
198 5.74399995804
199 5.76300001144
200 5.77799987793
201 5.8029999733
202 5.82100009918
203 5.83199977875
204 5.82800006866
205 5.86100006104
206 5.86999988556
207 5.88399982452
208 5.87599992752
209 5.91200017929
210 5.90500020981
211 5.92999982834
212 5.93300008774
213 5.95699977875
214 5.98199987411
215 6.00899982452
216 6.02299976349
217 6.04099988937
218 6.04899978638
219 6.07899999619
220 6.08400011063
221 6.08799982071
222 6.08699989319
223 6.09999990463
224 6.10099983215
225 6.117000103
226 6.10300016403
227 6.12099981308
228 6.14099979401
229 6.1360001564
230 6.13800001144
231 6.15199995041
232 6.17999982834
233 6.17500019073
234 6.20100021362
235 6.20599985123
236 6.22599983215
237 6.24100017548
238 6.21700000763
239 6.22100019455
240 6.22300004959
241 6.21600008011
242 6.23500013351
243 6.22499990463
244 2.08599996567
245 2.0529999733
246 2.04500007629
247 2.01699995995
248 2.01600003242
249 2.03600001335
250 2.007999897
251 2.02200007439
252 2.01200008392
253 2.00999999046
254 2.0150001049
255 1.9960000515
256 2.01900005341
257 2.01699995995
258 2.01300001144
259 1.22399997711
260 0.922999978065
261 0.870999991894
262 0.874000012875
263 0.992999970913
264 6.21700000763
265 6.21199989319
266 2.40499997139
267 2.38599991798
268 2.3789999485
269 2.33299994469
270 2.23900008202
271 2.18499994278
272 2.1779999733
273 2.16700005531
274 2.16400003433
275 2.14199995995
276 2.14100003242
277 2.15000009537
278 2.13899993896
279 2.14199995995
280 2.15599989891
281 2.18799996376
282 2.21600008011
283 2.23200011253
284 2.35100007057
285 2.41899991035
286 2.41499996185
287 2.42100000381
288 6.05499982834
289 6.03299999237
290 6.04199981689
291 6.0110001564
292 5.99300003052
293 5.97399997711
294 5.96000003815
295 5.9470000267
296 5.92500019073
297 5.90799999237
298 5.90199995041
299 5.86299991608
300 5.85300016403
301 5.84600019455
302 5.82600021362
303 5.81300020218
304 5.80800008774
305 5.79199981689
306 5.78200006485
307 5.76999998093
308 5.72599983215
309 5.71400022507
310 5.6970000267
311 5.66800022125
312 5.63800001144
313 5.63000011444
314 5.59700012207
315 5.57999992371
316 5.5689997673
317 5.55200004578
318 5.52899980545
319 5.32100009918
320 5.10099983215
321 5.46600008011
322 5.44000005722
323 5.42700004578
324 5.41300010681
325 5.39599990845
326 5.36000013351
327 5.33500003815
328 5.30399990082
329 4.3860001564
330 4.03900003433
331 4.11199998856
332 5.01399993896
333 5.16599988937
334 5.14499998093
335 5.10699987411
336 5.09600019455
337 5.06300020218
338 5.04199981689
339 5.01499986649
340 4.9470000267
341 4.8109998703
342 4.96000003815
343 4.93800020218
344 4.90899991989
345 4.87400007248
346 4.82399988174
347 4.70900011063
348 4.57100009918
349 4.72499990463
350 4.70599985123
351 4.6779999733
352 4.64099979401
353 4.63199996948
354 4.59700012207
355 4.55700016022
356 4.29500007629
357 4.34100008011
358 4.48600006104
359 4.46199989319
360 4.4470000267
361 4.40100002289
362 4.39799976349
363 4.35500001907
364 4.31799983978
365 4.29500007629
366 4.24800014496
367 4.21400022507
368 4.1779999733
369 4.14599990845
370 4.10599994659
371 4.06300020218
372 4.04600000381
373 4.007999897
374 3.97699999809
375 3.96700000763
376 3.91700005531
377 3.89899992943
378 3.875
379 3.85500001907
380 3.81299996376
381 3.72300004959
382 3.61599993706
383 3.59899997711
384 3.5569999218
385 3.51300001144
386 3.50600004196
387 3.46700000763
388 3.43300008774
389 3.40799999237
390 3.35299992561
391 3.33400011063
392 3.31299996376
393 3.28800010681
394 3.24099993706
395 3.25
396 3.29399991035
397 3.34299993515
398 3.37299990654
399 3.38899993896
400 3.44400000572
401 3.4849998951
402 3.51900005341
403 3.5680000782
404 3.60899996758
405 3.64800000191
406 3.68799996376
407 3.7349998951
408 3.7349998951
409 3.77699995041
410 3.83100008965
411 3.86599993706
412 3.91899991035
413 3.992000103
414 4.0609998703
415 4.11899995804
416 4.17500019073
417 4.22800016403
418 4.29899978638
419 4.38500022888
420 4.44199991226
421 4.52199983597
422 4.58900022507
423 4.67399978638
424 4.71899986267
425 4.81599998474
426 4.90399980545
427 5.01399993896
428 5.09800004959
429 5.21500015259
430 5.30499982834
431 5.40500020981
432 5.51399993896
433 5.65199995041
434 5.75500011444
435 5.88100004196
436 6.00099992752
437 6.16300010681
438 6.31799983978
439 6.45399999619
440 6.49399995804
441 6.59700012207
442 6.44199991226
443 3.08100008965
444 3.04099988937
445 3.03200006485
446 3.02800011635
447 3.01300001144
448 3.01999998093
449 3.0039999485
450 2.99699997902
451 2.99000000954
452 2.97499990463
453 2.9849998951
454 2.98799991608
455 2.96499991417
456 2.98699998856
457 2.95799994469
458 2.95399999619
459 2.97000002861
460 2.94000005722
461 2.94499993324
462 2.95199990273
463 2.93099999428
464 2.93099999428
465 2.91400003433
466 2.92700004578
467 2.91599988937
468 2.92300009727
469 2.91400003433
470 2.67300009727
471 2.65700006485
472 2.64299988747
473 2.64700007439
474 0.945999979973
475 0.721000015736
476 0.70300000906
477 0.925999999046
478 2.64299988747
479 2.64700007439
480 1.52499997616
481 1.19900000095
482 1.08399999142
483 1.05900001526
484 1.06400001049
485 1.04999995232
486 1.04600000381
487 1.05999994278
488 1.06200003624
489 1.06400001049
490 1.1289999485
491 1.14499998093
492 1.15400004387
493 1.15100002289
494 1.16999995708
495 1.15999996662
496 1.18400001526
497 1.18200004101
498 1.21300005913
499 1.20799994469
500 1.34700000286
501 1.64800000191
502 2.98399996758
503 3.00099992752
504 2.98699998856
505 3.01699995995
506 3.00099992752
507 3.00200009346
508 3.01099991798
509 3.01900005341
510 3.02800011635
511 3.05200004578
512 3.05100011826
513 3.05399990082
514 3.08200001717
515 1.4509999752
516 1.33000004292
517 1.24300003052
518 1.22800004482
519 1.22599995136
520 1.22599995136
521 1.21500003338
522 1.21000003815
523 1.18599998951
524 0.994000017643
525 0.902999997139
526 0.925000011921
527 1.12999999523
528 1.1289999485
529 1.09300005436
530 1.11899995804
531 1.11699998379
532 1.10300004482
533 1.12600004673
534 1.14100003242
535 1.21500003338
536 3.00600004196
537 2.91499996185
538 0.0
539 0.0
540 0.0
