0 4.50400018692
1 4.44299983978
2 4.43800020218
3 4.46899986267
4 4.53999996185
5 4.63999986649
6 4.67299985886
7 4.70900011063
8 4.73299980164
9 4.77500009537
10 4.79500007629
11 4.83199977875
12 4.87400007248
13 4.89699983597
14 4.92999982834
15 4.92100000381
16 4.82899999619
17 4.84399986267
18 4.88999986649
19 4.95399999619
20 5.14499998093
21 5.18400001526
22 5.22700023651
23 5.27799987793
24 5.30399990082
25 5.35599994659
26 5.40500020981
27 5.45599985123
28 5.50099992752
29 5.55200004578
30 5.58400011063
31 5.64200019836
32 5.65899991989
33 0.0
34 17.1410007477
35 17.1280002594
36 17.1490001678
37 0.0
38 0.0
39 0.0
40 17.2390003204
41 17.1639995575
42 17.0659999847
43 16.9920005798
44 16.517999649
45 16.531999588
46 16.517999649
47 13.1610002518
48 13.0799999237
49 12.3339996338
50 11.9610004425
51 11.6040000916
52 11.595000267
53 11.6289997101
54 11.6169996262
55 11.3389997482
56 10.9969997406
57 10.4589996338
58 10.1079998016
59 8.34500026703
60 8.33899974823
61 8.18799972534
62 7.91099977493
63 7.63199996948
64 7.4359998703
65 7.23999977112
66 7.06599998474
67 6.90299987793
68 6.78900003433
69 6.76700019836
70 6.79899978638
71 6.82899999619
72 6.84499979019
73 6.85900020599
74 6.79099988937
75 6.63800001144
76 6.52099990845
77 6.39400005341
78 6.26300001144
79 6.14799976349
80 5.23299980164
81 4.96799993515
82 4.84399986267
83 4.75500011444
84 4.6939997673
85 4.58900022507
86 4.54099988937
87 4.45200014114
88 4.40799999237
89 4.33199977875
90 4.26999998093
91 4.22200012207
92 4.14300012589
93 4.11999988556
94 4.03299999237
95 3.98000001907
96 3.93400001526
97 3.88000011444
98 3.82299995422
99 3.77699995041
100 3.76600003242
101 3.79200005531
102 3.80200004578
103 3.85899996758
104 3.87700009346
105 3.91499996185
106 3.93899989128
107 3.95499992371
108 3.91499996185
109 3.882999897
110 3.84800004959
111 3.81200003624
112 3.75600004196
113 3.73200011253
114 3.67899990082
115 3.65300011635
116 3.61400008202
117 3.57999992371
118 3.56999993324
119 3.53800010681
120 3.51300001144
121 3.47000002861
122 3.44000005722
123 3.41700005531
124 3.3900001049
125 3.39199995995
126 3.42300009727
127 3.43899989128
128 3.4849998951
129 3.53699994087
130 3.57100009918
131 3.61500000954
132 3.65499997139
133 4.00099992752
134 4.07000017166
135 4.08400011063
136 4.12300014496
137 4.15500020981
138 4.1890001297
139 4.21600008011
140 4.23400020599
141 4.28000020981
142 4.3140001297
143 4.34600019455
144 4.38899993896
145 4.43300008774
146 4.44899988174
147 4.47399997711
148 4.5
149 4.53299999237
150 4.5560002327
151 4.1939997673
152 4.30200004578
153 4.61199998856
154 3.26399993896
155 3.40899991989
156 4.70200014114
157 4.58400011063
158 4.55900001526
159 4.78599977493
160 4.8189997673
161 4.85699987411
162 4.88999986649
163 4.93400001526
164 4.96700000763
165 4.99499988556
166 5.0110001564
167 5.04300022125
168 3.14100003242
169 3.21900010109
170 3.36599993706
171 4.09299993515
172 4.92100000381
173 4.88000011444
174 4.84399986267
175 4.82800006866
176 4.8109998703
177 4.83099985123
178 4.82499980927
179 4.85200023651
180 4.875
181 4.90600013733
182 4.80999994278
183 5.31599998474
184 5.44999980927
185 5.47900009155
186 5.50199985504
187 5.51499986649
188 4.59899997711
189 4.56699991226
190 5.56699991226
191 5.59499979019
192 3.64400005341
193 3.52099990845
194 4.07399988174
195 4.04099988937
196 5.6859998703
197 5.71099996567
198 5.74399995804
199 5.76000022888
200 5.78499984741
201 5.8029999733
202 5.82000017166
203 5.82999992371
204 5.83199977875
205 5.83900022507
206 5.87400007248
207 5.88399982452
208 5.87699985504
209 5.90500020981
210 5.92000007629
211 5.92899990082
212 5.94000005722
213 5.96999979019
214 5.97599983215
215 5.98699998856
216 6.03200006485
217 6.04400014877
218 6.05399990082
219 6.08400011063
220 6.07299995422
221 6.0640001297
222 6.07000017166
223 6.09499979019
224 6.08900022507
225 6.12099981308
226 6.11800003052
227 6.12799978256
228 6.12599992752
229 6.14599990845
230 6.14499998093
231 6.16300010681
232 6.17999982834
233 6.19799995422
234 6.20599985123
235 6.22499990463
236 6.23299980164
237 6.21199989319
238 6.21700000763
239 6.21899986267
240 6.22300004959
241 6.23299980164
242 6.24300003052
243 6.24900007248
244 2.08699989319
245 2.04399991035
246 2.02699995041
247 2.02099990845
248 2.01600003242
249 2.02999997139
250 2.02999997139
251 2.02399992943
252 2.02699995041
253 2.01200008392
254 2.0039999485
255 1.99500000477
256 2.00099992752
257 1.99000000954
258 2.00200009346
259 1.22000002861
260 0.935000002384
261 0.865999996662
262 0.866999983788
263 0.981000006199
264 6.22700023651
265 6.22499990463
266 2.39199995995
267 2.38700008392
268 2.375
269 2.33200001717
270 2.25500011444
271 2.21300005913
272 2.16799998283
273 2.16100001335
274 2.15599989891
275 2.14499998093
276 2.14800000191
277 2.1740000248
278 2.12199997902
279 2.12199997902
280 2.17600011826
281 2.17300009727
282 2.21199989319
283 2.23399996758
284 2.35800004005
285 2.39299988747
286 2.41799998283
287 2.42199993134
288 6.0529999733
289 6.04300022125
290 6.01399993896
291 6.01800012589
292 6.00299978256
293 5.97599983215
294 5.96700000763
295 5.95100021362
296 5.92399978638
297 5.90299987793
298 5.88700008392
299 5.86600017548
300 5.86000013351
301 5.85300016403
302 5.84100008011
303 5.82000017166
304 5.80700016022
305 5.80399990082
306 5.77699995041
307 5.76300001144
308 5.72499990463
309 5.73099994659
310 5.69899988174
311 5.67500019073
312 5.64799976349
313 5.62900018692
314 5.59999990463
315 5.56699991226
316 5.57100009918
317 5.52699995041
318 5.51700019836
319 5.31199979782
320 5.11100006104
321 5.46099996567
322 5.44299983978
323 5.41900014877
324 5.41300010681
325 5.39799976349
326 5.35900020599
327 5.32700014114
328 5.28999996185
329 4.36000013351
330 4.03599977493
331 4.10900020599
332 5.03000020981
333 5.17000007629
334 5.14400005341
335 5.11800003052
336 5.09800004959
337 5.0640001297
338 5.04899978638
339 5.02600002289
340 4.9390001297
341 4.8220000267
342 4.95900011063
343 4.92999982834
344 4.91599988937
345 4.87400007248
346 4.82600021362
347 4.69099998474
348 4.54300022125
349 4.72800016403
350 4.72100019455
351 4.67899990082
352 4.63999986649
353 4.62599992752
354 4.58900022507
355 4.56599998474
356 4.30499982834
357 4.35300016403
358 4.49599981308
359 4.46799993515
360 4.43800020218
361 4.39200019836
362 4.39799976349
363 4.34399986267
364 4.32399988174
365 4.26599979401
366 4.22700023651
367 4.18800020218
368 4.17100000381
369 4.13500022888
370 4.10799980164
371 4.09000015259
372 4.03499984741
373 4.01300001144
374 3.97600007057
375 3.96499991417
376 3.92300009727
377 3.90199995041
378 3.88400006294
379 3.84800004959
380 3.8029999733
381 3.72900009155
382 3.63800001144
383 3.59599995613
384 3.54800009727
385 3.51900005341
386 3.48799991608
387 3.46000003815
388 3.42600011826
389 3.39499998093
390 3.35299992561
391 3.33999991417
392 3.31299996376
393 3.29299998283
394 3.25300002098
395 3.27200007439
396 3.30399990082
397 3.33899998665
398 3.37599992752
399 3.40199995041
400 3.44499993324
401 3.48699998856
402 3.52099990845
403 3.56299996376
404 3.57999992371
405 3.64899992943
406 3.67899990082
407 3.72000002861
408 3.73799991608
409 3.78099989891
410 3.82699990273
411 3.88899993896
412 3.94499993324
413 3.9960000515
414 4.07299995422
415 4.117000103
416 4.17199993134
417 4.24599981308
418 4.29899978638
419 4.36299991608
420 4.4470000267
421 4.51900005341
422 4.60400009155
423 4.66200017929
424 4.73699998856
425 4.80900001526
426 4.91800022125
427 5.01700019836
428 5.11000013351
429 5.20800018311
430 5.3140001297
431 5.42500019073
432 5.53100013733
433 5.63700008392
434 5.76399993896
435 5.88199996948
436 6.01900005341
437 6.15700006485
438 6.30900001526
439 6.48199987411
440 6.51399993896
441 6.60699987411
442 6.48299980164
443 3.09200000763
444 3.04999995232
445 3.04800009727
446 3.03699994087
447 3.00699996948
448 3.00300002098
449 2.99799990654
450 3.0
451 2.9849998951
452 3.007999897
453 2.99699997902
454 2.96799993515
455 2.96700000763
456 2.97399997711
457 2.95199990273
458 2.96600008011
459 2.95499992371
460 2.94799995422
461 2.9470000267
462 2.95499992371
463 2.94600009918
464 2.92499995232
465 2.92899990082
466 2.9240000248
467 2.9279999733
468 2.91199994087
469 2.92199993134
470 2.65199995041
471 2.65000009537
472 2.63599991798
473 2.64599990845
474 0.944999992847
475 0.708999991417
476 0.707000017166
477 0.920000016689
478 2.64400005341
479 2.64100003242
480 1.34899997711
481 1.18799996376
482 1.07899999619
483 1.06200003624
484 1.05900001526
485 1.04700005054
486 1.05599999428
487 1.04600000381
488 1.0340000391
489 1.05200004578
490 1.14400005341
491 1.14999997616
492 1.15999996662
493 1.15699994564
494 1.15100002289
495 1.15999996662
496 1.16600000858
497 1.16700005531
498 1.19400000572
499 1.21000003815
500 1.33099997044
501 1.44500005245
502 2.97399997711
503 2.98799991608
504 2.98900008202
505 3.01300001144
506 3.01200008392
507 3.00500011444
508 3.02399992943
509 3.01300001144
510 3.04399991035
511 3.03299999237
512 3.03699994087
513 3.06699991226
514 1.30099999905
515 1.40199995041
516 1.28999996185
517 1.24100005627
518 1.23199999332
519 1.22899997234
520 1.22200000286
521 1.21300005913
522 1.18599998951
523 1.20299994946
524 0.977999985218
525 0.893000006676
526 0.92199999094
527 1.16199994087
528 1.1289999485
529 1.11000001431
530 1.11800003052
531 1.10699999332
532 1.09700000286
533 1.11300003529
534 1.11699998379
535 1.13999998569
536 1.17100000381
537 2.91700005531
538 0.0
539 0.0
540 0.0
