0 4.49700021744
1 4.42299985886
2 4.45499992371
3 4.47300004959
4 4.53200006485
5 4.62900018692
6 4.66599988937
7 4.69600009918
8 4.73199987411
9 4.74800014496
10 4.78700017929
11 4.82700014114
12 4.85300016403
13 4.88500022888
14 4.92299985886
15 4.92700004578
16 4.83900022507
17 4.84299993515
18 4.87799978256
19 4.96099996567
20 5.1360001564
21 5.18699979782
22 5.21600008011
23 5.26900005341
24 5.30900001526
25 5.35599994659
26 5.39300012589
27 5.44999980927
28 5.49399995804
29 5.53800010681
30 5.61000013351
31 5.6360001564
32 5.63899993896
33 0.0
34 17.156999588
35 17.1399993896
36 17.1369991302
37 0.0
38 0.0
39 0.0
40 17.218000412
41 17.1770000458
42 17.0559997559
43 17.0009994507
44 16.531999588
45 16.5289993286
46 16.5149993896
47 13.1630001068
48 13.0719995499
49 12.3149995804
50 11.9510002136
51 11.5889997482
52 11.6059999466
53 11.6319999695
54 11.6169996262
55 11.3470001221
56 11.0150003433
57 10.4670000076
58 10.1000003815
59 8.32199954987
60 8.32800006866
61 8.19799995422
62 7.92100000381
63 7.63800001144
64 7.4439997673
65 7.24599981308
66 7.06699991226
67 6.90199995041
68 6.78100013733
69 6.78000020981
70 6.80700016022
71 6.81799983978
72 6.83500003815
73 6.85300016403
74 6.79400014877
75 6.63700008392
76 6.52099990845
77 6.39699983597
78 6.28100013733
79 6.15999984741
80 5.24499988556
81 4.95200014114
82 4.84200000763
83 4.7610001564
84 4.67000007629
85 4.60099983215
86 4.53800010681
87 4.45200014114
88 4.39300012589
89 4.34000015259
90 4.28299999237
91 4.21299982071
92 4.16300010681
93 4.08199977875
94 4.00600004196
95 3.9849998951
96 3.93700003624
97 3.88199996948
98 3.83400011063
99 3.79299998283
100 3.77699995041
101 3.78099989891
102 3.8180000782
103 3.83899998665
104 3.86400008202
105 3.90799999237
106 3.95300006866
107 3.96399998665
108 3.91199994087
109 3.87400007248
110 3.83400011063
111 3.79600000381
112 3.742000103
113 3.72300004959
114 3.69199991226
115 3.66199994087
116 3.62400007248
117 3.58200001717
118 3.55500006676
119 3.52699995041
120 3.5039999485
121 3.46499991417
122 3.44499993324
123 3.40499997139
124 3.38400006294
125 3.39599990845
126 3.4279999733
127 3.44499993324
128 3.4849998951
129 3.52300000191
130 3.5680000782
131 3.6099998951
132 3.65400004387
133 4.01800012589
134 4.04600000381
135 4.09700012207
136 4.12900018692
137 4.13500022888
138 4.18200016022
139 4.19799995422
140 4.24499988556
141 4.28000020981
142 4.29199981689
143 4.34800004959
144 4.39699983597
145 4.41599988937
146 4.46299982071
147 4.492000103
148 4.50199985504
149 4.52500009537
150 4.54899978638
151 4.1939997673
152 4.29099988937
153 4.61199998856
154 3.26399993896
155 3.39599990845
156 4.70599985123
157 4.59600019455
158 4.54600000381
159 4.78900003433
160 4.83199977875
161 4.86600017548
162 4.88000011444
163 4.92299985886
164 4.96500015259
165 4.99700021744
166 5.01999998093
167 5.03299999237
168 3.15000009537
169 3.22600007057
170 3.35400009155
171 4.12300014496
172 4.92000007629
173 4.87099981308
174 4.84800004959
175 4.82299995422
176 4.81799983978
177 4.81500005722
178 4.82800006866
179 4.85400009155
180 4.867000103
181 4.89799976349
182 4.82299995422
183 5.30200004578
184 5.46400022507
185 5.48099994659
186 5.49599981308
187 5.5110001564
188 4.60500001907
189 4.58400011063
190 5.5529999733
191 5.58599996567
192 3.63899993896
193 3.52800011635
194 4.08599996567
195 4.04300022125
196 5.6810002327
197 5.71999979019
198 5.72900009155
199 5.76000022888
200 5.76900005341
201 5.80499982834
202 5.8109998703
203 5.82000017166
204 5.84200000763
205 5.85400009155
206 5.8639998436
207 5.882999897
208 5.89699983597
209 5.90700006485
210 5.91499996185
211 5.92999982834
212 5.96000003815
213 5.96700000763
214 5.98299980164
215 6.00699996948
216 6.01900005341
217 6.03499984741
218 6.05399990082
219 6.05200004578
220 6.06699991226
221 6.05700016022
222 6.07800006866
223 6.09499979019
224 6.10500001907
225 6.11199998856
226 6.11499977112
227 6.11199998856
228 6.13000011444
229 6.14799976349
230 6.14900016785
231 6.16200017929
232 6.18800020218
233 6.17299985886
234 6.20900011063
235 6.21899986267
236 6.22499990463
237 6.21700000763
238 6.21500015259
239 6.2389998436
240 6.22599983215
241 6.24800014496
242 6.23600006104
243 6.23199987411
244 2.06100010872
245 2.05100011826
246 2.02900004387
247 2.02999997139
248 2.01600003242
249 2.02099990845
250 2.00699996948
251 2.01399993896
252 1.99800002575
253 2.0150001049
254 1.9960000515
255 2.01399993896
256 2.00200009346
257 2.0150001049
258 1.9960000515
259 1.22099995613
260 0.916999995708
261 0.875
262 0.893999993801
263 0.985000014305
264 6.21400022507
265 6.22200012207
266 2.40700006485
267 2.40199995041
268 2.382999897
269 2.3259999752
270 2.24300003052
271 2.19199991226
272 2.18799996376
273 2.15799999237
274 2.16199994087
275 2.14700007439
276 2.13599991798
277 2.16000008583
278 2.1400001049
279 2.12299990654
280 2.17100000381
281 2.1779999733
282 2.21199989319
283 2.22699999809
284 2.34899997711
285 2.40899991989
286 2.41400003433
287 2.44000005722
288 6.06300020218
289 6.04300022125
290 6.01300001144
291 5.99300003052
292 5.99599981308
293 5.97599983215
294 5.95599985123
295 5.9439997673
296 5.91300010681
297 5.91400003433
298 5.90100002289
299 5.86999988556
300 5.84200000763
301 5.84200000763
302 5.83500003815
303 5.82600021362
304 5.8189997673
305 5.79500007629
306 5.77799987793
307 5.77099990845
308 5.74499988556
309 5.69999980927
310 5.68400001526
311 5.67199993134
312 5.64699983597
313 5.62099981308
314 5.61000013351
315 5.57800006866
316 5.56199979782
317 5.53900003433
318 5.51300001144
319 5.32299995422
320 5.09200000763
321 5.45699977875
322 5.44600009918
323 5.42100000381
324 5.40999984741
325 5.38100004196
326 5.36000013351
327 5.33900022507
328 5.28999996185
329 4.36100006104
330 4.04400014877
331 4.12300014496
332 5.03200006485
333 5.15700006485
334 5.13000011444
335 5.11499977112
336 5.09700012207
337 5.06599998474
338 5.03800010681
339 5.01900005341
340 4.9390001297
341 4.80100011826
342 4.96099996567
343 4.9310002327
344 4.89699983597
345 4.8639998436
346 4.84899997711
347 4.70800018311
348 4.5529999733
349 4.72399997711
350 4.6970000267
351 4.66499996185
352 4.64300012589
353 4.61100006104
354 4.59600019455
355 4.56699991226
356 4.32499980927
357 4.35599994659
358 4.48000001907
359 4.44299983978
360 4.42500019073
361 4.41200017929
362 4.39300012589
363 4.36000013351
364 4.31199979782
365 4.28399991989
366 4.24300003052
367 4.20200014114
368 4.17299985886
369 4.125
370 4.09499979019
371 4.07499980927
372 4.04400014877
373 4.01399993896
374 3.97300004959
375 3.97000002861
376 3.91000008583
377 3.90000009537
378 3.86299991608
379 3.84899997711
380 3.80399990082
381 3.71600008011
382 3.64100003242
383 3.60299992561
384 3.5529999733
385 3.52800011635
386 3.49399995804
387 3.45900011063
388 3.43000006676
389 3.38199996948
390 3.35299992561
391 3.33400011063
392 3.31299996376
393 3.28399991989
394 3.25999999046
395 3.26600003242
396 3.30500006676
397 3.31900000572
398 3.36100006104
399 3.39499998093
400 3.44400000572
401 3.46600008011
402 3.51799988747
403 3.56399989128
404 3.59299993515
405 3.63400006294
406 3.66499996185
407 3.71900010109
408 3.73799991608
409 3.79299998283
410 3.81299996376
411 3.87800002098
412 3.93400001526
413 3.97399997711
414 4.0689997673
415 4.11199998856
416 4.18499994278
417 4.23500013351
418 4.31199979782
419 4.38399982452
420 4.42199993134
421 4.50400018692
422 4.58599996567
423 4.65100002289
424 4.72599983215
425 4.81199979782
426 4.91400003433
427 5.01000022888
428 5.09999990463
429 5.21299982071
430 5.31300020218
431 5.41300010681
432 5.52799987793
433 5.62799978256
434 5.75400018692
435 5.88700008392
436 6.01399993896
437 6.16200017929
438 6.32100009918
439 6.46000003815
440 6.49499988556
441 6.60099983215
442 6.47800016403
443 3.06599998474
444 3.03800010681
445 3.03200006485
446 3.01900005341
447 3.03600001335
448 3.00300002098
449 3.0039999485
450 3.0039999485
451 2.97900009155
452 2.97399997711
453 2.98699998856
454 2.97199988365
455 2.97399997711
456 2.95900011063
457 2.95199990273
458 2.96799993515
459 2.95000004768
460 2.95399999619
461 2.93499994278
462 2.93700003624
463 2.9279999733
464 2.92499995232
465 2.91899991035
466 2.92899990082
467 2.91899991035
468 2.91400003433
469 2.90000009537
470 2.67700004578
471 2.64400005341
472 2.632999897
473 2.63100004196
474 0.934000015259
475 0.705999970436
476 0.708000004292
477 0.919000029564
478 2.65599989891
479 2.64800000191
480 2.64700007439
481 2.64599990845
482 2.64899992943
483 2.64599990845
484 2.63599991798
485 2.66199994087
486 2.67300009727
487 2.64499998093
488 2.65700006485
489 2.66799998283
490 2.82100009918
491 2.93499994278
492 2.92899990082
493 2.93099999428
494 2.95399999619
495 2.94099998474
496 2.94799995422
497 2.96399998665
498 2.95000004768
499 2.96700000763
500 2.97000002861
501 2.98399996758
502 2.97600007057
503 2.99499988556
504 2.99399995804
505 2.99900007248
506 3.00900006294
507 1.3029999733
508 1.15699994564
509 1.14699995518
510 1.11000001431
511 1.11600005627
512 1.09599995613
513 1.10800004005
514 1.12699997425
515 1.10599994659
516 1.12300002575
517 1.09700000286
518 1.11800003052
519 1.13300001621
520 1.125
521 1.14600002766
522 1.25199997425
523 1.33399999142
524 0.93599998951
525 0.90600001812
526 0.916000008583
527 0.93599998951
528 3.03699994087
529 1.31700003147
530 1.14300000668
531 1.09800004959
532 1.0870000124
533 1.10000002384
534 1.09399998188
535 1.06400001049
536 1.07099997997
537 1.06500005722
538 1.07099997997
539 1.04100000858
540 1.01499998569
