0 4.50699996948
1 4.42999982834
2 4.45699977875
3 4.44000005722
4 4.51599979401
5 4.64400005341
6 4.67199993134
7 4.71600008011
8 4.7389998436
9 4.77199983597
10 4.79899978638
11 4.81699991226
12 4.86299991608
13 4.90199995041
14 4.9310002327
15 4.9390001297
16 4.84100008011
17 4.84800004959
18 4.88999986649
19 4.95900011063
20 5.13999986649
21 5.18499994278
22 5.21999979019
23 5.257999897
24 5.29899978638
25 5.36199998856
26 5.40700006485
27 5.4439997673
28 5.50199985504
29 5.5560002327
30 5.61499977112
31 5.64900016785
32 5.64900016785
33 0.0
34 17.1599998474
35 17.1380004883
36 17.1520004272
37 0.0
38 0.0
39 0.0
40 17.2430000305
41 17.1760005951
42 17.0739994049
43 17.0090007782
44 16.5189990997
45 16.5499992371
46 16.5189990997
47 13.1770000458
48 13.079000473
49 12.3269996643
50 11.9029998779
51 11.5740003586
52 11.5970001221
53 11.6169996262
54 11.6239995956
55 11.3409996033
56 10.9729995728
57 10.4510002136
58 10.079000473
59 8.29300022125
60 8.33300018311
61 8.19400024414
62 7.91900014877
63 7.62599992752
64 7.44899988174
65 7.25199985504
66 7.0640001297
67 6.90199995041
68 6.79899978638
69 6.77299976349
70 6.79799985886
71 6.82800006866
72 6.85699987411
73 6.867000103
74 6.79199981689
75 6.63500022888
76 6.51599979401
77 6.38700008392
78 6.26700019836
79 6.14099979401
80 5.23999977112
81 4.95800018311
82 4.86899995804
83 4.77799987793
84 4.69099998474
85 4.60300016403
86 4.54899978638
87 4.48600006104
88 4.40199995041
89 4.32999992371
90 4.28000020981
91 4.21899986267
92 4.16200017929
93 4.10200023651
94 4.03999996185
95 3.97799992561
96 3.93099999428
97 3.8900001049
98 3.82399988174
99 3.80800008774
100 3.77699995041
101 3.80200004578
102 3.8180000782
103 3.85500001907
104 3.88000011444
105 3.90300011635
106 3.92000007629
107 3.94600009918
108 3.92100000381
109 3.88199996948
110 3.84599995613
111 3.80900001526
112 3.75999999046
113 3.73000001907
114 3.69600009918
115 3.66300010681
116 3.63100004196
117 3.60100007057
118 3.5490000248
119 3.53399991989
120 3.50900006294
121 3.48000001907
122 3.42899990082
123 3.4319999218
124 3.40000009537
125 3.39199995995
126 3.42899990082
127 3.45700001717
128 3.48399996758
129 3.54699993134
130 3.57699990273
131 3.61400008202
132 3.64800000191
133 4.02099990845
134 4.04600000381
135 4.08099985123
136 4.12200021744
137 4.15899991989
138 4.1859998703
139 4.21999979019
140 4.25899982452
141 4.27099990845
142 4.29199981689
143 4.34700012207
144 4.38800001144
145 4.4359998703
146 4.46000003815
147 4.46000003815
148 4.51399993896
149 4.52400016785
150 4.51999998093
151 4.19299983978
152 4.32100009918
153 3.35599994659
154 3.26300001144
155 3.41199994087
156 4.72100019455
157 4.60200023651
158 4.55399990082
159 4.80000019073
160 4.82800006866
161 4.8639998436
162 4.90600013733
163 4.92100000381
164 4.96299982071
165 5.0
166 5.007999897
167 5.03900003433
168 3.11999988556
169 3.20900011063
170 3.36999988556
171 4.12200021744
172 4.91499996185
173 4.88000011444
174 4.85300016403
175 4.83799982071
176 4.83500003815
177 4.81799983978
178 4.82800006866
179 4.84499979019
180 4.85799980164
181 4.89400005341
182 4.82899999619
183 5.31699991226
184 5.46500015259
185 5.49700021744
186 5.4889998436
187 5.51599979401
188 4.59999990463
189 4.57999992371
190 5.56699991226
191 5.59000015259
192 3.64599990845
193 3.52500009537
194 4.07100009918
195 4.03800010681
196 5.6890001297
197 5.71799993515
198 5.73999977112
199 5.74300003052
200 5.77799987793
201 5.8109998703
202 5.83199977875
203 5.82399988174
204 5.84499979019
205 5.85099983215
206 5.86000013351
207 5.86800003052
208 5.89799976349
209 5.92000007629
210 5.9279999733
211 5.94600009918
212 5.96199989319
213 5.96500015259
214 5.98600006104
215 6.00500011444
216 6.02299976349
217 6.03399991989
218 6.05399990082
219 6.0640001297
220 6.08400011063
221 6.07999992371
222 6.09499979019
223 6.08500003815
224 6.08799982071
225 6.117000103
226 6.11499977112
227 6.13500022888
228 6.14599990845
229 6.15899991989
230 6.15999984741
231 6.16099977493
232 6.16499996185
233 6.1810002327
234 6.1970000267
235 6.21600008011
236 6.22800016403
237 6.24399995804
238 6.22399997711
239 6.22100019455
240 6.21600008011
241 6.23799991608
242 6.22599983215
243 6.22499990463
244 2.08100008965
245 2.05200004578
246 2.05900001526
247 2.02800011635
248 2.01699995995
249 2.02900004387
250 2.02300000191
251 2.01900005341
252 2.01699995995
253 2.01300001144
254 2.02600002289
255 2.01699995995
256 1.99800002575
257 1.98899996281
258 1.99699997902
259 1.23300004005
260 0.925999999046
261 0.856999993324
262 0.885999977589
263 0.986000001431
264 6.25199985504
265 6.22100019455
266 2.39100003242
267 2.37400007248
268 2.37199997902
269 2.32800006866
270 2.25600004196
271 2.1930000782
272 2.18300008774
273 2.15300011635
274 2.1779999733
275 2.15400004387
276 2.1400001049
277 2.12700009346
278 2.14400005341
279 2.14199995995
280 2.16700005531
281 2.2009999752
282 2.21700000763
283 2.23200011253
284 2.34699988365
285 2.39800000191
286 2.42000007629
287 2.45700001717
288 6.07700014114
289 6.05100011826
290 6.05200004578
291 5.99399995804
292 5.99700021744
293 5.96700000763
294 5.95800018311
295 5.92500019073
296 5.92199993134
297 5.90100002289
298 5.89099979401
299 5.875
300 5.86100006104
301 5.86299991608
302 5.84600019455
303 5.8220000267
304 5.80999994278
305 5.78299999237
306 5.77899980545
307 5.76800012589
308 5.74900007248
309 5.72300004959
310 5.69799995422
311 5.67299985886
312 5.64699983597
313 5.63800001144
314 5.59499979019
315 5.59100008011
316 5.56199979782
317 5.53900003433
318 5.53100013733
319 5.3220000267
320 5.10300016403
321 5.45100021362
322 5.45200014114
323 5.42500019073
324 5.41300010681
325 5.38500022888
326 5.35799980164
327 5.34299993515
328 5.30700016022
329 4.35799980164
330 4.04699993134
331 4.11800003052
332 5.03299999237
333 5.16900014877
334 5.15000009537
335 5.11000013351
336 5.09800004959
337 5.07000017166
338 5.04699993134
339 5.02299976349
340 4.95300006866
341 4.82299995422
342 4.95800018311
343 4.93300008774
344 4.91400003433
345 4.86000013351
346 4.82499980927
347 4.70699977875
348 4.55900001526
349 4.72599983215
350 4.70699977875
351 4.6859998703
352 4.65399980545
353 4.617000103
354 4.58300018311
355 4.57000017166
356 4.29400014877
357 4.36000013351
358 4.48299980164
359 4.47499990463
360 4.4439997673
361 4.42299985886
362 4.39400005341
363 4.33699989319
364 4.29699993134
365 4.27699995041
366 4.24700021744
367 4.20599985123
368 4.17700004578
369 4.15199995041
370 4.09800004959
371 4.08799982071
372 4.03900003433
373 4.00600004196
374 3.99499988556
375 3.97099995613
376 3.92499995232
377 3.91599988937
378 3.87800002098
379 3.83699989319
380 3.83100008965
381 3.71300005913
382 3.62800002098
383 3.58599996567
384 3.56599998474
385 3.53299999237
386 3.48799991608
387 3.47499990463
388 3.43499994278
389 3.38499999046
390 3.36500000954
391 3.34599995613
392 3.3069999218
393 3.28500008583
394 3.26699995995
395 3.26900005341
396 3.30200004578
397 3.32100009918
398 3.35100007057
399 3.40700006485
400 3.44400000572
401 3.48200011253
402 3.50600004196
403 3.56599998474
404 3.59599995613
405 3.63800001144
406 3.68300008774
407 3.72900009155
408 3.74399995804
409 3.78699994087
410 3.82299995422
411 3.87700009346
412 3.93499994278
413 3.9960000515
414 4.04500007629
415 4.13199996948
416 4.18400001526
417 4.25099992752
418 4.31799983978
419 4.36899995804
420 4.44999980927
421 4.51399993896
422 4.59899997711
423 4.66900014877
424 4.72200012207
425 4.81500005722
426 4.92299985886
427 5.02799987793
428 5.09800004959
429 5.21199989319
430 5.30999994278
431 5.40899991989
432 5.52699995041
433 5.66099977493
434 5.75
435 5.88899993896
436 6.00199985504
437 6.16800022125
438 6.31799983978
439 6.47399997711
440 6.49900007248
441 6.60699987411
442 6.44600009918
443 3.09500002861
444 3.04399991035
445 3.03800010681
446 3.04099988937
447 3.01099991798
448 3.01699995995
449 2.9960000515
450 3.01399993896
451 2.992000103
452 2.98399996758
453 2.97399997711
454 2.98799991608
455 2.97499990463
456 2.96099996567
457 2.96799993515
458 2.97099995613
459 2.95600008965
460 2.94899988174
461 2.95499992371
462 2.93700003624
463 2.93400001526
464 2.92899990082
465 2.94499993324
466 2.94099998474
467 2.94099998474
468 2.92199993134
469 2.90100002289
470 2.66199994087
471 2.65000009537
472 2.63899993896
473 2.66300010681
474 0.943000018597
475 0.713999986649
476 0.727999985218
477 0.935000002384
478 2.66300010681
479 2.63599991798
480 1.3370000124
481 1.17700004578
482 1.06599998474
483 1.05599999428
484 1.06700003147
485 1.05400002003
486 1.06299996376
487 1.03699994087
488 1.06500005722
489 1.10000002384
490 1.12399995327
491 1.13600003719
492 1.16900002956
493 1.16999995708
494 1.17299997807
495 1.16400003433
496 1.17200005054
497 1.17999994755
498 1.20200002193
499 1.21300005913
500 1.30599999428
501 1.41999995708
502 2.97699999809
503 2.97900009155
504 2.98600006104
505 3.00500011444
506 3.0
507 3.02800011635
508 3.03600001335
509 3.02099990845
510 3.03699994087
511 3.04500007629
512 3.05999994278
513 3.06699991226
514 1.29400002956
515 1.39600002766
516 1.2990000248
517 1.24800002575
518 1.23399996758
519 1.22300004959
520 1.22200000286
521 1.22000002861
522 1.20599997044
523 1.19200003147
524 1.00699996948
525 0.908999979496
526 0.934000015259
527 1.16199994087
528 1.14600002766
529 1.11000001431
530 1.12399995327
531 1.11199998856
532 1.12199997902
533 1.12800002098
534 1.14199995995
535 1.14300000668
536 1.17499995232
537 2.92499995232
538 0.0
539 0.0
540 0.0
