0 4.52099990845
1 4.42600011826
2 4.4439997673
3 4.45200014114
4 4.54099988937
5 4.65100002289
6 4.66099977493
7 4.71799993515
8 4.72300004959
9 4.757999897
10 4.79500007629
11 4.82100009918
12 4.8639998436
13 4.88700008392
14 4.9279999733
15 4.92399978638
16 4.82800006866
17 4.84299993515
18 4.867000103
19 4.96500015259
20 5.14099979401
21 5.18300008774
22 5.23000001907
23 5.2610001564
24 5.30999994278
25 5.35300016403
26 5.40600013733
27 5.44000005722
28 5.50099992752
29 5.5529999733
30 5.58099985123
31 5.63800001144
32 5.64799976349
33 0.0
34 17.1240005493
35 17.1439990997
36 17.1380004883
37 0.0
38 0.0
39 0.0
40 17.2380008698
41 17.1749992371
42 17.0699996948
43 16.9950008392
44 16.5090007782
45 16.5480003357
46 16.5170001984
47 13.1479997635
48 13.0690002441
49 12.3210000992
50 11.9409999847
51 11.5780000687
52 11.6009998322
53 11.623000145
54 11.6199998856
55 11.3389997482
56 10.9849996567
57 10.4549999237
58 10.1129999161
59 8.34399986267
60 8.34099960327
61 8.20499992371
62 7.91800022125
63 7.64400005341
64 7.45100021362
65 7.24700021744
66 7.06500005722
67 6.89799976349
68 6.77400016785
69 6.77600002289
70 6.79899978638
71 6.81300020218
72 6.83900022507
73 6.87300014496
74 6.78499984741
75 6.63100004196
76 6.51000022888
77 6.38899993896
78 6.2610001564
79 6.14799976349
80 5.23099994659
81 4.96299982071
82 4.85099983215
83 4.75500011444
84 4.67700004578
85 4.59499979019
86 4.54600000381
87 4.48400020599
88 4.40399980545
89 4.34200000763
90 4.26000022888
91 4.19600009918
92 4.14400005341
93 4.09499979019
94 4.03100013733
95 3.97600007057
96 3.94000005722
97 3.88100004196
98 3.85199999809
99 3.78699994087
100 3.75
101 3.79299998283
102 3.81299996376
103 3.86599993706
104 3.88000011444
105 3.90599989891
106 3.9509999752
107 3.96499991417
108 3.92499995232
109 3.87700009346
110 3.84699988365
111 3.80200004578
112 3.76300001144
113 3.73799991608
114 3.69199991226
115 3.64299988747
116 3.62800002098
117 3.60100007057
118 3.55900001526
119 3.52600002289
120 3.50200009346
121 3.46499991417
122 3.44000005722
123 3.4240000248
124 3.39700007439
125 3.37400007248
126 3.4240000248
127 3.44899988174
128 3.48200011253
129 3.50900006294
130 3.55800008774
131 3.61400008202
132 3.65700006485
133 4.02600002289
134 4.0529999733
135 4.09700012207
136 4.09299993515
137 4.16499996185
138 4.16900014877
139 4.20399999619
140 4.25600004196
141 4.28599977493
142 4.32399988174
143 4.34600019455
144 4.38999986649
145 4.41599988937
146 4.46600008011
147 4.47800016403
148 4.51499986649
149 4.53499984741
150 4.55000019073
151 4.20300006866
152 4.28100013733
153 4.47399997711
154 3.27699995041
155 3.42499995232
156 4.70100021362
157 4.58900022507
158 4.56300020218
159 4.80700016022
160 4.8220000267
161 4.86199998856
162 4.8860001564
163 4.92700004578
164 4.94899988174
165 4.99300003052
166 5.01999998093
167 5.02500009537
168 3.125
169 3.21700000763
170 3.36299991608
171 4.11999988556
172 4.90799999237
173 4.87200021744
174 4.84999990463
175 4.84200000763
176 4.81799983978
177 4.82899999619
178 4.8140001297
179 4.83599996567
180 4.86000013351
181 4.88700008392
182 4.82299995422
183 5.32700014114
184 5.46000003815
185 5.48400020599
186 5.49599981308
187 5.51399993896
188 4.57999992371
189 4.57600021362
190 5.55399990082
191 5.58900022507
192 3.63000011444
193 3.52200007439
194 4.08300018311
195 4.0560002327
196 5.68200016022
197 5.70599985123
198 5.73099994659
199 5.75400018692
200 5.77299976349
201 5.8109998703
202 5.82700014114
203 5.81699991226
204 5.85699987411
205 5.84700012207
206 5.86999988556
207 5.86299991608
208 5.89300012589
209 5.88700008392
210 5.91200017929
211 5.94199991226
212 5.93200016022
213 5.96000003815
214 5.97800016403
215 5.98600006104
216 6.00199985504
217 6.03100013733
218 6.05499982834
219 6.05200004578
220 6.06500005722
221 6.06599998474
222 6.07800006866
223 6.08500003815
224 6.08400011063
225 6.10599994659
226 6.11999988556
227 6.13100004196
228 6.12099981308
229 6.14900016785
230 6.16499996185
231 6.16900014877
232 6.16699981689
233 6.16800022125
234 6.20599985123
235 6.20800018311
236 6.22499990463
237 6.24499988556
238 6.20900011063
239 6.21500015259
240 6.21899986267
241 6.2389998436
242 6.21299982071
243 6.22499990463
244 2.0720000267
245 2.0529999733
246 2.02999997139
247 2.03299999237
248 2.01399993896
249 2.0039999485
250 2.00099992752
251 1.99699997902
252 2.00999999046
253 2.01300001144
254 2.01900005341
255 2.00999999046
256 2.01399993896
257 1.99500000477
258 1.98599994183
259 1.21399998665
260 0.931999981403
261 0.871999979019
262 0.888999998569
263 0.98299998045
264 6.22800016403
265 6.21999979019
266 2.39800000191
267 2.40199995041
268 2.39100003242
269 2.34100008011
270 2.26999998093
271 2.20399999619
272 2.20900011063
273 2.16100001335
274 2.17000007629
275 2.13100004196
276 2.1289999485
277 2.15100002289
278 2.14499998093
279 2.14199995995
280 2.14899992943
281 2.17700004578
282 2.19799995422
283 2.21399998665
284 2.32800006866
285 2.39599990845
286 2.40599989891
287 2.41300010681
288 6.06199979782
289 6.05700016022
290 6.04500007629
291 6.00400018692
292 6.00099992752
293 5.95399999619
294 5.94000005722
295 5.93699979782
296 5.92999982834
297 5.89499998093
298 5.89200019836
299 5.86000013351
300 5.86800003052
301 5.86000013351
302 5.82100009918
303 5.80200004578
304 5.80399990082
305 5.8060002327
306 5.78700017929
307 5.76999998093
308 5.73600006104
309 5.71400022507
310 5.69500017166
311 5.66699981689
312 5.64599990845
313 5.60699987411
314 5.60699987411
315 5.57899999619
316 5.57000017166
317 5.53800010681
318 5.51599979401
319 5.33099985123
320 5.10300016403
321 5.43800020218
322 5.44199991226
323 5.43200016022
324 5.41900014877
325 5.382999897
326 5.36499977112
327 5.32499980927
328 5.29699993134
329 4.36199998856
330 4.04400014877
331 4.09600019455
332 5.00699996948
333 5.16699981689
334 5.1360001564
335 5.117000103
336 5.08400011063
337 5.0689997673
338 5.03999996185
339 5.02400016785
340 4.9390001297
341 4.80999994278
342 4.95100021362
343 4.92700004578
344 4.89900016785
345 4.87699985504
346 4.83699989319
347 4.70399999619
348 4.55200004578
349 4.73400020599
350 4.70200014114
351 4.66800022125
352 4.64599990845
353 4.62099981308
354 4.58699989319
355 4.56300020218
356 4.32299995422
357 4.37699985504
358 4.48400020599
359 4.44600009918
360 4.41499996185
361 4.42000007629
362 4.36299991608
363 4.32899999619
364 4.31699991226
365 4.28599977493
366 4.25400018692
367 4.21799993515
368 4.17700004578
369 4.11899995804
370 4.11100006104
371 4.07399988174
372 4.05200004578
373 4.01800012589
374 3.98399996758
375 3.94099998474
376 3.91300010681
377 3.89700007439
378 3.86400008202
379 3.82999992371
380 3.81299996376
381 3.71000003815
382 3.63899993896
383 3.59400010109
384 3.54999995232
385 3.53099989891
386 3.49799990654
387 3.45900011063
388 3.41400003433
389 3.40199995041
390 3.35800004005
391 3.34200000763
392 3.31299996376
393 3.27800011635
394 3.2460000515
395 3.257999897
396 3.2990000248
397 3.34200000763
398 3.35700011253
399 3.40000009537
400 3.43400001526
401 3.48000001907
402 3.50999999046
403 3.55999994278
404 3.59200000763
405 3.64499998093
406 3.67000007629
407 3.72699999809
408 3.75200009346
409 3.78500008583
410 3.84100008011
411 3.875
412 3.93099999428
413 3.97399997711
414 4.05200004578
415 4.11600017548
416 4.17700004578
417 4.24800014496
418 4.30999994278
419 4.38199996948
420 4.44299983978
421 4.50899982452
422 4.58300018311
423 4.66200017929
424 4.73000001907
425 4.80900001526
426 4.90500020981
427 5.01300001144
428 5.10200023651
429 5.20300006866
430 5.31599998474
431 5.41200017929
432 5.51200008392
433 5.62099981308
434 5.7610001564
435 5.89799976349
436 6.01300001144
437 6.15999984741
438 6.29099988937
439 6.47599983215
440 6.50199985504
441 6.60900020599
442 6.43499994278
443 3.08800005913
444 3.03800010681
445 3.03200006485
446 3.01799988747
447 3.01099991798
448 3.00500011444
449 3.02399992943
450 3.01200008392
451 2.9960000515
452 2.98300004005
453 2.99000000954
454 2.96799993515
455 2.96700000763
456 2.96799993515
457 2.97399997711
458 2.94199991226
459 2.93799996376
460 2.95000004768
461 2.93300008774
462 2.93799996376
463 2.92300009727
464 2.92499995232
465 2.93899989128
466 2.92300009727
467 2.91499996185
468 2.92100000381
469 2.90499997139
470 2.68000006676
471 2.63700008392
472 2.64100003242
473 2.64800000191
474 0.944000005722
475 0.708999991417
476 0.690999984741
477 0.929000020027
478 2.66400003433
479 2.64199995995
480 1.33899998665
481 1.17999994755
482 1.07400000095
483 1.06200003624
484 1.04400002956
485 1.05700004101
486 1.04700005054
487 1.05200004578
488 1.0490000248
489 1.08399999142
490 1.11600005627
491 1.14900004864
492 1.15799999237
493 1.15499997139
494 1.16499996185
495 1.17200005054
496 1.18299996853
497 1.16700005531
498 1.20500004292
499 1.21700000763
500 1.2990000248
501 1.44000005722
502 2.97699999809
503 2.97099995613
504 2.97499990463
505 3.01099991798
506 3.007999897
507 3.00200009346
508 3.02500009537
509 3.03999996185
510 3.03500008583
511 3.03600001335
512 3.04500007629
513 3.04999995232
514 1.2879999876
515 1.38100004196
516 1.30099999905
517 1.23000001907
518 1.21500003338
519 1.21399998665
520 1.21000003815
521 1.21000003815
522 1.20399999619
523 1.19900000095
524 0.98400002718
525 0.907999992371
526 0.919000029564
527 1.13699996471
528 1.13699996471
529 1.11800003052
530 1.11000001431
531 1.11199998856
532 1.09300005436
533 1.10300004482
534 1.13100004196
535 1.14300000668
536 1.16499996185
537 2.92000007629
538 0.0
539 0.0
540 0.0
