0 4.50299978256
1 4.43400001526
2 4.44199991226
3 4.45800018311
4 4.54099988937
5 4.65000009537
6 4.65199995041
7 4.70100021362
8 4.73199987411
9 4.75500011444
10 4.79799985886
11 4.82700014114
12 4.86800003052
13 4.88800001144
14 4.93200016022
15 4.92299985886
16 4.83900022507
17 4.84100008011
18 4.88700008392
19 4.97200012207
20 5.14499998093
21 5.18300008774
22 5.21400022507
23 5.27099990845
24 5.30499982834
25 5.34800004959
26 5.39900016785
27 5.45599985123
28 5.50199985504
29 5.55100011826
30 5.59999990463
31 5.63800001144
32 5.6779999733
33 0.0
34 17.1560001373
35 17.1399993896
36 17.1520004272
37 0.0
38 0.0
39 0.0
40 17.2350006104
41 17.1590003967
42 17.0739994049
43 17.0069999695
44 16.513999939
45 16.5289993286
46 16.5090007782
47 13.1520004272
48 13.0769996643
49 12.3179998398
50 11.9619998932
51 11.5719995499
52 11.6029996872
53 11.6160001755
54 11.6260004044
55 11.3330001831
56 10.9770002365
57 10.4720001221
58 10.1120004654
59 8.32900047302
60 8.34300041199
61 8.18700027466
62 7.91699981689
63 7.61999988556
64 7.44600009918
65 7.22599983215
66 7.0560002327
67 6.89499998093
68 6.79300022125
69 6.77299976349
70 6.8060002327
71 6.8140001297
72 6.84800004959
73 6.86899995804
74 6.78299999237
75 6.64499998093
76 6.5110001564
77 6.38399982452
78 6.26399993896
79 6.15100002289
80 5.22200012207
81 4.96400022507
82 4.84800004959
83 4.78100013733
84 4.65700006485
85 4.59499979019
86 4.54400014877
87 4.47499990463
88 4.40899991989
89 4.34299993515
90 4.28000020981
91 4.20100021362
92 4.15000009537
93 4.10400009155
94 4.05100011826
95 3.97300004959
96 3.92199993134
97 3.89199995995
98 3.82999992371
99 3.79099988937
100 3.7539999485
101 3.78399991989
102 3.83500003815
103 3.84200000763
104 3.88000011444
105 3.89800000191
106 3.95199990273
107 3.9470000267
108 3.90300011635
109 3.875
110 3.82399988174
111 3.81399989128
112 3.77200007439
113 3.73300004005
114 3.70300006866
115 3.65700006485
116 3.62299990654
117 3.58999991417
118 3.55999994278
119 3.53200006485
120 3.50200009346
121 3.47099995613
122 3.44400000572
123 3.39700007439
124 3.40799999237
125 3.38400006294
126 3.4240000248
127 3.45499992371
128 3.48900008202
129 3.50699996948
130 3.56900000572
131 3.60100007057
132 3.66799998283
133 4.03000020981
134 4.06500005722
135 4.08199977875
136 4.10400009155
137 4.12799978256
138 4.19099998474
139 4.20599985123
140 4.25899982452
141 4.28800010681
142 4.32499980927
143 4.34899997711
144 4.382999897
145 4.41800022125
146 4.45200014114
147 4.47900009155
148 4.51399993896
149 4.51499986649
150 4.55200004578
151 4.20599985123
152 4.28299999237
153 4.53000020981
154 3.27800011635
155 3.4240000248
156 4.71500015259
157 4.60400009155
158 4.5689997673
159 4.79600000381
160 4.82899999619
161 4.86299991608
162 4.8860001564
163 4.92700004578
164 4.96400022507
165 5.0
166 5.02400016785
167 5.03999996185
168 3.14899992943
169 3.21099996567
170 3.36500000954
171 4.10200023651
172 4.91300010681
173 4.88399982452
174 4.84999990463
175 4.84000015259
176 4.80900001526
177 4.82100009918
178 4.82899999619
179 4.85099983215
180 4.86199998856
181 4.89499998093
182 4.8220000267
183 5.31300020218
184 5.45800018311
185 5.48000001907
186 5.50199985504
187 5.51700019836
188 4.61299991608
189 4.5689997673
190 5.56699991226
191 5.57299995422
192 3.65300011635
193 3.507999897
194 4.07299995422
195 4.03800010681
196 5.69899988174
197 5.70599985123
198 5.73000001907
199 5.75400018692
200 5.78100013733
201 5.79300022125
202 5.8220000267
203 5.84499979019
204 5.85799980164
205 5.8639998436
206 5.85799980164
207 5.88700008392
208 5.88500022888
209 5.91800022125
210 5.91300010681
211 5.94299983978
212 5.94799995422
213 5.96600008011
214 5.98999977112
215 5.99100017548
216 6.01999998093
217 6.01399993896
218 6.05900001526
219 6.06599998474
220 6.07299995422
221 6.08900022507
222 6.09399986267
223 6.08500003815
224 6.10599994659
225 6.11299991608
226 6.12699985504
227 6.12300014496
228 6.14799976349
229 6.14499998093
230 6.13800001144
231 6.16599988937
232 6.18200016022
233 6.1779999733
234 6.18200016022
235 6.21199989319
236 6.22700023651
237 6.22200012207
238 6.24599981308
239 6.21400022507
240 6.23500013351
241 6.24399995804
242 6.21899986267
243 6.21899986267
244 2.08400011063
245 2.05100011826
246 2.04999995232
247 2.03900003433
248 2.02500009537
249 2.007999897
250 2.01999998093
251 2.02800011635
252 2.00200009346
253 1.99199998379
254 1.99800002575
255 2.01900005341
256 2.01699995995
257 2.01200008392
258 2.00300002098
259 1.20599997044
260 0.929000020027
261 0.874000012875
262 0.894999980927
263 0.986000001431
264 6.23600006104
265 6.23600006104
266 2.40899991989
267 2.40000009537
268 2.37400007248
269 2.34100008011
270 2.2650001049
271 2.19600009918
272 2.18400001526
273 2.1740000248
274 2.13899993896
275 2.1400001049
276 2.15799999237
277 2.14499998093
278 2.14199995995
279 2.13499999046
280 2.16799998283
281 2.18799996376
282 2.1779999733
283 2.21700000763
284 2.34800004959
285 2.39599990845
286 2.38800001144
287 2.42300009727
288 6.04600000381
289 6.06199979782
290 6.03499984741
291 6.01399993896
292 6.00400018692
293 5.98500013351
294 5.95599985123
295 5.93699979782
296 5.90600013733
297 5.89400005341
298 5.88800001144
299 5.875
300 5.84899997711
301 5.83199977875
302 5.84499979019
303 5.8140001297
304 5.80200004578
305 5.78299999237
306 5.78499984741
307 5.77299976349
308 5.73699998856
309 5.72499990463
310 5.67199993134
311 5.67399978638
312 5.64099979401
313 5.60699987411
314 5.60300016403
315 5.5720000267
316 5.54500007629
317 5.53999996185
318 5.51499986649
319 5.31500005722
320 5.09499979019
321 5.4470000267
322 5.4390001297
323 5.43400001526
324 5.40899991989
325 5.37900018692
326 5.35799980164
327 5.33300018311
328 5.30100011826
329 4.367000103
330 4.04300022125
331 4.13800001144
332 5.02199983597
333 5.17700004578
334 5.132999897
335 5.10500001907
336 5.08900022507
337 5.06599998474
338 5.03000020981
339 5.01700019836
340 4.94600009918
341 4.80800008774
342 4.94999980927
343 4.93400001526
344 4.90000009537
345 4.87400007248
346 4.8220000267
347 4.70699977875
348 4.55499982834
349 4.73000001907
350 4.71099996567
351 4.6779999733
352 4.65600013733
353 4.62200021744
354 4.59000015259
355 4.54400014877
356 4.28900003433
357 4.37900018692
358 4.48299980164
359 4.46299982071
360 4.4439997673
361 4.42600011826
362 4.39699983597
363 4.36299991608
364 4.29099988937
365 4.29199981689
366 4.25400018692
367 4.21899986267
368 4.17399978638
369 4.13399982452
370 4.11800003052
371 4.0689997673
372 4.04400014877
373 4.007999897
374 3.96700000763
375 3.94499993324
376 3.93499994278
377 3.90499997139
378 3.86999988556
379 3.85199999809
380 3.82899999619
381 3.71700000763
382 3.63599991798
383 3.59400010109
384 3.56299996376
385 3.51399993896
386 3.48300004005
387 3.45700001717
388 3.43400001526
389 3.39899992943
390 3.37299990654
391 3.32399988174
392 3.31200003624
393 3.28200006485
394 3.257999897
395 3.27200007439
396 3.27800011635
397 3.33699989319
398 3.36800003052
399 3.39700007439
400 3.44199991226
401 3.47199988365
402 3.50099992752
403 3.54099988937
404 3.60400009155
405 3.63899993896
406 3.68099999428
407 3.71000003815
408 3.73300004005
409 3.78099989891
410 3.81299996376
411 3.8789999485
412 3.94400000572
413 3.98900008202
414 4.06599998474
415 4.117000103
416 4.17500019073
417 4.25400018692
418 4.28399991989
419 4.36800003052
420 4.44299983978
421 4.51999998093
422 4.59899997711
423 4.65999984741
424 4.72599983215
425 4.80499982834
426 4.90000009537
427 5.00899982452
428 5.10200023651
429 5.21000003815
430 5.30700016022
431 5.42100000381
432 5.52699995041
433 5.65999984741
434 5.7610001564
435 5.87799978256
436 6.03100013733
437 6.16499996185
438 6.31500005722
439 6.47800016403
440 6.49599981308
441 6.59499979019
442 6.45699977875
443 3.08400011063
444 3.04299998283
445 3.04600000381
446 3.04200005531
447 3.00999999046
448 3.01399993896
449 3.00200009346
450 2.98799991608
451 2.99499988556
452 2.99300003052
453 2.97600007057
454 2.97099995613
455 2.97099995613
456 2.96199989319
457 2.96499991417
458 2.9470000267
459 2.95000004768
460 2.95700001717
461 2.9430000782
462 2.93899989128
463 2.94899988174
464 2.93099999428
465 2.94000005722
466 2.92600011826
467 2.92300009727
468 2.91700005531
469 2.90300011635
470 2.65499997139
471 2.65400004387
472 2.65199995041
473 2.64599990845
474 0.935000002384
475 0.702000021935
476 0.700999975204
477 0.921000003815
478 2.66100001335
479 2.63599991798
480 1.35399997234
481 1.17499995232
482 1.06200003624
483 1.06799995899
484 1.05400002003
485 1.04400002956
486 1.05999994278
487 1.04299998283
488 1.0720000267
489 1.08200001717
490 1.13900005817
491 1.12999999523
492 1.14699995518
493 1.15400004387
494 1.16400003433
495 1.14300000668
496 1.1590000391
497 1.19799995422
498 1.19799995422
499 1.22000002861
500 1.31700003147
501 1.41999995708
502 2.98200011253
503 3.0
504 3.00099992752
505 2.992000103
506 2.99499988556
507 3.01999998093
508 3.02999997139
509 3.03200006485
510 3.02900004387
511 3.03800010681
512 3.05200004578
513 3.0759999752
514 1.29299998283
515 1.38999998569
516 1.30799996853
517 1.21800005436
518 1.22099995613
519 1.20200002193
520 1.22599995136
521 1.22000002861
522 1.20500004292
523 1.19099998474
524 0.987999975681
525 0.913999974728
526 0.916999995708
527 1.15499997139
528 1.12399995327
529 1.12300002575
530 1.09700000286
531 1.11500000954
532 1.10800004005
533 1.10800004005
534 1.13499999046
535 1.15699994564
536 1.17200005054
537 2.92100000381
538 0.0
539 0.0
540 0.0
