0 4.52099990845
1 4.42100000381
2 4.44199991226
3 4.46400022507
4 4.52400016785
5 4.64699983597
6 4.68300008774
7 4.70399999619
8 4.73099994659
9 4.76000022888
10 4.78200006485
11 4.81799983978
12 4.85900020599
13 4.90299987793
14 4.92600011826
15 4.93499994278
16 4.84600019455
17 4.84399986267
18 4.88399982452
19 4.96199989319
20 5.13800001144
21 5.19799995422
22 5.22800016403
23 5.26999998093
24 5.30999994278
25 5.36000013351
26 5.40899991989
27 5.45300006866
28 5.48999977112
29 5.54500007629
30 5.59299993515
31 5.64400005341
32 5.68200016022
33 0.0
34 17.1539993286
35 17.1509990692
36 17.1499996185
37 0.0
38 0.0
39 0.0
40 17.2350006104
41 17.1660003662
42 17.0540008545
43 16.9880008698
44 16.5219993591
45 16.533000946
46 16.5170001984
47 13.1730003357
48 13.0690002441
49 12.3380002975
50 11.9090003967
51 11.5860004425
52 11.6040000916
53 11.6300001144
54 11.6260004044
55 11.3409996033
56 10.9779996872
57 10.4610004425
58 10.1040000916
59 8.35599994659
60 8.32900047302
61 8.21199989319
62 7.91699981689
63 7.64599990845
64 7.4359998703
65 7.24300003052
66 7.06799983978
67 6.90100002289
68 6.79199981689
69 6.77899980545
70 6.80900001526
71 6.83599996567
72 6.85599994659
73 6.87699985504
74 6.78700017929
75 6.6360001564
76 6.51000022888
77 6.38000011444
78 6.26399993896
79 6.14599990845
80 5.23000001907
81 4.96500015259
82 4.85900020599
83 4.76700019836
84 4.69099998474
85 4.60900020599
86 4.53399991989
87 4.47399997711
88 4.41300010681
89 4.31199979782
90 4.28200006485
91 4.22599983215
92 4.15999984741
93 4.08500003815
94 4.04099988937
95 3.98699998856
96 3.9319999218
97 3.89800000191
98 3.82899999619
99 3.80100011826
100 3.77800011635
101 3.80999994278
102 3.82399988174
103 3.83100008965
104 3.87299990654
105 3.90700006485
106 3.93600010872
107 3.96499991417
108 3.91300010681
109 3.89299988747
110 3.84299993515
111 3.81900000572
112 3.76999998093
113 3.71900010109
114 3.68600010872
115 3.66700005531
116 3.63700008392
117 3.58699989319
118 3.56500005722
119 3.53200006485
120 3.50500011444
121 3.46799993515
122 3.45000004768
123 3.40100002289
124 3.41000008583
125 3.39100003242
126 3.42600011826
127 3.46000003815
128 3.49099993706
129 3.50999999046
130 3.5569999218
131 3.60700011253
132 3.64899992943
133 4.02799987793
134 4.0640001297
135 4.09999990463
136 4.1139998436
137 4.13500022888
138 4.16300010681
139 4.20499992371
140 4.24399995804
141 4.2610001564
142 4.32100009918
143 4.32499980927
144 4.38399982452
145 4.40399980545
146 4.44000005722
147 4.46899986267
148 4.51499986649
149 4.52699995041
150 4.54799985886
151 4.20599985123
152 4.30999994278
153 4.51700019836
154 3.2650001049
155 3.42499995232
156 4.70100021362
157 4.59499979019
158 4.55499982834
159 4.79600000381
160 4.82899999619
161 4.85099983215
162 4.89799976349
163 4.92199993134
164 4.96000003815
165 5.0
166 5.02500009537
167 5.02500009537
168 3.14100003242
169 3.23000001907
170 3.35599994659
171 4.11499977112
172 4.92000007629
173 4.88100004196
174 4.86100006104
175 4.83799982071
176 4.81199979782
177 4.82999992371
178 4.83199977875
179 4.85799980164
180 4.87099981308
181 4.91099977493
182 4.81500005722
183 5.30800008774
184 5.46000003815
185 5.46799993515
186 5.49900007248
187 5.51800012589
188 4.58799982071
189 4.56799983978
190 5.54799985886
191 5.59299993515
192 3.64299988747
193 3.52999997139
194 4.06199979782
195 4.0529999733
196 5.69199991226
197 5.72100019455
198 5.72800016403
199 5.75099992752
200 5.78200006485
201 5.81500005722
202 5.81799983978
203 5.84000015259
204 5.85200023651
205 5.85599994659
206 5.86499977112
207 5.89499998093
208 5.89300012589
209 5.89599990845
210 5.90999984741
211 5.93499994278
212 5.94899988174
213 5.96799993515
214 5.97800016403
215 6.007999897
216 6.007999897
217 6.01900005341
218 6.03599977493
219 6.08099985123
220 6.08099985123
221 6.08199977875
222 6.09700012207
223 6.10200023651
224 6.10300016403
225 6.09700012207
226 6.12099981308
227 6.11899995804
228 6.13500022888
229 6.14300012589
230 6.13700008392
231 6.17500019073
232 6.15999984741
233 6.18699979782
234 6.1810002327
235 6.20100021362
236 6.21899986267
237 6.22100019455
238 6.22300004959
239 6.21899986267
240 6.22200012207
241 6.23199987411
242 6.22700023651
243 6.22200012207
244 2.07800006866
245 2.04699993134
246 2.04099988937
247 2.04500007629
248 2.00999999046
249 2.02500009537
250 2.02900004387
251 2.01600003242
252 2.007999897
253 2.01099991798
254 2.01999998093
255 2.00900006294
256 2.01900005341
257 2.01600003242
258 2.00900006294
259 1.22599995136
260 0.931999981403
261 0.865999996662
262 0.882000029087
263 0.976999998093
264 6.23199987411
265 6.23600006104
266 2.40599989891
267 2.39800000191
268 2.36800003052
269 2.33100008965
270 2.24900007248
271 2.18300008774
272 2.18400001526
273 2.17700004578
274 2.1779999733
275 2.15499997139
276 2.14299988747
277 2.1400001049
278 2.14299988747
279 2.132999897
280 2.1779999733
281 2.18000006676
282 2.21499991417
283 2.24900007248
284 2.34699988365
285 2.40199995041
286 2.41599988937
287 2.4279999733
288 6.06199979782
289 6.05399990082
290 6.02799987793
291 6.02299976349
292 6.01000022888
293 5.97800016403
294 5.95599985123
295 5.9359998703
296 5.92600011826
297 5.89799976349
298 5.90199995041
299 5.87099981308
300 5.86600017548
301 5.85400009155
302 5.82100009918
303 5.80399990082
304 5.8140001297
305 5.78000020981
306 5.76599979401
307 5.76200008392
308 5.75199985504
309 5.71999979019
310 5.67700004578
311 5.65500020981
312 5.64099979401
313 5.62200021744
314 5.60799980164
315 5.56500005722
316 5.55900001526
317 5.54799985886
318 5.53100013733
319 5.32100009918
320 5.09399986267
321 5.45599985123
322 5.45300006866
323 5.4279999733
324 5.40000009537
325 5.38899993896
326 5.36000013351
327 5.33599996567
328 5.29099988937
329 4.36299991608
330 4.05100011826
331 4.10900020599
332 5.01499986649
333 5.15600013733
334 5.13899993896
335 5.117000103
336 5.09700012207
337 5.0720000267
338 5.03800010681
339 5.02299976349
340 4.94999980927
341 4.82299995422
342 4.95800018311
343 4.92700004578
344 4.90000009537
345 4.85599994659
346 4.82399988174
347 4.70499992371
348 4.55800008774
349 4.73699998856
350 4.71199989319
351 4.68699979782
352 4.65000009537
353 4.61600017548
354 4.57800006866
355 4.55800008774
356 4.31300020218
357 4.36100006104
358 4.48400020599
359 4.46999979019
360 4.4470000267
361 4.42299985886
362 4.40100002289
363 4.35099983215
364 4.30700016022
365 4.28299999237
366 4.23999977112
367 4.19000005722
368 4.17999982834
369 4.12400007248
370 4.08900022507
371 4.0640001297
372 4.04799985886
373 3.99499988556
374 3.99000000954
375 3.95900011063
376 3.93600010872
377 3.90400004387
378 3.88000011444
379 3.84500002861
380 3.82100009918
381 3.71000003815
382 3.63400006294
383 3.60599994659
384 3.54999995232
385 3.52399992943
386 3.50300002098
387 3.46300005913
388 3.41199994087
389 3.39599990845
390 3.37299990654
391 3.33100008965
392 3.29399991035
393 3.27800011635
394 3.26099991798
395 3.27099990845
396 3.30500006676
397 3.3220000267
398 3.35500001907
399 3.40100002289
400 3.42199993134
401 3.47300004959
402 3.50900006294
403 3.56200003624
404 3.58500003815
405 3.63899993896
406 3.67100000381
407 3.72600007057
408 3.72399997711
409 3.79299998283
410 3.83699989319
411 3.88199996948
412 3.9430000782
413 4.00600004196
414 4.06199979782
415 4.10799980164
416 4.17299985886
417 4.24900007248
418 4.31500005722
419 4.35900020599
420 4.45200014114
421 4.51399993896
422 4.59800004959
423 4.64699983597
424 4.73000001907
425 4.80200004578
426 4.91300010681
427 5.01599979401
428 5.117000103
429 5.21199989319
430 5.31699991226
431 5.42899990082
432 5.52699995041
433 5.63800001144
434 5.77400016785
435 5.88500022888
436 6.01999998093
437 6.17899990082
438 6.33300018311
439 6.46899986267
440 6.492000103
441 6.61000013351
442 6.44600009918
443 3.07699990273
444 3.05200004578
445 3.02600002289
446 3.02300000191
447 3.01900005341
448 3.01900005341
449 3.0039999485
450 2.99300003052
451 3.00300002098
452 2.98200011253
453 2.97600007057
454 2.98000001907
455 2.96300005913
456 2.96000003815
457 2.95799994469
458 2.95700001717
459 2.95300006866
460 2.96000003815
461 2.9509999752
462 2.93700003624
463 2.92700004578
464 2.93499994278
465 2.9319999218
466 2.92100000381
467 2.93799996376
468 2.92000007629
469 2.91100001335
470 2.65400004387
471 2.65000009537
472 2.64100003242
473 2.64400005341
474 0.952000021935
475 0.71899998188
476 0.703999996185
477 0.925000011921
478 2.66000008583
479 2.6289999485
480 1.32099997997
481 1.17599999905
482 1.08500003815
483 1.03900003433
484 1.05999994278
485 1.05499994755
486 1.04999995232
487 1.02799999714
488 1.05900001526
489 1.06299996376
490 1.13399994373
491 1.15199995041
492 1.15699994564
493 1.14999997616
494 1.16100001335
495 1.16999995708
496 1.18400001526
497 1.17599999905
498 1.2009999752
499 1.21899998188
500 1.3220000267
501 1.47699999809
502 2.97000002861
503 2.98099994659
504 3.01300001144
505 3.01399993896
506 2.99499988556
507 3.02999997139
508 3.01600003242
509 3.03500008583
510 3.03200006485
511 3.04099988937
512 3.06500005722
513 3.06299996376
514 1.29200005531
515 1.40100002289
516 1.2990000248
517 1.24300003052
518 1.23000001907
519 1.21000003815
520 1.20799994469
521 1.1970000267
522 1.21000003815
523 1.19099998474
524 0.990999996662
525 0.902000010014
526 0.925000011921
527 1.16199994087
528 1.13999998569
529 1.11099994183
530 1.10099995136
531 1.08399999142
532 1.10599994659
533 1.12699997425
534 1.13600003719
535 1.15199995041
536 1.1629999876
537 2.93300008774
538 0.0
539 0.0
540 0.0
