0 4.49100017548
1 4.42999982834
2 4.45399999619
3 4.46299982071
4 4.53800010681
5 4.64900016785
6 4.68400001526
7 4.70900011063
8 4.74399995804
9 4.74599981308
10 4.79099988937
11 4.83599996567
12 4.85099983215
13 4.89300012589
14 4.92000007629
15 4.94199991226
16 4.83799982071
17 4.83500003815
18 4.87400007248
19 4.95399999619
20 5.132999897
21 5.19000005722
22 5.22300004959
23 5.25299978256
24 5.3109998703
25 5.35900020599
26 5.39599990845
27 5.44000005722
28 5.49700021744
29 5.55200004578
30 5.59200000763
31 5.64200019836
32 5.64200019836
33 0.0
34 17.1469993591
35 17.1299991608
36 17.1480007172
37 0.0
38 0.0
39 0.0
40 17.2380008698
41 17.1599998474
42 17.0650005341
43 16.9990005493
44 16.5370006561
45 16.5349998474
46 16.5189990997
47 13.1370000839
48 13.0810003281
49 12.3319997787
50 11.9600000381
51 11.5889997482
52 11.5869998932
53 11.6129999161
54 11.6169996262
55 11.361000061
56 11.0170001984
57 10.4759998322
58 10.095000267
59 8.32600021362
60 8.34099960327
61 8.20300006866
62 7.92100000381
63 7.64099979401
64 7.44299983978
65 7.23799991608
66 7.05999994278
67 6.88999986649
68 6.78399991989
69 6.78399991989
70 6.80900001526
71 6.81699991226
72 6.84499979019
73 6.86100006104
74 6.78499984741
75 6.62900018692
76 6.50199985504
77 6.37799978256
78 6.27199983597
79 6.15100002289
80 5.22800016403
81 4.95599985123
82 4.84800004959
83 4.7610001564
84 4.66599988937
85 4.61499977112
86 4.54500007629
87 4.47300004959
88 4.41099977493
89 4.34299993515
90 4.28000020981
91 4.20300006866
92 4.14099979401
93 4.09299993515
94 4.03499984741
95 3.97799992561
96 3.92700004578
97 3.8900001049
98 3.83800005913
99 3.79699993134
100 3.76900005341
101 3.78200006485
102 3.80900001526
103 3.83500003815
104 3.8710000515
105 3.90499997139
106 3.93300008774
107 3.94899988174
108 3.92700004578
109 3.87599992752
110 3.84899997711
111 3.80399990082
112 3.77600002289
113 3.72300004959
114 3.68799996376
115 3.65499997139
116 3.61100006104
117 3.59200000763
118 3.56200003624
119 3.52500009537
120 3.5039999485
121 3.46700000763
122 3.4319999218
123 3.41899991035
124 3.38400006294
125 3.39199995995
126 3.42199993134
127 3.4509999752
128 3.48699998856
129 3.52800011635
130 3.57100009918
131 3.60199999809
132 3.65799999237
133 4.02099990845
134 4.05200004578
135 4.09800004959
136 4.11899995804
137 4.12799978256
138 4.16200017929
139 4.20900011063
140 4.24800014496
141 4.27600002289
142 4.28999996185
143 4.34700012207
144 4.38700008392
145 4.42000007629
146 4.44600009918
147 4.48999977112
148 4.50299978256
149 4.52799987793
150 4.55100011826
151 4.20200014114
152 4.3140001297
153 4.52400016785
154 3.26099991798
155 3.40000009537
156 4.71299982071
157 4.59100008011
158 4.55000019073
159 4.79600000381
160 4.81599998474
161 4.85799980164
162 4.88399982452
163 4.92999982834
164 4.95599985123
165 4.98600006104
166 5.02299976349
167 5.04400014877
168 3.13800001144
169 3.21799993515
170 3.35700011253
171 4.10400009155
172 4.91800022125
173 4.86600017548
174 4.84600019455
175 4.83199977875
176 4.82299995422
177 4.82000017166
178 4.82700014114
179 4.84399986267
180 4.86000013351
181 4.89499998093
182 4.81599998474
183 5.32100009918
184 5.46000003815
185 5.47900009155
186 5.49599981308
187 5.51499986649
188 4.61800003052
189 4.56199979782
190 5.55399990082
191 5.58500003815
192 3.63899993896
193 3.51399993896
194 4.06500005722
195 4.02799987793
196 5.69199991226
197 5.71600008011
198 5.71999979019
199 5.75099992752
200 5.77299976349
201 5.79799985886
202 5.80499982834
203 5.8189997673
204 5.84800004959
205 5.86199998856
206 5.87599992752
207 5.88500022888
208 5.87900018692
209 5.89900016785
210 5.90799999237
211 5.92600011826
212 5.94199991226
213 5.95699977875
214 5.98400020599
215 6.00400018692
216 6.02199983597
217 6.02699995041
218 6.05399990082
219 6.0640001297
220 6.06500005722
221 6.08300018311
222 6.07600021362
223 6.09399986267
224 6.10900020599
225 6.11299991608
226 6.11000013351
227 6.11800003052
228 6.14400005341
229 6.13500022888
230 6.16300010681
231 6.16599988937
232 6.17899990082
233 6.18800020218
234 6.1890001297
235 6.20699977875
236 6.20200014114
237 6.21899986267
238 6.23299980164
239 6.22599983215
240 6.21600008011
241 6.21099996567
242 6.22200012207
243 6.21099996567
244 2.06399989128
245 2.05599999428
246 2.04299998283
247 2.01999998093
248 2.03200006485
249 2.02699995041
250 2.02200007439
251 2.01799988747
252 2.00999999046
253 1.99699997902
254 2.0
255 1.98699998856
256 2.00600004196
257 2.01099991798
258 2.00500011444
259 1.22399997711
260 0.92199999094
261 0.870999991894
262 0.873000025749
263 0.98299998045
264 6.24399995804
265 6.22100019455
266 2.40400004387
267 2.40000009537
268 2.37199997902
269 2.33500003815
270 2.23699998856
271 2.18400001526
272 2.1819999218
273 2.18899989128
274 2.15000009537
275 2.13700008392
276 2.15700006485
277 2.16300010681
278 2.13100004196
279 2.12199997902
280 2.16199994087
281 2.1819999218
282 2.19000005722
283 2.20900011063
284 2.35500001907
285 2.42199993134
286 2.42000007629
287 2.40700006485
288 6.05399990082
289 6.03299999237
290 6.03499984741
291 6.01000022888
292 5.99300003052
293 5.97900009155
294 5.94099998474
295 5.93200016022
296 5.91900014877
297 5.90399980545
298 5.89499998093
299 5.86999988556
300 5.85099983215
301 5.85099983215
302 5.84499979019
303 5.8220000267
304 5.79699993134
305 5.79199981689
306 5.78399991989
307 5.77299976349
308 5.74700021744
309 5.70200014114
310 5.6890001297
311 5.66900014877
312 5.65399980545
313 5.63500022888
314 5.59700012207
315 5.58099985123
316 5.5609998703
317 5.53599977493
318 5.51599979401
319 5.3109998703
320 5.09000015259
321 5.45800018311
322 5.43400001526
323 5.43699979782
324 5.39599990845
325 5.3860001564
326 5.36800003052
327 5.31799983978
328 5.29199981689
329 4.36100006104
330 4.06500005722
331 4.10699987411
332 5.01300001144
333 5.17000007629
334 5.14400005341
335 5.11000013351
336 5.08900022507
337 5.0720000267
338 5.04899978638
339 5.01999998093
340 4.94199991226
341 4.80399990082
342 4.95200014114
343 4.9359998703
344 4.90000009537
345 4.86499977112
346 4.84000015259
347 4.68800020218
348 4.5609998703
349 4.73799991608
350 4.6970000267
351 4.66800022125
352 4.64599990845
353 4.62200021744
354 4.57299995422
355 4.54400014877
356 4.32600021362
357 4.36199998856
358 4.47499990463
359 4.46299982071
360 4.43699979782
361 4.41400003433
362 4.375
363 4.35900020599
364 4.32399988174
365 4.28700017929
366 4.24499988556
367 4.18400001526
368 4.18300008774
369 4.14200019836
370 4.1139998436
371 4.0720000267
372 4.03900003433
373 4.00899982452
374 3.99499988556
375 3.95300006866
376 3.93600010872
377 3.88700008392
378 3.87800002098
379 3.83899998665
380 3.82899999619
381 3.72099995613
382 3.62299990654
383 3.59200000763
384 3.56500005722
385 3.52999997139
386 3.48900008202
387 3.44400000572
388 3.41499996185
389 3.39599990845
390 3.36299991608
391 3.33800005913
392 3.29399991035
393 3.27800011635
394 3.26600003242
395 3.26699995995
396 3.28699994087
397 3.33500003815
398 3.37199997902
399 3.39800000191
400 3.44400000572
401 3.46199989319
402 3.51099991798
403 3.55900001526
404 3.59999990463
405 3.64199995995
406 3.6779999733
407 3.70499992371
408 3.7349998951
409 3.78600001335
410 3.82299995422
411 3.88499999046
412 3.91300010681
413 3.98000001907
414 4.06300020218
415 4.11299991608
416 4.18499994278
417 4.24499988556
418 4.30499982834
419 4.35900020599
420 4.45200014114
421 4.52099990845
422 4.58300018311
423 4.66800022125
424 4.72800016403
425 4.82399988174
426 4.91200017929
427 5.01800012589
428 5.10400009155
429 5.20800018311
430 5.31199979782
431 5.41099977493
432 5.52899980545
433 5.63800001144
434 5.77400016785
435 5.89699983597
436 6.01800012589
437 6.16699981689
438 6.31799983978
439 6.46400022507
440 6.492000103
441 6.59899997711
442 6.46000003815
443 3.10299992561
444 3.04500007629
445 3.04699993134
446 3.04099988937
447 3.00999999046
448 3.02600002289
449 3.01300001144
450 2.99799990654
451 2.98799991608
452 3.0
453 2.97199988365
454 2.97300004959
455 2.97099995613
456 2.95900011063
457 2.95499992371
458 2.96099996567
459 2.96600008011
460 2.95300006866
461 2.9470000267
462 2.93400001526
463 2.94199991226
464 2.93099999428
465 2.94400000572
466 2.94000005722
467 2.91400003433
468 2.91499996185
469 2.91499996185
470 2.64499998093
471 2.63899993896
472 2.62199997902
473 2.64899992943
474 0.943000018597
475 0.713999986649
476 0.716000020504
477 0.927999973297
478 2.67000007629
479 2.64499998093
480 2.64700007439
481 2.62700009346
482 2.63499999046
483 2.63800001144
484 2.66000008583
485 2.64499998093
486 2.66199994087
487 2.65000009537
488 2.67100000381
489 2.68400001526
490 2.82299995422
491 2.92100000381
492 2.94799995422
493 2.95199990273
494 1.63399994373
495 1.28499996662
496 1.17900002003
497 1.17700004578
498 1.17599999905
499 1.17900002003
500 1.17700004578
501 1.14400005341
502 1.14699995518
503 1.1740000248
504 1.14800000191
505 1.19200003147
506 1.17299997807
507 1.20599997044
508 1.27199995518
509 1.40100002289
510 3.04500007629
511 3.04099988937
512 3.06100010872
513 1.23399996758
514 1.29700005054
515 1.18299996853
516 1.16700005531
517 1.14300000668
518 1.15100002289
519 1.13300001621
520 1.11500000954
521 1.11800003052
522 1.13800001144
523 1.14100003242
524 0.991999983788
525 0.908999979496
526 0.90600001812
527 1.18599998951
528 1.41799998283
529 2.98399996758
530 2.92899990082
531 2.88000011444
532 2.83599996567
533 2.76799988747
534 2.73799991608
535 2.69600009918
536 2.95300006866
537 2.93300008774
538 0.0
539 0.0
540 0.0
