0 4.49900007248
1 4.42600011826
2 4.43699979782
3 4.46000003815
4 4.52899980545
5 4.65899991989
6 4.67500019073
7 4.6939997673
8 4.73500013351
9 4.75600004196
10 4.79199981689
11 4.82899999619
12 4.85699987411
13 4.8860001564
14 4.9279999733
15 4.91300010681
16 4.83199977875
17 4.84100008011
18 4.87699985504
19 4.95699977875
20 5.14799976349
21 5.19099998474
22 5.23099994659
23 5.25299978256
24 5.3109998703
25 5.35900020599
26 5.40100002289
27 5.43699979782
28 5.49900007248
29 5.54500007629
30 5.57899999619
31 5.63500022888
32 5.66300010681
33 0.0
34 17.1509990692
35 17.1480007172
36 17.1329994202
37 0.0
38 0.0
39 0.0
40 17.2159996033
41 17.172000885
42 17.0620002747
43 16.9979991913
44 16.517999649
45 16.5240001678
46 16.5119991302
47 13.170999527
48 13.0719995499
49 12.3479995728
50 11.9320001602
51 11.5710000992
52 11.5970001221
53 11.6359996796
54 11.623000145
55 11.3420000076
56 10.9879999161
57 10.4670000076
58 10.1029996872
59 8.34399986267
60 8.34500026703
61 8.19600009918
62 7.91900014877
63 7.63399982452
64 7.4390001297
65 7.24100017548
66 7.05499982834
67 6.89599990845
68 6.78800010681
69 6.77400016785
70 6.80700016022
71 6.83300018311
72 6.85599994659
73 6.85599994659
74 6.77899980545
75 6.62300014496
76 6.50600004196
77 6.39099979401
78 6.27400016785
79 6.16200017929
80 5.23299980164
81 4.96199989319
82 4.85300016403
83 4.77400016785
84 4.66800022125
85 4.60300016403
86 4.53499984741
87 4.47399997711
88 4.41400003433
89 4.33199977875
90 4.27699995041
91 4.20499992371
92 4.14099979401
93 4.09000015259
94 4.02299976349
95 3.992000103
96 3.92300009727
97 3.882999897
98 3.8259999752
99 3.79699993134
100 3.76200008392
101 3.78999996185
102 3.82100009918
103 3.82500004768
104 3.8599998951
105 3.91300010681
106 3.94000005722
107 3.95499992371
108 3.92499995232
109 3.882999897
110 3.83999991417
111 3.81100010872
112 3.742000103
113 3.71199989319
114 3.68700003624
115 3.66300010681
116 3.61800003052
117 3.59200000763
118 3.56999993324
119 3.52699995041
120 3.50300002098
121 3.46600008011
122 3.4319999218
123 3.40400004387
124 3.38400006294
125 3.39499998093
126 3.4279999733
127 3.43799996376
128 3.48699998856
129 3.53500008583
130 3.56399989128
131 3.61599993706
132 3.65000009537
133 4.03100013733
134 4.05499982834
135 4.09399986267
136 4.13000011444
137 4.14699983597
138 4.16300010681
139 4.20699977875
140 4.24700021744
141 4.27699995041
142 4.30900001526
143 4.33199977875
144 4.38500022888
145 4.43499994278
146 4.4439997673
147 4.46899986267
148 4.50899982452
149 4.52600002289
150 4.54400014877
151 4.20699977875
152 4.28800010681
153 4.61499977112
154 3.27900004387
155 3.40499997139
156 4.71899986267
157 4.61600017548
158 4.55100011826
159 4.79899978638
160 4.82899999619
161 4.86999988556
162 4.89099979401
163 4.92700004578
164 4.95800018311
165 4.992000103
166 5.01000022888
167 5.03200006485
168 3.12400007248
169 3.21600008011
170 3.35400009155
171 4.09499979019
172 4.90600013733
173 4.8639998436
174 4.84999990463
175 4.82899999619
176 4.80499982834
177 4.83400011063
178 4.81199979782
179 4.85300016403
180 4.86600017548
181 4.88800001144
182 4.81699991226
183 5.30800008774
184 5.46299982071
185 5.47800016403
186 5.48000001907
187 5.51300001144
188 4.60599994659
189 4.59299993515
190 5.54799985886
191 5.58799982071
192 3.65799999237
193 3.5150001049
194 4.06199979782
195 4.04699993134
196 5.6810002327
197 5.70599985123
198 5.72800016403
199 5.7610001564
200 5.79400014877
201 5.79600000381
202 5.81500005722
203 5.84100008011
204 5.85099983215
205 5.84200000763
206 5.86800003052
207 5.87799978256
208 5.90199995041
209 5.90100002289
210 5.91900014877
211 5.93300008774
212 5.9310002327
213 5.96799993515
214 5.97800016403
215 5.99900007248
216 6.02400016785
217 6.03399991989
218 6.05800008774
219 6.05900001526
220 6.05800008774
221 6.07700014114
222 6.09600019455
223 6.09299993515
224 6.09899997711
225 6.09800004959
226 6.12300014496
227 6.12599992752
228 6.12599992752
229 6.12099981308
230 6.14200019836
231 6.15500020981
232 6.17199993134
233 6.1890001297
234 6.18200016022
235 6.19600009918
236 6.21899986267
237 6.21500015259
238 6.22100019455
239 6.22800016403
240 6.21899986267
241 6.21999979019
242 6.24499988556
243 6.21600008011
244 2.06599998474
245 2.04500007629
246 2.03900003433
247 2.02099990845
248 2.03299999237
249 2.00999999046
250 2.02099990845
251 2.01600003242
252 2.02500009537
253 2.00699996948
254 1.99000000954
255 2.01099991798
256 2.01399993896
257 2.01300001144
258 1.98899996281
259 1.22000002861
260 0.919000029564
261 0.873000025749
262 0.879000008106
263 0.98299998045
264 6.21600008011
265 6.21299982071
266 2.38499999046
267 2.39499998093
268 2.38800001144
269 2.35700011253
270 2.24000000954
271 2.18300008774
272 2.18700003624
273 2.16199994087
274 2.14599990845
275 2.13800001144
276 2.14100003242
277 2.14400005341
278 2.12199997902
279 2.12400007248
280 2.17600011826
281 2.16700005531
282 2.21199989319
283 2.21399998665
284 2.32899999619
285 2.39400005341
286 2.41799998283
287 2.41799998283
288 6.0720000267
289 6.05700016022
290 6.02899980545
291 6.007999897
292 6.00299978256
293 5.96600008011
294 5.95200014114
295 5.9310002327
296 5.9279999733
297 5.89599990845
298 5.90000009537
299 5.87400007248
300 5.85699987411
301 5.84499979019
302 5.82299995422
303 5.81300020218
304 5.80999994278
305 5.80100011826
306 5.78399991989
307 5.77400016785
308 5.73799991608
309 5.71500015259
310 5.68499994278
311 5.65500020981
312 5.632999897
313 5.62300014496
314 5.59499979019
315 5.5720000267
316 5.5609998703
317 5.53200006485
318 5.52099990845
319 5.31599998474
320 5.10099983215
321 5.44999980927
322 5.44199991226
323 5.42999982834
324 5.41699981689
325 5.38700008392
326 5.35699987411
327 5.32899999619
328 5.28999996185
329 4.3639998436
330 4.05100011826
331 4.11100006104
332 5.03399991989
333 5.16400003433
334 5.13899993896
335 5.10799980164
336 5.09399986267
337 5.07299995422
338 5.05000019073
339 5.01900005341
340 4.9470000267
341 4.80800008774
342 4.9470000267
343 4.92399978638
344 4.90000009537
345 4.85699987411
346 4.83500003815
347 4.6939997673
348 4.57100009918
349 4.72399997711
350 4.6970000267
351 4.6779999733
352 4.64699983597
353 4.60799980164
354 4.58400011063
355 4.55999994278
356 4.31699991226
357 4.34000015259
358 4.49499988556
359 4.47100019455
360 4.42199993134
361 4.41099977493
362 4.36999988556
363 4.34700012207
364 4.30900001526
365 4.26999998093
366 4.24700021744
367 4.20300006866
368 4.1779999733
369 4.13399982452
370 4.09600019455
371 4.0560002327
372 4.03499984741
373 4.01000022888
374 3.99000000954
375 3.94199991226
376 3.92300009727
377 3.89299988747
378 3.87599992752
379 3.84500002861
380 3.82800006866
381 3.70799994469
382 3.61899995804
383 3.58800005913
384 3.56599998474
385 3.52200007439
386 3.49000000954
387 3.45700001717
388 3.42499995232
389 3.39400005341
390 3.36400008202
391 3.34299993515
392 3.29399991035
393 3.27800011635
394 3.25900006294
395 3.26699995995
396 3.28900003433
397 3.32800006866
398 3.35100007057
399 3.3900001049
400 3.43899989128
401 3.46300005913
402 3.51699995995
403 3.54200005531
404 3.58800005913
405 3.63800001144
406 3.68400001526
407 3.71700000763
408 3.72000002861
409 3.77800011635
410 3.83200001717
411 3.88000011444
412 3.94400000572
413 4.00199985504
414 4.06199979782
415 4.10200023651
416 4.16800022125
417 4.23600006104
418 4.3140001297
419 4.37900018692
420 4.44500017166
421 4.51999998093
422 4.58199977875
423 4.65899991989
424 4.72200012207
425 4.8060002327
426 4.91300010681
427 5.01200008392
428 5.11199998856
429 5.19999980927
430 5.31199979782
431 5.42899990082
432 5.52099990845
433 5.63700008392
434 5.76900005341
435 5.88199996948
436 6.01999998093
437 6.16400003433
438 6.30700016022
439 6.48000001907
440 6.51399993896
441 6.60200023651
442 6.43300008774
443 3.08699989319
444 3.05100011826
445 3.03600001335
446 3.02800011635
447 3.02900004387
448 3.01600003242
449 2.99900007248
450 2.99499988556
451 2.98600006104
452 2.99900007248
453 2.99000000954
454 2.96600008011
455 2.96099996567
456 2.97399997711
457 2.95499992371
458 2.9509999752
459 2.93799996376
460 2.94000005722
461 2.94000005722
462 2.93000006676
463 2.92600011826
464 2.92100000381
465 2.92700004578
466 2.92100000381
467 2.91199994087
468 2.92700004578
469 2.91000008583
470 2.65300011635
471 2.64199995995
472 2.64199995995
473 2.63499999046
474 0.949999988079
475 0.702000021935
476 0.699000000954
477 0.917999982834
478 2.65300011635
479 2.64700007439
480 2.63400006294
481 2.64400005341
482 2.63400006294
483 2.65000009537
484 2.64700007439
485 2.63599991798
486 2.64599990845
487 2.66499996185
488 2.66300010681
489 2.67700004578
490 2.84299993515
491 2.94600009918
492 2.92700004578
493 2.93600010872
494 2.9430000782
495 2.93899989128
496 2.9430000782
497 2.97399997711
498 2.95600008965
499 2.96300005913
500 2.97600007057
501 2.97799992561
502 2.98399996758
503 2.97499990463
504 2.98099994659
505 2.98600006104
506 3.0150001049
507 3.0150001049
508 3.00900006294
509 3.03900003433
510 3.02699995041
511 3.0490000248
512 3.0490000248
513 3.05200004578
514 3.07899999619
515 3.08899998665
516 3.08100008965
517 3.09200000763
518 1.28499996662
519 1.32000005245
520 1.20299994946
521 1.16799998283
522 1.18099999428
523 1.17200005054
524 0.999000012875
525 0.897000014782
526 0.921000003815
527 1.13100004196
528 1.14900004864
529 1.16400003433
530 1.17100000381
531 1.15199995041
532 1.17999994755
533 1.18599998951
534 1.20000004768
535 1.28699994087
536 1.16600000858
537 1.09200000763
538 1.05900001526
539 1.02699995041
540 0.986000001431
