0 4.51599979401
1 4.41400003433
2 4.43499994278
3 4.46099996567
4 4.53800010681
5 4.64300012589
6 4.68499994278
7 4.71299982071
8 4.72599983215
9 4.7610001564
10 4.78900003433
11 4.82399988174
12 4.85200023651
13 4.89499998093
14 4.93499994278
15 4.93800020218
16 4.83300018311
17 4.84700012207
18 4.87699985504
19 4.95399999619
20 5.13899993896
21 5.1810002327
22 5.22700023651
23 5.27099990845
24 5.3109998703
25 5.36800003052
26 5.40399980545
27 5.45300006866
28 5.48999977112
29 5.54899978638
30 5.59000015259
31 5.63500022888
32 5.66599988937
33 0.0
34 17.1420001984
35 17.1380004883
36 17.156999588
37 0.0
38 0.0
39 0.0
40 17.2299995422
41 17.1749992371
42 17.0720005035
43 17.0069999695
44 16.5289993286
45 16.5550003052
46 16.5259990692
47 13.1639995575
48 13.0839996338
49 12.3400001526
50 11.9499998093
51 11.5860004425
52 11.6079998016
53 11.623000145
54 11.6239995956
55 11.3479995728
56 10.9969997406
57 10.4460000992
58 10.107000351
59 8.33500003815
60 8.35000038147
61 8.19699954987
62 7.90999984741
63 7.62599992752
64 7.44600009918
65 7.23199987411
66 7.07899999619
67 6.89900016785
68 6.78800010681
69 6.78499984741
70 6.8029999733
71 6.8189997673
72 6.84899997711
73 6.86600017548
74 6.79300022125
75 6.64599990845
76 6.51599979401
77 6.38500022888
78 6.26300001144
79 6.14099979401
80 5.21600008011
81 4.97200012207
82 4.85200023651
83 4.76300001144
84 4.66599988937
85 4.60099983215
86 4.53299999237
87 4.46799993515
88 4.40000009537
89 4.30800008774
90 4.26499986649
91 4.22300004959
92 4.15600013733
93 4.11199998856
94 4.03499984741
95 3.97699999809
96 3.93300008774
97 3.88499999046
98 3.84299993515
99 3.78800010681
100 3.75999999046
101 3.78500008583
102 3.82100009918
103 3.85800004005
104 3.89100003242
105 3.91100001335
106 3.93899989128
107 3.93099999428
108 3.91599988937
109 3.867000103
110 3.84500002861
111 3.8069999218
112 3.77500009537
113 3.72900009155
114 3.6970000267
115 3.65400004387
116 3.62700009346
117 3.59299993515
118 3.55200004578
119 3.53099989891
120 3.48600006104
121 3.46000003815
122 3.4509999752
123 3.42000007629
124 3.40400004387
125 3.38899993896
126 3.43000006676
127 3.43899989128
128 3.49900007248
129 3.52900004387
130 3.56100010872
131 3.6099998951
132 3.67199993134
133 4.02400016785
134 4.04099988937
135 4.07499980927
136 4.125
137 4.15700006485
138 4.18300008774
139 4.20900011063
140 4.24800014496
141 4.27299976349
142 4.32299995422
143 4.32700014114
144 4.38100004196
145 4.42500019073
146 4.47300004959
147 4.49499988556
148 4.50899982452
149 4.52699995041
150 4.54600000381
151 4.1859998703
152 4.3189997673
153 4.617000103
154 3.25500011444
155 3.41100001335
156 4.72200012207
157 4.59200000763
158 4.53499984741
159 4.79300022125
160 4.82600021362
161 4.87099981308
162 4.89300012589
163 4.9279999733
164 4.96899986267
165 5.00099992752
166 5.01499986649
167 5.03399991989
168 3.15700006485
169 3.23099994659
170 3.37299990654
171 4.117000103
172 4.91599988937
173 4.88500022888
174 4.85799980164
175 4.83500003815
176 4.81599998474
177 4.83099985123
178 4.82600021362
179 4.84800004959
180 4.875
181 4.89099979401
182 4.81199979782
183 5.31500005722
184 5.47700023651
185 5.47200012207
186 5.48799991608
187 5.51599979401
188 4.60200023651
189 4.56500005722
190 5.55700016022
191 5.59700012207
192 3.64599990845
193 3.52500009537
194 4.07399988174
195 4.05000019073
196 5.67899990082
197 5.71600008011
198 5.72800016403
199 5.75600004196
200 5.76499986649
201 5.81199979782
202 5.81300020218
203 5.83199977875
204 5.85200023651
205 5.84899997711
206 5.8639998436
207 5.87699985504
208 5.89400005341
209 5.91400003433
210 5.92199993134
211 5.93400001526
212 5.94099998474
213 5.95100021362
214 5.97700023651
215 5.99800014496
216 6.0110001564
217 6.04500007629
218 6.05700016022
219 6.06199979782
220 6.06300020218
221 6.06699991226
222 6.08099985123
223 6.10099983215
224 6.10799980164
225 6.11800003052
226 6.12200021744
227 6.14099979401
228 6.13700008392
229 6.15799999237
230 6.1360001564
231 6.16599988937
232 6.17700004578
233 6.18400001526
234 6.19199991226
235 6.20599985123
236 6.21899986267
237 6.22599983215
238 6.22300004959
239 6.21899986267
240 6.22399997711
241 6.21799993515
242 6.242000103
243 6.24499988556
244 2.08400011063
245 2.03099989891
246 2.03099989891
247 2.01200008392
248 2.01399993896
249 2.02399992943
250 2.00900006294
251 2.00500011444
252 2.00500011444
253 1.99800002575
254 2.007999897
255 1.99500000477
256 1.9960000515
257 2.00999999046
258 2.01300001144
259 1.23300004005
260 0.922999978065
261 0.875
262 0.879999995232
263 0.990999996662
264 6.23799991608
265 6.21700000763
266 2.40199995041
267 2.38499999046
268 2.37800002098
269 2.34200000763
270 2.25
271 2.19400000572
272 2.17700004578
273 2.15899991989
274 2.14100003242
275 2.16700005531
276 2.15700006485
277 2.16799998283
278 2.14599990845
279 2.14800000191
280 2.15300011635
281 2.17499995232
282 2.19600009918
283 2.22600007057
284 2.34999990463
285 2.40899991989
286 2.40400004387
287 2.40799999237
288 6.05100011826
289 6.04099988937
290 6.02400016785
291 6.01000022888
292 6.00299978256
293 5.98099994659
294 5.95499992371
295 5.9470000267
296 5.92100000381
297 5.91099977493
298 5.87300014496
299 5.875
300 5.85799980164
301 5.85599994659
302 5.84100008011
303 5.8140001297
304 5.8140001297
305 5.79699993134
306 5.78000020981
307 5.76399993896
308 5.74700021744
309 5.69199991226
310 5.68800020218
311 5.66699981689
312 5.65999984741
313 5.62099981308
314 5.60200023651
315 5.58300018311
316 5.55999994278
317 5.52199983597
318 5.52199983597
319 5.32899999619
320 5.09200000763
321 5.44899988174
322 5.44799995422
323 5.4310002327
324 5.41800022125
325 5.38899993896
326 5.36299991608
327 5.33199977875
328 5.30000019073
329 4.37699985504
330 4.03100013733
331 4.11000013351
332 5.02799987793
333 5.17399978638
334 5.14200019836
335 5.10200023651
336 5.08199977875
337 5.06599998474
338 5.04199981689
339 5.01700019836
340 4.95399999619
341 4.81300020218
342 4.95699977875
343 4.94899988174
344 4.89900016785
345 4.8639998436
346 4.83500003815
347 4.68400001526
348 4.56599998474
349 4.73999977112
350 4.70900011063
351 4.68300008774
352 4.65899991989
353 4.63199996948
354 4.58599996567
355 4.5609998703
356 4.29899978638
357 4.37900018692
358 4.48199987411
359 4.46199989319
360 4.43800020218
361 4.42700004578
362 4.38500022888
363 4.35300016403
364 4.28999996185
365 4.27400016785
366 4.2389998436
367 4.21099996567
368 4.16499996185
369 4.13500022888
370 4.1139998436
371 4.07700014114
372 4.04600000381
373 4.02799987793
374 3.97099995613
375 3.95300006866
376 3.93799996376
377 3.90599989891
378 3.875
379 3.8599998951
380 3.8220000267
381 3.71799993515
382 3.63499999046
383 3.58500003815
384 3.56399989128
385 3.52800011635
386 3.50200009346
387 3.46000003815
388 3.43000006676
389 3.38700008392
390 3.37299990654
391 3.34400010109
392 3.29600000381
393 3.27200007439
394 3.25300002098
395 3.26099991798
396 3.29999995232
397 3.33500003815
398 3.35599994659
399 3.40400004387
400 3.43700003624
401 3.48200011253
402 3.50600004196
403 3.55999994278
404 3.60299992561
405 3.632999897
406 3.68000006676
407 3.71799993515
408 3.7349998951
409 3.76999998093
410 3.8180000782
411 3.88199996948
412 3.93400001526
413 4.00099992752
414 4.0529999733
415 4.10799980164
416 4.16300010681
417 4.24300003052
418 4.30800008774
419 4.37699985504
420 4.42399978638
421 4.492000103
422 4.58099985123
423 4.65899991989
424 4.72200012207
425 4.81199979782
426 4.90999984741
427 5.01999998093
428 5.09899997711
429 5.21500015259
430 5.31199979782
431 5.41900014877
432 5.53499984741
433 5.64099979401
434 5.76499986649
435 5.89900016785
436 6.02299976349
437 6.17700004578
438 6.31199979782
439 6.47499990463
440 6.49599981308
441 6.61299991608
442 6.49399995804
443 3.08299994469
444 3.0529999733
445 3.03099989891
446 3.04099988937
447 3.01200008392
448 3.02500009537
449 2.99699997902
450 2.99099993706
451 3.00200009346
452 2.99900007248
453 2.98600006104
454 2.97900009155
455 2.96399998665
456 2.97799992561
457 2.96600008011
458 2.94400000572
459 2.95799994469
460 2.96199989319
461 2.94199991226
462 2.95000004768
463 2.95399999619
464 2.93600010872
465 2.92899990082
466 2.92300009727
467 2.9240000248
468 2.91599988937
469 2.91000008583
470 2.66300010681
471 2.65000009537
472 2.63700008392
473 2.64899992943
474 0.940999984741
475 0.699999988079
476 0.703999996185
477 0.921000003815
478 2.65000009537
479 2.65199995041
480 1.33599996567
481 1.18099999428
482 1.08599996567
483 1.04799997807
484 1.06299996376
485 1.03999996185
486 1.05200004578
487 1.0379999876
488 1.0759999752
489 1.06200003624
490 1.14400005341
491 1.14600002766
492 1.14800000191
493 1.15100002289
494 1.16700005531
495 1.14499998093
496 1.17100000381
497 1.18599998951
498 1.19799995422
499 1.22300004959
500 1.34000003338
501 1.45399999619
502 2.99699997902
503 3.0039999485
504 2.98799991608
505 2.9849998951
506 3.0039999485
507 3.00699996948
508 3.02999997139
509 3.01900005341
510 3.02600002289
511 3.03299999237
512 3.06900000572
513 3.06900000572
514 1.29600000381
515 1.41199994087
516 1.30400002003
517 1.22399997711
518 1.23199999332
519 1.22000002861
520 1.19099998474
521 1.19299995899
522 1.2009999752
523 1.18799996376
524 0.994000017643
525 0.899999976158
526 0.936999976635
527 1.15699994564
528 1.14900004864
529 1.12199997902
530 1.10199999809
531 1.09899997711
532 1.10699999332
533 1.10099995136
534 1.125
535 1.14600002766
536 1.1779999733
537 2.91799998283
538 0.0
539 0.0
540 0.0
