0 4.52099990845
1 4.42899990082
2 4.45200014114
3 4.44500017166
4 4.52600002289
5 4.64799976349
6 4.67500019073
7 4.70699977875
8 4.73600006104
9 4.75899982452
10 4.81300020218
11 4.83799982071
12 4.86800003052
13 4.8860001564
14 4.92999982834
15 4.92700004578
16 4.84800004959
17 4.85099983215
18 4.88500022888
19 4.96700000763
20 5.13700008392
21 5.17999982834
22 5.22800016403
23 5.27099990845
24 5.3189997673
25 5.35300016403
26 5.40299987793
27 5.44000005722
28 5.50199985504
29 5.54699993134
30 5.60099983215
31 5.64099979401
32 5.67199993134
33 0.0
34 17.1520004272
35 17.1380004883
36 17.1520004272
37 0.0
38 0.0
39 0.0
40 17.2539997101
41 17.1669998169
42 17.0629997253
43 17.0109996796
44 16.5289993286
45 16.5440006256
46 16.5069999695
47 13.1669998169
48 13.0819997787
49 12.3260002136
50 11.9320001602
51 11.5799999237
52 11.6079998016
53 11.6169996262
54 11.6260004044
55 11.3489999771
56 10.9940004349
57 10.4610004425
58 10.0819997787
59 8.33500003815
60 8.34000015259
61 8.19999980927
62 7.91400003433
63 7.63399982452
64 7.45300006866
65 7.24900007248
66 7.07100009918
67 6.89099979401
68 6.78700017929
69 6.77500009537
70 6.79799985886
71 6.82299995422
72 6.84999990463
73 6.87799978256
74 6.79799985886
75 6.64699983597
76 6.51599979401
77 6.39099979401
78 6.28100013733
79 6.13899993896
80 5.23500013351
81 4.95599985123
82 4.84999990463
83 4.76300001144
84 4.68400001526
85 4.59299993515
86 4.53900003433
87 4.46000003815
88 4.40799999237
89 4.31799983978
90 4.27500009537
91 4.21600008011
92 4.15500020981
93 4.09800004959
94 4.03599977493
95 3.98000001907
96 3.93099999428
97 3.87299990654
98 3.83100008965
99 3.79699993134
100 3.78200006485
101 3.79099988937
102 3.79500007629
103 3.86100006104
104 3.88100004196
105 3.91400003433
106 3.93099999428
107 3.95499992371
108 3.91499996185
109 3.88400006294
110 3.84899997711
111 3.80100011826
112 3.76300001144
113 3.73000001907
114 3.69899988174
115 3.64899992943
116 3.61400008202
117 3.58800005913
118 3.56699991226
119 3.54600000381
120 3.50699996948
121 3.47799992561
122 3.45399999619
123 3.42899990082
124 3.40100002289
125 3.38899993896
126 3.43700003624
127 3.45199990273
128 3.49699997902
129 3.53200006485
130 3.57999992371
131 3.61500000954
132 3.67199993134
133 4.03399991989
134 4.05499982834
135 4.10200023651
136 4.12400007248
137 4.15100002289
138 4.19299983978
139 4.21899986267
140 4.25400018692
141 4.26800012589
142 4.31699991226
143 4.34499979019
144 4.3860001564
145 4.42899990082
146 4.46500015259
147 4.48099994659
148 4.51000022888
149 4.54500007629
150 4.55700016022
151 4.1890001297
152 4.3060002327
153 4.58799982071
154 3.26699995995
155 3.41499996185
156 4.71000003815
157 4.58500003815
158 4.5720000267
159 4.78900003433
160 4.82899999619
161 4.85900020599
162 4.89300012589
163 4.93800020218
164 4.95800018311
165 4.98500013351
166 5.01800012589
167 5.04199981689
168 3.1400001049
169 3.22699999809
170 3.37700009346
171 4.09600019455
172 4.92100000381
173 4.88399982452
174 4.86000013351
175 4.82800006866
176 4.82499980927
177 4.82800006866
178 4.82999992371
179 4.85300016403
180 4.875
181 4.90799999237
182 4.81500005722
183 5.31699991226
184 5.47399997711
185 5.48600006104
186 5.5
187 5.51399993896
188 4.60500001907
189 4.56300020218
190 5.55700016022
191 5.59499979019
192 3.63400006294
193 3.53600001335
194 4.06699991226
195 4.04400014877
196 5.69999980927
197 5.69600009918
198 5.72700023651
199 5.75400018692
200 5.78399991989
201 5.8060002327
202 5.82600021362
203 5.82700014114
204 5.83199977875
205 5.85099983215
206 5.86800003052
207 5.88800001144
208 5.90100002289
209 5.91499996185
210 5.93200016022
211 5.93699979782
212 5.95200014114
213 5.9470000267
214 5.96700000763
215 5.99499988556
216 6.02199983597
217 6.03999996185
218 6.04099988937
219 6.07800006866
220 6.07000017166
221 6.09299993515
222 6.07700014114
223 6.09899997711
224 6.08900022507
225 6.09899997711
226 6.13000011444
227 6.13100004196
228 6.12900018692
229 6.14900016785
230 6.15199995041
231 6.15799999237
232 6.17899990082
233 6.1890001297
234 6.18699979782
235 6.21199989319
236 6.21299982071
237 6.22599983215
238 6.23199987411
239 6.21799993515
240 6.21299982071
241 6.22599983215
242 6.23600006104
243 6.242000103
244 2.06900000572
245 2.04999995232
246 2.03800010681
247 2.03699994087
248 2.01300001144
249 2.02300000191
250 2.02399992943
251 2.02800011635
252 2.02500009537
253 2.02200007439
254 2.00300002098
255 2.007999897
256 2.00999999046
257 1.9960000515
258 1.98800003529
259 1.21399998665
260 0.926999986172
261 0.879999995232
262 0.880999982357
263 0.990999996662
264 6.21700000763
265 6.22499990463
266 2.39499998093
267 2.40400004387
268 2.38499999046
269 2.35700011253
270 2.27300000191
271 2.20600008965
272 2.18799996376
273 2.15400004387
274 2.14299988747
275 2.13899993896
276 2.13599991798
277 2.14800000191
278 2.15599989891
279 2.15499997139
280 2.18300008774
281 2.19600009918
282 2.19799995422
283 2.23000001907
284 2.35400009155
285 2.41599988937
286 2.4240000248
287 2.42700004578
288 6.07100009918
289 6.05200004578
290 6.04099988937
291 6.01800012589
292 5.98400020599
293 5.96500015259
294 5.95800018311
295 5.93400001526
296 5.92299985886
297 5.91800022125
298 5.90000009537
299 5.87599992752
300 5.86899995804
301 5.84000015259
302 5.84100008011
303 5.8140001297
304 5.79699993134
305 5.79600000381
306 5.79899978638
307 5.76399993896
308 5.73799991608
309 5.72300004959
310 5.6939997673
311 5.65799999237
312 5.64300012589
313 5.61600017548
314 5.60500001907
315 5.58400011063
316 5.56199979782
317 5.53599977493
318 5.52199983597
319 5.33699989319
320 5.10099983215
321 5.44999980927
322 5.44500017166
323 5.43800020218
324 5.41900014877
325 5.39799976349
326 5.36600017548
327 5.32600021362
328 5.3060002327
329 4.36899995804
330 4.0560002327
331 4.10099983215
332 5.00600004196
333 5.17199993134
334 5.15000009537
335 5.11800003052
336 5.09200000763
337 5.0689997673
338 5.05000019073
339 5.01900005341
340 4.94299983978
341 4.81500005722
342 4.95399999619
343 4.93400001526
344 4.89799976349
345 4.88199996948
346 4.84299993515
347 4.70800018311
348 4.57100009918
349 4.73799991608
350 4.69500017166
351 4.68499994278
352 4.64599990845
353 4.63500022888
354 4.58699989319
355 4.5720000267
356 4.31699991226
357 4.37799978256
358 4.49499988556
359 4.45200014114
360 4.41800022125
361 4.40899991989
362 4.38700008392
363 4.36199998856
364 4.31500005722
365 4.28299999237
366 4.25400018692
367 4.21999979019
368 4.17600011826
369 4.12599992752
370 4.117000103
371 4.07299995422
372 4.04400014877
373 4.02799987793
374 3.99000000954
375 3.96300005913
376 3.9240000248
377 3.90400004387
378 3.882999897
379 3.85199999809
380 3.80800008774
381 3.71399998665
382 3.62700009346
383 3.60599994659
384 3.56200003624
385 3.53999996185
386 3.49900007248
387 3.45900011063
388 3.4279999733
389 3.40700006485
390 3.36199998856
391 3.34100008011
392 3.31399989128
393 3.29200005531
394 3.24900007248
395 3.25
396 3.30800008774
397 3.34200000763
398 3.36999988556
399 3.39599990845
400 3.44400000572
401 3.48399996758
402 3.51600003242
403 3.5490000248
404 3.59999990463
405 3.63599991798
406 3.66000008583
407 3.73600006104
408 3.73600006104
409 3.77600002289
410 3.82399988174
411 3.89199995995
412 3.94799995422
413 3.98699998856
414 4.04699993134
415 4.11600017548
416 4.1810002327
417 4.25199985504
418 4.32299995422
419 4.38199996948
420 4.43300008774
421 4.53100013733
422 4.59299993515
423 4.65799999237
424 4.73799991608
425 4.80900001526
426 4.91499996185
427 5.02099990845
428 5.117000103
429 5.21299982071
430 5.32100009918
431 5.42399978638
432 5.54300022125
433 5.63800001144
434 5.75899982452
435 5.88399982452
436 6.03499984741
437 6.17500019073
438 6.31699991226
439 6.45699977875
440 6.49900007248
441 6.617000103
442 6.4390001297
443 3.05900001526
444 3.0529999733
445 3.04500007629
446 3.03900003433
447 3.02500009537
448 3.01399993896
449 3.01099991798
450 3.01900005341
451 2.9849998951
452 2.98000001907
453 2.99799990654
454 2.97499990463
455 2.98099994659
456 2.97900009155
457 2.94899988174
458 2.97900009155
459 2.95300006866
460 2.94400000572
461 2.94499993324
462 2.94400000572
463 2.93700003624
464 2.93799996376
465 2.92899990082
466 2.9240000248
467 2.9319999218
468 2.92100000381
469 2.91199994087
470 2.67300009727
471 2.64400005341
472 2.63499999046
473 2.65300011635
474 0.944999992847
475 0.704999983311
476 0.713999986649
477 0.916000008583
478 2.64800000191
479 2.64299988747
480 1.30999994278
481 1.17100000381
482 1.07299995422
483 1.0720000267
484 1.05400002003
485 1.03100001812
486 1.03999996185
487 1.05900001526
488 1.05900001526
489 1.08899998665
490 1.15400004387
491 1.13499999046
492 1.13499999046
493 1.16900002956
494 1.14699995518
495 1.15499997139
496 1.18799996376
497 1.18900001049
498 1.19900000095
499 1.22699999809
500 1.32799994946
501 1.44900000095
502 2.97300004959
503 2.99699997902
504 2.98900008202
505 2.99499988556
506 3.00200009346
507 3.00300002098
508 3.01699995995
509 3.02099990845
510 3.02999997139
511 3.05399990082
512 3.06200003624
513 3.04999995232
514 1.35800004005
515 1.39999997616
516 1.30599999428
517 1.23099994659
518 1.24000000954
519 1.22599995136
520 1.22599995136
521 1.19400000572
522 1.20000004768
523 1.19099998474
524 0.985000014305
525 0.910000026226
526 0.940999984741
527 1.15799999237
528 1.13600003719
529 1.12300002575
530 1.09700000286
531 1.11800003052
532 1.11699998379
533 1.12399995327
534 1.14900004864
535 1.1590000391
536 1.18099999428
537 2.90300011635
538 0.0
539 0.0
540 0.0
