0 4.50899982452
1 4.4310002327
2 4.44299983978
3 4.46700000763
4 4.53700017929
5 4.65199995041
6 4.68699979782
7 4.70499992371
8 4.73199987411
9 4.76800012589
10 4.78599977493
11 4.82399988174
12 4.85699987411
13 4.88800001144
14 4.93499994278
15 4.91800022125
16 4.83900022507
17 4.84600019455
18 4.87200021744
19 4.96299982071
20 5.14200019836
21 5.1779999733
22 5.22300004959
23 5.26999998093
24 5.3140001297
25 5.35699987411
26 5.40600013733
27 5.45399999619
28 5.49499988556
29 5.54400014877
30 5.60200023651
31 5.64200019836
32 5.66499996185
33 0.0
34 17.1480007172
35 17.1319999695
36 17.1499996185
37 0.0
38 0.0
39 0.0
40 17.2329998016
41 17.170999527
42 17.0520000458
43 16.9899997711
44 16.5200004578
45 16.5289993286
46 16.5259990692
47 13.1599998474
48 13.0819997787
49 12.3280000687
50 11.9219999313
51 11.5869998932
52 11.5970001221
53 11.6300001144
54 11.623000145
55 11.3360004425
56 10.9989995956
57 10.4510002136
58 10.1040000916
59 8.35599994659
60 8.32600021362
61 8.19799995422
62 7.90999984741
63 7.64099979401
64 7.43200016022
65 7.24499988556
66 7.06699991226
67 6.89099979401
68 6.79600000381
69 6.76900005341
70 6.78800010681
71 6.82800006866
72 6.85400009155
73 6.87900018692
74 6.79899978638
75 6.6360001564
76 6.51700019836
77 6.39499998093
78 6.26800012589
79 6.13000011444
80 5.22399997711
81 4.96500015259
82 4.85300016403
83 4.75299978256
84 4.6810002327
85 4.60500001907
86 4.53299999237
87 4.46400022507
88 4.39400005341
89 4.32299995422
90 4.26599979401
91 4.20900011063
92 4.15100002289
93 4.07999992371
94 4.04199981689
95 3.96000003815
96 3.9279999733
97 3.88000011444
98 3.83400011063
99 3.77399992943
100 3.74799990654
101 3.78699994087
102 3.8180000782
103 3.83599996567
104 3.87400007248
105 3.90899991989
106 3.93300008774
107 3.93600010872
108 3.92199993134
109 3.87599992752
110 3.83100008965
111 3.8069999218
112 3.76699995995
113 3.72799992561
114 3.69099998474
115 3.67499995232
116 3.61299991608
117 3.58699989319
118 3.56399989128
119 3.52900004387
120 3.50300002098
121 3.46000003815
122 3.44199991226
123 3.41499996185
124 3.40199995041
125 3.39100003242
126 3.42199993134
127 3.4279999733
128 3.48699998856
129 3.52300000191
130 3.5529999733
131 3.60299992561
132 3.66700005531
133 4.01399993896
134 4.0689997673
135 4.07800006866
136 4.10699987411
137 4.13000011444
138 4.17199993134
139 4.20800018311
140 4.25400018692
141 4.28000020981
142 4.31500005722
143 4.35300016403
144 4.38700008392
145 4.42199993134
146 4.43499994278
147 4.48699998856
148 4.49900007248
149 4.54099988937
150 4.53800010681
151 4.18400001526
152 4.30700016022
153 4.54400014877
154 3.25900006294
155 3.41000008583
156 4.71400022507
157 4.59000015259
158 4.55499982834
159 4.79699993134
160 4.83300018311
161 4.8639998436
162 4.89099979401
163 4.92500019073
164 4.94899988174
165 4.98500013351
166 5.01200008392
167 5.03900003433
168 3.1210000515
169 3.21600008011
170 3.36100006104
171 4.12300014496
172 4.90299987793
173 4.87099981308
174 4.84200000763
175 4.83900022507
176 4.80100011826
177 4.82600021362
178 4.83199977875
179 4.84800004959
180 4.85300016403
181 4.89599990845
182 4.81199979782
183 5.3029999733
184 5.46400022507
185 5.47100019455
186 5.50099992752
187 5.51000022888
188 4.59000015259
189 4.57000017166
190 5.55499982834
191 5.58699989319
192 3.64299988747
193 3.52699995041
194 4.05900001526
195 4.04400014877
196 5.67999982834
197 5.70399999619
198 5.72399997711
199 5.73799991608
200 5.78800010681
201 5.81199979782
202 5.81699991226
203 5.82800006866
204 5.83099985123
205 5.83799982071
206 5.87200021744
207 5.88199996948
208 5.87400007248
209 5.90299987793
210 5.91800022125
211 5.91699981689
212 5.94899988174
213 5.96099996567
214 5.98099994659
215 6.01000022888
216 6.00899982452
217 6.04099988937
218 6.0609998703
219 6.07000017166
220 6.07700014114
221 6.07100009918
222 6.07100009918
223 6.07299995422
224 6.09399986267
225 6.09899997711
226 6.11299991608
227 6.12799978256
228 6.13899993896
229 6.13500022888
230 6.15899991989
231 6.15199995041
232 6.18300008774
233 6.17899990082
234 6.21099996567
235 6.21000003815
236 6.21999979019
237 6.24300003052
238 6.23000001907
239 6.22300004959
240 6.22499990463
241 6.21400022507
242 6.23099994659
243 6.22700023651
244 2.0680000782
245 2.03200006485
246 2.04500007629
247 2.03699994087
248 2.02699995041
249 2.02699995041
250 2.02600002289
251 1.99500000477
252 2.02500009537
253 1.99100005627
254 2.00999999046
255 1.99500000477
256 2.0
257 1.98399996758
258 2.007999897
259 1.21000003815
260 0.927999973297
261 0.85900002718
262 0.887000024319
263 0.981999993324
264 6.242000103
265 6.20499992371
266 2.40000009537
267 2.39800000191
268 2.36800003052
269 2.32299995422
270 2.24099993706
271 2.20499992371
272 2.18799996376
273 2.17199993134
274 2.16899991035
275 2.16199994087
276 2.15599989891
277 2.15000009537
278 2.11500000954
279 2.125
280 2.16899991035
281 2.18000006676
282 2.19199991226
283 2.22900009155
284 2.35199999809
285 2.39800000191
286 2.40700006485
287 2.42000007629
288 6.04400014877
289 6.04199981689
290 6.02600002289
291 6.0110001564
292 5.98999977112
293 5.97599983215
294 5.97100019455
295 5.94000005722
296 5.91499996185
297 5.90899991989
298 5.88700008392
299 5.86199998856
300 5.85099983215
301 5.84600019455
302 5.82800006866
303 5.8220000267
304 5.80700016022
305 5.80100011826
306 5.79699993134
307 5.75899982452
308 5.73699998856
309 5.70300006866
310 5.70699977875
311 5.65199995041
312 5.63800001144
313 5.61899995804
314 5.60500001907
315 5.58199977875
316 5.5560002327
317 5.54300022125
318 5.51700019836
319 5.32899999619
320 5.10900020599
321 5.45100021362
322 5.43499994278
323 5.4279999733
324 5.41699981689
325 5.38700008392
326 5.35599994659
327 5.32999992371
328 5.29500007629
329 4.37099981308
330 4.04600000381
331 4.11800003052
332 5.00400018692
333 5.16800022125
334 5.12699985504
335 5.11000013351
336 5.08099985123
337 5.06599998474
338 5.04600000381
339 5.01900005341
340 4.95100021362
341 4.80900001526
342 4.94899988174
343 4.93200016022
344 4.89099979401
345 4.85699987411
346 4.84000015259
347 4.69500017166
348 4.5529999733
349 4.72300004959
350 4.71500015259
351 4.66599988937
352 4.62799978256
353 4.60300016403
354 4.57600021362
355 4.54400014877
356 4.31799983978
357 4.34999990463
358 4.48199987411
359 4.4390001297
360 4.44000005722
361 4.40700006485
362 4.36800003052
363 4.33599996567
364 4.30900001526
365 4.26900005341
366 4.25299978256
367 4.21799993515
368 4.15100002289
369 4.13899993896
370 4.11100006104
371 4.06599998474
372 4.03299999237
373 3.9960000515
374 3.96799993515
375 3.94899988174
376 3.92899990082
377 3.89899992943
378 3.85800004005
379 3.84299993515
380 3.8220000267
381 3.70499992371
382 3.6289999485
383 3.59200000763
384 3.55900001526
385 3.52800011635
386 3.48799991608
387 3.46600008011
388 3.4279999733
389 3.37700009346
390 3.36899995804
391 3.34200000763
392 3.30599999428
393 3.27699995041
394 3.24399995804
395 3.26200008392
396 3.30500006676
397 3.33299994469
398 3.36999988556
399 3.38899993896
400 3.4240000248
401 3.46700000763
402 3.51300001144
403 3.55800008774
404 3.58800005913
405 3.63899993896
406 3.68799996376
407 3.71399998665
408 3.74699997902
409 3.78099989891
410 3.8259999752
411 3.88400006294
412 3.93000006676
413 3.9849998951
414 4.05900001526
415 4.12400007248
416 4.17700004578
417 4.25500011444
418 4.30399990082
419 4.34899997711
420 4.44000005722
421 4.507999897
422 4.59399986267
423 4.65799999237
424 4.72200012207
425 4.81199979782
426 4.89699983597
427 5.00899982452
428 5.10300016403
429 5.21099996567
430 5.30900001526
431 5.41699981689
432 5.51200008392
433 5.64099979401
434 5.757999897
435 5.89300012589
436 6.01800012589
437 6.15700006485
438 6.29300022125
439 6.46899986267
440 6.50500011444
441 6.60699987411
442 6.44600009918
443 3.07500004768
444 3.04399991035
445 3.04500007629
446 3.03299999237
447 3.02300000191
448 3.01099991798
449 3.00500011444
450 3.01300001144
451 2.98099994659
452 2.97900009155
453 2.99499988556
454 2.97300004959
455 2.97199988365
456 2.98300004005
457 2.9509999752
458 2.96000003815
459 2.95300006866
460 2.94400000572
461 2.93600010872
462 2.95000004768
463 2.93300008774
464 2.92600011826
465 2.91799998283
466 2.92499995232
467 2.91199994087
468 2.91599988937
469 2.91100001335
470 2.67000007629
471 2.63400006294
472 2.63599991798
473 2.64100003242
474 0.947000026703
475 0.708999991417
476 0.695999979973
477 0.921000003815
478 2.66000008583
479 2.66000008583
480 2.64400005341
481 2.64499998093
482 2.64499998093
483 2.65400004387
484 2.65100002289
485 2.64499998093
486 2.65499997139
487 2.66199994087
488 2.68099999428
489 2.6779999733
490 2.81699991226
491 2.92199993134
492 2.92899990082
493 2.94899988174
494 2.93899989128
495 2.93600010872
496 2.95900011063
497 2.95799994469
498 2.94899988174
499 2.95900011063
500 2.97099995613
501 2.96700000763
502 2.9849998951
503 2.9849998951
504 2.98300004005
505 2.98900008202
506 3.00200009346
507 3.00999999046
508 3.0039999485
509 3.02600002289
510 1.24899995327
511 1.12800002098
512 1.08000004292
513 1.05499994755
514 1.03499996662
515 1.05799996853
516 1.03100001812
517 1.05900001526
518 1.04700005054
519 1.04100000858
520 1.05200004578
521 1.0529999733
522 1.03900003433
523 1.05400002003
524 0.975000023842
525 0.902999997139
526 0.927999973297
527 1.09599995613
528 1.26800000668
529 2.97300004959
530 2.91799998283
531 2.86199998856
532 1.28699994087
533 1.10800004005
534 1.06400001049
535 1.04299998283
536 1.02999997139
537 1.01699995995
538 1.00699996948
539 0.971000015736
540 0.938000023365
