0 4.50899982452
1 4.4439997673
2 4.43699979782
3 4.47399997711
4 4.53499984741
5 4.64099979401
6 4.66699981689
7 4.6939997673
8 4.73000001907
9 4.76300001144
10 4.79699993134
11 4.83099985123
12 4.867000103
13 4.88899993896
14 4.91300010681
15 4.91599988937
16 4.83099985123
17 4.85799980164
18 4.88100004196
19 4.95900011063
20 5.1360001564
21 5.19000005722
22 5.22300004959
23 5.25299978256
24 5.31599998474
25 5.35200023651
26 5.40000009537
27 5.45499992371
28 5.48099994659
29 5.54600000381
30 5.60200023651
31 5.63700008392
32 5.65899991989
33 0.0
34 17.1539993286
35 17.1450004578
36 17.1539993286
37 0.0
38 0.0
39 0.0
40 17.2539997101
41 17.1739997864
42 17.0650005341
43 17.0130004883
44 16.5170001984
45 16.5270004272
46 16.5160007477
47 13.1639995575
48 13.0640001297
49 12.3269996643
50 11.9600000381
51 11.595000267
52 11.5939998627
53 11.625
54 11.6199998856
55 11.3249998093
56 11.0059995651
57 10.4770002365
58 10.1120004654
59 8.31999969482
60 8.34200000763
61 8.20199966431
62 7.91499996185
63 7.63199996948
64 7.42999982834
65 7.22700023651
66 7.0529999733
67 6.90000009537
68 6.78000020981
69 6.76800012589
70 6.79600000381
71 6.81500005722
72 6.85599994659
73 6.86899995804
74 6.77899980545
75 6.6360001564
76 6.50099992752
77 6.37900018692
78 6.26399993896
79 6.14900016785
80 5.22599983215
81 4.96700000763
82 4.85900020599
83 4.76300001144
84 4.67600011826
85 4.60300016403
86 4.54099988937
87 4.47100019455
88 4.38500022888
89 4.3140001297
90 4.28399991989
91 4.20499992371
92 4.15399980545
93 4.11100006104
94 4.03399991989
95 3.9849998951
96 3.94099998474
97 3.88599991798
98 3.83599996567
99 3.80599999428
100 3.75600004196
101 3.78999996185
102 3.82100009918
103 3.84599995613
104 3.8789999485
105 3.91799998283
106 3.95600008965
107 3.95000004768
108 3.91499996185
109 3.86500000954
110 3.83299994469
111 3.80100011826
112 3.77200007439
113 3.73300004005
114 3.69099998474
115 3.64599990845
116 3.61299991608
117 3.59500002861
118 3.56200003624
119 3.51999998093
120 3.492000103
121 3.47499990463
122 3.4430000782
123 3.41400003433
124 3.41000008583
125 3.38599991798
126 3.41000008583
127 3.45399999619
128 3.49300003052
129 3.51399993896
130 3.56699991226
131 3.61500000954
132 3.67199993134
133 4.03200006485
134 4.05700016022
135 4.0720000267
136 4.09800004959
137 4.15100002289
138 4.19299983978
139 4.20499992371
140 4.25500011444
141 4.28900003433
142 4.31799983978
143 4.33300018311
144 4.37200021744
145 4.4279999733
146 4.45399999619
147 4.47700023651
148 4.51599979401
149 4.52299976349
150 4.54500007629
151 4.18699979782
152 4.28599977493
153 4.58099985123
154 3.27200007439
155 3.39599990845
156 4.71700000763
157 4.60900020599
158 4.53900003433
159 4.78599977493
160 4.81699991226
161 4.8639998436
162 4.882999897
163 4.91699981689
164 4.96899986267
165 4.99300003052
166 5.01999998093
167 5.03100013733
168 3.14100003242
169 3.21600008011
170 3.37400007248
171 4.09700012207
172 4.91599988937
173 4.88199996948
174 4.84399986267
175 4.84399986267
176 4.8140001297
177 4.81500005722
178 4.83099985123
179 4.84800004959
180 4.85799980164
181 4.89200019836
182 4.81500005722
183 5.32399988174
184 5.46500015259
185 5.48000001907
186 5.492000103
187 5.51399993896
188 4.60400009155
189 4.57600021362
190 5.55900001526
191 5.58699989319
192 3.63199996948
193 3.52500009537
194 4.07100009918
195 4.0720000267
196 5.69899988174
197 5.6890001297
198 5.73000001907
199 5.76000022888
200 5.76200008392
201 5.78700017929
202 5.81300020218
203 5.83900022507
204 5.83300018311
205 5.86100006104
206 5.85699987411
207 5.88100004196
208 5.88700008392
209 5.89900016785
210 5.90999984741
211 5.93200016022
212 5.95599985123
213 5.97100019455
214 5.98299980164
215 5.99800014496
216 6.0110001564
217 6.03599977493
218 6.05399990082
219 6.08599996567
220 6.08199977875
221 6.08099985123
222 6.09600019455
223 6.09000015259
224 6.09800004959
225 6.09299993515
226 6.10699987411
227 6.13399982452
228 6.13999986649
229 6.13899993896
230 6.16300010681
231 6.16499996185
232 6.16800022125
233 6.18200016022
234 6.19000005722
235 6.21099996567
236 6.20900011063
237 6.22499990463
238 6.23199987411
239 6.21700000763
240 6.21999979019
241 6.20900011063
242 6.23500013351
243 6.22300004959
244 2.0720000267
245 2.03999996185
246 2.04200005531
247 2.03399991989
248 2.03099989891
249 2.01799988747
250 2.02399992943
251 2.01399993896
252 2.00500011444
253 2.00699996948
254 2.0150001049
255 2.00099992752
256 2.0150001049
257 2.00999999046
258 1.98599994183
259 1.22899997234
260 0.930999994278
261 0.875999987125
262 0.894999980927
263 0.981999993324
264 6.22399997711
265 6.22599983215
266 2.40300011635
267 2.39899992943
268 2.38499999046
269 2.32299995422
270 2.24900007248
271 2.1819999218
272 2.18799996376
273 2.16300010681
274 2.15100002289
275 2.1400001049
276 2.14199995995
277 2.14499998093
278 2.13000011444
279 2.15300011635
280 2.16899991035
281 2.18700003624
282 2.19600009918
283 2.23900008202
284 2.35100007057
285 2.39800000191
286 2.40199995041
287 2.43300008774
288 6.07100009918
289 6.04600000381
290 6.02799987793
291 6.02199983597
292 5.99700021744
293 5.97300004959
294 5.97399997711
295 5.9359998703
296 5.92199993134
297 5.89300012589
298 5.90100002289
299 5.86800003052
300 5.85900020599
301 5.84200000763
302 5.8189997673
303 5.82000017166
304 5.8029999733
305 5.78399991989
306 5.77799987793
307 5.76399993896
308 5.73999977112
309 5.71400022507
310 5.69799995422
311 5.66400003433
312 5.64300012589
313 5.62900018692
314 5.61199998856
315 5.57999992371
316 5.55800008774
317 5.54300022125
318 5.51399993896
319 5.32000017166
320 5.09200000763
321 5.45499992371
322 5.44799995422
323 5.42199993134
324 5.40899991989
325 5.39099979401
326 5.35099983215
327 5.32000017166
328 5.29799985886
329 4.36899995804
330 4.04199981689
331 4.09700012207
332 5.01300001144
333 5.17000007629
334 5.13000011444
335 5.1139998436
336 5.08699989319
337 5.05800008774
338 5.05200004578
339 5.00899982452
340 4.94899988174
341 4.81699991226
342 4.94899988174
343 4.94199991226
344 4.90500020981
345 4.86800003052
346 4.8189997673
347 4.69600009918
348 4.55700016022
349 4.7389998436
350 4.70399999619
351 4.66200017929
352 4.65000009537
353 4.62799978256
354 4.60099983215
355 4.55499982834
356 4.30100011826
357 4.37300014496
358 4.49300003052
359 4.46899986267
360 4.43400001526
361 4.40999984741
362 4.39699983597
363 4.35300016403
364 4.3109998703
365 4.27699995041
366 4.22700023651
367 4.19199991226
368 4.16800022125
369 4.12900018692
370 4.11199998856
371 4.07399988174
372 4.05399990082
373 4.02400016785
374 3.97499990463
375 3.9470000267
376 3.91199994087
377 3.89499998093
378 3.86899995804
379 3.85800004005
380 3.82100009918
381 3.71499991417
382 3.6289999485
383 3.60100007057
384 3.5490000248
385 3.52500009537
386 3.48099994659
387 3.44099998474
388 3.41700005531
389 3.38700008392
390 3.37199997902
391 3.34200000763
392 3.29099988937
393 3.28900003433
394 3.26099991798
395 3.25900006294
396 3.2990000248
397 3.32500004768
398 3.36500000954
399 3.40799999237
400 3.42700004578
401 3.47900009155
402 3.51699995995
403 3.55100011826
404 3.59999990463
405 3.62599992752
406 3.67000007629
407 3.72099995613
408 3.73000001907
409 3.78600001335
410 3.81100010872
411 3.87400007248
412 3.91499996185
413 3.98099994659
414 4.0640001297
415 4.10099983215
416 4.15500020981
417 4.21799993515
418 4.3029999733
419 4.37599992752
420 4.43400001526
421 4.50899982452
422 4.58300018311
423 4.66599988937
424 4.73099994659
425 4.80800008774
426 4.90700006485
427 5.01700019836
428 5.10799980164
429 5.21299982071
430 5.3060002327
431 5.41900014877
432 5.51200008392
433 5.65299987793
434 5.76200008392
435 5.89200019836
436 6.00600004196
437 6.16499996185
438 6.30499982834
439 6.47100019455
440 6.49800014496
441 6.59600019455
442 6.42299985886
443 3.08400011063
444 3.04200005531
445 3.03200006485
446 3.03600001335
447 3.02999997139
448 3.02600002289
449 3.01999998093
450 2.99499988556
451 2.99000000954
452 2.98200011253
453 2.98200011253
454 2.96399998665
455 2.96199989319
456 2.97799992561
457 2.96300005913
458 2.95199990273
459 2.95000004768
460 2.96099996567
461 2.94000005722
462 2.93499994278
463 2.94600009918
464 2.93000006676
465 2.92600011826
466 2.92600011826
467 2.91899991035
468 2.91499996185
469 2.91400003433
470 2.66499996185
471 2.64199995995
472 2.63599991798
473 2.64100003242
474 0.941999971867
475 0.702000021935
476 0.703999996185
477 0.910000026226
478 2.64599990845
479 2.64400005341
480 2.64400005341
481 2.64700007439
482 2.66100001335
483 2.65499997139
484 2.66499996185
485 2.66100001335
486 2.66300010681
487 2.68000006676
488 2.6740000248
489 2.67899990082
490 2.8220000267
491 2.91899991035
492 2.92700004578
493 2.94000005722
494 2.93799996376
495 2.9430000782
496 1.22500002384
497 1.27999997139
498 1.16600000858
499 1.16400003433
500 1.15400004387
501 1.14300000668
502 1.12699997425
503 1.14400005341
504 1.14800000191
505 1.14100003242
506 1.15600001812
507 1.15299999714
508 1.16400003433
509 1.18499994278
510 1.22800004482
511 1.44099998474
512 3.05900001526
513 3.05599999428
514 3.07699990273
515 3.0720000267
516 3.09500002861
517 3.11299991608
518 1.40199995041
519 1.20799994469
520 1.12199997902
521 1.13399994373
522 1.11600005627
523 1.10800004005
524 0.994000017643
525 0.90600001812
526 0.916999995708
527 1.07899999619
528 1.10099995136
529 1.11099994183
530 1.09700000286
531 1.11000001431
532 1.14499998093
533 1.22200000286
534 2.73799991608
535 2.69799995422
536 2.95300006866
537 2.90599989891
538 0.0
539 0.0
540 0.0
