0 4.51700019836
1 4.43400001526
2 4.45599985123
3 4.44299983978
4 4.50699996948
5 4.64099979401
6 4.67299985886
7 4.71099996567
8 4.74100017548
9 4.76999998093
10 4.8109998703
11 4.82299995422
12 4.867000103
13 4.90199995041
14 4.91699981689
15 4.9310002327
16 4.83199977875
17 4.84100008011
18 4.88700008392
19 4.97200012207
20 5.132999897
21 5.18200016022
22 5.23400020599
23 5.25699996948
24 5.31199979782
25 5.35300016403
26 5.40799999237
27 5.44999980927
28 5.47900009155
29 5.52600002289
30 5.58900022507
31 5.63999986649
32 5.65399980545
33 0.0
34 17.1380004883
35 17.1490001678
36 17.1639995575
37 0.0
38 0.0
39 0.0
40 17.2450008392
41 17.1669998169
42 17.0699996948
43 17.0049991608
44 16.5109996796
45 16.5259990692
46 16.5109996796
47 13.1470003128
48 13.0819997787
49 12.3249998093
50 11.9340000153
51 11.6049995422
52 11.6020002365
53 11.6289997101
54 11.6280002594
55 11.3319997787
56 10.9829998016
57 10.4490003586
58 10.1260004044
59 8.32499980927
60 8.34500026703
61 8.18200016022
62 7.89499998093
63 7.61999988556
64 7.4439997673
65 7.23400020599
66 7.0529999733
67 6.90100002289
68 6.79300022125
69 6.78000020981
70 6.80399990082
71 6.82299995422
72 6.84700012207
73 6.8639998436
74 6.80499982834
75 6.63199996948
76 6.51200008392
77 6.39699983597
78 6.26499986649
79 6.14599990845
80 5.21299982071
81 4.96899986267
82 4.84200000763
83 4.76399993896
84 4.67399978638
85 4.59800004959
86 4.53800010681
87 4.46099996567
88 4.40999984741
89 4.33500003815
90 4.27199983597
91 4.22800016403
92 4.16499996185
93 4.09499979019
94 4.03399991989
95 3.97600007057
96 3.93899989128
97 3.88400006294
98 3.82800006866
99 3.79699993134
100 3.77500009537
101 3.77900004387
102 3.79500007629
103 3.84800004959
104 3.87400007248
105 3.90300011635
106 3.93700003624
107 3.96000003815
108 3.92899990082
109 3.8789999485
110 3.85299992561
111 3.80999994278
112 3.76399993896
113 3.72600007057
114 3.69499993324
115 3.66100001335
116 3.63000011444
117 3.59200000763
118 3.55800008774
119 3.53200006485
120 3.49799990654
121 3.47499990463
122 3.4470000267
123 3.40799999237
124 3.39199995995
125 3.40100002289
126 3.42300009727
127 3.45600008965
128 3.49099993706
129 3.52699995041
130 3.5680000782
131 3.60700011253
132 3.6779999733
133 4.02099990845
134 4.0609998703
135 4.09700012207
136 4.13000011444
137 4.16200017929
138 4.17600011826
139 4.19099998474
140 4.23699998856
141 4.27699995041
142 4.30999994278
143 4.32899999619
144 4.38899993896
145 4.41400003433
146 4.46899986267
147 4.46199989319
148 4.51399993896
149 4.52899980545
150 4.54799985886
151 4.19600009918
152 4.29899978638
153 4.58900022507
154 3.26399993896
155 3.42000007629
156 4.70200014114
157 4.58300018311
158 4.56500005722
159 4.79099988937
160 4.82100009918
161 4.85599994659
162 4.90100002289
163 4.92399978638
164 4.95100021362
165 4.99300003052
166 5.02600002289
167 5.03200006485
168 3.13100004196
169 3.23399996758
170 3.36100006104
171 4.10599994659
172 4.91300010681
173 4.86800003052
174 4.84299993515
175 4.82299995422
176 4.82800006866
177 4.8140001297
178 4.83099985123
179 4.85200023651
180 4.87200021744
181 4.91099977493
182 4.8189997673
183 5.33599996567
184 5.4470000267
185 5.47700023651
186 5.49700021744
187 5.50500011444
188 4.60799980164
189 4.57000017166
190 5.57000017166
191 5.58900022507
192 3.63400006294
193 3.52300000191
194 4.0640001297
195 4.03999996185
196 5.69299983978
197 5.6970000267
198 5.73099994659
199 5.75299978256
200 5.79099988937
201 5.79699993134
202 5.80900001526
203 5.82999992371
204 5.84100008011
205 5.85599994659
206 5.84899997711
207 5.87699985504
208 5.89499998093
209 5.91200017929
210 5.92899990082
211 5.94000005722
212 5.95599985123
213 5.97200012207
214 5.96500015259
215 5.98799991608
216 6.0110001564
217 6.03000020981
218 6.05000019073
219 6.08500003815
220 6.07999992371
221 6.07899999619
222 6.07899999619
223 6.09200000763
224 6.11100006104
225 6.09700012207
226 6.11800003052
227 6.11499977112
228 6.14300012589
229 6.15299987793
230 6.15799999237
231 6.15399980545
232 6.16300010681
233 6.17600011826
234 6.1890001297
235 6.21999979019
236 6.21700000763
237 6.24399995804
238 6.21899986267
239 6.22599983215
240 6.22499990463
241 6.21899986267
242 6.21299982071
243 6.21899986267
244 2.08599996567
245 2.04800009727
246 2.02300000191
247 2.03800010681
248 2.02500009537
249 2.00600004196
250 2.007999897
251 2.00300002098
252 1.9960000515
253 2.00600004196
254 2.007999897
255 2.01900005341
256 1.99300003052
257 1.99699997902
258 1.99199998379
259 1.24399995804
260 0.92199999094
261 0.876999974251
262 0.896000027657
263 0.976000010967
264 6.22499990463
265 6.23799991608
266 2.40100002289
267 2.40000009537
268 2.3599998951
269 2.32100009918
270 2.23000001907
271 2.18799996376
272 2.18600010872
273 2.16599988937
274 2.17199993134
275 2.14400005341
276 2.14100003242
277 2.12299990654
278 2.13400006294
279 2.14299988747
280 2.1740000248
281 2.18000006676
282 2.1779999733
283 2.25
284 2.35899996758
285 2.40599989891
286 2.39199995995
287 2.43300008774
288 6.04899978638
289 6.05900001526
290 6.02899980545
291 6.03000020981
292 6.0
293 5.96099996567
294 5.96299982071
295 5.93699979782
296 5.92000007629
297 5.90399980545
298 5.87900018692
299 5.88500022888
300 5.86100006104
301 5.85200023651
302 5.84000015259
303 5.82999992371
304 5.80700016022
305 5.78599977493
306 5.77699995041
307 5.76399993896
308 5.73000001907
309 5.71999979019
310 5.6939997673
311 5.67399978638
312 5.64599990845
313 5.63199996948
314 5.60200023651
315 5.56599998474
316 5.56500005722
317 5.53399991989
318 5.51800012589
319 5.31300020218
320 5.09800004959
321 5.45599985123
322 5.44000005722
323 5.42899990082
324 5.41499996185
325 5.3860001564
326 5.36499977112
327 5.32000017166
328 5.30200004578
329 4.37599992752
330 4.04699993134
331 4.12799978256
332 5.00899982452
333 5.15799999237
334 5.14900016785
335 5.11499977112
336 5.09899997711
337 5.06699991226
338 5.04899978638
339 5.02699995041
340 4.94199991226
341 4.80999994278
342 4.95900011063
343 4.93800020218
344 4.91200017929
345 4.85500001907
346 4.82800006866
347 4.69999980927
348 4.5560002327
349 4.72399997711
350 4.70599985123
351 4.67299985886
352 4.65500020981
353 4.61600017548
354 4.59499979019
355 4.55999994278
356 4.29799985886
357 4.35300016403
358 4.48500013351
359 4.4390001297
360 4.41900014877
361 4.41099977493
362 4.37200021744
363 4.36100006104
364 4.29400014877
365 4.29199981689
366 4.25699996948
367 4.21500015259
368 4.16599988937
369 4.11899995804
370 4.08900022507
371 4.0689997673
372 4.04600000381
373 4.02600002289
374 3.992000103
375 3.94199991226
376 3.92899990082
377 3.90000009537
378 3.87599992752
379 3.85100007057
380 3.81999993324
381 3.70600008965
382 3.61599993706
383 3.60199999809
384 3.55100011826
385 3.52800011635
386 3.4849998951
387 3.44799995422
388 3.42899990082
389 3.39199995995
390 3.34599995613
391 3.33299994469
392 3.30100011826
393 3.27300000191
394 3.26300001144
395 3.2539999485
396 3.29399991035
397 3.33599996567
398 3.36500000954
399 3.40599989891
400 3.42300009727
401 3.48200011253
402 3.52200007439
403 3.53600001335
404 3.58800005913
405 3.64100003242
406 3.6740000248
407 3.72499990463
408 3.72199988365
409 3.76799988747
410 3.81500005722
411 3.89100003242
412 3.9279999733
413 3.9960000515
414 4.05999994278
415 4.09999990463
416 4.16499996185
417 4.24800014496
418 4.30000019073
419 4.38000011444
420 4.45200014114
421 4.48999977112
422 4.59700012207
423 4.65299987793
424 4.73600006104
425 4.8109998703
426 4.90600013733
427 5.01000022888
428 5.1139998436
429 5.20300006866
430 5.31599998474
431 5.41499996185
432 5.51599979401
433 5.63800001144
434 5.76300001144
435 5.87099981308
436 6.01700019836
437 6.15700006485
438 6.32499980927
439 6.47700023651
440 6.50400018692
441 6.61000013351
442 6.4390001297
443 3.09400010109
444 3.04399991035
445 3.02600002289
446 3.03399991989
447 3.01300001144
448 3.02999997139
449 3.01200008392
450 2.99300003052
451 2.99300003052
452 2.98099994659
453 2.97099995613
454 2.98300004005
455 2.97399997711
456 2.96199989319
457 2.95499992371
458 2.96000003815
459 2.96399998665
460 2.93799996376
461 2.94199991226
462 2.93499994278
463 2.95000004768
464 2.92499995232
465 2.91499996185
466 2.91700005531
467 2.92300009727
468 2.91300010681
469 2.90199995041
470 2.66700005531
471 2.63800001144
472 2.63700008392
473 2.64899992943
474 0.930000007153
475 0.702000021935
476 0.698000013828
477 0.916999995708
478 2.65300011635
479 2.63199996948
480 2.65499997139
481 2.66000008583
482 2.65400004387
483 2.65799999237
484 2.65000009537
485 2.64499998093
486 2.66700005531
487 2.66599988937
488 2.65599989891
489 2.67000007629
490 2.82100009918
491 2.93899989128
492 2.93499994278
493 2.93000006676
494 2.95799994469
495 2.93899989128
496 2.96000003815
497 2.94099998474
498 2.94799995422
499 2.96700000763
500 2.97499990463
501 2.97399997711
502 2.9849998951
503 2.992000103
504 2.98300004005
505 2.99399995804
506 3.00200009346
507 3.0150001049
508 3.01799988747
509 3.03999996185
510 1.19799995422
511 1.06599998474
512 1.06700003147
513 1.07099997997
514 1.06299996376
515 1.05499994755
516 1.03699994087
517 1.04799997807
518 1.04400002956
519 1.02699995041
520 1.05499994755
521 1.04600000381
522 1.05200004578
523 1.07400000095
524 0.977999985218
525 0.893999993801
526 0.90499997139
527 1.20899999142
528 1.17599999905
529 2.98699998856
530 2.94499993324
531 2.89499998093
532 1.18200004101
533 1.08500003815
534 1.0759999752
535 1.02699995041
536 1.03499996662
537 1.02999997139
538 1.00899994373
539 0.98299998045
540 0.947000026703
