0 4.50400018692
1 4.4359998703
2 4.44500017166
3 4.47100019455
4 4.53100013733
5 4.64799976349
6 4.67700004578
7 4.69199991226
8 4.7389998436
9 4.75500011444
10 4.78700017929
11 4.82700014114
12 4.85599994659
13 4.89499998093
14 4.92000007629
15 4.92199993134
16 4.82399988174
17 4.85500001907
18 4.867000103
19 4.95599985123
20 5.14900016785
21 5.1859998703
22 5.22200012207
23 5.27099990845
24 5.31199979782
25 5.35900020599
26 5.39699983597
27 5.4390001297
28 5.49800014496
29 5.54099988937
30 5.59299993515
31 5.64400005341
32 5.64400005341
33 0.0
34 17.1550006866
35 17.1369991302
36 17.156999588
37 0.0
38 0.0
39 0.0
40 17.2350006104
41 17.1550006866
42 17.0590000153
43 16.9979991913
44 16.5249996185
45 16.5340003967
46 16.517999649
47 13.1459999084
48 13.0839996338
49 12.3219995499
50 11.9469995499
51 11.6009998322
52 11.607000351
53 11.6289997101
54 11.6219997406
55 11.3520002365
56 10.9879999161
57 10.470000267
58 10.0970001221
59 8.34700012207
60 8.34000015259
61 8.21399974823
62 7.90899991989
63 7.63700008392
64 7.44899988174
65 7.23600006104
66 7.06300020218
67 6.89599990845
68 6.78499984741
69 6.77400016785
70 6.79899978638
71 6.81599998474
72 6.85099983215
73 6.86199998856
74 6.78399991989
75 6.6360001564
76 6.507999897
77 6.38800001144
78 6.27199983597
79 6.13700008392
80 5.23400020599
81 4.96500015259
82 4.84899997711
83 4.75600004196
84 4.67100000381
85 4.59399986267
86 4.53200006485
87 4.47700023651
88 4.41400003433
89 4.33199977875
90 4.27400016785
91 4.19799995422
92 4.16099977493
93 4.08900022507
94 4.02099990845
95 3.96600008011
96 3.93400001526
97 3.88800001144
98 3.83999991417
99 3.78399991989
100 3.78699994087
101 3.78600001335
102 3.7990000248
103 3.83200001717
104 3.86199998856
105 3.90799999237
106 3.93700003624
107 3.94499993324
108 3.92000007629
109 3.8900001049
110 3.83800005913
111 3.8029999733
112 3.75600004196
113 3.73300004005
114 3.69199991226
115 3.65599989891
116 3.6289999485
117 3.60199999809
118 3.56599998474
119 3.52999997139
120 3.49900007248
121 3.47600007057
122 3.44199991226
123 3.39599990845
124 3.38899993896
125 3.38400006294
126 3.42300009727
127 3.45700001717
128 3.48300004005
129 3.52800011635
130 3.56699991226
131 3.61299991608
132 3.66300010681
133 4.02400016785
134 4.05999994278
135 4.09999990463
136 4.09999990463
137 4.14599990845
138 4.16699981689
139 4.19000005722
140 4.23799991608
141 4.28499984741
142 4.32499980927
143 4.35400009155
144 4.38999986649
145 4.42600011826
146 4.45300006866
147 4.45599985123
148 4.50299978256
149 4.52400016785
150 4.53900003433
151 4.1890001297
152 4.28900003433
153 4.61600017548
154 3.26300001144
155 3.40799999237
156 4.71700000763
157 4.58799982071
158 4.53399991989
159 4.78700017929
160 4.83400011063
161 4.85599994659
162 4.89900016785
163 4.91200017929
164 4.96600008011
165 4.99100017548
166 5.01200008392
167 5.03200006485
168 3.125
169 3.21700000763
170 3.367000103
171 4.10400009155
172 4.92000007629
173 4.87200021744
174 4.83799982071
175 4.83099985123
176 4.82299995422
177 4.80900001526
178 4.82499980927
179 4.85300016403
180 4.87900018692
181 4.90799999237
182 4.8220000267
183 5.31199979782
184 5.46899986267
185 5.48299980164
186 5.49700021744
187 5.507999897
188 4.60099983215
189 4.58900022507
190 5.56599998474
191 5.58199977875
192 3.63899993896
193 3.52699995041
194 4.05999994278
195 4.03499984741
196 5.70200014114
197 5.70900011063
198 5.73099994659
199 5.75099992752
200 5.79199981689
201 5.8029999733
202 5.82399988174
203 5.82000017166
204 5.82299995422
205 5.84600019455
206 5.86499977112
207 5.87799978256
208 5.87799978256
209 5.90799999237
210 5.91900014877
211 5.9279999733
212 5.95200014114
213 5.9439997673
214 5.98799991608
215 5.99300003052
216 6.01300001144
217 6.02099990845
218 6.04899978638
219 6.06599998474
220 6.05900001526
221 6.05900001526
222 6.07399988174
223 6.08799982071
224 6.10099983215
225 6.117000103
226 6.10099983215
227 6.12400007248
228 6.1360001564
229 6.13000011444
230 6.125
231 6.16099977493
232 6.17600011826
233 6.18699979782
234 6.19099998474
235 6.21600008011
236 6.22900009155
237 6.21700000763
238 6.22700023651
239 6.21600008011
240 6.21199989319
241 6.22700023651
242 6.23000001907
243 6.23400020599
244 2.06200003624
245 2.04299998283
246 2.02300000191
247 2.04099988937
248 2.01300001144
249 2.007999897
250 2.02600002289
251 2.01300001144
252 2.01399993896
253 2.02500009537
254 2.00999999046
255 2.007999897
256 2.0
257 1.99300003052
258 1.98800003529
259 1.22200000286
260 0.92199999094
261 0.870999991894
262 0.869000017643
263 0.985000014305
264 6.23699998856
265 6.21600008011
266 2.39599990845
267 2.382999897
268 2.38400006294
269 2.32800006866
270 2.24099993706
271 2.18499994278
272 2.1740000248
273 2.14499998093
274 2.15000009537
275 2.13899993896
276 2.15300011635
277 2.13800001144
278 2.1400001049
279 2.14899992943
280 2.17899990082
281 2.1930000782
282 2.1740000248
283 2.21300005913
284 2.34200000763
285 2.38800001144
286 2.38400006294
287 2.43400001526
288 6.06599998474
289 6.03800010681
290 6.03900003433
291 6.00199985504
292 5.99800014496
293 5.95699977875
294 5.96400022507
295 5.93499994278
296 5.91400003433
297 5.90700006485
298 5.86999988556
299 5.88700008392
300 5.85599994659
301 5.85400009155
302 5.82700014114
303 5.80999994278
304 5.79199981689
305 5.79300022125
306 5.79300022125
307 5.76900005341
308 5.75400018692
309 5.71099996567
310 5.6810002327
311 5.67199993134
312 5.64300012589
313 5.60099983215
314 5.58400011063
315 5.57700014114
316 5.55800008774
317 5.54099988937
318 5.51200008392
319 5.31500005722
320 5.10699987411
321 5.44500017166
322 5.4359998703
323 5.41900014877
324 5.41699981689
325 5.39699983597
326 5.35799980164
327 5.33500003815
328 5.29600000381
329 4.37699985504
330 4.04699993134
331 4.11600017548
332 5.02199983597
333 5.16300010681
334 5.13399982452
335 5.12099981308
336 5.08900022507
337 5.0640001297
338 5.04500007629
339 5.02500009537
340 4.95699977875
341 4.8140001297
342 4.9470000267
343 4.92899990082
344 4.90399980545
345 4.86000013351
346 4.82999992371
347 4.6890001297
348 4.54699993134
349 4.7389998436
350 4.71000003815
351 4.68499994278
352 4.64200019836
353 4.60300016403
354 4.59100008011
355 4.55399990082
356 4.30999994278
357 4.36000013351
358 4.46400022507
359 4.46400022507
360 4.44099998474
361 4.41200017929
362 4.36800003052
363 4.34100008011
364 4.32100009918
365 4.27500009537
366 4.25099992752
367 4.17999982834
368 4.15799999237
369 4.14300012589
370 4.11800003052
371 4.07399988174
372 4.02699995041
373 4.0
374 3.97699999809
375 3.95399999619
376 3.92100000381
377 3.90199995041
378 3.88000011444
379 3.85400009155
380 3.82500004768
381 3.71900010109
382 3.63599991798
383 3.58299994469
384 3.5529999733
385 3.53099989891
386 3.49900007248
387 3.46300005913
388 3.43300008774
389 3.39199995995
390 3.35199999809
391 3.34200000763
392 3.30500006676
393 3.26399993896
394 3.26600003242
395 3.26699995995
396 3.2990000248
397 3.33599996567
398 3.36500000954
399 3.40400004387
400 3.4319999218
401 3.46000003815
402 3.51900005341
403 3.54600000381
404 3.60100007057
405 3.63199996948
406 3.66700005531
407 3.73000001907
408 3.73399996758
409 3.76799988747
410 3.81500005722
411 3.88000011444
412 3.93899989128
413 3.98799991608
414 4.06300020218
415 4.11299991608
416 4.16400003433
417 4.25099992752
418 4.31300020218
419 4.375
420 4.4359998703
421 4.51599979401
422 4.59899997711
423 4.65199995041
424 4.72700023651
425 4.80100011826
426 4.90100002289
427 5.01399993896
428 5.11100006104
429 5.21500015259
430 5.30399990082
431 5.42100000381
432 5.52500009537
433 5.63700008392
434 5.75
435 5.88100004196
436 6.0110001564
437 6.15999984741
438 6.30499982834
439 6.46099996567
440 6.5
441 6.60099983215
442 6.45699977875
443 3.09899997711
444 3.03399991989
445 3.04800009727
446 3.03200006485
447 3.00500011444
448 3.02500009537
449 3.01200008392
450 3.01399993896
451 3.0039999485
452 2.98000001907
453 2.97399997711
454 2.97300004959
455 2.97600007057
456 2.9470000267
457 2.96300005913
458 2.96399998665
459 2.95900011063
460 2.96900010109
461 2.9319999218
462 2.93000006676
463 2.9470000267
464 2.9279999733
465 2.92100000381
466 2.91899991035
467 2.93000006676
468 2.91300010681
469 2.89599990845
470 2.65300011635
471 2.632999897
472 2.63599991798
473 2.65799999237
474 0.941999971867
475 0.708000004292
476 0.713999986649
477 0.917999982834
478 2.63400006294
479 2.62299990654
480 2.63800001144
481 2.64400005341
482 2.64700007439
483 2.65100002289
484 2.63700008392
485 2.67600011826
486 2.67600011826
487 2.66599988937
488 2.66100001335
489 2.68499994278
490 2.82299995422
491 2.9240000248
492 2.92899990082
493 2.92499995232
494 2.94600009918
495 2.94199991226
496 2.94199991226
497 2.95000004768
498 2.95399999619
499 2.95000004768
500 2.97600007057
501 2.96499991417
502 2.97199988365
503 3.00099992752
504 3.00500011444
505 3.00099992752
506 3.01399993896
507 2.99900007248
508 3.03399991989
509 3.02999997139
510 3.02399992943
511 3.04999995232
512 3.06699991226
513 3.05999994278
514 3.07399988174
515 3.07699990273
516 1.21000003815
517 1.28199994564
518 1.16799998283
519 1.16199994087
520 1.15199995041
521 1.14699995518
522 1.13499999046
523 1.13800001144
524 0.990999996662
525 0.898999989033
526 0.927999973297
527 1.10399997234
528 1.13699996471
529 1.13600003719
530 1.16400003433
531 1.17499995232
532 1.19099998474
533 1.25800001621
534 1.56500005722
535 1.36099994183
536 1.08399999142
537 1.05799996853
538 1.02900004387
539 1.00899994373
540 0.972000002861
