0 4.5110001564
1 4.44199991226
2 4.45499992371
3 4.47399997711
4 4.54799985886
5 4.64099979401
6 4.67199993134
7 4.70300006866
8 4.73299980164
9 4.76000022888
10 4.80499982834
11 4.82399988174
12 4.86999988556
13 4.87900018692
14 4.9279999733
15 4.93200016022
16 4.83099985123
17 4.84399986267
18 4.88899993896
19 4.95699977875
20 5.132999897
21 5.17399978638
22 5.22700023651
23 5.26999998093
24 5.31500005722
25 5.35200023651
26 5.39900016785
27 5.44799995422
28 5.50400018692
29 5.53599977493
30 5.60099983215
31 5.64400005341
32 5.66499996185
33 0.0
34 17.142999649
35 17.1329994202
36 17.1550006866
37 0.0
38 0.0
39 0.0
40 17.2280006409
41 17.1770000458
42 17.0750007629
43 17.0079994202
44 16.5279998779
45 16.533000946
46 16.5100002289
47 13.1630001068
48 13.0729999542
49 12.3420000076
50 11.9390001297
51 11.5959997177
52 11.6049995422
53 11.6219997406
54 11.609000206
55 11.345000267
56 11.0069999695
57 10.4689998627
58 10.1180000305
59 8.34000015259
60 8.33100032806
61 8.21000003815
62 7.90399980545
63 7.625
64 7.44000005722
65 7.23400020599
66 7.04799985886
67 6.89699983597
68 6.78299999237
69 6.78499984741
70 6.79899978638
71 6.81699991226
72 6.84700012207
73 6.867000103
74 6.80200004578
75 6.65100002289
76 6.50199985504
77 6.3860001564
78 6.27099990845
79 6.14499998093
80 5.21299982071
81 4.96299982071
82 4.86299991608
83 4.76599979401
84 4.67500019073
85 4.60200023651
86 4.54300022125
87 4.47700023651
88 4.41499996185
89 4.32499980927
90 4.26999998093
91 4.23199987411
92 4.16800022125
93 4.10099983215
94 4.04500007629
95 3.98300004005
96 3.93499994278
97 3.89400005341
98 3.83999991417
99 3.79699993134
100 3.75900006294
101 3.78900003433
102 3.83899998665
103 3.84599995613
104 3.88100004196
105 3.91300010681
106 3.95399999619
107 3.93899989128
108 3.92300009727
109 3.88199996948
110 3.82699990273
111 3.7990000248
112 3.76699995995
113 3.72499990463
114 3.69400000572
115 3.66899991035
116 3.62400007248
117 3.59800004959
118 3.5759999752
119 3.51399993896
120 3.48799991608
121 3.46300005913
122 3.4240000248
123 3.42700004578
124 3.40000009537
125 3.39199995995
126 3.41899991035
127 3.45300006866
128 3.49099993706
129 3.53299999237
130 3.5720000267
131 3.60800004005
132 3.67499995232
133 4.02400016785
134 4.06199979782
135 4.10099983215
136 4.12799978256
137 4.15100002289
138 4.18300008774
139 4.21199989319
140 4.23400020599
141 4.29199981689
142 4.31699991226
143 4.32600021362
144 4.36800003052
145 4.40999984741
146 4.45599985123
147 4.47499990463
148 4.5110001564
149 4.51800012589
150 4.54799985886
151 4.20599985123
152 4.29300022125
153 4.59399986267
154 3.2650001049
155 3.43000006676
156 4.70499992371
157 4.60599994659
158 4.56300020218
159 4.79600000381
160 4.82399988174
161 4.85599994659
162 4.88800001144
163 4.92299985886
164 4.96500015259
165 4.99700021744
166 5.02199983597
167 5.04099988937
168 3.15400004387
169 3.22799992561
170 3.38199996948
171 4.11800003052
172 4.91200017929
173 4.87400007248
174 4.84899997711
175 4.82999992371
176 4.80800008774
177 4.8189997673
178 4.82399988174
179 4.84700012207
180 4.87200021744
181 4.89900016785
182 4.81699991226
183 5.31699991226
184 5.45499992371
185 5.46999979019
186 5.49499988556
187 5.51399993896
188 4.60900020599
189 4.57299995422
190 5.55800008774
191 5.59399986267
192 3.63400006294
193 3.51600003242
194 4.0689997673
195 4.04500007629
196 5.69600009918
197 5.70699977875
198 5.7389998436
199 5.76399993896
200 5.77099990845
201 5.81300020218
202 5.8189997673
203 5.82899999619
204 5.84999990463
205 5.83799982071
206 5.867000103
207 5.87300014496
208 5.89699983597
209 5.88899993896
210 5.91200017929
211 5.93400001526
212 5.95699977875
213 5.98099994659
214 5.99100017548
215 5.98600006104
216 6.01700019836
217 6.02400016785
218 6.03599977493
219 6.08500003815
220 6.07299995422
221 6.07700014114
222 6.08900022507
223 6.09600019455
224 6.09399986267
225 6.1139998436
226 6.1139998436
227 6.11800003052
228 6.13700008392
229 6.14599990845
230 6.16300010681
231 6.1810002327
232 6.17899990082
233 6.1859998703
234 6.19799995422
235 6.21199989319
236 6.20599985123
237 6.22399997711
238 6.22700023651
239 6.22700023651
240 6.23000001907
241 6.21999979019
242 6.21799993515
243 6.21999979019
244 2.07299995422
245 2.02200007439
246 2.04200005531
247 2.03299999237
248 2.0150001049
249 2.02699995041
250 2.02200007439
251 2.01600003242
252 2.007999897
253 2.02900004387
254 1.99699997902
255 1.99399995804
256 1.99800002575
257 2.01699995995
258 2.01099991798
259 1.21899998188
260 0.925000011921
261 0.873000025749
262 0.89200001955
263 0.97000002861
264 6.23600006104
265 6.23000001907
266 2.39800000191
267 2.40400004387
268 2.382999897
269 2.33299994469
270 2.2460000515
271 2.1930000782
272 2.19000005722
273 2.17700004578
274 2.17100000381
275 2.15100002289
276 2.15499997139
277 2.14700007439
278 2.15400004387
279 2.125
280 2.1740000248
281 2.19000005722
282 2.18799996376
283 2.23699998856
284 2.35599994659
285 2.40400004387
286 2.39299988747
287 2.41199994087
288 6.06799983978
289 6.05000019073
290 6.01399993896
291 6.01000022888
292 5.99399995804
293 5.98099994659
294 5.93200016022
295 5.9279999733
296 5.92399978638
297 5.90100002289
298 5.882999897
299 5.87699985504
300 5.86299991608
301 5.86000013351
302 5.84100008011
303 5.8220000267
304 5.8029999733
305 5.78299999237
306 5.78100013733
307 5.75199985504
308 5.72700023651
309 5.72399997711
310 5.67899990082
311 5.67399978638
312 5.66400003433
313 5.63100004196
314 5.59499979019
315 5.58599996567
316 5.55499982834
317 5.55100011826
318 5.51700019836
319 5.31500005722
320 5.10300016403
321 5.45900011063
322 5.44500017166
323 5.4310002327
324 5.42299985886
325 5.39799976349
326 5.34800004959
327 5.32999992371
328 5.30000019073
329 4.36600017548
330 4.03700017929
331 4.10400009155
332 5.0
333 5.16800022125
334 5.13899993896
335 5.11800003052
336 5.08500003815
337 5.07100009918
338 5.04799985886
339 5.0110001564
340 4.94899988174
341 4.82399988174
342 4.95399999619
343 4.9439997673
344 4.90700006485
345 4.87200021744
346 4.82700014114
347 4.6970000267
348 4.56500005722
349 4.73600006104
350 4.70200014114
351 4.66099977493
352 4.65000009537
353 4.62599992752
354 4.59499979019
355 4.55800008774
356 4.28800010681
357 4.34399986267
358 4.48299980164
359 4.45699977875
360 4.43699979782
361 4.42299985886
362 4.40000009537
363 4.34100008011
364 4.32100009918
365 4.26499986649
366 4.22200012207
367 4.19799995422
368 4.16499996185
369 4.15199995041
370 4.11600017548
371 4.07999992371
372 4.04600000381
373 4.01200008392
374 3.98000001907
375 3.95600008965
376 3.92499995232
377 3.88899993896
378 3.86800003052
379 3.8599998951
380 3.83100008965
381 3.71199989319
382 3.63100004196
383 3.58899998665
384 3.55100011826
385 3.53200006485
386 3.47900009155
387 3.45399999619
388 3.43300008774
389 3.39599990845
390 3.37299990654
391 3.34400010109
392 3.31500005722
393 3.25999999046
394 3.27399992943
395 3.25300002098
396 3.29099988937
397 3.32399988174
398 3.3710000515
399 3.40199995041
400 3.43000006676
401 3.47199988365
402 3.51699995995
403 3.5490000248
404 3.58599996567
405 3.632999897
406 3.67000007629
407 3.70700001717
408 3.74000000954
409 3.76900005341
410 3.82800006866
411 3.87700009346
412 3.95300006866
413 3.98699998856
414 4.05999994278
415 4.12400007248
416 4.18800020218
417 4.25
418 4.30200004578
419 4.375
420 4.44299983978
421 4.50899982452
422 4.60099983215
423 4.66099977493
424 4.73500013351
425 4.80700016022
426 4.91099977493
427 5.01399993896
428 5.10599994659
429 5.21099996567
430 5.30999994278
431 5.40799999237
432 5.52500009537
433 5.63700008392
434 5.74800014496
435 5.89900016785
436 6.01900005341
437 6.15999984741
438 6.3189997673
439 6.47200012207
440 6.50899982452
441 6.60599994659
442 6.42600011826
443 3.07899999619
444 3.03999996185
445 3.02699995041
446 3.01699995995
447 3.01699995995
448 3.01900005341
449 3.0
450 2.99499988556
451 3.01099991798
452 2.9849998951
453 2.97399997711
454 2.98399996758
455 2.96399998665
456 2.95799994469
457 2.97000002861
458 2.95499992371
459 2.95399999619
460 2.96099996567
461 2.93400001526
462 2.92899990082
463 2.9279999733
464 2.93000006676
465 2.94099998474
466 2.93400001526
467 2.9279999733
468 2.93300008774
469 2.91000008583
470 2.67000007629
471 2.64700007439
472 2.61899995804
473 2.64499998093
474 0.947000026703
475 0.709999978542
476 0.694999992847
477 0.922999978065
478 2.65700006485
479 2.64700007439
480 1.29299998283
481 1.15400004387
482 1.08200001717
483 1.05599999428
484 1.05999994278
485 1.05700004101
486 1.06400001049
487 1.07099997997
488 1.0870000124
489 1.09300005436
490 1.16700005531
491 1.16100001335
492 1.16499996185
493 1.15799999237
494 1.17200005054
495 1.17999994755
496 1.20000004768
497 1.2159999609
498 1.22200000286
499 1.35099995136
500 1.49899995327
501 2.96799993515
502 2.99099993706
503 2.99399995804
504 2.98699998856
505 3.00200009346
506 3.02099990845
507 3.00900006294
508 3.02699995041
509 3.03699994087
510 3.04800009727
511 3.02999997139
512 3.06900000572
513 3.06599998474
514 1.53999996185
515 1.38199996948
516 1.25
517 1.24800002575
518 1.23000001907
519 1.23300004005
520 1.22599995136
521 1.1970000267
522 1.20500004292
523 1.21399998665
524 0.995000004768
525 0.902000010014
526 0.907000005245
527 1.11500000954
528 1.10699999332
529 1.11800003052
530 1.13900005817
531 1.12000000477
532 1.14499998093
533 1.16900002956
534 1.22399997711
535 2.65799999237
536 2.98099994659
537 2.91799998283
538 0.0
539 0.0
540 0.0
