0 4.507999897
1 4.4359998703
2 4.44199991226
3 4.46299982071
4 4.54199981689
5 4.64799976349
6 4.67999982834
7 4.71299982071
8 4.72599983215
9 4.76000022888
10 4.78900003433
11 4.83500003815
12 4.85599994659
13 4.89099979401
14 4.93300008774
15 4.94199991226
16 4.82499980927
17 4.84000015259
18 4.88500022888
19 4.96700000763
20 5.13800001144
21 5.17999982834
22 5.23199987411
23 5.27099990845
24 5.31599998474
25 5.35300016403
26 5.40999984741
27 5.4390001297
28 5.49300003052
29 5.5529999733
30 5.61100006104
31 5.62699985504
32 5.66900014877
33 0.0
34 17.1660003662
35 17.1399993896
36 17.1399993896
37 0.0
38 0.0
39 0.0
40 17.2229995728
41 17.1749992371
42 17.0680007935
43 17.0100002289
44 16.5289993286
45 16.5380001068
46 16.5170001984
47 13.1630001068
48 13.0769996643
49 12.3229999542
50 11.9510002136
51 11.6009998322
52 11.6009998322
53 11.6420001984
54 11.6260004044
55 11.3369998932
56 11.0030002594
57 10.4770002365
58 10.1190004349
59 8.34599971771
60 8.33699989319
61 8.19999980927
62 7.90299987793
63 7.63399982452
64 7.44000005722
65 7.25099992752
66 7.06500005722
67 6.89799976349
68 6.79600000381
69 6.78399991989
70 6.8029999733
71 6.81599998474
72 6.84700012207
73 6.86999988556
74 6.78399991989
75 6.64200019836
76 6.52699995041
77 6.38700008392
78 6.26900005341
79 6.14799976349
80 5.24399995804
81 4.97100019455
82 4.84700012207
83 4.77299976349
84 4.67899990082
85 4.61000013351
86 4.54799985886
87 4.47100019455
88 4.41400003433
89 4.34700012207
90 4.27500009537
91 4.21899986267
92 4.14599990845
93 4.10500001907
94 4.03399991989
95 3.98300004005
96 3.92899990082
97 3.89199995995
98 3.84800004959
99 3.79999995232
100 3.76200008392
101 3.77500009537
102 3.82299995422
103 3.83999991417
104 3.882999897
105 3.90799999237
106 3.9470000267
107 3.97600007057
108 3.92899990082
109 3.86800003052
110 3.82999992371
111 3.79299998283
112 3.76900005341
113 3.73300004005
114 3.70300006866
115 3.66199994087
116 3.62199997902
117 3.59699988365
118 3.54699993134
119 3.53399991989
120 3.50900006294
121 3.47600007057
122 3.43700003624
123 3.4240000248
124 3.39100003242
125 3.3900001049
126 3.42700004578
127 3.45399999619
128 3.49399995804
129 3.5150001049
130 3.57899999619
131 3.61400008202
132 3.66899991035
133 4.03299999237
134 4.06300020218
135 4.09100008011
136 4.11499977112
137 4.14099979401
138 4.1859998703
139 4.22599983215
140 4.24599981308
141 4.28700017929
142 4.3109998703
143 4.35599994659
144 4.36600017548
145 4.40000009537
146 4.45300006866
147 4.49300003052
148 4.51900005341
149 4.53700017929
150 4.55900001526
151 4.19600009918
152 4.28700017929
153 0.0
154 3.27900004387
155 3.41300010681
156 4.71799993515
157 4.61299991608
158 4.56599998474
159 4.79699993134
160 4.82600021362
161 4.86299991608
162 4.89300012589
163 4.93400001526
164 4.95499992371
165 5.00400018692
166 5.02799987793
167 5.03900003433
168 3.17000007629
169 3.21799993515
170 3.38400006294
171 4.11000013351
172 4.92500019073
173 4.88800001144
174 4.85900020599
175 4.82899999619
176 4.8140001297
177 4.81500005722
178 4.82399988174
179 4.84800004959
180 4.867000103
181 4.89400005341
182 4.81300020218
183 5.31199979782
184 5.45599985123
185 5.48400020599
186 5.50199985504
187 5.51900005341
188 4.60699987411
189 4.5689997673
190 5.56799983978
191 5.58699989319
192 3.63800001144
193 3.53299999237
194 4.08599996567
195 4.04300022125
196 5.67899990082
197 5.70100021362
198 5.72700023651
199 5.75600004196
200 5.77099990845
201 5.80700016022
202 5.83500003815
203 5.84399986267
204 5.85300016403
205 5.86100006104
206 5.86999988556
207 5.87400007248
208 5.89900016785
209 5.89799976349
210 5.91800022125
211 5.94500017166
212 5.94600009918
213 5.95900011063
214 5.9889998436
215 6.00199985504
216 6.00500011444
217 6.04400014877
218 6.04500007629
219 6.06500005722
220 6.06599998474
221 6.09299993515
222 6.09800004959
223 6.09399986267
224 6.09200000763
225 6.10099983215
226 6.11000013351
227 6.13999986649
228 6.13800001144
229 6.15700006485
230 6.15700006485
231 6.16800022125
232 6.15899991989
233 6.17100000381
234 6.19299983978
235 6.21700000763
236 6.23500013351
237 6.25099992752
238 6.23600006104
239 6.22900009155
240 6.21999979019
241 6.21999979019
242 6.22499990463
243 6.23000001907
244 2.07399988174
245 2.05100011826
246 2.04299998283
247 2.02699995041
248 2.03600001335
249 2.02900004387
250 2.01200008392
251 2.0
252 2.01399993896
253 2.01399993896
254 2.01900005341
255 1.99800002575
256 2.01099991798
257 2.02099990845
258 2.01300001144
259 1.21399998665
260 0.92199999094
261 0.865999996662
262 0.873000025749
263 0.986000001431
264 6.24700021744
265 6.22599983215
266 2.39100003242
267 2.39899992943
268 2.3789999485
269 2.34500002861
270 2.2460000515
271 2.19400000572
272 2.2009999752
273 2.18400001526
274 2.16499996185
275 2.125
276 2.13899993896
277 2.13800001144
278 2.14899992943
279 2.14899992943
280 2.15700006485
281 2.20499992371
282 2.20600008965
283 2.21900010109
284 2.35400009155
285 2.39800000191
286 2.41899991035
287 2.4470000267
288 6.07600021362
289 6.05800008774
290 6.04400014877
291 6.01200008392
292 6.01499986649
293 5.97800016403
294 5.94299983978
295 5.92399978638
296 5.92600011826
297 5.91200017929
298 5.89900016785
299 5.882999897
300 5.86899995804
301 5.8639998436
302 5.82800006866
303 5.82600021362
304 5.82399988174
305 5.79600000381
306 5.78900003433
307 5.76200008392
308 5.73299980164
309 5.72300004959
310 5.70599985123
311 5.67399978638
312 5.65299987793
313 5.625
314 5.61499977112
315 5.58500003815
316 5.55800008774
317 5.55000019073
318 5.52299976349
319 5.33199977875
320 5.09200000763
321 5.45399999619
322 5.44000005722
323 5.43300008774
324 5.41499996185
325 5.39699983597
326 5.35900020599
327 5.32800006866
328 5.30200004578
329 4.36999988556
330 4.05999994278
331 4.10900020599
332 5.02099990845
333 5.16499996185
334 5.14300012589
335 5.11100006104
336 5.08500003815
337 5.0689997673
338 5.05200004578
339 5.02500009537
340 4.94799995422
341 4.82000017166
342 4.96099996567
343 4.92999982834
344 4.89699983597
345 4.86800003052
346 4.83099985123
347 4.69899988174
348 4.54699993134
349 4.742000103
350 4.71199989319
351 4.67199993134
352 4.66099977493
353 4.62900018692
354 4.59100008011
355 4.56199979782
356 4.30900001526
357 4.35300016403
358 4.49300003052
359 4.45800018311
360 4.44500017166
361 4.41499996185
362 4.36899995804
363 4.33900022507
364 4.3189997673
365 4.28499984741
366 4.23099994659
367 4.22100019455
368 4.18200016022
369 4.13899993896
370 4.10699987411
371 4.0640001297
372 4.04300022125
373 4.00099992752
374 3.97799992561
375 3.96600008011
376 3.94400000572
377 3.89299988747
378 3.8789999485
379 3.85500001907
380 3.80599999428
381 3.70399999619
382 3.625
383 3.59500002861
384 3.56999993324
385 3.53200006485
386 3.492000103
387 3.45799994469
388 3.43499994278
389 3.40100002289
390 3.37599992752
391 3.33500003815
392 3.30399990082
393 3.28999996185
394 3.26699995995
395 3.24799990654
396 3.28600001335
397 3.33400011063
398 3.37199997902
399 3.40100002289
400 3.4430000782
401 3.47199988365
402 3.51900005341
403 3.55999994278
404 3.60400009155
405 3.64299988747
406 3.6819999218
407 3.71000003815
408 3.73600006104
409 3.78299999237
410 3.82999992371
411 3.88700008392
412 3.9470000267
413 4.0
414 4.06599998474
415 4.1139998436
416 4.18300008774
417 4.25199985504
418 4.32700014114
419 4.382999897
420 4.45599985123
421 4.51599979401
422 4.58300018311
423 4.65100002289
424 4.73299980164
425 4.81799983978
426 4.89900016785
427 5.01200008392
428 5.1139998436
429 5.21199989319
430 5.3140001297
431 5.40799999237
432 5.53100013733
433 5.65100002289
434 5.76200008392
435 5.88700008392
436 6.03100013733
437 6.15899991989
438 6.33099985123
439 6.46000003815
440 6.51000022888
441 6.60699987411
442 6.46799993515
443 3.0529999733
444 3.05100011826
445 3.04600000381
446 3.0490000248
447 3.02500009537
448 3.01099991798
449 2.99799990654
450 2.9960000515
451 3.00300002098
452 2.98000001907
453 2.98900008202
454 2.97099995613
455 2.97900009155
456 2.96600008011
457 2.96099996567
458 2.98200011253
459 2.96900010109
460 2.96900010109
461 2.93700003624
462 2.95199990273
463 2.9319999218
464 2.94499993324
465 2.92100000381
466 2.93499994278
467 2.92899990082
468 2.92700004578
469 2.91300010681
470 2.67199993134
471 2.64599990845
472 2.63700008392
473 2.65400004387
474 0.933000028133
475 0.705999970436
476 0.725000023842
477 0.919000029564
478 2.65799999237
479 2.65199995041
480 1.30599999428
481 1.18299996853
482 1.06599998474
483 1.05900001526
484 1.05999994278
485 1.06700003147
486 1.04200005531
487 1.05999994278
488 1.05799996853
489 1.08899998665
490 1.12600004673
491 1.14199995995
492 1.13699996471
493 1.16700005531
494 1.14499998093
495 1.16700005531
496 1.15999996662
497 1.1970000267
498 1.21399998665
499 1.23000001907
500 1.32299995422
501 1.44299995899
502 2.9960000515
503 2.99099993706
504 2.98600006104
505 3.00200009346
506 3.00300002098
507 3.02699995041
508 3.03099989891
509 3.04699993134
510 3.02900004387
511 3.0490000248
512 3.05500006676
513 3.05399990082
514 1.30599999428
515 1.38800001144
516 1.28600001335
517 1.23000001907
518 1.23399996758
519 1.22599995136
520 1.19400000572
521 1.22500002384
522 1.18299996853
523 1.20799994469
524 1.0039999485
525 0.908999979496
526 0.912000000477
527 1.16199994087
528 1.14900004864
529 1.11199998856
530 1.10399997234
531 1.10899996758
532 1.11199998856
533 1.13100004196
534 1.15199995041
535 1.14600002766
536 1.18299996853
537 2.92000007629
538 0.0
539 0.0
540 0.0
