0 4.51300001144
1 4.43300008774
2 4.45100021362
3 4.43699979782
4 4.53499984741
5 4.63700008392
6 4.6779999733
7 4.70599985123
8 4.73699998856
9 4.76800012589
10 4.78100013733
11 4.82700014114
12 4.85500001907
13 4.89200019836
14 4.92000007629
15 4.93300008774
16 4.83699989319
17 4.84600019455
18 4.88100004196
19 4.95599985123
20 5.14599990845
21 5.18200016022
22 5.21600008011
23 5.26800012589
24 5.30499982834
25 5.35500001907
26 5.40000009537
27 5.4470000267
28 5.49599981308
29 5.54099988937
30 5.59200000763
31 5.632999897
32 5.66699981689
33 0.0
34 17.1469993591
35 17.1369991302
36 17.1499996185
37 0.0
38 0.0
39 0.0
40 17.2329998016
41 17.158000946
42 17.0629997253
43 17.0119991302
44 16.5230007172
45 16.517999649
46 16.5259990692
47 13.1639995575
48 13.0810003281
49 12.3280000687
50 11.9239997864
51 11.5869998932
52 11.5900001526
53 11.6280002594
54 11.6160001755
55 11.329000473
56 10.9890003204
57 10.4490003586
58 10.0979995728
59 8.27700042725
60 8.32199954987
61 8.19699954987
62 7.89900016785
63 7.64200019836
64 7.44099998474
65 7.242000103
66 7.06300020218
67 6.89900016785
68 6.78800010681
69 6.76999998093
70 6.78499984741
71 6.82700014114
72 6.84600019455
73 6.86499977112
74 6.79500007629
75 6.63800001144
76 6.51800012589
77 6.38800001144
78 6.26599979401
79 6.14400005341
80 5.24399995804
81 4.96000003815
82 4.85099983215
83 4.76399993896
84 4.6859998703
85 4.61199998856
86 4.54500007629
87 4.46799993515
88 4.38800001144
89 4.32000017166
90 4.28000020981
91 4.21199989319
92 4.14499998093
93 4.11100006104
94 4.01900005341
95 3.97900009155
96 3.92300009727
97 3.89800000191
98 3.82800006866
99 3.79500007629
100 3.76999998093
101 3.78800010681
102 3.8220000267
103 3.83599996567
104 3.86999988556
105 3.91499996185
106 3.92300009727
107 3.93400001526
108 3.92499995232
109 3.87599992752
110 3.83999991417
111 3.79699993134
112 3.76399993896
113 3.72799992561
114 3.70199990273
115 3.65899991989
116 3.62800002098
117 3.58400011063
118 3.5569999218
119 3.51600003242
120 3.50099992752
121 3.46799993515
122 3.44199991226
123 3.41499996185
124 3.40499997139
125 3.38700008392
126 3.42000007629
127 3.44899988174
128 3.47199988365
129 3.52200007439
130 3.56999993324
131 3.617000103
132 3.65899991989
133 4.01599979401
134 4.06300020218
135 4.07800006866
136 4.1139998436
137 4.14499998093
138 4.18699979782
139 4.21999979019
140 4.24800014496
141 4.28700017929
142 4.30100011826
143 4.33500003815
144 4.39300012589
145 4.41599988937
146 4.47399997711
147 4.48199987411
148 4.51399993896
149 4.53800010681
150 4.54400014877
151 4.19000005722
152 4.29500007629
153 4.59899997711
154 3.24499988556
155 3.40899991989
156 4.70100021362
157 4.60200023651
158 4.55999994278
159 4.79199981689
160 4.81599998474
161 4.86299991608
162 4.88700008392
163 4.91699981689
164 4.95699977875
165 4.99399995804
166 5.01800012589
167 5.03000020981
168 3.13499999046
169 3.21000003815
170 3.35500001907
171 4.10900020599
172 4.90899991989
173 4.88199996948
174 4.84999990463
175 4.83599996567
176 4.81699991226
177 4.81199979782
178 4.82600021362
179 4.83400011063
180 4.88100004196
181 4.88899993896
182 4.80999994278
183 5.31500005722
184 5.45100021362
185 5.47700023651
186 5.49800014496
187 5.51499986649
188 4.58300018311
189 4.55900001526
190 5.56300020218
191 5.59000015259
192 3.63400006294
193 3.51699995995
194 4.05700016022
195 4.06599998474
196 5.66400003433
197 5.70399999619
198 5.72499990463
199 5.74599981308
200 5.78700017929
201 5.79300022125
202 5.8140001297
203 5.82899999619
204 5.82499980927
205 5.85500001907
206 5.85300016403
207 5.86499977112
208 5.88399982452
209 5.90999984741
210 5.92600011826
211 5.9359998703
212 5.95499992371
213 5.96299982071
214 5.98000001907
215 6.01300001144
216 6.01499986649
217 6.01900005341
218 6.05000019073
219 6.07800006866
220 6.07899999619
221 6.08099985123
222 6.08900022507
223 6.10599994659
224 6.11100006104
225 6.10699987411
226 6.11499977112
227 6.11199998856
228 6.13399982452
229 6.14900016785
230 6.15100002289
231 6.16800022125
232 6.17700004578
233 6.19199991226
234 6.1859998703
235 6.20800018311
236 6.20800018311
237 6.21799993515
238 6.22800016403
239 6.24499988556
240 6.21199989319
241 6.21999979019
242 6.21600008011
243 6.23199987411
244 2.06599998474
245 2.04500007629
246 2.03299999237
247 2.02900004387
248 2.03399991989
249 2.02200007439
250 2.01300001144
251 1.99300003052
252 2.01300001144
253 1.99800002575
254 2.0150001049
255 1.99800002575
256 2.007999897
257 1.99399995804
258 1.99000000954
259 1.22000002861
260 0.915000021458
261 0.875
262 0.887000024319
263 0.972999989986
264 6.22700023651
265 6.21799993515
266 2.38499999046
267 2.39700007439
268 2.375
269 2.32100009918
270 2.24000000954
271 2.17100000381
272 2.18400001526
273 2.18499994278
274 2.15400004387
275 2.15899991989
276 2.13400006294
277 2.13800001144
278 2.11999988556
279 2.12199997902
280 2.15199995041
281 2.18300008774
282 2.20900011063
283 2.23200011253
284 2.33400011063
285 2.39199995995
286 2.42199993134
287 2.40700006485
288 6.05200004578
289 6.05200004578
290 6.04199981689
291 6.02199983597
292 5.99800014496
293 5.97499990463
294 5.95699977875
295 5.94000005722
296 5.92000007629
297 5.91499996185
298 5.875
299 5.86000013351
300 5.85099983215
301 5.84999990463
302 5.83400011063
303 5.82600021362
304 5.81699991226
305 5.80399990082
306 5.78000020981
307 5.76599979401
308 5.74300003052
309 5.69500017166
310 5.69199991226
311 5.67600011826
312 5.65399980545
313 5.60900020599
314 5.59200000763
315 5.57999992371
316 5.56199979782
317 5.53599977493
318 5.50299978256
319 5.32399988174
320 5.09200000763
321 5.45800018311
322 5.43699979782
323 5.4310002327
324 5.39900016785
325 5.39300012589
326 5.35799980164
327 5.31599998474
328 5.29099988937
329 4.36199998856
330 4.06199979782
331 4.13399982452
332 5.00600004196
333 5.15399980545
334 5.13899993896
335 5.117000103
336 5.09499979019
337 5.05999994278
338 5.03800010681
339 5.01300001144
340 4.9359998703
341 4.80999994278
342 4.95900011063
343 4.92299985886
344 4.89099979401
345 4.867000103
346 4.82999992371
347 4.68699979782
348 4.54500007629
349 4.71799993515
350 4.70399999619
351 4.66499996185
352 4.63899993896
353 4.60799980164
354 4.59299993515
355 4.5529999733
356 4.32299995422
357 4.36199998856
358 4.48400020599
359 4.45200014114
360 4.44500017166
361 4.41599988937
362 4.38999986649
363 4.35799980164
364 4.3220000267
365 4.28299999237
366 4.22300004959
367 4.19999980927
368 4.17899990082
369 4.12900018692
370 4.10500001907
371 4.07700014114
372 4.04699993134
373 4.01200008392
374 3.99099993706
375 3.96499991417
376 3.92199993134
377 3.90899991989
378 3.85800004005
379 3.84899997711
380 3.81599998474
381 3.72300004959
382 3.63100004196
383 3.57999992371
384 3.55200004578
385 3.52699995041
386 3.492000103
387 3.45399999619
388 3.40899991989
389 3.40499997139
390 3.36800003052
391 3.33599996567
392 3.31299996376
393 3.28099989891
394 3.25300002098
395 3.27200007439
396 3.2990000248
397 3.3220000267
398 3.35700011253
399 3.3900001049
400 3.4430000782
401 3.4849998951
402 3.50999999046
403 3.55200004578
404 3.59100008011
405 3.62299990654
406 3.66499996185
407 3.72799992561
408 3.73600006104
409 3.78099989891
410 3.84100008011
411 3.88400006294
412 3.93700003624
413 3.96900010109
414 4.05999994278
415 4.11199998856
416 4.17000007629
417 4.24399995804
418 4.28299999237
419 4.36499977112
420 4.45300006866
421 4.49100017548
422 4.58300018311
423 4.65799999237
424 4.73500013351
425 4.80900001526
426 4.90700006485
427 5.00299978256
428 5.10500001907
429 5.19999980927
430 5.3029999733
431 5.40899991989
432 5.53100013733
433 5.63100004196
434 5.75
435 5.88000011444
436 6.00600004196
437 6.16099977493
438 6.31199979782
439 6.46500015259
440 6.49300003052
441 6.59200000763
442 6.40299987793
443 3.08200001717
444 3.03399991989
445 3.04099988937
446 3.03099989891
447 3.01900005341
448 3.00300002098
449 3.00500011444
450 3.00300002098
451 2.9849998951
452 2.98900008202
453 2.98200011253
454 2.97199988365
455 2.97600007057
456 2.95900011063
457 2.96600008011
458 2.95199990273
459 2.94199991226
460 2.9470000267
461 2.92899990082
462 2.94499993324
463 2.9319999218
464 2.92499995232
465 2.93899989128
466 2.92600011826
467 2.91899991035
468 2.91499996185
469 2.90599989891
470 2.66899991035
471 2.64499998093
472 2.6210000515
473 2.63800001144
474 0.940999984741
475 0.705999970436
476 0.709999978542
477 0.838999986649
478 1.05599999428
479 1.04499995708
480 1.06099998951
481 1.03199994564
482 1.03900003433
483 1.02300000191
484 1.04600000381
485 1.03499996662
486 1.0490000248
487 1.0529999733
488 1.07299995422
489 1.08000004292
490 1.0759999752
491 1.07899999619
492 1.16499996185
493 1.3370000124
494 2.94899988174
495 2.95900011063
496 2.95700001717
497 2.94799995422
498 2.96000003815
499 2.9849998951
500 2.95799994469
501 2.96399998665
502 2.97399997711
503 2.97099995613
504 3.0
505 3.00099992752
506 3.00500011444
507 3.007999897
508 3.00999999046
509 1.28699994087
510 1.14600002766
511 1.13300001621
512 1.13499999046
513 1.11600005627
514 1.12199997902
515 1.10399997234
516 1.11500000954
517 1.11699998379
518 1.1289999485
519 1.13199996948
520 1.14199995995
521 1.15100002289
522 1.14900004864
523 1.15499997139
524 0.976000010967
525 0.902000010014
526 0.908999979496
527 0.929000020027
528 3.02999997139
529 2.98399996758
530 2.92499995232
531 2.882999897
532 2.83500003815
533 2.77900004387
534 2.72000002861
535 2.71499991417
536 2.96000003815
537 2.92100000381
538 0.0
539 0.0
540 0.0
