244 6.24900007248 0
243 6.24800014496 0
242 6.22599983215 0
241 6.25199985504 0
240 6.22800016403 0
239 2.53299999237 1
238 2.51900005341 1
237 2.46000003815 1
236 2.36500000954 1
235 2.30200004578 1
234 2.28399991989 1
233 2.28299999237 1
232 2.30399990082 1
231 2.30999994278 1
230 2.28299999237 1
229 2.24000000954 1
228 2.22900009155 1
227 2.26300001144 1
226 2.28900003433 1
225 2.27999997139 1
224 1.0039999485 2
223 0.879000008106 3
222 0.888000011444 3
221 0.935000002384 4
220 1.23599994183 5
219 2.16799998283 6
218 2.03999996185 7
217 2.02099990845 7
216 2.01399993896 7
215 2.02999997139 7
214 2.0039999485 7
213 2.00900006294 7
212 2.01099991798 7
211 2.02399992943 7
210 2.02699995041 7
209 2.02099990845 7
208 2.01200008392 7
207 2.03099989891 7
206 2.01300001144 7
205 2.00999999046 7
204 2.03399991989 7
203 2.03299999237 7
202 2.02500009537 7
201 2.04099988937 7
200 2.0759999752 7
199 2.06699991226 7
198 5.72900009155 8
197 5.69500017166 8
196 5.6939997673 8
195 4.03900003433 9
194 4.0689997673 9
193 3.53399991989 10
192 3.63599991798 10
