240 6.23500013351 0
239 2.52399992943 1
238 2.51399993896 1
237 2.47300004959 1
236 2.34299993515 2
235 2.2990000248 2
234 2.31900000572 2
233 2.29699993134 2
232 2.30200004578 2
231 2.32100009918 2
230 2.28099989891 2
229 2.2460000515 2
228 2.26399993896 2
227 2.27500009537 2
226 2.27300000191 2
225 2.29200005531 2
224 1.00899994373 3
223 0.902999997139 4
222 0.884000003338 4
221 0.93599998951 5
220 1.23899996281 6
219 2.15000009537 7
218 2.03099989891 8
217 2.04699993134 8
216 2.02900004387 8
215 2.01999998093 8
214 2.02900004387 8
213 2.00600004196 8
212 2.01200008392 8
211 2.02200007439 8
210 2.03299999237 8
209 2.02099990845 8
208 2.03399991989 8
207 2.0150001049 8
206 2.02600002289 8
205 2.02099990845 8
204 2.02500009537 8
203 2.02099990845 8
202 2.03900003433 8
201 2.04800009727 8
200 2.0569999218 8
199 2.09100008011 8
198 5.71899986267 9
197 5.71299982071 9
196 5.69099998474 9
195 4.04199981689 10
194 4.05999994278 10
193 3.52300000191 11
192 3.64299988747 11
191 5.59999990463 12
190 5.5640001297 12
189 4.58300018311 13
188 4.61199998856 13
187 5.52099990845 14
186 5.49499988556 14
185 5.48199987411 14
