244 6.23000001907 0
243 6.22800016403 0
242 6.21799993515 0
241 6.24100017548 0
240 6.242000103 0
239 2.53500008583 1
238 2.52999997139 1
237 2.47300004959 1
236 2.33599996567 2
235 2.30800008774 2
234 2.28600001335 2
233 2.29299998283 2
232 2.29500007629 2
231 2.3180000782 2
230 2.29500007629 2
229 2.26900005341 2
228 2.26300001144 2
227 2.25900006294 2
226 2.26099991798 2
225 2.28099989891 2
224 1.0 3
223 0.880999982357 4
222 0.870999991894 4
221 0.922999978065 5
220 1.24899995327 6
219 2.16799998283 7
218 2.04099988937 8
217 2.03099989891 8
216 2.00600004196 8
215 2.00699996948 8
214 2.00500011444 8
213 2.0150001049 8
212 2.01300001144 8
211 2.01399993896 8
210 2.02600002289 8
209 2.01399993896 8
208 2.01099991798 8
207 2.03500008583 8
206 2.0150001049 8
205 2.03299999237 8
204 2.03099989891 8
203 2.01799988747 8
202 2.02699995041 8
201 2.03299999237 8
200 2.07800006866 8
199 2.07399988174 8
198 5.742000103 9
197 5.71299982071 9
196 5.69600009918 9
195 4.06300020218 10
194 4.08599996567 10
193 3.53399991989 11
192 3.63599991798 11
