244 6.23199987411 0
243 6.22700023651 0
242 6.23699998856 0
241 6.24100017548 0
240 6.25199985504 0
239 2.54099988937 1
238 2.53299999237 1
237 2.46399998665 1
236 2.35100007057 1
235 2.29999995232 1
234 2.29099988937 1
233 2.31599998474 1
232 2.3220000267 1
231 2.31599998474 1
230 2.29500007629 1
229 2.25999999046 1
228 2.26799988747 1
227 2.25500011444 1
226 2.29800009727 1
225 2.27600002289 1
224 1.00899994373 2
223 0.888999998569 3
222 0.888000011444 3
221 0.930000007153 3
220 1.24399995804 4
219 2.17300009727 5
218 2.04699993134 6
217 2.04099988937 6
216 2.02600002289 6
215 2.00900006294 6
214 2.03099989891 6
213 2.02200007439 6
212 2.02600002289 6
211 2.01399993896 6
210 2.01600003242 6
209 2.02699995041 6
208 2.02800011635 6
207 2.03500008583 6
206 2.04399991035 6
205 2.02699995041 6
204 2.03399991989 6
203 2.04200005531 6
202 2.02500009537 6
201 2.05999994278 6
200 2.04099988937 6
199 2.07699990273 6
198 5.74800014496 7
197 5.72499990463 7
196 5.6939997673 7
195 4.07800006866 8
194 4.07700014114 8
193 3.51699995995 9
192 3.63199996948 9
191 5.60099983215 10
190 5.56699991226 10
189 4.60500001907 11
