244 6.23600006104 0
243 6.25199985504 0
242 6.25600004196 0
241 6.23299980164 0
240 6.23600006104 0
239 2.52999997139 1
238 2.52999997139 1
237 2.46600008011 1
236 2.35500001907 1
235 2.29500007629 1
234 2.3180000782 1
233 2.29999995232 1
232 2.3029999733 1
231 2.32299995422 1
230 2.28600001335 1
229 2.25 1
228 2.24300003052 1
227 2.27500009537 1
226 2.29399991035 1
225 2.28500008583 1
224 1.01900005341 2
223 0.876999974251 3
222 0.888999998569 3
221 0.939999997616 4
220 1.23699998856 5
219 2.13199996948 6
218 2.0529999733 6
217 2.04099988937 6
216 2.02699995041 6
215 2.03699994087 6
214 2.02200007439 6
213 2.02099990845 6
212 2.01900005341 6
211 2.01699995995 6
210 2.01900005341 6
209 2.0150001049 6
208 2.04500007629 6
207 2.03699994087 6
206 2.02800011635 6
205 2.02600002289 6
204 2.02200007439 6
203 2.02600002289 6
202 2.03200006485 6
201 2.0569999218 6
200 2.07999992371 6
199 2.06999993324 6
198 5.73600006104 7
197 5.73199987411 7
196 5.69199991226 7
195 4.04300022125 8
194 4.07299995422 8
193 3.53699994087 9
192 3.64499998093 9
191 5.59700012207 10
190 5.57000017166 10
189 4.58699989319 11
