244 6.23099994659 0
243 6.22800016403 0
242 6.22399997711 0
241 6.22499990463 0
240 6.24399995804 0
239 2.52999997139 1
238 2.53900003433 1
237 2.46300005913 1
236 2.35899996758 1
235 2.29299998283 1
234 2.3029999733 1
233 2.28299999237 1
232 2.30200004578 1
231 2.33400011063 1
230 2.28500008583 1
229 2.26099991798 1
228 2.25200009346 1
227 2.26399993896 1
226 2.27900004387 1
225 2.27399992943 1
224 1.01300001144 2
223 0.897000014782 3
222 0.885999977589 3
221 0.935000002384 4
220 1.23000001907 5
219 2.15000009537 6
218 2.02900004387 7
217 2.01600003242 7
216 2.02999997139 7
215 2.01200008392 7
214 2.01999998093 7
213 2.02999997139 7
212 2.01399993896 7
211 2.02600002289 7
210 2.03699994087 7
209 2.03399991989 7
208 2.03600001335 7
207 2.02600002289 7
206 2.03500008583 7
205 2.02900004387 7
204 2.03999996185 7
203 2.03600001335 7
202 2.03500008583 7
201 2.04299998283 7
200 2.04800009727 7
199 2.07699990273 7
198 5.73799991608 8
197 5.73099994659 8
196 5.69600009918 8
195 4.05800008774 9
194 4.06699991226 9
193 3.53500008583 10
192 3.64100003242 10
