245 6.22700023651 0
244 6.25199985504 0
243 6.24700021744 0
242 6.25600004196 0
241 6.22800016403 0
240 6.2389998436 0
239 2.52699995041 1
238 2.53399991989 1
237 2.47900009155 1
236 2.36599993706 1
235 2.30200004578 1
234 2.29999995232 1
233 2.28500008583 1
232 2.29600000381 1
231 2.3180000782 1
230 2.29600000381 1
229 2.24499988556 1
228 2.25999999046 1
227 2.25699996948 1
226 2.28099989891 1
225 2.26900005341 1
224 1.01199996471 2
223 0.875 3
222 0.880999982357 3
221 0.926999986172 4
220 1.24199998379 5
219 2.13800001144 6
218 2.04699993134 6
217 2.0150001049 6
216 2.00999999046 6
215 2.02900004387 6
214 2.02800011635 6
213 2.02900004387 6
212 2.03299999237 6
211 2.03399991989 6
210 2.01600003242 6
209 2.01399993896 6
208 2.01999998093 6
207 2.02300000191 6
206 2.01399993896 6
205 2.03500008583 6
204 2.03999996185 6
203 2.03800010681 6
202 2.04500007629 6
201 2.0569999218 6
200 2.06399989128 6
199 2.07899999619 6
198 5.73699998856 7
197 5.70699977875 7
196 5.70100021362 7
195 4.05900001526 8
194 4.08599996567 8
193 3.52699995041 9
192 3.64199995995 9
191 5.57899999619 10
190 5.5720000267 10
189 4.58500003815 11
188 4.59299993515 11
187 5.52099990845 12
