244 6.22499990463 0
243 6.21700000763 0
242 6.24300003052 0
241 6.23500013351 0
240 6.25600004196 0
239 2.52900004387 1
238 2.53099989891 1
237 2.46600008011 1
236 2.35599994659 1
235 2.29800009727 1
234 2.28699994087 1
233 2.27699995041 1
232 2.31299996376 1
231 2.34100008011 1
230 2.29299998283 1
229 2.2539999485 1
228 2.25099992752 1
227 2.25300002098 1
226 2.29200005531 1
225 2.27399992943 1
224 1.01900005341 2
223 0.89099997282 3
222 0.887000024319 3
221 0.927999973297 3
220 1.2460000515 4
219 2.14899992943 5
218 2.03999996185 6
217 2.01600003242 6
216 2.01900005341 6
215 2.02300000191 6
214 2.01900005341 6
213 2.02300000191 6
212 2.03099989891 6
211 2.01200008392 6
210 2.00699996948 6
209 2.0150001049 6
208 2.02699995041 6
207 2.02300000191 6
206 2.02699995041 6
205 2.02600002289 6
204 2.03999996185 6
203 2.04399991035 6
202 2.04200005531 6
201 2.03500008583 6
200 2.06100010872 6
199 2.0759999752 6
198 5.75 7
197 5.72399997711 7
196 5.69500017166 7
195 4.05000019073 8
194 4.06599998474 8
193 3.52800011635 9
192 3.63899993896 9
