244 6.23600006104 0
243 6.22399997711 0
242 6.23600006104 0
241 6.22599983215 0
240 6.23699998856 0
239 2.52699995041 1
238 2.52900004387 1
237 2.47399997711 1
236 2.36100006104 1
235 2.31299996376 1
234 2.29600000381 1
233 2.28999996185 1
232 2.30100011826 1
231 2.32699990273 1
230 2.30900001526 1
229 2.23900008202 1
228 2.24000000954 1
227 2.27300000191 1
226 2.28500008583 1
225 2.26399993896 1
224 1.00999999046 2
223 0.89200001955 3
222 0.902999997139 3
221 0.934000015259 3
220 1.23800003529 4
219 2.15300011635 5
218 2.03099989891 6
217 2.01600003242 6
216 2.01900005341 6
215 2.02699995041 6
214 2.01900005341 6
213 2.02900004387 6
212 2.02900004387 6
211 2.01600003242 6
210 2.01099991798 6
209 2.02699995041 6
208 2.007999897 6
207 2.02699995041 6
206 2.03900003433 6
205 2.01799988747 6
204 2.01799988747 6
203 2.04699993134 6
202 2.02800011635 6
201 2.03699994087 6
200 2.0720000267 6
199 2.07800006866 6
198 5.73600006104 7
197 5.70499992371 7
196 5.69199991226 7
195 4.04799985886 8
194 4.06599998474 8
193 3.52999997139 9
192 3.64199995995 9
