244 6.23299980164 0
243 6.23000001907 0
242 6.23000001907 0
241 6.25 0
240 6.23999977112 0
239 2.53500008583 1
238 2.53500008583 1
237 2.47099995613 1
236 2.3710000515 1
235 2.30200004578 1
234 2.29699993134 1
233 2.30399990082 1
232 2.3180000782 1
231 2.30399990082 1
230 2.27900004387 1
229 2.26900005341 1
228 2.25099992752 1
227 2.25200009346 1
226 2.27399992943 1
225 2.29600000381 1
224 1.00199997425 2
223 0.889999985695 3
222 0.873000025749 3
221 0.925999999046 4
220 1.2460000515 5
219 2.15100002289 6
218 2.04699993134 7
217 2.01399993896 7
216 2.00999999046 7
215 2.00600004196 7
214 2.01600003242 7
213 2.01900005341 7
212 2.00999999046 7
211 2.02800011635 7
210 2.0150001049 7
209 2.02500009537 7
208 2.01900005341 7
207 2.03699994087 7
206 2.0150001049 7
205 2.01600003242 7
204 2.02099990845 7
203 2.02500009537 7
202 2.02699995041 7
201 2.03399991989 7
200 2.06599998474 7
199 2.07800006866 7
198 5.73699998856 8
197 5.71600008011 8
196 5.69500017166 8
195 4.05800008774 9
194 4.08400011063 9
193 3.51600003242 10
192 3.64899992943 10
