244 6.22800016403 0
243 6.23199987411 0
242 6.24700021744 0
241 6.24800014496 0
240 6.2389998436 0
239 2.51799988747 1
238 2.52500009537 1
237 2.46799993515 1
236 2.33599996567 2
235 2.29399991035 2
234 2.29999995232 2
233 2.30500006676 2
232 2.28699994087 2
231 2.31100010872 2
230 2.28699994087 2
229 2.24399995804 2
228 2.24799990654 2
227 2.242000103 2
226 2.27099990845 2
225 2.26300001144 2
224 1.03199994564 3
223 0.880999982357 4
222 0.869000017643 4
221 0.917999982834 5
220 1.23500001431 6
219 2.1289999485 7
218 2.02600002289 8
217 2.03900003433 8
216 2.01999998093 8
215 2.02800011635 8
214 2.02500009537 8
213 2.01099991798 8
212 2.02300000191 8
211 2.007999897 8
210 2.01099991798 8
209 2.02800011635 8
208 2.00699996948 8
207 2.0150001049 8
206 2.03500008583 8
205 2.03399991989 8
204 2.01399993896 8
203 2.01399993896 8
202 2.04299998283 8
201 2.04699993134 8
200 2.05800008774 8
199 2.08599996567 8
198 5.74399995804 9
197 5.70499992371 9
196 5.67700004578 9
195 4.04300022125 10
194 4.07000017166 10
193 3.52600002289 11
192 3.63100004196 11
