237 2.46900010109 0
236 2.3710000515 0
235 2.31399989128 0
234 2.28800010681 0
233 2.2990000248 0
232 2.30200004578 0
231 2.33400011063 0
230 2.27500009537 0
229 2.24000000954 0
228 2.26099991798 0
227 2.27200007439 0
226 2.257999897 0
225 2.26900005341 0
224 1.00600004196 1
223 0.894999980927 2
222 0.875999987125 2
221 0.915000021458 2
220 1.23199999332 3
219 2.14800000191 4
218 2.04099988937 5
217 2.03600001335 5
216 2.01600003242 5
215 2.007999897 5
214 2.0150001049 5
213 2.01900005341 5
212 2.01999998093 5
211 2.02300000191 5
210 2.02600002289 5
209 2.02200007439 5
208 2.01300001144 5
207 2.02300000191 5
206 2.01200008392 5
205 2.01900005341 5
204 2.01999998093 5
203 2.02600002289 5
202 2.04600000381 5
201 2.05399990082 5
200 2.05599999428 5
199 2.07699990273 5
198 5.72900009155 6
197 5.71000003815 6
196 5.67399978638 6
195 4.04300022125 7
194 4.07399988174 7
193 3.51999998093 8
192 3.65400004387 8
191 5.60099983215 9
190 5.56599998474 9
189 4.58400011063 10
188 4.617000103 10
187 5.51900005341 11
186 5.50199985504 11
185 5.49599981308 11
