244 6.22399997711 0
243 6.23299980164 0
242 6.23600006104 0
241 6.22700023651 0
240 6.22900009155 0
239 2.51999998093 1
238 2.51099991798 1
237 2.47600007057 1
236 2.36800003052 1
235 2.32299995422 1
234 2.31299996376 1
233 2.29099988937 1
232 2.31699991226 1
231 2.32999992371 1
230 2.28200006485 1
229 2.27300000191 1
228 2.25600004196 1
227 2.27500009537 1
226 2.28299999237 1
225 2.29299998283 1
224 1.02300000191 2
223 0.884000003338 3
222 0.882000029087 3
221 0.935000002384 4
220 1.23899996281 5
219 2.16400003433 6
218 2.05399990082 7
217 2.01600003242 7
216 2.03399991989 7
215 2.01999998093 7
214 2.00900006294 7
213 2.01200008392 7
212 2.03099989891 7
211 2.01600003242 7
210 2.01900005341 7
209 2.01200008392 7
208 2.01699995995 7
207 2.03200006485 7
206 2.02699995041 7
205 2.01999998093 7
204 2.01900005341 7
203 2.02099990845 7
202 2.02999997139 7
201 2.04299998283 7
200 2.0569999218 7
199 2.07800006866 7
198 5.73000001907 8
197 5.69899988174 8
196 5.69799995422 8
195 4.04899978638 9
194 4.0689997673 9
193 3.53200006485 10
192 3.65899991989 10
191 5.59399986267 11
190 5.55700016022 11
189 4.5640001297 12
