244 6.24300003052 0
243 6.22700023651 0
242 6.23500013351 0
241 6.23199987411 0
240 6.257999897 0
239 2.52200007439 1
238 2.52900004387 1
237 2.46499991417 1
236 2.35299992561 1
235 2.2990000248 1
234 2.28200006485 1
233 2.31100010872 1
232 2.31599998474 1
231 2.31900000572 1
230 2.2990000248 1
229 2.257999897 1
228 2.2539999485 1
227 2.27500009537 1
226 2.29099988937 1
225 2.27200007439 1
224 1.02699995041 2
223 0.896000027657 3
222 0.887000024319 3
221 0.926999986172 3
220 1.23599994183 4
219 2.13400006294 5
218 2.05100011826 5
217 2.01999998093 5
216 2.01399993896 5
215 2.02300000191 5
214 2.01399993896 5
213 2.02900004387 5
212 2.02800011635 5
211 2.02900004387 5
210 2.00699996948 5
209 2.01699995995 5
208 2.01600003242 5
207 2.03099989891 5
206 2.01399993896 5
205 2.03999996185 5
204 2.04200005531 5
203 2.02699995041 5
202 2.03299999237 5
201 2.03299999237 5
200 2.06500005722 5
199 2.07100009918 5
198 5.72100019455 6
197 5.71000003815 6
196 5.69500017166 6
195 4.05900001526 7
194 4.07899999619 7
193 3.53299999237 8
192 3.64400005341 8
191 5.59999990463 9
190 5.57499980927 9
189 4.58400011063 10
