239 2.52900004387 0
238 2.53099989891 0
237 2.46499991417 0
236 2.36599993706 0
235 2.30999994278 0
234 2.29099988937 0
233 2.27900004387 0
232 2.28900003433 0
231 2.31900000572 0
230 2.31500005722 0
229 2.27300000191 0
228 2.25 0
227 2.25099992752 0
226 2.27600002289 0
225 2.25999999046 0
224 1.01600003242 1
223 0.879999995232 2
222 0.89200001955 2
221 0.927999973297 2
220 1.24199998379 3
219 2.15700006485 4
218 2.03699994087 5
217 2.007999897 5
216 2.01200008392 5
215 2.00999999046 5
214 2.00200009346 5
213 2.01399993896 5
212 2.02699995041 5
211 2.02800011635 5
210 2.02699995041 5
209 2.00900006294 5
208 2.01300001144 5
207 2.01600003242 5
206 2.03600001335 5
205 2.03200006485 5
204 2.03399991989 5
203 2.03600001335 5
202 2.03299999237 5
201 2.03099989891 5
200 2.05800008774 5
199 2.07899999619 5
198 5.73699998856 6
197 5.70200014114 6
196 5.70699977875 6
195 4.03900003433 7
194 4.07499980927 7
193 3.52399992943 8
192 3.632999897 8
191 5.57499980927 9
190 5.5640001297 9
189 4.57499980927 10
