243 6.23600006104 0
242 6.24399995804 0
241 6.23299980164 0
240 6.22900009155 0
239 2.52399992943 1
238 2.53200006485 1
237 2.47199988365 1
236 2.36999988556 1
235 2.28600001335 1
234 2.29099988937 1
233 2.28500008583 1
232 2.29999995232 1
231 2.31200003624 1
230 2.27900004387 1
229 2.2539999485 1
228 2.24699997902 1
227 2.25999999046 1
226 2.28900003433 1
225 2.27500009537 1
224 1.00699996948 2
223 0.887000024319 3
222 0.883000016212 3
221 0.934000015259 4
220 1.23599994183 5
219 2.1289999485 6
218 2.0490000248 6
217 2.03299999237 6
216 2.00999999046 6
215 2.00999999046 6
214 2.01300001144 6
213 2.01099991798 6
212 2.01200008392 6
211 2.02600002289 6
210 2.02399992943 6
209 2.01799988747 6
208 2.03600001335 6
207 2.03699994087 6
206 2.03699994087 6
205 2.03500008583 6
204 2.02399992943 6
203 2.04399991035 6
202 2.03200006485 6
201 2.05599999428 6
200 2.0569999218 6
199 2.07699990273 6
198 5.73199987411 7
197 5.71999979019 7
196 5.69199991226 7
195 4.04300022125 8
194 4.07899999619 8
193 3.52800011635 9
192 3.65599989891 9
191 5.59299993515 10
190 5.55399990082 10
189 4.5689997673 11
188 4.60500001907 11
187 5.51599979401 12
