244 6.22499990463 0
243 6.23099994659 0
242 6.22700023651 0
241 6.23299980164 0
240 6.23999977112 0
239 2.53299999237 1
238 2.53800010681 1
237 2.47000002861 1
236 2.34899997711 2
235 2.29699993134 2
234 2.28500008583 2
233 2.28500008583 2
232 2.31999993324 2
231 2.31399989128 2
230 2.28900003433 2
229 2.24799990654 2
228 2.25200009346 2
227 2.25500011444 2
226 2.257999897 2
225 2.26699995995 2
224 1.00899994373 3
223 0.894999980927 4
222 0.89200001955 4
221 0.930999994278 4
220 1.2539999485 5
219 2.15400004387 6
218 2.02300000191 7
217 2.03200006485 7
216 2.01900005341 7
215 2.00999999046 7
214 2.02900004387 7
213 2.01200008392 7
212 2.01099991798 7
211 2.00600004196 7
210 2.01099991798 7
209 2.01900005341 7
208 2.01799988747 7
207 2.02600002289 7
206 2.02399992943 7
205 2.03399991989 7
204 2.01999998093 7
203 2.0150001049 7
202 2.02300000191 7
201 2.03800010681 7
200 2.06500005722 7
199 2.07800006866 7
198 5.74300003052 8
197 5.70499992371 8
196 5.68200016022 8
195 4.04799985886 9
194 4.0720000267 9
193 3.51999998093 10
192 3.632999897 10
