236 2.35599994659 0
235 2.3029999733 0
234 2.28200006485 0
233 2.2990000248 0
232 2.3220000267 0
231 2.33699989319 0
230 2.28999996185 0
229 2.26699995995 0
228 2.25600004196 0
227 2.25699996948 0
226 2.26999998093 0
225 2.27800011635 0
224 1.01199996471 1
223 0.885999977589 2
222 0.876999974251 2
221 0.927999973297 3
220 1.24399995804 4
219 2.14400005341 5
218 2.02999997139 6
217 2.03399991989 6
216 2.02800011635 6
215 2.02699995041 6
214 2.03200006485 6
213 2.03399991989 6
212 2.01099991798 6
211 2.00600004196 6
210 2.01099991798 6
209 2.0150001049 6
208 2.00900006294 6
207 2.02600002289 6
206 2.03200006485 6
205 2.03999996185 6
204 2.04099988937 6
203 2.03900003433 6
202 2.03900003433 6
201 2.04699993134 6
200 2.06699991226 6
199 2.0759999752 6
198 5.72300004959 7
197 5.72100019455 7
196 5.70100021362 7
195 4.04500007629 8
194 4.07899999619 8
193 3.53500008583 9
192 3.6400001049 9
191 5.59399986267 10
190 5.55499982834 10
189 4.57800006866 11
188 4.60699987411 11
187 5.51300001144 12
186 5.50400018692 12
185 5.47800016403 12
184 5.47300004959 12
