243 6.25899982452 0
242 6.23699998856 0
241 6.25199985504 0
240 6.2389998436 0
239 2.52900004387 1
238 2.53200006485 1
237 2.47199988365 1
236 2.34100008011 2
235 2.28600001335 2
234 2.29399991035 2
233 2.3069999218 2
232 2.28800010681 2
231 2.32500004768 2
230 2.28099989891 2
229 2.26699995995 2
228 2.24099993706 2
227 2.2460000515 2
226 2.26799988747 2
225 2.27600002289 2
224 1.01300001144 3
223 0.888000011444 4
222 0.876999974251 4
221 0.922999978065 5
220 1.23399996758 6
219 2.13400006294 7
218 2.01699995995 8
217 2.03099989891 8
216 2.01399993896 8
215 2.02800011635 8
214 2.03399991989 8
213 2.01399993896 8
212 2.00999999046 8
211 2.01200008392 8
210 2.01300001144 8
209 2.02900004387 8
208 2.02500009537 8
207 2.03099989891 8
206 2.04099988937 8
205 2.03699994087 8
204 2.02099990845 8
203 2.04299998283 8
202 2.03500008583 8
201 2.03800010681 8
200 2.03800010681 8
199 2.07500004768 8
198 5.742000103 9
197 5.71400022507 9
196 5.70300006866 9
195 4.04699993134 10
194 4.06599998474 10
193 3.51699995995 11
192 3.64700007439 11
191 5.59299993515 12
190 5.56799983978 12
189 4.58300018311 13
188 4.60699987411 13
187 5.50199985504 14
