244 6.23000001907 0
243 6.25500011444 0
242 6.23699998856 0
241 6.23500013351 0
240 6.257999897 0
239 2.52900004387 1
238 2.53500008583 1
237 2.46399998665 1
236 2.3599998951 1
235 2.3069999218 1
234 2.31699991226 1
233 2.28299999237 1
232 2.30399990082 1
231 2.31599998474 1
230 2.31200003624 1
229 2.24099993706 1
228 2.2349998951 1
227 2.27200007439 1
226 2.2650001049 1
225 2.28999996185 1
224 1.00899994373 2
223 0.874000012875 3
222 0.884000003338 3
221 0.933000028133 4
220 1.23599994183 5
219 2.16300010681 6
218 2.05599999428 7
217 2.0150001049 7
216 2.03299999237 7
215 2.01900005341 7
214 2.01600003242 7
213 2.03200006485 7
212 2.02600002289 7
211 2.01200008392 7
210 2.02500009537 7
209 2.00999999046 7
208 2.04299998283 7
207 2.04099988937 7
206 2.03200006485 7
205 2.03099989891 7
204 2.02200007439 7
203 2.02200007439 7
202 2.04600000381 7
201 2.05599999428 7
200 2.05900001526 7
199 2.08899998665 7
198 5.74399995804 8
197 5.71400022507 8
196 5.69500017166 8
195 4.04300022125 9
194 4.08599996567 9
193 3.53600001335 10
192 3.64499998093 10
