244 6.22900009155 0
243 6.24800014496 0
242 6.23500013351 0
241 6.23400020599 0
240 6.22900009155 0
239 2.52500009537 1
238 2.51699995995 1
237 2.46000003815 1
236 2.36400008202 1
235 2.30399990082 1
234 2.27500009537 1
233 2.27999997139 1
232 2.3029999733 1
231 2.31500005722 1
230 2.27699995041 1
229 2.24399995804 1
228 2.2460000515 1
227 2.2650001049 1
226 2.29600000381 1
225 2.26900005341 1
224 1.02499997616 2
223 0.870000004768 3
222 0.884999990463 3
221 0.936999976635 4
220 1.23800003529 5
219 2.14700007439 6
218 2.05100011826 6
217 2.03399991989 6
216 2.03099989891 6
215 2.01999998093 6
214 2.01200008392 6
213 2.01799988747 6
212 2.00500011444 6
211 2.01999998093 6
210 2.02300000191 6
209 2.01300001144 6
208 2.00600004196 6
207 2.03500008583 6
206 2.02399992943 6
205 2.01300001144 6
204 2.02600002289 6
203 2.02399992943 6
202 2.03399991989 6
201 2.04800009727 6
200 2.07399988174 6
199 2.08999991417 6
198 5.73600006104 7
197 5.72499990463 7
196 5.6810002327 7
195 4.04400014877 8
194 4.07100009918 8
193 3.52399992943 9
192 3.64400005341 9
191 5.58799982071 10
190 5.5560002327 10
189 4.60200023651 11
