246 6.25500011444 0
245 6.24300003052 0
244 6.23299980164 0
243 6.25299978256 0
242 6.24100017548 0
241 6.23500013351 0
240 6.24499988556 0
239 2.52600002289 1
238 2.52399992943 1
237 2.47099995613 1
236 2.35800004005 1
235 2.2990000248 1
234 2.28900003433 1
233 2.30200004578 1
232 2.31100010872 1
231 2.32899999619 1
230 2.28999996185 1
229 2.24699997902 1
228 2.23300004005 1
227 2.27300000191 1
226 2.29200005531 1
225 2.27900004387 1
224 1.0340000391 2
223 0.871999979019 3
222 0.888999998569 3
221 0.935000002384 4
220 1.24300003052 5
219 2.1289999485 6
218 2.04500007629 6
217 2.03699994087 6
216 2.03399991989 6
215 2.01900005341 6
214 2.02600002289 6
213 2.00300002098 6
212 2.03399991989 6
211 2.03399991989 6
210 2.03200006485 6
209 2.03299999237 6
208 2.03600001335 6
207 2.03500008583 6
206 2.02600002289 6
205 2.01900005341 6
204 2.01900005341 6
203 2.01799988747 6
202 2.04500007629 6
201 2.0529999733 6
200 2.04999995232 6
199 2.07699990273 6
198 5.73500013351 7
197 5.71799993515 7
196 5.68699979782 7
195 4.03999996185 8
194 4.06799983978 8
193 3.53200006485 9
192 3.64100003242 9
191 5.59100008011 10
190 5.55499982834 10
189 4.58699989319 11
