244 6.242000103 0
243 6.23000001907 0
242 6.23500013351 0
241 6.23500013351 0
240 6.25899982452 0
239 2.54099988937 1
238 2.52999997139 1
237 2.46300005913 1
236 2.33800005913 2
235 2.28900003433 2
234 2.28399991989 2
233 2.29600000381 2
232 2.31699991226 2
231 2.34100008011 2
230 2.31100010872 2
229 2.24399995804 2
228 2.25200009346 2
227 2.26600003242 2
226 2.28099989891 2
225 2.26699995995 2
224 1.02799999714 3
223 0.887000024319 4
222 0.901000022888 4
221 0.930999994278 4
220 1.23599994183 5
219 2.15700006485 6
218 2.04399991035 7
217 2.02800011635 7
216 2.01699995995 7
215 2.02500009537 7
214 2.02300000191 7
213 2.03399991989 7
212 2.02200007439 7
211 2.01300001144 7
210 2.00699996948 7
209 2.01699995995 7
208 2.03900003433 7
207 2.00999999046 7
206 2.02500009537 7
205 2.03900003433 7
204 2.04299998283 7
203 2.04600000381 7
202 2.03099989891 7
201 2.05500006676 7
200 2.05999994278 7
199 2.06900000572 7
198 5.73500013351 8
197 5.71000003815 8
196 5.6939997673 8
195 4.03800010681 9
194 4.07399988174 9
193 3.53399991989 10
192 3.64599990845 10
191 5.59100008011 11
