244 6.22300004959 0
243 6.23299980164 0
242 6.25500011444 0
241 6.23299980164 0
240 6.242000103 0
239 2.52099990845 1
238 2.53699994087 1
237 2.47900009155 1
236 2.34200000763 2
235 2.30399990082 2
234 2.29500007629 2
233 2.30900001526 2
232 2.29800009727 2
231 2.31500005722 2
230 2.29299998283 2
229 2.25699996948 2
228 2.23000001907 2
227 2.25600004196 2
226 2.27500009537 2
225 2.29500007629 2
224 1.00899994373 3
223 0.893999993801 4
222 0.875999987125 4
221 0.924000024796 5
220 1.23699998856 6
219 2.15899991989 7
218 2.03200006485 8
217 2.03099989891 8
216 2.03099989891 8
215 2.02600002289 8
214 2.02699995041 8
213 2.03800010681 8
212 2.01200008392 8
211 2.01399993896 8
210 2.007999897 8
209 2.02800011635 8
208 2.03200006485 8
207 2.03200006485 8
206 2.03999996185 8
205 2.02999997139 8
204 2.02399992943 8
203 2.02200007439 8
202 2.04399991035 8
201 2.03900003433 8
200 2.05100011826 8
199 2.08200001717 8
198 5.73799991608 9
197 5.70900011063 9
196 5.67100000381 9
195 4.04699993134 10
194 4.07100009918 10
193 3.53500008583 11
192 3.64599990845 11
