243 6.21299982071 0
242 6.21999979019 0
241 6.23299980164 0
240 6.23999977112 0
239 2.53399991989 1
238 2.52999997139 1
237 2.46600008011 1
236 2.33299994469 2
235 2.30500006676 2
234 2.27699995041 2
233 2.27699995041 2
232 2.31500005722 2
231 2.31699991226 2
230 2.28099989891 2
229 2.24399995804 2
228 2.25900006294 2
227 2.25300002098 2
226 2.27600002289 2
225 2.27399992943 2
224 1.00800001621 3
223 0.876999974251 4
222 0.874000012875 4
221 0.926999986172 5
220 1.24300003052 6
219 2.13100004196 7
218 2.03699994087 7
217 2.02999997139 7
216 2.0 7
215 2.01200008392 7
214 2.0039999485 7
213 2.01900005341 7
212 2.00699996948 7
211 2.00900006294 7
210 2.03299999237 7
209 2.02099990845 7
208 2.007999897 7
207 2.00999999046 7
206 2.01999998093 7
205 2.01600003242 7
204 2.02999997139 7
203 2.03200006485 7
202 2.05100011826 7
201 2.02699995041 7
200 2.06200003624 7
199 2.07999992371 7
198 5.73799991608 8
197 5.6939997673 8
196 5.67999982834 8
195 4.07000017166 9
194 4.08300018311 9
193 3.53200006485 10
192 3.62800002098 10
