244 6.22900009155 0
243 6.22599983215 0
242 6.21999979019 0
241 6.22200012207 0
240 6.22900009155 0
239 2.51200008392 1
238 2.5150001049 1
237 2.45700001717 1
236 2.36599993706 1
235 2.31100010872 1
234 2.29299998283 1
233 2.28600001335 1
232 2.30900001526 1
231 2.30200004578 1
230 2.27800011635 1
229 2.26799988747 1
228 2.24000000954 1
227 2.26300001144 1
226 2.27900004387 1
225 2.26699995995 1
224 1.0039999485 2
223 0.880999982357 3
222 0.902000010014 3
221 0.944999992847 3
220 1.23000001907 4
219 2.15700006485 5
218 2.01300001144 6
217 2.02600002289 6
216 2.0150001049 6
215 1.9960000515 6
214 2.00200009346 6
213 2.00600004196 6
212 2.0039999485 6
211 2.01799988747 6
210 2.02399992943 6
209 2.02399992943 6
208 2.02200007439 6
207 2.01200008392 6
206 2.00999999046 6
205 2.01399993896 6
204 2.02200007439 6
203 2.01200008392 6
202 2.04500007629 6
201 2.03200006485 6
200 2.03200006485 6
199 2.07500004768 6
198 5.71700000763 7
197 5.70900011063 7
196 5.69500017166 7
195 4.03999996185 8
194 4.07399988174 8
193 3.51799988747 9
192 3.64299988747 9
191 5.57899999619 10
190 5.54500007629 10
189 4.57800006866 11
