240 6.23799991608 0
239 2.52699995041 1
238 2.53299999237 1
237 2.47699999809 1
236 2.35700011253 2
235 2.30100011826 2
234 2.30900001526 2
233 2.28299999237 2
232 2.31900000572 2
231 2.3069999218 2
230 2.28299999237 2
229 2.26699995995 2
228 2.2539999485 2
227 2.27900004387 2
226 2.28699994087 2
225 2.26399993896 2
224 0.996999979019 3
223 0.884999990463 4
222 0.888999998569 4
221 0.930000007153 4
220 1.23300004005 5
219 2.15899991989 6
218 2.04299998283 7
217 2.01300001144 7
216 2.01300001144 7
215 2.00999999046 7
214 2.00900006294 7
213 2.02999997139 7
212 2.03200006485 7
211 2.02699995041 7
210 2.02500009537 7
209 2.0150001049 7
208 2.01900005341 7
207 2.01799988747 7
206 2.01600003242 7
205 2.01600003242 7
204 2.02800011635 7
203 2.03999996185 7
202 2.04200005531 7
201 2.04500007629 7
200 2.05500006676 7
199 2.07399988174 7
198 5.73199987411 8
197 5.70599985123 8
196 5.70599985123 8
195 4.06699991226 9
194 4.07899999619 9
193 3.53399991989 10
192 3.63400006294 10
191 5.59100008011 11
190 5.55999994278 11
189 4.57999992371 12
188 4.61800003052 12
187 5.52299976349 13
186 5.507999897 13
185 5.4889998436 13
