244 6.23000001907 0
243 6.23099994659 0
242 6.2389998436 0
241 6.23099994659 0
240 6.24499988556 0
239 2.53099989891 1
238 2.52600002289 1
237 2.47300004959 1
236 2.36899995804 1
235 2.2990000248 1
234 2.30200004578 1
233 2.28299999237 1
232 2.28600001335 1
231 2.3180000782 1
230 2.27800011635 1
229 2.25300002098 1
228 2.2650001049 1
227 2.26799988747 1
226 2.27300000191 1
225 2.3029999733 1
224 1.01300001144 2
223 0.893999993801 3
222 0.869000017643 3
221 0.930999994278 4
220 1.24000000954 5
219 2.15199995041 6
218 2.01699995995 7
217 2.01999998093 7
216 2.0150001049 7
215 2.007999897 7
214 2.01200008392 7
213 2.00900006294 7
212 2.02300000191 7
211 2.01300001144 7
210 2.00999999046 7
209 2.00900006294 7
208 2.02999997139 7
207 2.02800011635 7
206 2.01300001144 7
205 2.01999998093 7
204 2.02200007439 7
203 2.02999997139 7
202 2.05200004578 7
201 2.05200004578 7
200 2.05399990082 7
199 2.0759999752 7
198 5.73999977112 8
197 5.71000003815 8
196 5.6859998703 8
195 4.04500007629 9
194 4.05900001526 9
193 3.53200006485 10
192 3.64299988747 10
191 5.57800006866 11
190 5.5689997673 11
189 4.58400011063 12
