244 6.24900007248 0
243 6.22700023651 0
242 6.23000001907 0
241 6.23099994659 0
240 6.23000001907 0
239 2.53399991989 1
238 2.53299999237 1
237 2.47600007057 1
236 2.34800004959 2
235 2.31999993324 2
234 2.28900003433 2
233 2.29800009727 2
232 2.29999995232 2
231 2.30500006676 2
230 2.27500009537 2
229 2.25900006294 2
228 2.24499988556 2
227 2.28200006485 2
226 2.257999897 2
225 2.26999998093 2
224 1.01499998569 3
223 0.885999977589 4
222 0.888000011444 4
221 0.929000020027 4
220 1.25899994373 5
219 2.14800000191 6
218 2.04800009727 6
217 2.01600003242 6
216 2.01099991798 6
215 2.02699995041 6
214 2.01099991798 6
213 2.03200006485 6
212 2.00300002098 6
211 2.02800011635 6
210 2.01099991798 6
209 2.02699995041 6
208 2.02900004387 6
207 2.01300001144 6
206 2.01399993896 6
205 2.02999997139 6
204 2.04500007629 6
203 2.04500007629 6
202 2.02500009537 6
201 2.04299998283 6
200 2.05500006676 6
199 2.0759999752 6
198 5.72200012207 7
197 5.71899986267 7
196 5.6939997673 7
195 4.05900001526 8
194 4.07499980927 8
193 3.52200007439 9
192 3.64499998093 9
191 5.59299993515 10
190 5.5689997673 10
189 4.58900022507 11
